original_san_list,updated_san_list,mapped_san_additions
2,4,2
2,5,3
7,11,4
2,2,0
2,2,0
2,2,0
3,15,12
1,2,1
2,19,17
2,14,12
0,0,0
68,68,0
1,78,77
2,6,4
14,14,0
2,8,6
3,3,0
2,3,1
1,2,1
3,7,4
2,2,0
3,3,0
3,7,4
2,2,0
3,3,0
2,4,2
2,2,0
2,2,0
2,82,80
42,42,0
2,2,0
2,372,370
2,2,0
3,7,4
2,6,4
2,5,3
2,2,0
0,0,0
2,2,0
2,2,0
22,68,46
3,3,0
2,2,0
4,8,4
2,2,0
3,3,0
0,0,0
1,5,4
2,2,0
6,6,0
3,3,0
19,19,0
3,3,0
2,2,0
36,36,0
3,3,0
2,6,4
97,98,1
1,1,0
20,20,0
2,2,0
2,2,0
2,154,152
2,2,0
3,5,2
2,3,1
2,2,0
9,9,0
2,2,0
2,4,2
6,38,32
2,10,8
2,4,2
2,2,0
2,2,0
22,22,0
2,2,0
2,2,0
2,3,1
219,228,9
3,5,2
2,2,0
3,4,1
46,54,8
3,7,4
51,53,2
3,7,4
2,61,59
2,5,3
2,2,0
6,6,0
16,16,0
2,2,0
2,2,0
4,43,39
8,16,8
6,12,6
2,3,1
3,4,1
3,3,0
3,3,0
3,3,0
76,76,0
2,6,4
40,40,0
2,2,0
2,2,0
2,4,2
0,0,0
98,98,0
3,3,0
101,105,4
18,66,48
3,5,2
2,2,0
1,2,1
2,2,0
2,2,0
2,4,2
6,6,0
4,4,0
2,33,31
3,7,4
2,2,0
3,5,2
2,2,0
2,2,0
2,2,0
1,3,2
0,0,0
1,9,8
3,3,0
48,50,2
2,2,0
1,2,1
2,2,0
2,2,0
3,5,2
3,3,0
2,11,9
2,16,14
0,0,0
3,7,4
0,0,0
2,2,0
0,0,0
2,2,0
16,18,2
2,2,0
9,9,0
2,15,13
2,2,0
3,3,0
3,11,8
2,2,0
2,2,0
3,6,3
2,26,24
2,10,8
2,10,8
2,2,0
1,2,1
3,3,0
3,4,1
1,2,1
9,11,2
1,1,0
2,2,0
0,0,0
42,42,0
2,13,11
3,9,6
0,0,0
5,5,0
3,3,0
4,4,0
4,14,10
4,10,6
2,15,13
1,2,1
2,4,2
3,3,0
3,3,0
3,5,2
2,6,4
2,2,0
2,2,0
2,10,8
2,2,0
10,19,9
2,23,21
2,2,0
2,2,0
2,2,0
0,0,0
3,3,0
7,7,0
2,2,0
3,7,4
2,2,0
3,5,2
3,4,1
2,2,0
2,2,0
2,2,0
1,1,0
3,3,0
2,3,1
1,1,0
20,20,0
3,3,0
3,4,1
2,3,1
0,0,0
2,2,0
3,3,0
3,3,0
2,98,96
2,2,0
0,0,0
2,10,8
1,2,1
1,2,1
2,2,0
2,2,0
0,0,0
2,10,8
2,2,0
2,2,0
3,3,0
3,5,2
2,2,0
2,2,0
2,6,4
5,14,9
2,2,0
3,6,3
2,2,0
2,2,0
0,0,0
2,2,0
2,3,1
2,2,0
93,132,39
1,4,3
2,2,0
2,2,0
3,3,0
2,8,6
2,2,0
1,1,0
2,2,0
2,14,12
0,0,0
2,44,42
2,2,0
3,11,8
2,2,0
4,5,1
3,10,7
2,2,0
1,27,26
2,2,0
8,8,0
7,7,0
14,28,14
0,0,0
3,13,10
20,20,0
3,3,0
2,2,0
1,2,1
3,3,0
1,7,6
2,5,3
46,50,4
3,69,66
100,109,9
2,5,3
40,40,0
1,10,9
3,3,0
2,8,6
2,2,0
0,0,0
2,6,4
7,7,0
2,2,0
2,3,1
2,2,0
149,150,1
10,10,0
2,40,38
3,3,0
3,5,2
3,8,5
3,5,2
42,125,83
2,4,2
0,0,0
2,2,0
2,6,4
3,3,0
6,35,29
8,21,13
2,2,0
2,2,0
2,80,78
96,96,0
2,4,2
1,2,1
2,2,0
1,22,21
2,2,0
1,8,7
4,4,0
2,2,0
3,24,21
19,26,7
3,3,0
2,4,2
2,2,0
2,111,109
1,1,0
15,52,37
2,2,0
21,32,11
46,96,50
2,2,0
2,8,6
2,2,0
3,7,4
3,5,2
2,2,0
2,2,0
3,13,10
1,25,24
2,6,4
102,150,48
3,3,0
2,2,0
2,2,0
76,79,3
2,2,0
3,3,0
3,12,9
2,2,0
8,8,0
70,80,10
13,13,0
3,3,0
3,8,5
6,6,0
2,3,1
2,2,0
2,5,3
2,13,11
406,417,11
2,4,2
0,0,0
3,3,0
2,4,2
2,2,0
3,3,0
2,2,0
2,2,0
3,14,11
3,7,4
2,2,0
3,3,0
3,3,0
2,4,2
16,16,0
3,8,5
22,23,1
2,111,109
1,1,0
2,2,0
2,2,0
93,371,278
0,0,0
2,2,0
2,3,1
3,3,0
2,2,0
3,3,0
2,4,2
2,4,2
4,4,0
2,2,0
0,0,0
2,2,0
3,3,0
10,12,2
1,2,1
100,100,0
2,7,5
3,6,3
2,2,0
2,4,2
2,2,0
1,1,0
3,4,1
2,10,8
100,100,0
2,15,13
6,6,0
17,17,0
3,3,0
2,2,0
8,10,2
67,140,73
3,3,0
56,56,0
0,0,0
6,6,0
3,4,1
3,3,0
2,2,0
3,3,0
2,2,0
0,0,0
2,2,0
3,4,1
2,2,0
3,10,7
4,8,4
2,3,1
3,19,16
2,80,78
3,3,0
2,2,0
1,1,0
1,1,0
3,3,0
2,3,1
2,3,1
9,11,2
2,2,0
5,7,2
2,3,1
9,14,5
2,5,3
2,2,0
1,6,5
2,2,0
3,3,0
2,2,0
2,2,0
2,2,0
0,0,0
3,3,0
2,2,0
3,9,6
1,6,5
33,33,0
9,9,0
18,18,0
3,3,0
2,2,0
3,13,10
2,4,2
3,3,0
2,2,0
2,2,0
2,2,0
3,3,0
0,0,0
27,27,0
2,6,4
3,4,1
3,6,3
3,3,0
2,8,6
3,5,2
2,126,124
2,2,0
3,3,0
0,0,0
3,5,2
2,8,6
12,12,0
2,2,0
3,11,8
14,33,19
2,2,0
2,2,0
3,4,1
3,3,0
58,58,0
2,13,11
14,14,0
2,2,0
1,16,15
3,3,0
6,6,0
9,18,9
2,2,0
1,4,3
24,24,0
3,9,6
2,2,0
12,12,0
2,7,5
1,4,3
3,3,0
3,5,2
22,22,0
3,3,0
1,1,0
2,2,0
1,1,0
5,82,77
88,188,100
3,17,14
8,8,0
10,10,0
2,2,0
2,6,4
23,23,0
1,2,1
2,4,2
2,2,0
2,10,8
2,2,0
8,15,7
2,2,0
2,2,0
16,16,0
2,2,0
2,5,3
4,12,8
1,40,39
3,3,0
3,5,2
2,2,0
2,6,4
1,1,0
11,22,11
2,2,0
3,10,7
2,2,0
3,3,0
2,2,0
3,3,0
0,0,0
3,3,0
2,6,4
2,7,5
3,3,0
8,94,86
2,2,0
2,4,2
1,10,9
2,4,2
3,6,3
3,3,0
3,7,4
3,23,20
3,3,0
2,2,0
3,29,26
7,7,0
2,14,12
3,3,0
2,2,0
26,26,0
3,3,0
2,27,25
2,2,0
3,5,2
2,3,1
5,5,0
3,3,0
3,4,1
3,3,0
2,2,0
34,35,1
2,2,0
106,202,96
3,5,2
0,0,0
2,2,0
19,19,0
1,17,16
3,3,0
3,3,0
2,6,4
5,5,0
2,5,3
2,2,0
12,23,11
3,17,14
0,0,0
2,7,5
2,2,0
3,3,0
19,19,0
1,2,1
2,2,0
3,3,0
2,11,9
1,3,2
1,1,0
2,13,11
4,4,0
1,1,0
2,6,4
2,2,0
2,10,8
1,11,10
2,17,15
2,2,0
2,2,0
2,4,2
0,0,0
4,9,5
2,2,0
2,2,0
3,3,0
17,17,0
2,4,2
2,2,0
3,3,0
2,4,2
3,3,0
1,4,3
3,3,0
2,2,0
1,1,0
2,2,0
9,9,0
7,10,3
4,7,3
130,130,0
2,3,1
3,6,3
3,5,2
3,3,0
2,2,0
3,3,0
3,3,0
23,26,3
1,3,2
2,2,0
8,8,0
2,7,5
2,10,8
2,2,0
2,2,0
3,3,0
2,2,0
2,4,2
6,13,7
3,3,0
2,21,19
1,4,3
1,2,1
0,0,0
2,2,0
2,2,0
2,4,2
2,9,7
1,4,3
2,2,0
3,7,4
2,10,8
2,6,4
6,37,31
2,2,0
3,5,2
2,2,0
1,2,1
2,2,0
100,100,0
2,4,2
2,2,0
4,4,0
2,2,0
3,3,0
3,3,0
5,5,0
2,2,0
2,2,0
2,2,0
2,2,0
3,6,3
2,4,2
2,14,12
2,2,0
2,6,4
0,0,0
2,2,0
3,3,0
3,3,0
2,9,7
4,4,0
0,0,0
2,2,0
3,5,2
2,2,0
2,6,4
2,2,0
2,2,0
19,19,0
2,2,0
2,2,0
1,3,2
3,3,0
100,100,0
5,5,0
1,9,8
2,2,0
2,2,0
2,2,0
9,11,2
2,2,0
3,5,2
1,1,0
2,2,0
3,6,3
1,2,1
2,2,0
2,2,0
2,6,4
2,3,1
3,3,0
2,2,0
2,2,0
3,4,1
100,100,0
2,7,5
3,3,0
2,164,162
3,7,4
16,17,1
2,2,0
2,2,0
2,4,2
1,3,2
25,25,0
4,24,20
6,6,0
3,15,12
2,2,0
2,10,8
3,3,0
3,3,0
3,9,6
3,3,0
2,2,0
3,3,0
2,2,0
3,3,0
8,8,0
2,4,2
3,9,6
3,3,0
2,2,0
115,265,150
3,3,0
147,147,0
2,2,0
2,2,0
2,5,3
3,3,0
3,3,0
2,55,53
2,4,2
3,10,7
2,2,0
3,3,0
3,15,12
2,5,3
3,33,30
2,4,2
2,2,0
3,5,2
2,2,0
0,0,0
0,0,0
74,74,0
2,3,1
3,5,2
2,4,2
4,4,0
2,2,0
3,3,0
2,2,0
0,0,0
88,347,259
2,2,0
15,15,0
138,263,125
2,2,0
3,3,0
2,4,2
4,9,5
2,3,1
5,5,0
2,2,0
793,796,3
2,2,0
32,32,0
44,47,3
1,1,0
3,5,2
3,45,42
89,95,6
3,3,0
3,3,0
2,2,0
2,2,0
2,2,0
13,16,3
1,1,0
2,2,0
2,2,0
7,7,0
3,7,4
96,98,2
1,3,2
2,2,0
2,2,0
0,0,0
3,3,0
2,2,0
37,112,75
0,0,0
2,14,12
2,2,0
3,9,6
3,5,2
2,2,0
3,3,0
2,4,2
3,3,0
2,4,2
4,4,0
3,3,0
4,22,18
2,2,0
2,3,1
3,5,2
2,2,0
3,6,3
52,156,104
2,2,0
3,5,2
2,2,0
2,2,0
3,3,0
2,67,65
2,2,0
3,7,4
2,2,0
2,2,0
2,2,0
1,1,0
0,0,0
2,2,0
2,3,1
2,6,4
8,8,0
4,6,2
1,1,0
3,5,2
3,3,0
0,0,0
3,3,0
48,73,25
0,0,0
1,2,1
2,2,0
3,3,0
2,2,0
3,5,2
1,1,0
2,4,2
2,2,0
2,2,0
2,2,0
10,12,2
2,7,5
2,8,6
2,2,0
2,2,0
3,5,2
4,6,2
2,2,0
2,2,0
2,2,0
2,7,5
3,9,6
2,2,0
2,2,0
3,6,3
0,0,0
1,5,4
3,3,0
1,6,5
8,8,0
2,3,1
1,1,0
2,2,0
3,5,2
3,3,0
2,2,0
2,27,25
3,7,4
1,1,0
3,6,3
2,16,14
4,4,0
2,2,0
2,2,0
3,3,0
2,2,0
9,9,0
4,6,2
3,3,0
1,6,5
10,10,0
2,12,10
2,2,0
4,5,1
2,2,0
2,82,80
3,3,0
2,2,0
2,16,14
3,5,2
2,2,0
3,3,0
3,3,0
2,8,6
139,216,77
3,5,2
5,5,0
2,2,0
2,4,2
5,6,1
2,4,2
3,5,2
6,34,28
2,2,0
3,11,8
23,24,1
0,0,0
2,3,1
3,3,0
2,2,0
1,1,0
2,4,2
98,98,0
3,3,0
1,74,73
3,3,0
0,0,0
406,417,11
3,3,0
26,30,4
2,2,0
3,5,2
3,10,7
95,95,0
3,3,0
1,1,0
3,3,0
3,4,1
2,2,0
2,82,80
3,3,0
0,0,0
2,2,0
3,3,0
3,8,5
1,40,39
2,2,0
2,2,0
4,5,1
2,2,0
3,3,0
120,120,0
2,2,0
14,19,5
58,58,0
2,58,56
1,2,1
2,4,2
2,2,0
3,3,0
2,2,0
3,6,3
3,3,0
26,31,5
2,2,0
3,3,0
1,6,5
2,3,1
0,0,0
349,472,123
8,16,8
2,2,0
4,6,2
50,50,0
2,2,0
4,4,0
17,17,0
3,3,0
3,3,0
0,0,0
3,7,4
3,3,0
3,3,0
2,12,10
3,12,9
2,4,2
2,10,8
100,100,0
2,2,0
2,4,2
3,3,0
1,2,1
2,2,0
26,28,2
3,3,0
2,10,8
2,4,2
2,2,0
2,2,0
2,2,0
28,156,128
0,0,0
3,7,4
2,2,0
2,2,0
96,96,0
2,2,0
9,9,0
2,2,0
3,3,0
2,2,0
2,4,2
6,12,6
2,2,0
2,2,0
2,2,0
1,1,0
2,4,2
4,4,0
9,18,9
3,3,0
2,70,68
22,22,0
2,2,0
1,6,5
2,9,7
3,3,0
8,8,0
3,5,2
3,3,0
315,443,128
11,11,0
2,2,0
2,2,0
0,0,0
1,1,0
2,2,0
2,2,0
63,63,0
2,5,3
3,3,0
2,4,2
2,3,1
1,1,0
2,4,2
4,5,1
3,3,0
3,3,0
1,1,0
2,2,0
2,2,0
2,2,0
1,2,1
3,5,2
3,6,3
3,3,0
3,3,0
2,2,0
3,3,0
0,0,0
2,4,2
3,3,0
3,3,0
1,1,0
2,2,0
77,77,0
2,2,0
3,3,0
1,3,2
40,40,0
1,10,9
2,50,48
10,10,0
1,2,1
17,21,4
1,2,1
24,24,0
3,3,0
2,2,0
16,34,18
2,4,2
3,5,2
1,1,0
3,3,0
3,30,27
0,0,0
2,4,2
7,7,0
21,23,2
107,107,0
3,3,0
34,77,43
1,3,2
1,1,0
3,4,1
13,33,20
3,8,5
4,4,0
2,2,0
2,5,3
3,6,3
9,9,0
3,3,0
3,5,2
0,0,0
3,4,1
4,4,0
5,9,4
2,2,0
2,7,5
2,4,2
0,0,0
2,2,0
2,2,0
2,2,0
3,5,2
2,2,0
9,9,0
2,4,2
2,2,0
2,2,0
2,2,0
1,25,24
3,4,1
2,2,0
3,5,2
2,10,8
3,9,6
3,6,3
2,5,3
2,3,1
2,2,0
2,2,0
2,2,0
3,3,0
3,5,2
8,8,0
3,3,0
2,4,2
2,3,1
2,2,0
3,4,1
58,91,33
3,3,0
2,2,0
2,2,0
27,27,0
3,3,0
3,3,0
1,2,1
3,3,0
56,56,0
1,2,1
0,0,0
0,0,0
11,14,3
1,4,3
3,5,2
3,5,2
2,4,2
14,25,11
2,2,0
2,4,2
2,2,0
2,2,0
0,0,0
2,4,2
4,8,4
2,3,1
2,2,0
2,16,14
5,52,47
1,1,0
2,2,0
3,5,2
2,6,4
2,4,2
2,7,5
2,112,110
0,0,0
0,0,0
3,3,0
6,15,9
4,4,0
2,2,0
3,8,5
2,2,0
2,10,8
54,54,0
2,7,5
3,3,0
40,853,813
1,6,5
0,0,0
3,7,4
2,4,2
2,4,2
4,4,0
2,25,23
2,2,0
1,1,0
2,2,0
7,41,34
0,0,0
52,156,104
9,9,0
1,3,2
0,0,0
2,2,0
2,2,0
2,6,4
1,6,5
2,2,0
47,47,0
0,0,0
2,2,0
2,2,0
0,0,0
2,4,2
3,3,0
2,4,2
3,3,0
30,32,2
11,11,0
0,0,0
2,2,0
2,4,2
2,2,0
3,35,32
1,44,43
77,112,35
2,8,6
4,4,0
3,21,18
94,109,15
2,2,0
2,2,0
1,10,9
3,3,0
2,2,0
3,3,0
2,3,1
3,7,4
2,2,0
2,2,0
4,6,2
2,4,2
32,32,0
3,11,8
10,10,0
2,4,2
3,3,0
0,0,0
2,2,0
8,8,0
2,4,2
2,16,14
2,2,0
100,200,100
41,41,0
3,3,0
3,3,0
1,7,6
1,4,3
2,9,7
2,2,0
0,0,0
0,0,0
2,2,0
2,17,15
2,6,4
2,2,0
0,0,0
0,0,0
2,3,1
3,6,3
3,3,0
3,7,4
2,2,0
3,7,4
9,9,0
5,5,0
2,10,8
1,2,1
2,2,0
2,2,0
2,3,1
406,417,11
2,2,0
2,6,4
2,2,0
2,6,4
57,57,0
3,5,2
3,3,0
0,0,0
1,22,21
2,8,6
1,1,0
3,5,2
2,4,2
0,0,0
2,2,0
2,2,0
2,4,2
2,2,0
3,3,0
2,6,4
2,80,78
3,4,1
3,3,0
2,2,0
8,8,0
2,3,1
0,0,0
8,8,0
23,102,79
3,3,0
2,9,7
3,3,0
2,2,0
4,16,12
1,1,0
3,3,0
2,2,0
3,10,7
2,2,0
7,8,1
2,2,0
3,3,0
3,3,0
84,87,3
9,9,0
70,149,79
3,12,9
2,2,0
2,57,55
3,3,0
3,7,4
3,3,0
4,4,0
17,22,5
2,4,2
3,4,1
35,37,2
2,148,146
2,14,12
12,37,25
4,4,0
2,2,0
2,4,2
3,4,1
2,3,1
1,2,1
2,3,1
6,6,0
1,2,1
2,2,0
3,5,2
3,3,0
3,3,0
60,60,0
3,3,0
2,6,4
123,159,36
2,2,0
1,4,3
15,15,0
2,2,0
2,3,1
3,3,0
129,236,107
7,7,0
3,11,8
103,128,25
2,4,2
2,2,0
2,2,0
8,8,0
3,3,0
12,22,10
3,3,0
1,2,1
3,23,20
1,1,0
2,2,0
13,19,6
2,2,0
2,2,0
2,2,0
4,5,1
10,30,20
0,0,0
3,3,0
2,2,0
3,3,0
22,22,0
66,77,11
3,8,5
3,3,0
2,2,0
3,3,0
2,2,0
2,2,0
2,4,2
2,2,0
3,3,0
29,29,0
10,20,10
1,5,4
3,5,2
2,2,0
2,2,0
1,11,10
2,2,0
2,2,0
3,5,2
2,8,6
3,5,2
2,4,2
2,2,0
2,2,0
3,3,0
11,11,0
2,24,22
2,7,5
2,2,0
31,31,0
3,3,0
7,7,0
5,5,0
0,0,0
9,9,0
3,11,8
2,2,0
2,2,0
20,20,0
51,51,0
2,20,18
3,3,0
2,22,20
3,5,2
2,19,17
2,14,12
2,4,2
6,8,2
2,2,0
2,2,0
2,3,1
0,0,0
3,7,4
2,2,0
1,5,4
1,1,0
2,2,0
2,2,0
5,5,0
2,2,0
2,4,2
2,2,0
2,7,5
3,5,2
20,20,0
3,5,2
2,3,1
17,17,0
3,3,0
3,11,8
0,0,0
1,3,2
1,1,0
0,0,0
3,3,0
2,10,8
2,2,0
3,6,3
3,3,0
2,2,0
2,5,3
2,9,7
0,0,0
11,13,2
2,13,11
2,6,4
2,38,36
4,4,0
3,10,7
3,4,1
21,32,11
8,10,2
2,4,2
2,2,0
2,4,2
1,1,0
2,37,35
3,3,0
2,4,2
3,3,0
6,6,0
4,13,9
6,6,0
1,1,0
15,17,2
3,3,0
2,13,11
1,14,13
3,3,0
2,3,1
1,4,3
15,15,0
2,2,0
3,3,0
2,2,0
3,6,3
100,100,0
1,2,1
3,12,9
4,6,2
2,2,0
2,2,0
2,2,0
3,4,1
3,3,0
2,2,0
3,3,0
2,2,0
2,2,0
2,5,3
2,4,2
2,2,0
2,2,0
1,2,1
2,2,0
2,8,6
2,2,0
2,2,0
2,82,80
2,2,0
150,150,0
4,4,0
7,7,0
2,2,0
2,10,8
4,11,7
2,4,2
3,5,2
3,3,0
2,29,27
3,5,2
84,84,0
2,21,19
3,3,0
11,11,0
2,2,0
3,12,9
5,5,0
2,2,0
406,417,11
10,11,1
8,8,0
24,24,0
9,9,0
1,2,1
3,3,0
2,4,2
3,3,0
8,16,8
2,2,0
3,12,9
3,4,1
2,2,0
8,8,0
107,107,0
2,2,0
13,13,0
2,2,0
2,2,0
0,0,0
6,8,2
1,2,1
3,13,10
0,0,0
3,9,6
3,5,2
3,7,4
3,6,3
3,5,2
1,2,1
3,7,4
2,13,11
28,28,0
2,4,2
9,9,0
2,2,0
1,17,16
3,3,0
2,2,0
2,2,0
2,2,0
1,3,2
0,0,0
2,4,2
3,3,0
100,109,9
3,3,0
2,4,2
2,2,0
0,0,0
3,8,5
1,3,2
2,2,0
11,11,0
5,5,0
3,12,9
2,2,0
8,8,0
3,10,7
191,513,322
1,2,1
2,3,1
3,3,0
6,7,1
0,0,0
6,7,1
2,9,7
2,11,9
0,0,0
2,2,0
2,4,2
1,3,2
2,7,5
3,7,4
3,3,0
2,2,0
1,1,0
150,150,0
2,5,3
6,6,0
11,13,2
3,11,8
3,7,4
9,16,7
4,4,0
2,2,0
2,4,2
3,5,2
2,4,2
2,4,2
2,2,0
2,2,0
3,3,0
28,28,0
3,3,0
3,5,2
3,3,0
3,3,0
12,13,1
3,3,0
2,2,0
1,3,2
0,0,0
81,205,124
8,8,0
9,12,3
3,3,0
2,2,0
1,4,3
2,3,1
2,3,1
96,173,77
2,2,0
3,5,2
3,11,8
2,2,0
3,5,2
3,3,0
20,23,3
2,2,0
2,2,0
4,4,0
13,13,0
7,7,0
2,2,0
1,1,0
2,2,0
2,3,1
2,4,2
3,5,2
5,5,0
2,2,0
2,10,8
3,3,0
0,0,0
150,164,14
2,4,2
2,7,5
1,5,4
2,2,0
2,5,3
0,0,0
2,2,0
2,2,0
2,2,0
2,6,4
9,9,0
6,13,7
3,7,4
1,2,1
3,3,0
2,4,2
2,2,0
3,7,4
0,0,0
3,7,4
3,3,0
4,4,0
2,5,3
3,5,2
19,19,0
3,5,2
2,6,4
2,2,0
1,2,1
2,19,17
8,29,21
3,3,0
2,2,0
2,2,0
4,4,0
2,2,0
2,2,0
2,2,0
2,2,0
3,5,2
2,19,17
0,0,0
2,2,0
3,24,21
2,2,0
2,2,0
2,3,1
100,107,7
2,28,26
2,2,0
8,8,0
19,19,0
3,3,0
0,0,0
4,4,0
18,30,12
0,0,0
3,3,0
3,3,0
3,10,7
3,11,8
7,7,0
2,4,2
2,2,0
38,80,42
2,2,0
8,8,0
2,2,0
2,2,0
2,2,0
2,2,0
3,3,0
3,3,0
3,4,1
2,2,0
3,3,0
2,10,8
3,4,1
2,2,0
4,14,10
3,4,1
3,3,0
0,0,0
7,7,0
2,4,2
11,11,0
16,16,0
9,9,0
2,2,0
2,2,0
100,104,4
3,3,0
2,2,0
2,2,0
47,53,6
2,4,2
2,2,0
8,8,0
3,3,0
3,3,0
1,1,0
3,3,0
3,4,1
5,5,0
3,9,6
60,60,0
2,2,0
2,2,0
2,2,0
2,2,0
2,2,0
9,11,2
2,2,0
0,0,0
9,9,0
3,3,0
2,2,0
1,5,4
2,8,6
2,2,0
2,2,0
3,8,5
2,2,0
3,9,6
3,7,4
0,0,0
2,28,26
6,15,9
2,2,0
2,4,2
3,7,4
2,6,4
2,82,80
2,2,0
3,5,2
2,6,4
3,5,2
4,6,2
0,0,0
2,18,16
57,59,2
2,2,0
2,4,2
2,2,0
2,4,2
3,3,0
2,6,4
0,0,0
3,3,0
2,13,11
2,3,1
3,6,3
2,2,0
2,2,0
3,3,0
0,0,0
3,3,0
3,5,2
2,2,0
2,2,0
2,2,0
2,4,2
3,9,6
2,2,0
2,2,0
2,2,0
3,5,2
4,4,0
46,54,8
1,2,1
30,122,92
3,3,0
2,2,0
2,2,0
20,25,5
3,5,2
2,10,8
2,6,4
24,24,0
4,9,5
3,3,0
2,2,0
2,2,0
4,5,1
2,4,2
1,4,3
14,14,0
2,2,0
2,6,4
2,2,0
3,3,0
2,2,0
2,2,0
2,5,3
1,1,0
2,2,0
100,100,0
3,5,2
2,2,0
2,8,6
3,6,3
10,10,0
2,2,0
2,2,0
3,3,0
2,6,4
3,3,0
8,8,0
2,2,0
1,1,0
1,6,5
2,2,0
3,9,6
3,6,3
2,2,0
2,2,0
2,2,0
3,6,3
2,4,2
3,5,2
2,2,0
3,3,0
3,5,2
2,2,0
3,3,0
3,3,0
2,58,56
2,4,2
3,12,9
3,3,0
0,0,0
8,8,0
3,3,0
3,6,3
2,45,43
4,16,12
15,15,0
12,12,0
60,60,0
2,2,0
1,1,0
5,47,42
2,8,6
2,2,0
3,5,2
20,22,2
3,7,4
12,12,0
2,2,0
1,3,2
1,2,1
2,2,0
3,3,0
2,2,0
2,9,7
2,8,6
2,21,19
3,4,1
51,51,0
2,13,11
2,2,0
2,2,0
3,4,1
3,5,2
100,109,9
1,1,0
34,67,33
6,6,0
2,2,0
0,0,0
2,2,0
0,0,0
2,2,0
3,3,0
2,2,0
0,0,0
0,0,0
3,3,0
2,4,2
2,10,8
1,2,1
2,2,0
2,4,2
2,2,0
3,10,7
21,21,0
2,2,0
2,4,2
4,6,2
5,6,1
3,4,1
3,14,11
3,5,2
2,2,0
20,20,0
3,3,0
24,28,4
3,3,0
3,4,1
0,0,0
2,2,0
2,2,0
4,6,2
3,3,0
4,4,0
37,108,71
2,4,2
2,4,2
2,5,3
2,16,14
100,100,0
2,2,0
3,3,0
2,2,0
2,6,4
3,3,0
1,1,0
3,5,2
2,2,0
8,8,0
406,417,11
2,2,0
0,0,0
2,15,13
2,23,21
82,82,0
2,4,2
3,18,15
16,17,1
3,3,0
2,2,0
3,6,3
58,58,0
3,3,0
140,140,0
7,7,0
3,4,1
3,5,2
2,2,0
3,3,0
2,28,26
3,15,12
5,5,0
2,27,25
2,21,19
3,5,2
2,2,0
2,2,0
2,2,0
3,3,0
1,1,0
2,2,0
0,0,0
3,23,20
2,2,0
2,7,5
2,2,0
3,3,0
3,3,0
14,64,50
20,20,0
0,0,0
2,2,0
2,2,0
2,2,0
3,3,0
3,5,2
156,156,0
83,83,0
12,12,0
0,0,0
6,10,4
2,2,0
4,7,3
2,2,0
1,3,2
2,2,0
85,94,9
2,2,0
2,4,2
1,1,0
2,2,0
0,0,0
3,3,0
2,4,2
2,2,0
4,4,0
1,11,10
2,2,0
2,2,0
2,2,0
3,3,0
2,2,0
3,5,2
8,8,0
15,21,6
2,2,0
2,2,0
2,2,0
2,4,2
2,2,0
2,4,2
2,2,0
2,2,0
7,7,0
27,46,19
3,5,2
2,2,0
2,2,0
2,2,0
3,3,0
2,2,0
2,2,0
2,2,0
2,6,4
2,2,0
3,3,0
1,5,4
2,2,0
2,2,0
2,2,0
2,3,1
3,5,2
37,40,3
3,3,0
2,5,3
2,2,0
3,12,9
961,1057,96
4,4,0
3,3,0
2,2,0
1,1,0
2,2,0
3,3,0
3,3,0
2,2,0
2,2,0
3,3,0
2,2,0
0,0,0
4,4,0
9,9,0
8,8,0
2,2,0
2,2,0
3,7,4
2,2,0
2,6,4
0,0,0
1,62,61
2,2,0
1,1,0
2,4,2
3,3,0
20,20,0
101,101,0
1,5,4
1,2,1
4,13,9
2,2,0
2,2,0
9,9,0
4,6,2
2,2,0
3,6,3
3,43,40
2,4,2
2,2,0
1,2,1
2,4,2
3,7,4
0,0,0
2,3,1
2,2,0
2,2,0
3,3,0
2,8,6
3,5,2
1,2,1
2,2,0
3,3,0
2,4,2
3,6,3
4,4,0
3,3,0
2,8,6
3,3,0
2,2,0
3,9,6
3,9,6
2,2,0
1,12,11
2,6,4
6,6,0
0,0,0
16,17,1
3,5,2
2,82,80
3,5,2
2,2,0
2,7,5
2,6,4
2,6,4
2,2,0
2,2,0
1,2,1
2,2,0
2,2,0
2,2,0
2,2,0
0,0,0
1,23,22
2,2,0
3,3,0
1,12,11
1,2,1
3,3,0
2,2,0
3,3,0
6,12,6
5,7,2
3,8,5
3,5,2
66,66,0
2,2,0
3,7,4
1,27,26
1,2,1
2,6,4
6,6,0
3,7,4
2,4,2
2,4,2
3,3,0
3,9,6
2,2,0
1,1,0
3,4,1
1,4,3
2,11,9
2,2,0
3,5,2
3,11,8
2,4,2
2,5,3
2,4,2
2,2,0
3,3,0
2,2,0
19,19,0
1,2,1
87,90,3
714,718,4
2,4,2
3,3,0
2,2,0
3,5,2
2,4,2
3,6,3
1,1,0
1,1,0
2,4,2
2,4,2
1,1,0
2,6,4
2,2,0
100,100,0
3,3,0
4,4,0
2,2,0
2,42,40
2,4,2
2,2,0
20,20,0
2,2,0
2,2,0
2,2,0
3,5,2
2,2,0
2,2,0
3,3,0
4,80,76
1,21,20
2,5,3
2,2,0
2,2,0
2,2,0
2,8,6
2,3,1
2,2,0
81,205,124
20,20,0
1,1,0
2,6,4
3,12,9
2,10,8
2,4,2
3,3,0
3,3,0
1,2,1
2,2,0
1,84,83
19,19,0
3,15,12
3,7,4
3,4,1
2,2,0
2,14,12
2,2,0
3,4,1
2,2,0
2,2,0
3,7,4
2,6,4
7,9,2
2,2,0
1,1,0
2,2,0
2,2,0
97,98,1
2,2,0
2,2,0
3,3,0
5,8,3
2,8,6
2,2,0
2,2,0
3,4,1
3,7,4
2,2,0
2,10,8
3,3,0
5,8,3
3,5,2
2,6,4
2,2,0
90,321,231
2,2,0
4,4,0
2,3,1
3,10,7
2,2,0
0,0,0
2,2,0
2,8,6
0,0,0
3,3,0
3,5,2
13,13,0
3,9,6
88,88,0
3,3,0
3,10,7
1,2,1
3,9,6
3,3,0
3,5,2
2,2,0
0,0,0
4,4,0
4,4,0
2,2,0
4,5,1
5,5,0
3,7,4
76,76,0
5,5,0
2,2,0
2,2,0
2,106,104
1,21,20
7,7,0
2,4,2
2,2,0
2,6,4
2,2,0
2,2,0
3,5,2
2,2,0
1,1,0
2,2,0
1,1,0
2,2,0
20,20,0
3,3,0
3,7,4
2,2,0
0,0,0
2,2,0
2,2,0
21,46,25
4,26,22
3,7,4
3,4,1
9,9,0
3,3,0
6,6,0
2,2,0
3,5,2
2,2,0
13,13,0
2,11,9
3,7,4
2,2,0
2,2,0
20,21,1
8,8,0
90,113,23
3,7,4
51,51,0
2,2,0
3,8,5
81,95,14
3,3,0
3,16,13
0,0,0
2,2,0
3,26,23
10,10,0
3,13,10
2,2,0
2,2,0
3,3,0
2,4,2
3,3,0
0,0,0
4,4,0
3,3,0
3,5,2
2,2,0
2,2,0
3,3,0
21,21,0
2,2,0
2,82,80
4,5,1
7,82,75
3,5,2
2,73,71
2,2,0
2,3,1
2,4,2
2,7,5
5,8,3
89,91,2
24,24,0
0,0,0
2,4,2
2,2,0
2,2,0
4,23,19
5,14,9
2,3,1
4,5,1
0,0,0
2,2,0
3,3,0
11,11,0
1,1,0
0,0,0
3,3,0
2,6,4
1,2,1
19,19,0
2,2,0
3,3,0
2,24,22
3,7,4
3,4,1
406,417,11
0,0,0
2,4,2
3,9,6
23,25,2
2,2,0
2,2,0
0,0,0
2,2,0
3,5,2
3,22,19
3,3,0
3,3,0
3,5,2
2,2,0
1,28,27
59,135,76
1,1,0
4,4,0
3,20,17
25,31,6
2,2,0
1,2,1
1,2,1
0,0,0
2,2,0
7,10,3
8,9,1
3,3,0
3,3,0
2,2,0
3,3,0
2,2,0
9,9,0
2,2,0
3,3,0
2,5,3
2,2,0
2,2,0
3,5,2
4,6,2
2,2,0
3,14,11
80,84,4
1,9,8
2,2,0
3,3,0
4,4,0
8,15,7
22,24,2
2,2,0
100,106,6
0,0,0
2,3,1
0,0,0
4,10,6
8,8,0
2,2,0
5,5,0
2,6,4
3,7,4
5,8,3
3,3,0
10,10,0
2,2,0
1,2,1
1,1,0
6,16,10
2,2,0
2,2,0
160,160,0
28,28,0
2,2,0
3,3,0
11,16,5
56,104,48
3,5,2
2,25,23
406,417,11
12,16,4
3,3,0
2,45,43
3,3,0
3,8,5
2,13,11
3,3,0
2,2,0
1,1,0
3,3,0
2,4,2
2,4,2
2,2,0
2,2,0
3,3,0
3,3,0
3,14,11
2,2,0
64,87,23
2,2,0
2,7,5
100,199,99
2,2,0
3,7,4
2,2,0
39,43,4
2,36,34
2,5,3
11,22,11
2,2,0
3,9,6
0,0,0
2,5,3
5,119,114
1,1,0
2,2,0
2,2,0
2,2,0
8,8,0
2,2,0
0,0,0
3,8,5
98,231,133
5,11,6
2,8,6
2,2,0
2,7,5
2,2,0
1,11,10
2,2,0
2,2,0
2,80,78
2,4,2
3,3,0
2,2,0
3,3,0
2,2,0
2,6,4
2,2,0
0,0,0
2,2,0
3,3,0
2,6,4
0,0,0
4,4,0
2,2,0
2,2,0
8,8,0
6,6,0
2,13,11
2,30,28
2,2,0
2,2,0
0,0,0
2,2,0
3,47,44
3,3,0
2,90,88
1,3,2
1,10,9
2,2,0
6,26,20
1,6,5
2,5,3
100,217,117
2,4,2
4,5,1
9,13,4
2,5,3
2,2,0
2,2,0
2,2,0
3,3,0
2,2,0
1,5,4
2,2,0
1,5,4
4,4,0
2,4,2
2,7,5
2,2,0
3,3,0
1,2,1
2,2,0
2,8,6
8,8,0
2,5,3
13,13,0
3,5,2
15,15,0
2,6,4
2,2,0
23,92,69
2,6,4
2,2,0
0,0,0
2,2,0
3,11,8
2,2,0
2,2,0
3,3,0
3,3,0
2,2,0
2,2,0
41,41,0
2,2,0
3,3,0
2,5,3
136,166,30
3,3,0
3,11,8
6,101,95
3,3,0
11,22,11
2,2,0
3,3,0
3,7,4
2,23,21
3,17,14
6,6,0
2,10,8
2,2,0
86,90,4
6,7,1
32,32,0
2,16,14
2,2,0
3,4,1
0,0,0
3,7,4
2,5,3
7,12,5
3,3,0
1,2,1
2,2,0
3,3,0
29,29,0
2,4,2
2,2,0
3,3,0
3,3,0
2,2,0
1,2,1
2,3,1
2,4,2
2,2,0
3,3,0
3,3,0
2,6,4
2,2,0
2,2,0
3,5,2
4,13,9
13,13,0
2,4,2
2,2,0
5,5,0
3,5,2
2,2,0
3,8,5
2,2,0
2,4,2
2,2,0
38,38,0
74,81,7
2,7,5
3,3,0
2,6,4
0,0,0
3,3,0
3,3,0
2,8,6
2,2,0
2,2,0
7,13,6
3,3,0
29,87,58
1,2,1
2,7,5
1,1,0
406,417,11
3,3,0
1,1,0
1,9,8
2,2,0
9,11,2
3,5,2
1,1,0
5,35,30
2,3,1
8,19,11
3,3,0
1,1,0
2,2,0
2,2,0
138,245,107
3,5,2
2,2,0
3,5,2
2,2,0
2,3,1
3,3,0
2,15,13
6,24,18
2,2,0
2,2,0
1,2,1
2,4,2
2,2,0
2,2,0
3,3,0
2,2,0
2,2,0
5,5,0
2,2,0
8,8,0
41,41,0
0,0,0
2,2,0
2,2,0
1,3,2
2,2,0
1,23,22
1,27,26
2,2,0
3,15,12
2,5,3
3,15,12
51,51,0
3,5,2
2,42,40
2,2,0
3,7,4
1,1,0
2,6,4
2,3,1
2,2,0
7,7,0
2,6,4
3,8,5
88,276,188
2,2,0
2,2,0
8,8,0
90,198,108
2,2,0
3,3,0
2,2,0
1,1,0
2,2,0
2,24,22
0,0,0
2,2,0
2,6,4
3,3,0
2,2,0
12,12,0
2,2,0
0,0,0
2,2,0
2,12,10
4,4,0
2,2,0
38,38,0
2,2,0
2,7,5
1,1,0
2,2,0
0,0,0
2,2,0
2,4,2
2,6,4
9,9,0
2,6,4
0,0,0
4,28,24
2,2,0
3,3,0
2,4,2
5,6,1
3,14,11
0,0,0
1,2,1
1,4,3
0,0,0
10,10,0
3,3,0
1,1,0
2,3,1
3,8,5
3,22,19
38,80,42
2,4,2
3,5,2
2,4,2
3,3,0
2,2,0
2,5,3
2,2,0
2,2,0
2,2,0
30,30,0
7,7,0
3,3,0
2,2,0
2,2,0
2,2,0
3,3,0
22,22,0
1,2,1
1,1,0
2,2,0
2,2,0
3,3,0
2,2,0
2,2,0
3,10,7
1,28,27
6,6,0
2,8,6
3,3,0
81,138,57
3,7,4
2,4,2
2,4,2
3,5,2
3,3,0
0,0,0
16,16,0
3,22,19
2,6,4
9,28,19
3,5,2
3,26,23
3,7,4
2,2,0
2,2,0
2,4,2
90,267,177
2,13,11
26,37,11
3,3,0
0,0,0
3,3,0
3,5,2
3,3,0
2,2,0
2,84,82
0,0,0
1,1,0
3,3,0
2,2,0
1,2,1
3,9,6
3,3,0
3,3,0
5,9,4
6,6,0
49,53,4
3,3,0
2,2,0
8,8,0
2,3,1
5,9,4
0,0,0
2,2,0
1,1,0
1,2,1
2,9,7
3,3,0
3,74,71
2,8,6
3,6,3
2,22,20
3,5,2
2,2,0
3,3,0
0,0,0
2,2,0
3,6,3
8,8,0
64,67,3
8,8,0
2,2,0
4,82,78
3,3,0
0,0,0
3,3,0
3,5,2
2,2,0
2,2,0
4,4,0
2,2,0
3,7,4
3,3,0
2,2,0
1,33,32
2,2,0
2,2,0
3,7,4
1,11,10
3,7,4
2,2,0
3,3,0
2,2,0
1,1,0
2,2,0
2,2,0
0,0,0
20,22,2
2,2,0
2,6,4
2,2,0
3,5,2
0,0,0
76,114,38
39,39,0
4,4,0
2,14,12
0,0,0
9,9,0
2,2,0
2,2,0
3,5,2
2,2,0
3,7,4
2,2,0
1,2,1
2,2,0
2,2,0
2,2,0
6,9,3
2,2,0
2,2,0
2,4,2
59,73,14
2,2,0
3,8,5
0,0,0
0,0,0
2,2,0
2,9,7
3,3,0
67,67,0
3,3,0
31,31,0
2,26,24
3,7,4
3,6,3
0,0,0
0,0,0
2,4,2
3,7,4
0,0,0
2,2,0
18,27,9
4,33,29
2,15,13
2,2,0
1,3,2
3,3,0
2,2,0
1,1,0
2,2,0
2,2,0
3,3,0
2,4,2
2,4,2
2,2,0
27,73,46
3,8,5
2,84,82
2,2,0
2,2,0
2,2,0
1,3,2
3,3,0
3,3,0
2,2,0
2,10,8
1,1,0
3,3,0
2,2,0
1,4,3
2,7,5
2,4,2
1,10,9
2,2,0
2,2,0
52,156,104
8,8,0
3,3,0
2,2,0
2,2,0
2,4,2
31,31,0
3,3,0
2,2,0
2,6,4
2,2,0
100,102,2
1,2,1
2,2,0
2,2,0
3,3,0
3,3,0
2,2,0
2,2,0
3,3,0
2,10,8
3,3,0
3,3,0
3,13,10
2,35,33
2,2,0
2,3,1
51,55,4
3,12,9
6,6,0
2,8,6
3,3,0
9,9,0
2,2,0
13,35,22
2,4,2
2,21,19
3,3,0
2,2,0
2,3,1
3,3,0
2,2,0
0,0,0
2,6,4
3,3,0
2,3,1
3,3,0
3,5,2
3,5,2
2,4,2
3,10,7
50,80,30
2,2,0
1,2,1
2,2,0
2,2,0
2,2,0
0,0,0
2,6,4
3,5,2
2,2,0
2,2,0
3,3,0
3,7,4
1,3,2
2,2,0
22,22,0
2,2,0
3,3,0
2,2,0
98,109,11
5,5,0
3,9,6
2,2,0
2,2,0
2,2,0
1,1,0
2,2,0
2,4,2
30,33,3
2,2,0
2,2,0
2,2,0
3,4,1
2,18,16
3,202,199
2,5,3
2,2,0
1,2,1
2,2,0
14,21,7
2,94,92
2,2,0
2,2,0
2,2,0
1,1,0
3,3,0
2,10,8
2,94,92
2,2,0
3,5,2
3,13,10
2,2,0
3,3,0
46,46,0
100,127,27
107,107,0
3,3,0
2,8,6
2,2,0
2,2,0
3,3,0
0,0,0
5,9,4
2,8,6
3,3,0
2,2,0
2,2,0
2,4,2
3,4,1
3,3,0
3,3,0
46,46,0
4,19,15
2,3,1
3,7,4
4,4,0
4,7,3
3,8,5
2,7,5
1,2,1
2,4,2
2,6,4
2,2,0
3,3,0
2,4,2
3,3,0
3,4,1
2,8,6
3,5,2
1,2,1
3,3,0
2,2,0
3,3,0
52,156,104
5,5,0
2,2,0
2,3,1
2,7,5
0,0,0
3,16,13
3,32,29
2,2,0
3,5,2
5,7,2
3,3,0
3,5,2
5,10,5
10,14,4
0,0,0
2,2,0
3,5,2
81,224,143
3,13,10
0,0,0
3,7,4
3,7,4
1,1,0
2,4,2
4,16,12
2,3,1
0,0,0
5,5,0
3,3,0
3,3,0
0,0,0
3,10,7
2,2,0
81,85,4
3,3,0
3,3,0
2,2,0
3,25,22
3,7,4
3,3,0
79,79,0
2,2,0
1,1,0
2,2,0
2,2,0
1,2,1
2,2,0
2,2,0
2,2,0
4,23,19
2,3,1
2,6,4
2,2,0
2,2,0
3,3,0
2,2,0
3,5,2
2,2,0
59,134,75
2,2,0
2,11,9
78,78,0
2,5,3
2,2,0
1,2,1
9,9,0
3,3,0
3,4,1
2,6,4
95,95,0
2,2,0
2,2,0
150,150,0
2,6,4
3,3,0
1,1,0
90,267,177
3,3,0
2,2,0
21,21,0
3,5,2
6,6,0
3,3,0
3,3,0
3,3,0
0,0,0
2,2,0
2,2,0
1,2,1
2,6,4
4,4,0
3,3,0
2,2,0
1,6,5
2,57,55
1,4,3
2,5,3
0,0,0
1,3,2
3,3,0
3,7,4
1,1,0
3,3,0
3,4,1
2,2,0
5,13,8
2,2,0
3,5,2
1,5,4
2,2,0
2,4,2
2,2,0
2,2,0
2,2,0
1,4,3
0,0,0
0,0,0
2,2,0
2,49,47
2,2,0
3,4,1
2,9,7
2,3,1
24,24,0
3,5,2
2,2,0
11,11,0
3,3,0
2,4,2
2,2,0
63,63,0
6,35,29
3,5,2
3,9,6
2,2,0
2,2,0
3,5,2
1,27,26
2,2,0
2,2,0
0,0,0
3,9,6
3,3,0
2,2,0
3,10,7
3,3,0
1,2,1
2,97,95
2,9,7
6,6,0
2,19,17
0,0,0
2,2,0
10,10,0
2,2,0
1,1,0
2,4,2
2,9,7
2,39,37
59,136,77
2,2,0
406,417,11
2,2,0
2,2,0
3,3,0
8,8,0
3,5,2
2,7,5
1,2,1
1,2,1
3,3,0
2,3,1
2,2,0
3,13,10
2,2,0
2,2,0
0,0,0
2,3,1
3,3,0
3,22,19
3,3,0
2,4,2
3,3,0
1,4,3
0,0,0
2,2,0
2,2,0
2,4,2
3,7,4
2,2,0
1,2,1
3,7,4
3,3,0
2,2,0
2,4,2
0,0,0
2,2,0
1,4,3
2,2,0
3,16,13
120,242,122
2,2,0
2,2,0
2,2,0
1,1,0
24,24,0
3,4,1
2,3,1
2,2,0
0,0,0
32,160,128
3,8,5
3,12,9
2,2,0
3,3,0
3,3,0
3,3,0
2,2,0
2,2,0
2,3,1
3,3,0
2,2,0
3,3,0
2,2,0
88,352,264
30,31,1
4,6,2
2,5,3
4,73,69
1,2,1
2,10,8
2,2,0
2,2,0
3,3,0
9,9,0
1,1,0
1,1,0
4,6,2
3,3,0
6,6,0
2,8,6
2,2,0
2,2,0
1,1,0
2,2,0
3,5,2
0,0,0
2,2,0
6,7,1
2,10,8
9,11,2
2,2,0
4,72,68
0,0,0
100,104,4
3,6,3
3,3,0
8,16,8
4,4,0
3,3,0
3,25,22
100,102,2
3,5,2
2,2,0
2,2,0
2,2,0
1,2,1
3,5,2
2,2,0
2,2,0
2,2,0
3,3,0
2,2,0
1,1,0
2,4,2
81,226,145
2,2,0
2,2,0
100,109,9
2,2,0
14,64,50
3,3,0
2,4,2
4,6,2
0,0,0
9,9,0
2,82,80
3,4,1
3,3,0
3,29,26
4,4,0
2,5,3
2,2,0
3,3,0
1,2,1
2,9,7
3,3,0
2,2,0
0,0,0
2,2,0
3,3,0
47,144,97
1,1,0
2,2,0
2,2,0
2,2,0
6,6,0
2,2,0
1,8,7
2,4,2
2,2,0
2,2,0
3,45,42
3,3,0
1,2,1
3,3,0
3,6,3
3,5,2
3,3,0
4,4,0
7,8,1
3,5,2
2,4,2
2,2,0
3,3,0
1,1,0
2,2,0
2,2,0
2,4,2
2,2,0
3,5,2
3,3,0
2,2,0
2,2,0
2,2,0
2,2,0
3,3,0
11,11,0
10,10,0
2,2,0
3,5,2
13,13,0
2,10,8
2,2,0
3,11,8
2,2,0
2,2,0
2,2,0
240,240,0
2,2,0
2,18,16
3,4,1
1,2,1
2,2,0
2,6,4
52,52,0
2,2,0
2,8,6
7,7,0
2,2,0
3,5,2
2,8,6
2,2,0
3,5,2
2,2,0
2,5,3
0,0,0
0,0,0
3,21,18
2,2,0
3,6,3
3,3,0
10,95,85
3,3,0
1,1,0
2,2,0
98,233,135
3,3,0
2,2,0
3,8,5
3,5,2
2,2,0
4,4,0
2,2,0
2,2,0
9,12,3
3,4,1
3,17,14
8,8,0
0,0,0
3,3,0
2,2,0
2,2,0
2,15,13
62,62,0
1,2,1
2,4,2
14,14,0
0,0,0
3,7,4
18,18,0
2,2,0
2,2,0
2,2,0
1,1,0
2,6,4
4,4,0
2,2,0
2,2,0
2,2,0
2,9,7
3,5,2
2,2,0
2,8,6
1,1,0
1,5,4
2,2,0
10,10,0
3,3,0
3,3,0
2,2,0
3,4,1
3,5,2
6,37,31
2,15,13
3,3,0
2,3,1
2,4,2
2,2,0
3,14,11
2,4,2
2,2,0
0,0,0
3,11,8
88,88,0
2,2,0
3,8,5
1,13,12
0,0,0
2,2,0
3,8,5
3,5,2
2,2,0
2,2,0
3,3,0
3,21,18
2,2,0
2,2,0
5,5,0
2,2,0
6,32,26
2,84,82
3,5,2
0,0,0
0,0,0
3,3,0
1,2,1
8,8,0
0,0,0
2,2,0
1,1,0
16,18,2
3,5,2
2,3,1
2,1157,1155
3,3,0
2,2,0
3,5,2
3,3,0
2,2,0
139,216,77
2,2,0
3,5,2
2,8,6
17,17,0
3,3,0
3,8,5
2,6,4
51,94,43
3,3,0
2,2,0
1,4,3
2,3,1
2,2,0
3,3,0
2,3,1
2,6,4
4,14,10
2,4,2
2,2,0
9,9,0
0,0,0
2,2,0
3,7,4
2,8,6
2,2,0
2,2,0
0,0,0
3,3,0
4,4,0
502,799,297
2,2,0
2,26,24
3,4,1
2,4,2
3,5,2
37,37,0
2,2,0
2,2,0
3,3,0
9,9,0
2,2,0
3,13,10
2,2,0
0,0,0
2,2,0
3,5,2
1,6,5
2,5,3
3,5,2
2,2,0
2,2,0
4,4,0
3,3,0
2,2,0
2,2,0
2,2,0
3,3,0
2,2,0
2,2,0
2,2,0
2,2,0
2,8,6
2,26,24
3,5,2
60,60,0
2,4,2
3,3,0
2,2,0
2,2,0
2,2,0
2,25,23
2,2,0
2,2,0
3,17,14
2,2,0
3,5,2
1,7,6
3,5,2
2,2,0
3,8,5
2,2,0
26,30,4
10,10,0
1,1,0
2,2,0
2,2,0
3,17,14
0,0,0
2,38,36
2,6,4
13,23,10
3,8,5
2,2,0
2,5,3
2,2,0
7,9,2
2,2,0
3,4,1
14,28,14
2,2,0
1,1,0
2,4,2
0,0,0
5,5,0
2,4,2
2,2,0
1,30,29
2,2,0
3,9,6
3,3,0
1,1,0
3,3,0
2,2,0
3,7,4
0,0,0
2,5,3
2,2,0
2,4,2
6,6,0
2,3,1
2,2,0
3,3,0
3,3,0
4,4,0
3,43,40
3,5,2
6,9,3
3,5,2
0,0,0
52,139,87
3,3,0
3,8,5
2,6,4
5,15,10
3,9,6
3,6,3
9,16,7
3,3,0
10,12,2
3,5,2
62,66,4
3,10,7
3,5,2
5,5,0
8,8,0
2,7,5
4,4,0
2,2,0
2,6,4
3,4,1
2,2,0
3,4,1
2,9,7
2,2,0
80,80,0
6,11,5
7,7,0
70,150,80
2,2,0
0,0,0
2,10,8
2,2,0
0,0,0
3,3,0
2,7,5
1,1,0
1,5,4
3,3,0
3,3,0
18,18,0
2,4,2
2,5,3
2,2,0
2,2,0
2,2,0
2,6,4
3,5,2
2,11,9
2,2,0
2,4,2
2,4,2
3,3,0
2,5,3
0,0,0
4,17,13
2,2,0
2,2,0
2,2,0
3,3,0
3,3,0
1,14,13
3,5,2
0,0,0
3,5,2
2,2,0
3,11,8
3,18,15
1,2,1
1,6,5
3,3,0
2,4,2
0,0,0
2,2,0
3,12,9
4,4,0
2,2,0
3,4,1
2,4,2
2,2,0
3,3,0
3,14,11
2,4,2
1,67,66
3,7,4
2,8,6
2,2,0
1,3,2
8,8,0
4,4,0
3,4,1
1,9,8
1,1,0
3,3,0
3,3,0
3,3,0
13,22,9
2,6,4
2,2,0
2,4,2
1,3,2
2,4,2
2,2,0
22,26,4
3,3,0
3,5,2
2,2,0
2,3,1
2,2,0
3,3,0
3,3,0
1,1,0
0,0,0
2,26,24
3,3,0
2,4,2
22,45,23
2,2,0
2,2,0
2,2,0
2,2,0
46,46,0
2,2,0
1,1,0
1,2,1
2,2,0
23,73,50
3,5,2
2,8,6
3,3,0
2,2,0
2,2,0
3,7,4
3,3,0
2,2,0
2,12,10
3,8,5
2,2,0
9,13,4
3,3,0
11,14,3
1,2,1
8,8,0
3,3,0
2,2,0
3,3,0
3,7,4
2,4,2
20,20,0
3,15,12
0,0,0
10,30,20
4,4,0
3,5,2
3,3,0
2,4,2
75,75,0
32,32,0
2,2,0
3,3,0
2,2,0
3,3,0
2,95,93
4,4,0
1,40,39
1,1,0
3,11,8
7,7,0
46,46,0
3,3,0
3,3,0
2,2,0
6,41,35
2,2,0
2,2,0
0,0,0
2,4,2
2,4,2
2,2,0
3,3,0
9,12,3
2,4,2
1,10,9
11,11,0
2,4,2
3,3,0
2,2,0
2,2,0
2,2,0
3,9,6
2,3,1
2,2,0
6,6,0
2,2,0
3,9,6
3,5,2
2,2,0
2,2,0
8,8,0
0,0,0
1,1,0
2,2,0
2,2,0
2,2,0
4,5,1
17,17,0
3,4,1
2,2,0
8,8,0
3,4,1
3,3,0
2,2,0
3,5,2
2,2,0
3,3,0
2,23,21
14,14,0
3,3,0
2,10,8
3,3,0
2,2,0
2,2,0
1,33,32
3,12,9
3,7,4
2,2,0
3,3,0
8,8,0
3,7,4
0,0,0
5,5,0
100,113,13
2,4,2
3,3,0
3,3,0
2,2,0
77,112,35
2,2,0
2,21,19
2,17,15
2,2,0
3,15,12
3,33,30
3,25,22
0,0,0
5,24,19
25,31,6
2,2,0
8,8,0
2,2,0
38,47,9
2,2,0
1,1,0
3,5,2
4,5,1
4,6,2
80,87,7
2,2,0
2,2,0
3,3,0
2,2,0
2,4,2
2,2,0
3,5,2
3,7,4
0,0,0
3,5,2
2,2,0
3,5,2
2,6,4
1,1,0
3,3,0
3,7,4
6,6,0
63,67,4
2,4,2
2,2,0
3,3,0
2,6,4
2,2,0
6,6,0
2,2,0
3,3,0
6,6,0
2,2,0
2,2,0
3,13,10
1,1,0
2,2,0
3,3,0
2,2,0
14,15,1
2,5,3
0,0,0
2,2,0
1,3,2
2,2,0
0,0,0
3,5,2
3,3,0
3,6,3
3,14,11
3,3,0
3,3,0
2,2,0
406,417,11
2,2,0
3,3,0
2,4,2
2,2,0
2,2,0
2,2,0
2,2,0
3,7,4
1,2,1
2,2,0
3,5,2
2,2,0
2,2,0
3,7,4
0,0,0
0,0,0
11,11,0
2,82,80
2,2,0
1,1,0
2,2,0
2,2,0
2,5,3
15,27,12
3,8,5
2,2,0
3,6,3
0,0,0
3,3,0
2,2,0
2,2,0
0,0,0
8,8,0
2,2,0
2,2,0
2,2,0
3,3,0
2,2,0
2,5,3
2,7,5
91,91,0
2,2,0
2,2,0
1,2,1
2,2,0
2,2,0
2,2,0
44,58,14
2,4,2
2,2,0
2,2,0
1,2,1
10,10,0
1,1,0
2,4,2
2,3,1
12,25,13
3,6,3
4,23,19
1,1,0
2,2,0
8,10,2
2,2,0
2,10,8
1,1,0
2,2,0
3,3,0
2,3,1
2,2,0
3,3,0
2,2,0
12,66,54
3,7,4
88,347,259
2,13,11
3,7,4
2,168,166
2,2,0
2,2,0
2,4,2
2,2,0
2,2,0
2,8,6
3,5,2
2,2,0
3,3,0
3,3,0
2,3,1
3,3,0
2,238,236
3,5,2
2,4,2
3,7,4
4,4,0
2,11,9
2,4,2
2,2,0
2,2,0
1,5,4
1,2,1
3,10,7
2,3,1
93,110,17
3,3,0
2,5,3
2,8,6
3,3,0
1,30,29
2,2,0
1,3,2
10,10,0
2,2,0
8,11,3
1,10,9
2,2,0
3,9,6
3,3,0
3,3,0
2,2,0
2,13,11
3,3,0
2,5,3
2,2,0
3,3,0
15,15,0
2,2,0
2,87,85
2,5,3
2,2,0
3,3,0
1,1,0
4,4,0
2,7,5
1,1,0
2,10,8
2,2,0
2,8,6
2,2,0
28,56,28
2,2,0
2,4,2
2,2,0
3,4,1
3,3,0
3,3,0
3,3,0
58,58,0
135,139,4
3,3,0
2,2,0
3,5,2
51,57,6
2,4,2
3,3,0
2,5,3
48,52,4
2,2,0
8,8,0
2,2,0
3,3,0
3,5,2
2,20,18
2,2,0
3,3,0
2,2,0
1,1,0
2,2,0
3,9,6
2,2,0
2,6,4
5,5,0
3,3,0
2,2,0
7,7,0
9,18,9
1,23,22
1,1,0
2,2,0
2,2,0
1,2,1
0,0,0
406,417,11
3,20,17
2,2,0
3,3,0
2,4,2
139,216,77
3,5,2
3,3,0
22,22,0
3,3,0
8,16,8
2,2,0
2,2,0
2,2,0
2,12,10
20,22,2
2,2,0
2,6,4
3,6,3
3,3,0
0,0,0
2,2,0
2,2,0
54,104,50
2,2,0
2,2,0
1,2,1
3,3,0
0,0,0
2,6,4
3,3,0
2,4,2
1,2,1
10,10,0
4,14,10
6,6,0
2,2,0
2,2,0
2,2,0
7,13,6
2,6,4
3,3,0
3,3,0
3,3,0
5,11,6
2,4,2
3,7,4
1,1,0
3,7,4
2,4,2
3,3,0
2,2,0
2,2,0
1,2,1
1,12,11
2,2,0
3,5,2
2,9,7
3,3,0
15,15,0
2,8,6
2,2,0
0,0,0
150,150,0
2,2,0
8,8,0
2,2,0
2,4,2
3,3,0
1,2,1
3,5,2
0,0,0
2,2,0
2,2,0
3,3,0
0,0,0
3,24,21
2,2,0
4,6,2
2,15,13
3,3,0
2,2,0
2,9,7
2,2,0
3,21,18
2,2,0
3,3,0
2,4,2
3,3,0
2,2,0
11,11,0
9,9,0
2,6,4
2,33,31
2,30,28
2,2,0
94,94,0
3,3,0
2,2,0
2,3,1
1,3,2
2,11,9
2,2,0
67,67,0
0,0,0
3,11,8
3,5,2
2,2,0
9,9,0
2,2,0
2,2,0
5,5,0
2,2,0
0,0,0
2,2,0
3,3,0
2,5,3
3,3,0
2,4,2
3,4,1
3,5,2
2,2,0
2,2,0
9,9,0
100,124,24
3,3,0
2,2,0
0,0,0
2,2,0
3,7,4
1,6,5
3,3,0
2,16,14
2,2,0
2,2,0
2,59,57
2,2,0
2,4,2
4,4,0
3,3,0
40,123,83
6,13,7
3,5,2
2,4,2
2,2,0
3,3,0
2,2,0
2,2,0
3,5,2
6,34,28
3,8,5
0,0,0
2,2,0
3,9,6
2,2,0
3,3,0
2,9,7
3,11,8
3,3,0
2,2,0
2,2,0
3,7,4
2,9,7
2,2,0
2,2,0
2,2,0
3,19,16
3,7,4
2,2,0
2,97,95
3,3,0
89,91,2
93,93,0
0,0,0
3,3,0
2,7,5
2,4,2
3,7,4
3,20,17
28,47,19
2,2,0
1,1,0
8,8,0
2,2,0
2,3,1
3,3,0
2,2,0
2,2,0
3,3,0
2,5,3
3,5,2
2,2,0
2,2,0
2,2,0
2,2,0
2,2,0
3,7,4
30,30,0
1,4,3
2,4,2
32,32,0
2,2,0
4,4,0
2,2,0
3,3,0
3,5,2
3,4,1
2,2,0
6,6,0
2,2,0
6,10,4
0,0,0
6,6,0
2,2,0
2,2,0
2,2,0
3,3,0
25,25,0
2,2,0
2,2,0
2,2,0
2,2,0
8,8,0
4,8,4
3,3,0
2,29,27
3,5,2
3,3,0
2,82,80
2,6,4
2,4,2
2,4,2
2,4,2
3,3,0
124,220,96
2,4,2
0,0,0
2,12,10
2,8,6
3,3,0
2,2,0
2,2,0
2,2,0
3,3,0
4,4,0
2,14,12
3,3,0
1,1,0
3,5,2
2,3,1
1,2,1
2,2,0
1,5,4
2,2,0
3,3,0
6,11,5
3,7,4
2,2,0
3,5,2
3,5,2
2,2,0
2,12,10
3,7,4
3,5,2
2,10,8
45,61,16
2,2,0
2,3,1
3,4,1
2,6,4
3,3,0
3,7,4
3,5,2
7,14,7
31,53,22
3,3,0
2,2,0
3,13,10
3,10,7
3,3,0
2,5,3
2,268,266
1,5,4
1,1,0
2,2,0
2,2,0
1,1,0
2,6,4
6,6,0
2,2,0
2,2,0
2,2,0
4,4,0
2,2,0
2,2,0
3,3,0
1,8,7
26,26,0
24,24,0
2,2,0
48,50,2
2,2,0
97,98,1
3,3,0
3,29,26
0,0,0
3,7,4
2,2,0
2,4,2
2,5,3
1,1,0
2,4,2
97,154,57
3,25,22
2,2,0
2,2,0
2,2,0
14,29,15
3,39,36
13,13,0
2,2,0
140,140,0
1,1,0
2,2,0
2,2,0
3,3,0
2,2,0
28,42,14
2,2,0
16,18,2
2,25,23
0,0,0
93,93,0
2,2,0
2,2,0
2,24,22
3,3,0
2,2,0
2,2,0
3,7,4
2,2,0
3,5,2
55,55,0
4,4,0
2,2,0
2,2,0
0,0,0
0,0,0
68,68,0
3,3,0
2,45,43
1,23,22
3,8,5
2,2,0
6,6,0
2,4,2
3,7,4
3,7,4
2,8,6
2,100,98
2,2,0
2,6,4
2,2,0
3,14,11
3,5,2
3,5,2
0,0,0
3,3,0
2,2,0
2,2,0
2,2,0
2,4,2
2,4,2
7,7,0
3,4,1
5,5,0
2,2,0
0,0,0
2,2,0
1,2,1
1,11,10
3,15,12
3,3,0
0,0,0
2,2,0
0,0,0
2,2,0
3,3,0
4,5,1
2,2,0
3,5,2
3,5,2
3,3,0
20,20,0
11,11,0
2,2,0
10,10,0
62,218,156
2,6,4
26,62,36
2,2,0
2,8,6
2,2,0
3,5,2
2,4,2
3,3,0
98,98,0
3,5,2
2,2,0
4,4,0
2,2,0
2,2,0
2,2,0
2,4,2
3,5,2
3,3,0
7,7,0
60,66,6
2,5,3
5,5,0
2,2,0
15,15,0
2,2,0
0,0,0
3,3,0
40,40,0
2,67,65
1,1,0
2,2,0
3,3,0
3,10,7
5,5,0
1,1,0
3,3,0
2,2,0
2,2,0
3,3,0
18,344,326
3,3,0
7,7,0
2,3,1
2,2,0
6,23,17
3,3,0
2,8,6
7,7,0
2,2,0
28,156,128
3,8,5
65,69,4
0,0,0
2,2,0
2,2,0
2,4,2
4,5,1
2,2,0
2,2,0
2,3,1
2,2,0
3,3,0
35,35,0
2,4,2
2,6,4
3,7,4
2,2,0
2,2,0
3,5,2
1,54,53
5,8,3
14,14,0
2,2,0
44,45,1
9,20,11
2,4,2
2,13,11
68,74,6
80,80,0
3,5,2
2,2,0
2,3,1
3,5,2
3,3,0
23,23,0
2,36,34
1,1,0
3,3,0
0,0,0
2,18,16
3,3,0
1,9,8
3,6,3
1,2,1
1,1,0
3,3,0
2,2,0
3,3,0
2,2,0
4,4,0
2,2,0
3,12,9
2,12,10
3,6,3
2,2,0
3,3,0
3,3,0
3,3,0
6,22,16
2,4,2
1,1,0
3,98,95
1,6,5
4,5,1
3,5,2
2,2,0
2,2,0
2,4,2
3,3,0
3,11,8
2,11,9
3,10,7
2,2,0
3,9,6
25,25,0
0,0,0
1,1,0
0,0,0
1,2,1
2,81,79
7,7,0
2,2,0
4,4,0
2,14,12
3,3,0
4,4,0
2,2,0
44,54,10
9,9,0
3,5,2
2,2,0
4,9,5
2,2,0
3,3,0
3,3,0
82,83,1
2,84,82
2,2,0
2,8,6
2,2,0
3,5,2
1,1,0
0,0,0
1,6,5
5,9,4
3,3,0
8,8,0
6,16,10
2,2,0
2,2,0
2,2,0
2,2,0
3,7,4
22,24,2
3,5,2
3,4,1
3,3,0
2,2,0
2,2,0
2,6,4
3,3,0
2,5,3
2,4,2
6,15,9
165,174,9
3,6,3
2,2,0
2,2,0
1,1,0
2,8,6
2,9,7
2,3,1
2,2,0
2,2,0
0,0,0
2,2,0
2,4,2
3,3,0
15,29,14
2,2,0
67,163,96
2,4,2
4,6,2
2,4,2
2,2,0
2,2,0
3,5,2
2,4,2
5,8,3
3,10,7
2,2,0
2,2,0
2,2,0
3,9,6
13,13,0
3,4,1
0,0,0
3,3,0
0,0,0
3,7,4
3,3,0
3,5,2
3,5,2
3,5,2
3,3,0
2,4,2
2,3,1
81,81,0
2,5,3
22,22,0
1,2,1
2,2,0
2,19,17
2,9,7
5,5,0
5,5,0
0,0,0
2,29,27
13,16,3
3,16,13
2,2,0
0,0,0
2,4,2
3,5,2
3,3,0
2,2,0
3,3,0
2,2,0
18,55,37
87,87,0
2,6,4
100,200,100
2,4,2
22,22,0
1,4,3
3,10,7
0,0,0
3,3,0
1,3,2
1,2,1
1,2,1
3,4,1
3,5,2
2,4,2
7,7,0
2,13,11
4,6,2
3,5,2
2,2,0
2,2,0
2,2,0
2,45,43
1,15,14
4,4,0
0,0,0
2,2,0
2,2,0
2,2,0
1,2,1
2,3,1
2,2,0
2,10,8
6,6,0
2,4,2
2,2,0
3,3,0
2,2,0
54,57,3
2,3,1
3,3,0
50,76,26
10,10,0
15,174,159
0,0,0
3,5,2
3,4,1
2,5,3
2,4,2
3,3,0
3,3,0
3,7,4
2,2,0
0,0,0
3,5,2
2,2,0
2,2,0
3,5,2
2,2,0
2,32,30
3,3,0
3,45,42
3,19,16
2,2,0
2,2,0
46,46,0
2,2,0
2,2,0
0,0,0
3,3,0
2,4,2
3,3,0
2,2,0
11,11,0
2,8,6
2,14,12
3,5,2
2,2,0
2,2,0
3,3,0
1,2,1
2,2,0
11,11,0
3,3,0
2,2,0
2,6,4
3,9,6
22,22,0
2,2,0
5,5,0
574,577,3
3,3,0
3,7,4
2,12,10
3,5,2
1,1,0
1,2,1
3,3,0
3,3,0
2,6,4
18,25,7
2,3,1
3,14,11
14,14,0
3,3,0
3,3,0
14,14,0
2,4,2
3,7,4
2,2,0
3,9,6
2,2,0
1,103,102
4,16,12
8,8,0
3,3,0
2,2,0
3,15,12
2,2,0
21,21,0
3,3,0
3,19,16
2,2,0
150,159,9
2,12,10
3,3,0
3,3,0
2,2,0
3,3,0
2,2,0
2,2,0
1,2,1
21,90,69
3,3,0
1,8,7
3,26,23
3,3,0
2,7,5
4,47,43
3,3,0
2,2,0
2,3,1
1,4,3
3,3,0
9,32,23
5,5,0
3,5,2
6,10,4
1,25,24
3,3,0
8,8,0
2,2,0
2,2,0
2,78,76
2,2,0
2,2,0
3,3,0
1,3,2
8,8,0
3,3,0
3,3,0
3,6,3
3,3,0
5,5,0
2,5,3
2,4,2
2,2,0
2,2,0
3,4,1
2,2,0
4,9,5
3,3,0
3,3,0
2,2,0
2,2,0
2,3,1
2,2,0
3,15,12
9,9,0
4,4,0
2,2,0
7,7,0
2,4,2
2,6,4
2,2,0
9,9,0
99,199,100
10,12,2
1,17,16
4,4,0
2,4,2
8,8,0
3,3,0
3,3,0
3,3,0
0,0,0
2,4,2
97,98,1
2,27,25
88,276,188
2,2,0
2,2,0
2,41,39
3,3,0
2,2,0
3,13,10
3,8,5
2,5,3
2,2,0
2,2,0
2,2,0
3,5,2
3,3,0
2,4,2
2,2,0
13,13,0
2,2,0
3,5,2
2,45,43
3,3,0
10,116,106
9,9,0
4,4,0
3,4,1
2,2,0
1,2,1
3,3,0
2,2,0
3,4,1
2,4,2
1,3,2
2,2,0
2,23,21
2,2,0
3,14,11
3,3,0
2,4,2
3,3,0
2,2,0
2,7,5
3,7,4
2,2,0
2,3,1
2,2,0
2,2,0
3,3,0
3,7,4
1,2,1
1,23,22
22,44,22
2,6,4
0,0,0
3,3,0
31,55,24
3,3,0
2,25,23
2,19,17
5,5,0
2,2,0
2,6,4
1,28,27
2,8,6
97,98,1
6,8,2
95,95,0
2,2,0
3,5,2
0,0,0
3,3,0
2,8,6
1,2,1
21,21,0
5,5,0
2,2,0
3,3,0
2,6,4
23,26,3
2,2,0
12,35,23
3,3,0
2,2,0
9,12,3
0,0,0
3,8,5
2,2,0
3,3,0
2,2,0
3,3,0
11,20,9
3,9,6
2,2,0
2,2,0
15,21,6
2,2,0
2,25,23
8,11,3
2,4,2
100,100,0
2,2,0
3,5,2
3,10,7
2,2,0
2,2,0
3,3,0
6,94,88
8,8,0
2,2,0
2,2,0
3,5,2
0,0,0
58,63,5
2,6,4
2,2,0
76,76,0
2,2,0
3,3,0
2,2,0
8,8,0
3,9,6
0,0,0
2,4,2
2,28,26
3,3,0
1,4,3
102,150,48
4,6,2
1,2,1
2,2,0
3,5,2
3,7,4
6,6,0
2,2,0
3,3,0
2,2,0
2,2,0
3,3,0
2,2,0
2,12,10
2,4,2
1,1,0
14,14,0
2,2,0
1,2,1
2,2,0
3,3,0
2,4,2
2,2,0
3,3,0
4,16,12
2,2,0
3,19,16
3,3,0
2,6,4
2,2,0
54,73,19
3,4,1
3,3,0
3,7,4
3,5,2
2,2,0
2,2,0
3,7,4
2,4,2
0,0,0
2,2,0
2,4,2
2,2,0
2,2,0
2,2,0
3,3,0
2,2,0
2,2,0
2,4,2
2,50,48
2,2,0
4,4,0
2,2,0
2,2,0
3,5,2
3,5,2
1,1,0
2,8,6
3,3,0
2,2,0
4,12,8
3,11,8
2,4,2
4,14,10
6,46,40
51,51,0
2,2,0
2,2,0
2,2,0
2,2,0
2,4,2
2,20,18
27,28,1
2,4,2
2,2,0
1,2,1
2,2,0
2,2,0
2,4,2
2,2,0
4,8,4
3,3,0
2,2,0
2,8,6
8,8,0
51,51,0
1,18,17
3,11,8
2,13,11
3,3,0
2,4,2
3,5,2
5,14,9
1,1,0
3,3,0
2,82,80
0,0,0
11,38,27
16,16,0
3,3,0
2,2,0
2,4,2
3,9,6
2,4,2
2,8,6
2,2,0
1,63,62
2,4,2
3,4,1
0,0,0
3,10,7
32,35,3
0,0,0
0,0,0
3,3,0
65,69,4
2,2,0
2,80,78
2,7,5
2,3,1
5,8,3
20,20,0
2,2,0
1,1,0
3,5,2
3,3,0
1,1,0
2,2,0
2,2,0
3,5,2
2,2,0
0,0,0
0,0,0
2,2,0
2,2,0
11,11,0
1,1,0
3,5,2
3,3,0
2,2,0
2,2,0
3,9,6
3,5,2
2,21,19
11,11,0
2,4,2
2,2,0
3,5,2
3,11,8
8,8,0
1,2,1
2,2,0
1,2,1
100,200,100
0,0,0
100,100,0
3,3,0
4,4,0
13,13,0
11,11,0
2,5,3
5,6,1
3,3,0
2,16,14
2,6,4
2,7,5
3,7,4
2,2,0
3,5,2
2,2,0
2,2,0
2,2,0
2,2,0
3,25,22
2,4,2
62,64,2
8,11,3
9,9,0
3,3,0
2,2,0
3,3,0
3,14,11
2,17,15
3,3,0
2,6,4
3,3,0
3,3,0
3,5,2
4,4,0
120,120,0
3,3,0
3,3,0
3,3,0
2,2,0
3,17,14
2,2,0
7,8,1
2,8,6
2,4,2
12,12,0
2,2,0
8,8,0
47,53,6
3,3,0
3,9,6
3,7,4
3,3,0
9,9,0
2,2,0
2,2,0
2,4,2
2,2,0
0,0,0
2,2,0
3,3,0
54,54,0
2,13,11
1,2,1
2,25,23
1,1,0
2,6,4
2,2,0
5,8,3
8,10,2
2,6,4
1,2,1
46,54,8
2,2,0
3,11,8
3,7,4
3,3,0
2,2,0
2,3,1
3,3,0
2,13,11
2,6,4
0,0,0
3,8,5
2,5,3
0,0,0
6,6,0
2,80,78
3,5,2
2,4,2
3,3,0
3,3,0
0,0,0
3,5,2
3,10,7
2,4,2
1,1,0
7,7,0
1,2,1
20,84,64
5,10,5
37,37,0
3,6,3
5,10,5
2,4,2
44,44,0
3,3,0
30,32,2
2,2,0
34,39,5
8,8,0
3,3,0
2,28,26
2,10,8
1,5,4
3,7,4
185,185,0
2,2,0
86,86,0
3,11,8
3,3,0
3,7,4
2,2,0
2,2,0
3,3,0
3,5,2
2,4,2
2,2,0
2,8,6
2,2,0
66,125,59
2,2,0
7,46,39
3,3,0
2,6,4
3,11,8
22,89,67
3,3,0
6,6,0
2,2,0
64,64,0
138,263,125
7,7,0
2,2,0
3,11,8
2,30,28
3,3,0
2,2,0
2,2,0
2,2,0
2,2,0
2,45,43
3,10,7
3,3,0
2,4,2
8,8,0
2,2,0
2,2,0
2,2,0
2,2,0
2,4,2
2,2,0
2,2,0
2,3,1
2,12,10
2,4,2
2,4,2
3,7,4
3,3,0
3,9,6
2,7,5
3,5,2
3,5,2
2,41,39
2,2,0
2,3,1
2,4,2
2,2,0
2,6,4
1,66,65
0,0,0
20,20,0
48,49,1
2,153,151
2,2,0
2,2,0
4,4,0
2,3,1
2,2,0
2,2,0
3,9,6
1,1,0
2,2,0
3,8,5
0,0,0
1,2,1
11,12,1
3,3,0
2,2,0
4,6,2
3,5,2
2,4,2
7,9,2
2,2,0
2,4,2
11,11,0
2,2,0
2,2,0
8,11,3
2,2,0
6,6,0
3,3,0
2,2,0
1,20,19
1,1,0
2,2,0
3,3,0
2,8,6
2,16,14
1,2,1
2,2,0
3,3,0
3,3,0
2,2,0
3,3,0
3,6,3
3,5,2
3,5,2
2,5,3
1,1,0
3,7,4
6,8,2
9,9,0
2,2,0
3,5,2
2,6,4
2,5,3
2,2,0
1,3,2
2,4,2
2,2,0
2,2,0
3,3,0
2,2,0
1,3,2
2,23,21
2,6,4
2,4,2
3,7,4
2,2,0
3,6,3
3,5,2
3,3,0
3,3,0
8,8,0
2,2,0
2,2,0
3,3,0
8,8,0
2,4,2
3,7,4
2,2,0
2,2,0
2,17,15
3,11,8
10,14,4
4,4,0
8,8,0
2,2,0
2,2,0
46,46,0
4,4,0
2,2,0
2,2,0
3,3,0
3,3,0
7,7,0
9,11,2
3,7,4
0,0,0
1,11,10
2,2,0
2,2,0
2,2,0
2,2,0
2,2,0
0,0,0
3,7,4
2,2,0
2,2,0
3,3,0
3,7,4
56,56,0
2,2,0
2,2,0
2,2,0
2,62,60
23,54,31
1,2,1
6,18,12
1,3,2
2,15,13
4,128,124
2,3,1
3,5,2
2,4,2
2,3,1
5,16,11
150,150,0
2,2,0
2,2,0
132,152,20
2,2,0
2,4,2
2,5,3
2,3,1
2,82,80
3,5,2
3,3,0
2,6,4
3,15,12
4,4,0
2,2,0
2,2,0
3,3,0
1,4,3
3,3,0
1,1,0
3,19,16
2,3,1
2,8,6
1,1,0
2,9,7
2,2,0
10,10,0
3,3,0
2,2,0
2,2,0
2,2,0
3,3,0
147,147,0
2,6,4
5,11,6
2,2,0
2,14,12
7,21,14
2,4,2
2,2,0
2,4,2
1,2,1
2,2,0
2,51,49
1,3,2
0,0,0
4,5,1
2,2,0
2,40,38
1,2,1
3,5,2
2,2,0
3,9,6
183,183,0
3,13,10
2,2,0
2,3,1
3,3,0
38,38,0
2,2,0
2,3,1
3,3,0
3,5,2
2,4,2
1,1,0
2,6,4
2,10,8
3,3,0
2,2,0
15,19,4
3,3,0
2,6,4
0,0,0
2,2,0
2,2,0
6,15,9
2,2,0
1,6,5
2,2,0
6,6,0
42,43,1
2,2,0
3,3,0
2,3,1
3,7,4
0,0,0
3,9,6
1,3,2
47,144,97
3,3,0
3,3,0
2,17,15
2,2,0
2,30,28
2,4,2
2,2,0
3,3,0
2,2,0
11,19,8
2,16,14
2,6,4
2,10,8
20,20,0
2,4,2
2,4,2
2,4,2
25,30,5
1,24,23
2,2,0
0,0,0
2,2,0
0,0,0
2,12,10
2,6,4
3,3,0
2,2,0
2,2,0
2,2,0
2,2,0
2,51,49
3,3,0
2,2,0
100,100,0
5,5,0
2,2,0
5,5,0
2,5,3
3,3,0
50,67,17
2,2,0
2,2,0
3,3,0
2,2,0
2,2,0
46,49,3
1,24,23
3,4,1
7,7,0
1,1,0
0,0,0
1,17,16
2,2,0
3,3,0
8,8,0
63,136,73
2,12,10
6,6,0
62,64,2
0,0,0
26,26,0
2,2,0
3,3,0
1,1,0
3,9,6
4,6,2
3,3,0
2,2,0
1,27,26
2,2,0
2,11,9
2,38,36
2,2,0
3,3,0
16,48,32
2,80,78
4,56,52
100,109,9
2,4,2
8,8,0
3,3,0
3,10,7
3,10,7
3,3,0
0,0,0
19,19,0
2,2,0
2,2,0
2,2,0
1,2,1
31,50,19
3,7,4
70,76,6
0,0,0
2,2,0
2,2,0
2,5,3
10,15,5
1,1,0
2,2,0
3,5,2
7,11,4
1,2,1
8,8,0
1,1,0
3,5,2
2,2,0
3,14,11
2,2,0
0,0,0
1,2,1
3,5,2
0,0,0
3,3,0
2,7,5
3,13,10
98,234,136
2,4,2
4,4,0
4,4,0
2,2,0
3,5,2
23,23,0
2,2,0
0,0,0
2,2,0
2,2,0
0,0,0
75,76,1
2,6,4
1,4,3
2,2,0
3,3,0
2,2,0
2,2,0
2,35,33
1,2,1
2,2,0
0,0,0
2,15,13
2,2,0
2,2,0
2,2,0
3,3,0
2,2,0
2,2,0
1,2,1
2,6,4
3,7,4
1,4,3
2,2,0
3,4,1
2,29,27
2,2,0
20,20,0
2,2,0
2,2,0
2,4,2
2,2,0
2,4,2
3,3,0
2,2,0
1,1,0
7,8,1
3,6,3
3,3,0
46,50,4
4,7,3
3,7,4
2,2,0
6,22,16
2,23,21
2,2,0
2,74,72
103,103,0
2,5,3
0,0,0
2,5,3
17,17,0
9,9,0
2,2,0
2,2,0
3,3,0
1,2,1
2,4,2
6,6,0
3,3,0
5,5,0
3,5,2
3,11,8
2,2,0
2,8,6
4,4,0
24,24,0
3,3,0
2,3,1
2,2,0
1,2,1
6,6,0
4,4,0
2,33,31
2,7,5
0,0,0
3,3,0
2,2,0
3,5,2
15,15,0
3,3,0
2,2,0
2,13,11
3,5,2
3,3,0
56,185,129
2,2,0
5,5,0
9,9,0
88,268,180
2,3,1
1,1,0
2,32,30
0,0,0
2,2,0
2,9,7
3,3,0
4,4,0
3,5,2
2,2,0
2,2,0
2,2,0
3,5,2
2,82,80
0,0,0
2,2,0
3,7,4
2,23,21
2,4,2
2,2,0
3,8,5
9,9,0
2,3,1
3,17,14
2,2,0
2,11,9
2,3,1
62,62,0
2,5,3
3,3,0
2,2,0
3,3,0
2,4,2
2,2,0
3,11,8
3,5,2
12,13,1
3,3,0
2,2,0
3,3,0
2,6,4
3,3,0
2,2,0
2,2,0
11,13,2
2,5,3
2,13,11
2,17,15
3,3,0
406,417,11
2,4,2
2,2,0
3,3,0
2,2,0
2,2,0
36,50,14
2,14,12
1,1,0
5,5,0
2,2,0
3,5,2
66,66,0
3,3,0
1,96,95
2,13,11
2,3,1
12,13,1
3,4,1
1,1,0
3,5,2
2,6,4
2,2,0
1,1,0
2,2,0
2,2,0
3,3,0
2,7,5
3,6,3
2,3,1
2,2,0
2,2,0
0,0,0
2,71,69
1,1,0
2,2,0
139,216,77
2,13,11
2,2,0
0,0,0
2,2,0
6,10,4
2,2,0
2,8,6
3,3,0
2,36,34
4,57,53
2,35,33
2,2,0
2,16,14
2,4,2
3,3,0
2,2,0
3,3,0
10,10,0
2,168,166
5,8,3
2,2,0
1,2,1
2,4,2
3,15,12
3,5,2
3,3,0
3,3,0
2,5,3
2,13,11
10,11,1
3,5,2
2,2,0
2,2,0
8,8,0
8,28,20
2,3,1
2,3,1
3,3,0
2,3,1
1,2,1
2,3,1
3,9,6
2,2,0
2,2,0
0,0,0
3,7,4
2,2,0
1,2,1
1,3,2
3,3,0
2,11,9
2,60,58
2,3,1
1,3,2
2,2,0
3,3,0
2,2,0
3,3,0
4,36,32
0,0,0
2,2,0
3,22,19
2,6,4
3,4,1
2,8,6
2,2,0
2,2,0
2,4,2
2,2,0
0,0,0
2,2,0
2,31,29
2,2,0
2,2,0
0,0,0
2,4,2
1,6,5
248,281,33
3,5,2
3,5,2
2,2,0
3,3,0
2,2,0
2,2,0
3,6,3
2,12,10
100,100,0
2,2,0
2,2,0
2,2,0
0,0,0
3,5,2
3,3,0
3,5,2
12,12,0
1,2,1
2,23,21
2,2,0
2,2,0
135,140,5
2,2,0
3,3,0
2,4,2
2,2,0
0,0,0
2,2,0
2,2,0
3,3,0
2,2,0
2,2,0
1,6,5
1,2,1
1,12,11
2,2,0
3,3,0
2,2,0
3,5,2
3,3,0
3,9,6
2,2,0
15,17,2
2,2,0
3,3,0
12,12,0
2,2,0
12,33,21
2,2,0
2,2,0
2,4,2
3,3,0
3,3,0
2,8,6
2,2,0
3,3,0
3,6,3
2,2,0
2,2,0
50,50,0
2,90,88
3,9,6
13,16,3
3,3,0
2,2,0
2,2,0
2,5,3
2,2,0
2,2,0
2,84,82
3,4,1
3,22,19
2,2,0
2,4,2
2,2,0
3,3,0
2,4,2
2,2,0
2,2,0
1,7,6
2,2,0
2,2,0
1,2,1
2,2,0
1,1,0
3,3,0
1,17,16
2,3,1
2,10,8
3,3,0
2,8,6
3,3,0
3,5,2
2,9,7
2,2,0
3,7,4
2,2,0
2,2,0
2,2,0
4,4,0
2,2,0
2,2,0
100,109,9
2,2,0
3,3,0
2,2,0
2,4,2
2,2,0
2,2,0
2,2,0
2,2,0
2,2,0
2,2,0
0,0,0
2,4,2
10,13,3
2,2,0
37,37,0
3,25,22
2,4,2
2,2,0
50,50,0
3,3,0
0,0,0
3,10,7
3,3,0
2,8,6
2,2,0
2,2,0
2,2,0
2,4,2
3,3,0
8,47,39
2,2,0
2,2,0
3,3,0
2,2,0
2,2,0
2,2,0
16,26,10
2,27,25
1,11,10
2,4,2
3,3,0
2,2,0
2,4,2
3,3,0
2,2,0
2,10,8
3,6,3
2,2,0
3,3,0
0,0,0
2,88,86
2,4,2
2,2,0
5,16,11
7,14,7
2,82,80
1,1,0
2,2,0
2,2,0
3,5,2
6,37,31
3,3,0
3,7,4
2,2,0
3,11,8
2,2,0
2,2,0
1,6,5
3,3,0
3,3,0
2,2,0
2,2,0
88,101,13
1,22,21
1,1,0
2,9,7
3,3,0
1,1,0
28,31,3
3,3,0
2,2,0
3,3,0
1,1,0
2,2,0
3,3,0
2,4,2
2,2,0
2,2,0
3,23,20
2,70,68
2,2,0
3,3,0
2,5,3
3,3,0
2,2,0
2,2,0
3,7,4
6,6,0
11,13,2
4,71,67
45,57,12
3,4,1
2,8,6
1,1,0
0,0,0
2,8,6
0,0,0
20,20,0
2,2,0
2,8,6
2,4,2
2,2,0
3,5,2
2,16,14
9,9,0
1,62,61
3,3,0
2,4,2
3,3,0
2,8,6
1,2,1
3,3,0
2,2,0
3,4,1
2,2,0
2,3,1
3,5,2
3,10,7
1,1,0
3,3,0
3,16,13
7,22,15
3,5,2
10,10,0
3,11,8
2,2,0
13,15,2
3,7,4
2,2,0
51,51,0
0,0,0
0,0,0
1,3,2
2,2,0
3,7,4
2,2,0
2,5,3
3,5,2
3,3,0
4,4,0
6,35,29
2,2,0
10,11,1
3,3,0
1,1,0
3,5,2
4,4,0
3,5,2
2,2,0
2,5,3
2,2,0
2,4,2
0,0,0
2,2,0
3,8,5
3,3,0
3,10,7
2,2,0
2,2,0
3,3,0
2,2,0
2,2,0
52,54,2
2,2,0
2,23,21
0,0,0
32,34,2
2,6,4
0,0,0
3,3,0
19,19,0
6,6,0
2,2,0
5,5,0
3,3,0
2,2,0
3,3,0
2,2,0
11,11,0
3,7,4
0,0,0
8,8,0
2,2,0
8,8,0
2,4,2
13,13,0
2,2,0
4,4,0
1,1,0
1,6,5
8,8,0
1,2,1
2,4,2
2,2,0
3,5,2
2,11,9
3,3,0
3,3,0
20,22,2
1,5,4
0,0,0
2,2,0
5,12,7
3,31,28
5,10,5
1,1,0
2,31,29
2,3,1
1,2,1
2,2,0
3,3,0
3,3,0
2,10,8
2,32,30
1,3,2
2,81,79
2,2,0
2,2,0
2,2,0
2,8,6
2,2,0
3,3,0
2,2,0
2,2,0
2,2,0
3,3,0
3,10,7
2,2,0
2,2,0
3,3,0
2,2,0
3,3,0
2,2,0
16,16,0
2,2,0
3,8,5
61,71,10
2,2,0
2,45,43
2,12,10
5,5,0
11,11,0
1,1,0
3,3,0
0,0,0
2,8,6
2,2,0
3,3,0
1,17,16
2,4,2
11,11,0
0,0,0
2,2,0
9,9,0
2,2,0
2,2,0
2,4,2
3,15,12
3,7,4
2,2,0
3,9,6
2,2,0
4,4,0
3,72,69
2,2,0
2,2,0
2,2,0
1,11,10
28,28,0
3,3,0
3,3,0
99,406,307
2,3,1
1,1,0
2,2,0
2,5,3
3,5,2
2,2,0
2,16,14
2,2,0
1,2,1
3,3,0
2,79,77
2,2,0
2,2,0
3,3,0
2,2,0
2,4,2
3,3,0
2,3,1
2,8,6
1,1,0
2,2,0
2,5,3
2,3,1
3,13,10
3,3,0
3,3,0
2,3,1
0,0,0
2,4,2
2,13,11
3,3,0
3,3,0
2,2,0
3,24,21
50,52,2
45,61,16
2,2,0
2,2,0
2,2,0
1,3,2
3,3,0
3,7,4
2,2,0
3,11,8
6,14,8
2,4,2
3,20,17
2,4,2
2,2,0
2,2,0
1,4,3
4,4,0
3,3,0
2,4,2
2,2,0
3,4,1
2,80,78
99,101,2
3,5,2
29,40,11
8,8,0
2,2,0
2,7,5
2,19,17
2,6,4
2,4,2
2,2,0
3,6,3
4,11,7
6,6,0
97,98,1
3,3,0
76,76,0
2,7,5
3,3,0
2,2,0
2,2,0
4,4,0
3,3,0
3,3,0
3,3,0
2,2,0
2,6,4
2,2,0
2,2,0
3,5,2
177,177,0
0,0,0
2,4,2
1,1,0
3,5,2
8,9,1
2,14,12
1,25,24
2,8,6
14,14,0
2,2,0
2,2,0
3,3,0
1,2,1
2,3,1
100,295,195
1,2,1
8,8,0
2,6,4
2,2,0
3,5,2
3,5,2
2,2,0
3,8,5
3,5,2
2,2,0
0,0,0
2,2,0
2,2,0
2,4,2
2,6,4
3,3,0
3,3,0
1,1,0
2,2,0
2,2,0
3,10,7
2,2,0
2,4,2
2,2,0
2,2,0
2,4,2
54,54,0
2,5,3
113,113,0
1,1,0
2,10,8
3,3,0
1,1,0
3,11,8
3,3,0
1,20,19
3,3,0
3,7,4
2,2,0
2,2,0
3,3,0
3,14,11
2,32,30
2,7,5
11,11,0
84,84,0
2,2,0
0,0,0
2,2,0
3,4,1
2,2,0
2,2,0
2,2,0
3,4,1
1,1,0
0,0,0
3,3,0
3,3,0
3,11,8
4,4,0
2,2,0
4,6,2
2,2,0
2,2,0
2,2,0
3,12,9
1,24,23
2,3,1
79,205,126
2,32,30
2,2,0
2,40,38
2,2,0
2,2,0
3,3,0
4,4,0
2,2,0
1,47,46
2,75,73
83,83,0
13,13,0
2,2,0
1,1,0
0,0,0
2,4,2
3,8,5
1,2,1
102,247,145
3,3,0
3,3,0
3,5,2
3,3,0
2,2,0
3,8,5
2,2,0
2,3,1
3,3,0
5,9,4
1,1,0
2,2,0
2,15,13
8,8,0
1,6,5
2,4,2
1,4,3
2,2,0
2,2,0
2,28,26
2,2,0
10,10,0
2,4,2
3,3,0
0,0,0
2,2,0
10,11,1
1,4,3
2,8,6
1,3,2
3,7,4
4,8,4
3,3,0
2,2,0
0,0,0
3,13,10
2,8,6
3,3,0
3,7,4
3,7,4
2,4,2
3,5,2
87,87,0
4,4,0
2,2,0
1,24,23
9,15,6
2,5,3
2,2,0
1,1,0
3,7,4
2,2,0
2,34,32
3,3,0
2,4,2
2,6,4
4,6,2
0,0,0
2,4,2
1,1,0
3,9,6
4,6,2
4,6,2
2,17,15
1,1,0
3,5,2
2,4,2
3,3,0
1,99,98
4,4,0
1,7,6
0,0,0
4,9,5
2,6,4
2,2,0
3,3,0
2,4,2
2,2,0
2,2,0
2,2,0
5,5,0
3,5,2
2,2,0
3,3,0
3,5,2
2,2,0
2,2,0
2,2,0
2,4,2
3,7,4
3,3,0
2,4,2
2,2,0
2,2,0
3,3,0
2,8,6
20,42,22
2,25,23
2,2,0
3,3,0
10,10,0
4,8,4
2,2,0
147,147,0
2,6,4
5,12,7
2,2,0
3,5,2
2,2,0
3,5,2
3,5,2
2,2,0
3,5,2
3,3,0
3,3,0
2,10,8
2,91,89
2,2,0
2,2,0
2,2,0
3,3,0
2,2,0
2,2,0
2,4,2
2,2,0
3,6,3
2,2,0
3,3,0
1,4,3
2,82,80
2,4,2
1,3,2
3,7,4
5,5,0
2,8,6
2,2,0
12,12,0
2,13,11
3,8,5
10,35,25
0,0,0
1,1,0
2,8,6
2,6,4
3,3,0
2,2,0
9,11,2
3,3,0
3,5,2
3,3,0
2,2,0
2,2,0
2,2,0
2,2,0
14,30,16
3,3,0
3,7,4
2,2,0
2,2,0
2,2,0
2,2,0
2,2,0
2,29,27
3,14,11
2,12,10
1,5,4
2,2,0
3,9,6
0,0,0
2,4,2
1,2,1
3,5,2
0,0,0
2,6,4
2,2,0
3,3,0
2,2,0
3,9,6
2,7,5
2,2,0
3,3,0
2,4,2
3,14,11
12,12,0
3,11,8
2,2,0
2,2,0
2,4,2
2,2,0
2,2,0
2,48,46
4,4,0
2,4,2
3,3,0
2,2,0
36,36,0
3,3,0
2,2,0
2,2,0
3,3,0
2,60,58
2,2,0
3,3,0
1,1,0
3,3,0
2,2,0
2,4,2
3,3,0
2,4,2
18,66,48
2,4,2
3,3,0
3,4,1
2,2,0
13,13,0
3,3,0
2,6,4
2,8,6
2,4,2
2,2,0
2,2,0
3,3,0
2,2,0
2,2,0
2,6,4
3,3,0
185,482,297
89,89,0
3,3,0
44,45,1
2,2,0
1,1,0
3,13,10
2,2,0
3,14,11
1,3,2
3,12,9
2,2,0
2,7,5
3,5,2
11,11,0
2,2,0
2,3,1
10,19,9
89,95,6
1,1,0
1,2,1
2,27,25
3,3,0
2,6,4
2,21,19
2,2,0
3,5,2
2,5,3
2,19,17
2,3,1
2,12,10
3,3,0
2,4,2
3,4,1
28,34,6
1,2,1
2,2,0
2,2,0
3,3,0
3,3,0
2,4,2
100,100,0
3,12,9
2,2,0
2,21,19
2,2,0
0,0,0
2,2,0
2,2,0
2,45,43
2,10,8
3,9,6
42,42,0
2,2,0
2,2,0
2,2,0
2,2,0
2,2,0
6,6,0
2,2,0
3,3,0
3,8,5
2,2,0
0,0,0
2,2,0
0,0,0
3,3,0
3,17,14
0,0,0
3,3,0
2,2,0
10,34,24
3,7,4
2,2,0
3,3,0
2,3,1
3,11,8
2,6,4
3,9,6
2,2,0
2,2,0
4,9,5
2,2,0
2,2,0
4,14,10
2,2,0
2,5,3
3,3,0
1,2,1
2,54,52
3,4,1
3,3,0
1,56,55
2,2,0
3,14,11
2,15,13
3,9,6
2,4,2
2,8,6
50,80,30
2,2,0
2,2,0
3,4,1
2,2,0
8,8,0
10,10,0
3,9,6
2,2,0
2,16,14
4,17,13
3,3,0
2,2,0
0,0,0
2,228,226
2,2,0
3,3,0
1,1,0
3,3,0
2,2,0
2,2,0
2,6,4
3,6,3
3,3,0
3,7,4
2,4,2
3,3,0
2,4,2
22,22,0
9,12,3
2,2,0
2,8,6
2,2,0
3,23,20
0,0,0
21,21,0
2,2,0
2,2,0
2,2,0
2,2,0
3,7,4
2,2,0
12,13,1
9,9,0
2,3,1
2,15,13
3,9,6
4,4,0
2,25,23
2,2,0
2,13,11
490,502,12
3,3,0
25,27,2
2,3,1
2,14,12
2,3,1
2,2,0
3,3,0
10,10,0
3,45,42
3,5,2
2,7,5
3,3,0
2,2,0
3,5,2
5,8,3
2,31,29
3,3,0
6,9,3
2,2,0
3,5,2
3,3,0
2,2,0
2,2,0
6,6,0
8,8,0
2,2,0
406,417,11
2,2,0
2,2,0
2,4,2
2,2,0
2,4,2
3,3,0
2,4,2
2,2,0
3,5,2
2,13,11
0,0,0
3,5,2
1,3,2
2,2,0
2,4,2
3,12,9
3,5,2
3,3,0
17,17,0
2,3,1
2,2,0
1,1,0
1,2,1
2,2,0
3,5,2
12,181,169
2,2,0
17,34,17
2,4,2
2,29,27
2,4,2
2,3,1
77,79,2
0,0,0
5,5,0
2,2,0
2,2,0
2,5,3
3,9,6
2,2,0
3,10,7
1,2,1
1,1,0
2,2,0
150,150,0
2,8,6
32,34,2
3,7,4
9,9,0
2,10,8
11,11,0
0,0,0
2,4,2
2,2,0
3,3,0
13,193,180
2,2,0
17,17,0
3,3,0
2,2,0
10,24,14
0,0,0
2,2,0
2,2,0
63,63,0
3,3,0
90,321,231
3,3,0
2,18,16
2,2,0
2,2,0
2,4,2
3,14,11
3,3,0
2,6,4
3,5,2
1,4,3
2,2,0
3,5,2
2,2,0
2,2,0
4,4,0
1,4,3
3,3,0
3,5,2
3,3,0
0,0,0
2,2,0
0,0,0
1,3,2
0,0,0
4,30,26
4,4,0
2,9,7
2,22,20
2,9,7
3,9,6
2,5,3
96,96,0
14,14,0
0,0,0
3,7,4
2,3,1
3,5,2
1,2,1
1,2,1
11,14,3
3,3,0
2,2,0
2,2,0
2,3,1
3,113,110
1,1,0
0,0,0
3,3,0
19,19,0
2,2,0
3,3,0
3,7,4
7,7,0
107,107,0
2,2,0
2,5,3
3,3,0
3,5,2
4,5,1
31,33,2
2,4,2
3,7,4
2,2,0
3,6,3
2,2,0
1,2,1
185,513,328
51,52,1
1,1,0
1,2,1
2,7,5
11,15,4
0,0,0
2,2,0
2,16,14
2,2,0
2,4,2
2,2,0
2,2,0
48,76,28
9,9,0
1,2,1
1,3,2
1,5,4
3,3,0
3,8,5
3,3,0
3,5,2
0,0,0
0,0,0
1,6,5
0,0,0
2,11,9
2,15,13
3,3,0
5,5,0
2,2,0
100,100,0
2,2,0
2,2,0
3,3,0
3,9,6
2,2,0
2,10,8
4,5,1
9,9,0
2,5,3
3,7,4
3,3,0
1,3,2
2,2,0
2,2,0
8,10,2
6,6,0
12,12,0
0,0,0
2,2,0
40,61,21
98,109,11
2,2,0
3,5,2
2,2,0
2,2,0
2,2,0
100,156,56
2,4,2
0,0,0
42,42,0
2,2,0
5,7,2
2,2,0
42,43,1
9,9,0
2,5,3
16,17,1
8,8,0
2,7,5
2,2,0
2,2,0
2,17,15
100,109,9
2,2,0
6,6,0
2,2,0
0,0,0
3,3,0
2,2,0
9,9,0
0,0,0
2,14,12
1,1,0
2,2,0
1,2,1
3,3,0
1,1,0
2,2,0
3,11,8
104,104,0
3,11,8
2,5,3
2,2,0
7,7,0
1,2,1
3,3,0
3,11,8
2,2,0
2,2,0
2,4,2
2,2,0
2,2,0
2,2,0
2,3,1
47,47,0
2,2,0
2,2,0
2,12,10
2,3,1
4,5,1
2,4,2
3,3,0
3,3,0
3,5,2
3,4,1
3,3,0
2,2,0
3,6,3
3,4,1
0,0,0
2,21,19
2,5,3
0,0,0
1,12,11
1,1,0
98,109,11
2,2,0
2,2,0
2,4,2
2,2,0
47,108,61
2,2,0
0,0,0
2,3,1
3,9,6
2,2,0
3,5,2
2,2,0
2,2,0
4,7,3
25,31,6
2,2,0
2,2,0
3,3,0
2,2,0
2,2,0
2,2,0
3,3,0
1,3,2
2,2,0
3,6,3
2,3,1
2,2,0
47,47,0
3,3,0
2,2,0
2,2,0
1,5,4
2,2,0
4,7,3
2,8,6
10,10,0
2,10,8
2,2,0
3,3,0
25,25,0
5,13,8
2,2,0
2,4,2
2,4,2
2,2,0
2,2,0
2,4,2
2,8,6
73,75,2
1,8,7
2,4,2
0,0,0
2,3,1
2,2,0
3,3,0
3,3,0
2,5,3
3,3,0
2,2,0
0,0,0
3,3,0
3,3,0
3,3,0
2,88,86
1,1,0
2,6,4
2,8,6
2,2,0
99,199,100
3,3,0
1,6,5
2,2,0
51,151,100
2,4,2
2,2,0
2,2,0
0,0,0
3,3,0
14,15,1
39,39,0
1,2,1
3,3,0
3,3,0
2,2,0
10,12,2
3,5,2
10,18,8
14,21,7
3,5,2
2,2,0
3,7,4
1,1,0
6,61,55
2,2,0
6,13,7
2,2,0
2,4,2
3,3,0
3,5,2
18,18,0
2,2,0
1,1,0
2,17,15
2,2,0
5,5,0
2,18,16
0,0,0
2,2,0
2,2,0
20,37,17
3,3,0
3,9,6
2,2,0
12,55,43
0,0,0
3,3,0
2,9,7
2,2,0
3,3,0
2,2,0
2,14,12
1,1,0
2,6,4
1,22,21
2,2,0
2,2,0
2,2,0
2,2,0
2,2,0
4,8,4
14,14,0
2,4,2
1,1,0
2,4,2
2,48,46
3,3,0
2,4,2
3,3,0
3,3,0
2,2,0
2,2,0
1,3,2
3,4,1
3,11,8
2,6,4
3,5,2
2,47,45
2,2,0
2,2,0
3,4,1
2,2,0
2,2,0
11,11,0
2,2,0
2,9,7
0,0,0
4,10,6
2,2,0
2,2,0
6,9,3
14,14,0
2,2,0
4,4,0
51,51,0
0,0,0
3,3,0
0,0,0
2,2,0
2,2,0
3,4,1
3,3,0
3,15,12
9,9,0
2,2,0
3,11,8
3,3,0
2,2,0
2,2,0
3,3,0
4,4,0
2,4,2
3,7,4
100,100,0
2,2,0
2,6,4
2,4,2
2,2,0
5,7,2
2,7,5
0,0,0
2,16,14
2,2,0
2,6,4
9,9,0
2,2,0
2,2,0
2,2,0
2,2,0
19,19,0
2,2,0
2,6,4
4,13,9
6,6,0
3,3,0
2,2,0
23,23,0
2,2,0
5,14,9
3,3,0
1,1,0
3,3,0
3,3,0
3,3,0
1,1,0
2,2,0
3,3,0
3,7,4
0,0,0
1,1,0
0,0,0
2,4,2
1,47,46
3,6,3
3,33,30
0,0,0
3,3,0
2,9,7
0,0,0
3,20,17
6,19,13
3,3,0
2,2,0
2,2,0
2,3,1
9,9,0
2,2,0
2,2,0
3,71,68
2,9,7
3,3,0
3,3,0
1,1,0
3,7,4
2,5,3
0,0,0
35,45,10
0,0,0
2,2,0
1,40,39
2,2,0
2,2,0
1,2,1
13,16,3
2,3,1
2,24,22
136,136,0
12,13,1
3,3,0
2,10,8
3,9,6
4,11,7
3,5,2
3,3,0
2,4,2
2,13,11
4,5,1
2,80,78
3,3,0
1,2,1
2,6,4
0,0,0
3,3,0
3,30,27
2,2,0
2,4,2
1,102,101
2,2,0
3,7,4
23,23,0
2,4,2
2,4,2
3,11,8
2,2,0
6,6,0
3,3,0
2,12,10
0,0,0
3,8,5
2,2,0
1,19,18
3,5,2
3,3,0
13,15,2
2,4,2
2,2,0
2,4,2
2,2,0
2,2,0
38,125,87
3,4,1
3,4,1
3,7,4
5,6,1
0,0,0
6,9,3
0,0,0
3,3,0
3,3,0
2,4,2
2,2,0
2,4,2
3,38,35
0,0,0
3,83,80
1,3,2
3,3,0
3,3,0
3,3,0
9,36,27
2,4,2
2,2,0
2,6,4
3,3,0
7,7,0
2,2,0
3,14,11
10,15,5
3,7,4
17,17,0
2,23,21
145,145,0
3,7,4
3,5,2
2,2,0
3,3,0
10,10,0
4,4,0
2,98,96
2,2,0
3,8,5
2,2,0
1,7,6
2,2,0
2,24,22
2,43,41
2,7,5
4,4,0
10,10,0
2,121,119
2,3,1
2,36,34
16,16,0
2,2,0
2,3,1
9,23,14
15,41,26
8,8,0
3,9,6
2,2,0
0,0,0
3,3,0
0,0,0
4,4,0
3,3,0
3,3,0
2,2,0
1,1,0
3,3,0
6,6,0
2,3,1
2,112,110
3,9,6
1,2,1
2,2,0
1,1,0
2,2,0
100,100,0
2,2,0
2,2,0
16,16,0
1,1,0
3,9,6
2,2,0
3,3,0
3,5,2
2,2,0
2,2,0
2,8,6
2,2,0
2,2,0
2,2,0
2,2,0
0,0,0
0,0,0
3,3,0
3,3,0
3,3,0
1,2,1
1,1,0
0,0,0
3,5,2
3,3,0
2,2,0
3,3,0
23,34,11
2,2,0
2,2,0
2,2,0
31,31,0
3,5,2
2,6,4
2,2,0
4,17,13
2,2,0
65,65,0
2,2,0
3,16,13
3,4,1
2,4,2
2,2,0
105,105,0
2,2,0
3,3,0
2,2,0
3,15,12
2,2,0
2,5,3
6,6,0
2,2,0
2,71,69
2,2,0
2,4,2
3,3,0
3,3,0
2,16,14
2,4,2
3,3,0
1,1,0
4,32,28
2,13,11
3,3,0
2,2,0
8,65,57
2,2,0
2,2,0
6,7,1
62,62,0
0,0,0
3,3,0
2,4,2
3,3,0
3,5,2
3,6,3
2,2,0
8,8,0
2,72,70
0,0,0
2,2,0
4,4,0
2,5,3
2,4,2
4,6,2
3,3,0
2,6,4
2,4,2
3,20,17
3,5,2
2,2,0
2,4,2
2,2,0
1,1,0
2,4,2
2,5,3
17,17,0
0,0,0
2,2,0
0,0,0
18,18,0
1,1,0
2,4,2
2,2,0
3,8,5
2,2,0
2,10,8
2,2,0
8,8,0
3,5,2
14,14,0
2,3,1
3,9,6
2,2,0
2,2,0
2,3,1
3,3,0
2,6,4
73,171,98
3,3,0
3,4,1
3,5,2
48,50,2
3,3,0
2,4,2
3,3,0
2,2,0
2,2,0
3,7,4
2,2,0
2,2,0
3,3,0
3,3,0
3,3,0
2,2,0
2,2,0
2,11,9
24,24,0
3,5,2
2,4,2
26,26,0
2,2,0
2,8,6
0,0,0
2,2,0
6,6,0
3,7,4
3,3,0
1,2,1
2,2,0
9,9,0
2,104,102
74,237,163
2,2,0
0,0,0
2,2,0
2,4,2
1,16,15
9,9,0
3,3,0
2,2,0
6,226,220
2,55,53
3,10,7
3,3,0
2,2,0
2,2,0
3,3,0
3,3,0
3,21,18
3,5,2
2,3,1
4,6,2
3,5,2
3,3,0
2,5,3
10,17,7
2,2,0
2,2,0
2,2,0
4,19,15
2,2,0
2,4,2
3,3,0
39,39,0
3,16,13
2,21,19
1,20,19
2,2,0
67,93,26
3,3,0
2,2,0
2,4,2
3,3,0
2,12,10
2,6,4
2,2,0
2,2,0
2,28,26
1,1,0
2,2,0
2,2,0
2,2,0
50,50,0
2,2,0
2,2,0
2,2,0
17,17,0
2,14,12
2,3,1
1,21,20
3,7,4
2,8,6
2,8,6
0,0,0
2,2,0
26,26,0
2,2,0
1,2,1
2,2,0
0,0,0
3,7,4
3,3,0
3,5,2
1,1,0
1,1,0
101,126,25
2,2,0
2,7,5
2,6,4
3,3,0
12,14,2
2,2,0
2,2,0
3,5,2
4,4,0
2,2,0
0,0,0
2,8,6
3,5,2
1,1,0
2,2,0
2,2,0
1,3,2
3,3,0
3,3,0
2,2,0
2,2,0
1,1,0
0,0,0
2,2,0
3,3,0
2,2,0
2,3,1
3,3,0
2,2,0
3,3,0
5,7,2
3,8,5
3,3,0
0,0,0
2,4,2
100,100,0
19,23,4
3,10,7
2,2,0
3,5,2
13,15,2
3,3,0
3,8,5
72,74,2
2,3,1
68,1272,1204
22,34,12
6,37,31
2,2,0
0,0,0
3,7,4
1,4,3
2,2,0
2,4,2
2,2,0
3,6,3
0,0,0
3,3,0
2,2,0
4,4,0
1,2,1
2,2,0
28,51,23
0,0,0
2,2,0
3,7,4
2,2,0
2,2,0
2,2,0
0,0,0
3,3,0
2,4,2
2,2,0
1,2,1
3,5,2
2,3,1
2,4,2
8,18,10
1,3,2
3,7,4
2,4,2
2,2,0
3,4,1
3,3,0
10,21,11
1,11,10
3,7,4
3,3,0
2,2,0
2,2,0
3,5,2
2,2,0
3,3,0
2,2,0
6,65,59
2,14,12
58,58,0
7,7,0
1,1,0
4,4,0
2,2,0
2,2,0
8,9,1
2,2,0
2,2,0
9,13,4
66,77,11
6,6,0
10,10,0
77,156,79
2,4,2
3,5,2
106,106,0
0,0,0
3,8,5
2,2,0
2,2,0
2,2,0
18,20,2
10,10,0
2,2,0
2,2,0
2,2,0
2,4,2
6,8,2
2,2,0
2,2,0
7,8,1
13,13,0
2,2,0
105,105,0
2,8,6
2,11,9
12,12,0
2,2,0
18,49,31
2,2,0
3,5,2
2,2,0
2,2,0
2,17,15
2,2,0
1,12,11
2,4,2
2,2,0
2,2,0
3,3,0
2,2,0
0,0,0
3,7,4
2,4,2
2,2,0
7,11,4
37,40,3
1,1,0
0,0,0
2,2,0
0,0,0
3,3,0
2,2,0
8,8,0
1,1,0
2,2,0
3,3,0
100,102,2
1,1,0
12,12,0
2,9,7
3,3,0
3,6,3
2,2,0
6,6,0
4,4,0
1,1,0
3,8,5
9,9,0
1,4,3
2,2,0
1,1,0
5,8,3
1,3,2
3,3,0
2,5,3
2,2,0
0,0,0
2,2,0
3,20,17
2,6,4
1,5,4
2,2,0
20,47,27
2,18,16
3,3,0
2,2,0
1,3,2
2,2,0
3,3,0
98,109,11
2,25,23
10,25,15
2,4,2
1,1,0
4,12,8
2,2,0
2,2,0
1,1,0
3,9,6
2,2,0
2,2,0
2,2,0
3,3,0
4,12,8
0,0,0
2,7,5
2,2,0
89,91,2
14,14,0
3,6,3
2,2,0
2,6,4
22,22,0
0,0,0
3,3,0
3,3,0
2,2,0
83,95,12
2,2,0
2,2,0
9,9,0
3,13,10
2,4,2
3,3,0
100,100,0
22,23,1
2,2,0
2,2,0
2,2,0
2,2,0
2,7,5
3,6,3
150,156,6
3,14,11
2,2,0
1,1,0
2,2,0
2,2,0
3,6,3
3,4,1
7,7,0
2,2,0
10,10,0
4,4,0
0,0,0
3,6,3
0,0,0
3,7,4
2,2,0
3,4,1
60,60,0
2,2,0
3,5,2
3,3,0
5,5,0
4,6,2
3,11,8
2,2,0
2,2,0
4,41,37
43,43,0
57,73,16
2,2,0
3,17,14
2,2,0
2,2,0
3,11,8
3,8,5
2,2,0
2,2,0
0,0,0
2,8,6
1,4,3
2,18,16
3,3,0
0,0,0
2,2,0
1,21,20
3,7,4
2,2,0
4,4,0
16,16,0
12,13,1
2,2,0
5,44,39
2,6,4
3,10,7
1,96,95
2,2,0
5,5,0
2,2,0
1,2,1
3,3,0
2,4,2
1,4,3
2,2,0
11,11,0
3,7,4
2,39,37
2,2,0
0,0,0
2,15,13
2,2,0
3,3,0
0,0,0
3,3,0
2,7,5
4,4,0
3,5,2
2,3,1
2,2,0
9,9,0
1,7,6
4,13,9
3,3,0
0,0,0
2,4,2
3,9,6
2,4,2
5,5,0
3,4,1
2,39,37
3,3,0
2,2,0
3,3,0
3,5,2
6,22,16
3,4,1
36,38,2
100,100,0
2,2,0
0,0,0
3,5,2
6,6,0
2,2,0
3,5,2
3,3,0
0,0,0
2,3,1
2,8,6
4,4,0
2,6,4
2,3,1
3,3,0
3,90,87
2,2,0
4,4,0
2,4,2
33,36,3
3,5,2
3,3,0
3,6,3
2,2,0
3,5,2
2,2,0
2,2,0
3,3,0
2,2,0
0,0,0
3,7,4
8,8,0
28,34,6
3,3,0
2,4,2
2,2,0
41,41,0
3,3,0
3,3,0
2,2,0
3,5,2
2,5,3
3,3,0
4,4,0
2,2,0
2,5,3
2,15,13
3,23,20
2,8,6
2,4,2
78,78,0
2,7,5
2,4,2
2,2,0
2,2,0
4,4,0
0,0,0
10,10,0
1,1,0
3,3,0
6,6,0
44,44,0
2,2,0
3,3,0
2,2,0
4,6,2
3,5,2
13,14,1
2,48,46
3,3,0
3,5,2
2,6,4
2,2,0
3,4,1
2,2,0
1,1,0
1,1,0
2,2,0
2,2,0
100,109,9
1,1,0
3,3,0
2,2,0
48,48,0
3,3,0
2,10,8
100,109,9
3,3,0
3,5,2
90,90,0
2,2,0
3,3,0
6,6,0
3,5,2
98,233,135
2,4,2
3,3,0
2,2,0
3,3,0
2,28,26
2,2,0
3,5,2
3,12,9
12,110,98
2,5,3
3,3,0
23,23,0
2,4,2
3,6,3
2,10,8
1,5,4
68,68,0
3,10,7
4,6,2
2,2,0
2,5,3
3,3,0
0,0,0
1,4,3
2,3,1
56,56,0
2,12,10
6,6,0
2,2,0
2,7,5
100,100,0
4,101,97
2,7,5
3,10,7
2,2,0
6,6,0
94,94,0
3,4,1
2,2,0
2,16,14
2,2,0
4,42,38
33,33,0
1,2,1
2,4,2
3,3,0
2,2,0
3,3,0
12,12,0
2,2,0
2,4,2
2,2,0
11,83,72
2,3,1
99,99,0
9,9,0
2,2,0
2,2,0
3,5,2
2,2,0
7,7,0
2,2,0
2,2,0
2,2,0
1,5,4
3,14,11
2,2,0
3,3,0
2,2,0
3,3,0
3,11,8
2,2,0
4,15,11
2,5,3
2,2,0
1,2,1
3,5,2
2,80,78
5,5,0
2,47,45
3,5,2
3,20,17
2,2,0
7,7,0
11,19,8
0,0,0
2,23,21
2,4,2
2,3,1
2,2,0
15,15,0
3,3,0
2,2,0
2,2,0
3,9,6
2,2,0
0,0,0
2,2,0
3,9,6
2,2,0
3,3,0
3,4,1
3,5,2
2,3,1
3,3,0
3,3,0
2,2,0
17,28,11
1,1,0
2,2,0
3,9,6
3,5,2
3,3,0
2,2,0
2,2,0
2,20,18
1,2,1
2,6,4
2,2,0
20,20,0
2,3,1
1,3,2
0,0,0
7,10,3
2,2,0
1,3,2
2,2,0
3,3,0
2,4,2
3,3,0
1,24,23
3,3,0
2,2,0
3,6,3
100,104,4
2,2,0
3,3,0
3,8,5
2,2,0
3,5,2
9,9,0
2,2,0
24,26,2
3,7,4
3,17,14
2,2,0
3,5,2
2,2,0
4,10,6
2,2,0
1,1,0
2,3,1
3,3,0
0,0,0
3,14,11
2,4,2
2,2,0
2,2,0
2,2,0
7,14,7
2,4,2
12,18,6
3,3,0
17,17,0
2,2,0
11,13,2
46,54,8
3,3,0
0,0,0
2,2,0
3,3,0
2,2,0
2,2,0
1,8,7
2,2,0
4,71,67
2,3,1
4,4,0
6,6,0
2,4,2
2,2,0
1,100,99
1,1,0
7,7,0
14,24,10
2,2,0
5,6,1
2,3,1
2,2,0
0,0,0
2,4,2
2,2,0
4,4,0
3,3,0
21,69,48
3,3,0
2,23,21
14,14,0
2,2,0
2,13,11
4,4,0
2,4,2
38,41,3
16,16,0
3,3,0
2,2,0
2,2,0
2,2,0
2,2,0
2,2,0
0,0,0
11,11,0
46,54,8
19,56,37
1,7,6
1,2,1
2,2,0
3,3,0
2,13,11
2,5,3
2,2,0
2,4,2
92,92,0
2,4,2
3,5,2
3,7,4
2,2,0
2,4,2
3,7,4
8,8,0
2,4,2
23,46,23
2,86,84
2,2,0
3,3,0
2,53,51
2,2,0
3,3,0
0,0,0
2,2,0
2,2,0
2,4,2
2,6,4
1,4,3
2,4,2
3,3,0
2,2,0
2,2,0
2,2,0
2,4,2
2,2,0
2,2,0
1,1,0
21,32,11
3,3,0
81,81,0
3,3,0
2,2,0
2,2,0
3,3,0
2,2,0
1,1,0
2,2,0
3,37,34
2,8,6
3,7,4
3,8,5
10,11,1
2,2,0
2,2,0
15,15,0
2,2,0
3,5,2
2,2,0
2,2,0
3,7,4
3,10,7
2,4,2
3,3,0
1,2,1
3,5,2
3,3,0
2,2,0
1,1,0
2,2,0
1,12,11
2,2,0
3,6,3
4,4,0
2,2,0
3,3,0
2,2,0
3,7,4
9,9,0
2,2,0
2,2,0
2,9,7
4,4,0
2,2,0
2,2,0
27,27,0
2,4,2
3,3,0
2,2,0
3,3,0
4,11,7
1,28,27
1,1,0
3,4,1
9,9,0
2,12,10
2,2,0
2,2,0
1,43,42
2,2,0
1,1,0
1,3,2
2,2,0
0,0,0
8,16,8
0,0,0
3,9,6
2,209,207
2,2,0
0,0,0
8,8,0
2,6,4
3,6,3
10,12,2
9,9,0
2,2,0
2,2,0
0,0,0
3,5,2
3,3,0
2,82,80
2,6,4
2,4,2
6,12,6
2,4,2
1,4,3
2,3,1
3,3,0
3,5,2
2,3,1
2,2,0
3,3,0
81,208,127
1,2,1
2,2,0
1,3,2
2,2,0
3,3,0
2,13,11
17,24,7
16,23,7
2,2,0
2,2,0
2,23,21
3,3,0
2,2,0
3,4,1
3,3,0
3,7,4
3,5,2
1,1,0
2,2,0
3,5,2
2,2,0
74,74,0
0,0,0
0,0,0
2,2,0
2,23,21
2,23,21
6,24,18
3,6,3
1,3,2
28,30,2
1,3,2
4,72,68
3,3,0
9,9,0
6,6,0
3,6,3
6,6,0
2,28,26
2,3,1
3,3,0
1,1,0
2,2,0
3,7,4
3,3,0
47,48,1
2,2,0
2,4,2
2,2,0
3,11,8
3,6,3
3,90,87
3,3,0
2,5,3
1,1,0
3,4,1
2,2,0
3,4,1
2,2,0
100,100,0
2,2,0
3,3,0
2,6,4
1,2,1
62,62,0
2,2,0
2,22,20
1,7,6
2,2,0
5,5,0
6,8,2
2,4,2
3,5,2
0,0,0
2,2,0
2,2,0
11,11,0
2,2,0
1,1,0
4,4,0
3,3,0
2,4,2
71,71,0
1,1,0
0,0,0
2,4,2
3,5,2
2,2,0
4,4,0
3,3,0
3,3,0
3,4,1
3,3,0
3,3,0
2,6,4
2,2,0
3,4,1
42,42,0
3,19,16
109,109,0
2,2,0
66,104,38
2,2,0
100,104,4
1,9,8
2,2,0
3,5,2
3,3,0
6,6,0
0,0,0
1,2,1
3,3,0
4,4,0
2,3,1
5,5,0
3,3,0
1,2,1
2,3,1
3,3,0
2,2,0
1,1,0
0,0,0
2,4,2
2,10,8
2,2,0
3,5,2
0,0,0
2,2,0
23,23,0
2,2,0
1,1,0
406,417,11
3,3,0
2,2,0
2,4,2
0,0,0
2,2,0
135,286,151
2,76,74
2,4,2
0,0,0
2,6,4
2,15,13
2,9,7
0,0,0
2,4,2
2,6,4
2,20,18
5,7,2
2,4,2
3,3,0
2,2,0
2,4,2
7,7,0
2,2,0
2,52,50
2,2,0
2,11,9
2,6,4
3,3,0
2,2,0
0,0,0
2,18,16
2,6,4
2,21,19
17,17,0
3,19,16
2,2,0
3,12,9
3,5,2
2,2,0
2,19,17
2,2,0
3,3,0
8,8,0
100,100,0
2,16,14
8,8,0
2,2,0
2,4,2
2,2,0
2,2,0
1,1,0
2,2,0
34,35,1
6,6,0
2,3,1
2,4,2
2,4,2
2,2,0
2,2,0
2,2,0
3,3,0
5,5,0
10,12,2
9,9,0
51,51,0
2,2,0
79,80,1
2,14,12
2,2,0
2,2,0
1,1,0
2,2,0
1,2,1
2,2,0
12,12,0
6,16,10
3,3,0
2,4,2
2,2,0
3,3,0
2,22,20
4,4,0
1,3,2
2,19,17
0,0,0
3,3,0
3,4,1
2,2,0
2,4,2
2,2,0
2,2,0
3,15,12
107,107,0
150,150,0
3,9,6
5,5,0
2,2,0
0,0,0
3,5,2
6,6,0
3,4,1
2,2,0
2,55,53
4,17,13
3,21,18
4,4,0
3,3,0
2,4,2
3,3,0
9,9,0
4,13,9
2,2,0
3,5,2
2,2,0
3,3,0
3,3,0
2,2,0
2,17,15
3,5,2
20,32,12
3,7,4
5,14,9
2,2,0
3,3,0
0,0,0
3,4,1
2,2,0
1,2,1
3,3,0
3,3,0
1,1,0
2,7,5
2,2,0
8,8,0
3,3,0
2,2,0
2,13,11
2,17,15
3,3,0
3,3,0
2,6,4
10,64,54
3,3,0
2,6,4
406,417,11
2,4,2
1,2,1
83,119,36
8,11,3
4,4,0
3,3,0
65,65,0
2,2,0
3,3,0
3,3,0
3,3,0
2,12,10
62,62,0
3,9,6
2,9,7
2,2,0
2,2,0
3,4,1
2,4,2
2,5,3
3,3,0
3,3,0
3,3,0
2,3,1
2,7,5
2,2,0
3,5,2
3,5,2
3,5,2
0,0,0
4,4,0
3,3,0
11,11,0
3,3,0
3,3,0
2,2,0
3,5,2
2,4,2
2,2,0
1,1,0
3,3,0
0,0,0
0,0,0
2,23,21
2,3,1
2,4,2
2,2,0
2,154,152
3,3,0
3,5,2
20,20,0
46,47,1
2,2,0
2,4,2
2,2,0
3,9,6
3,7,4
0,0,0
2,4,2
3,3,0
2,8,6
2,2,0
3,3,0
3,6,3
2,2,0
3,3,0
5,5,0
3,3,0
2,2,0
3,7,4
3,7,4
2,2,0
3,3,0
50,50,0
3,5,2
1,2,1
2,8,6
8,8,0
1,47,46
2,2,0
2,2,0
2,2,0
3,3,0
20,20,0
3,5,2
3,9,6
2,3,1
2,2,0
2,2,0
3,84,81
2,4,2
0,0,0
2,51,49
0,0,0
2,2,0
2,9,7
2,7,5
3,3,0
2,2,0
2,3,1
9,9,0
2,2,0
9,9,0
2,2,0
1,1,0
3,9,6
2,2,0
3,4,1
2,2,0
2,2,0
3,3,0
4,14,10
3,9,6
2,3,1
3,3,0
4,4,0
2,2,0
6,11,5
2,2,0
2,28,26
28,28,0
1,2,1
3,5,2
1,1,0
3,3,0
3,3,0
3,3,0
8,8,0
2,3,1
20,20,0
0,0,0
2,2,0
7,17,10
2,4,2
2,2,0
2,2,0
2,4,2
11,15,4
27,27,0
2,2,0
1,3,2
49,49,0
2,2,0
3,16,13
3,5,2
2,2,0
2,2,0
3,10,7
1,2,1
12,14,2
2,3,1
3,3,0
2,2,0
2,2,0
3,3,0
2,2,0
2,2,0
3,5,2
25,25,0
2,2,0
3,10,7
2,2,0
68,110,42
0,0,0
6,163,157
2,25,23
37,82,45
3,3,0
9,9,0
2,2,0
3,3,0
3,11,8
2,2,0
2,6,4
3,5,2
2,2,0
6,7,1
2,2,0
6,37,31
2,2,0
2,2,0
1,2,1
2,2,0
17,17,0
2,2,0
2,2,0
3,5,2
11,11,0
3,3,0
2,2,0
1,9,8
4,9,5
0,0,0
3,5,2
2,2,0
2,2,0
2,2,0
89,91,2
2,4,2
0,0,0
3,3,0
2,4,2
2,4,2
2,2,0
2,2,0
3,22,19
3,3,0
2,2,0
100,109,9
3,10,7
1,1,0
2,2,0
0,0,0
10,10,0
3,3,0
3,3,0
3,3,0
10,10,0
1,2,1
3,3,0
3,3,0
3,3,0
2,4,2
2,2,0
2,6,4
2,2,0
1,2,1
17,20,3
2,2,0
15,15,0
14,14,0
2,2,0
2,2,0
2,2,0
103,112,9
1,9,8
0,0,0
2,2,0
2,2,0
2,3,1
1,10,9
24,24,0
2,2,0
2,2,0
2,2,0
3,3,0
2,6,4
3,9,6
11,11,0
2,8,6
2,2,0
5,5,0
2,6,4
2,2,0
33,35,2
3,3,0
0,0,0
22,22,0
2,2,0
3,3,0
2,2,0
2,2,0
2,2,0
25,25,0
5,5,0
2,2,0
2,4,2
1,2,1
2,2,0
28,39,11
2,4,2
4,4,0
2,2,0
2,2,0
90,90,0
2,4,2
3,12,9
2,2,0
2,26,24
2,2,0
3,15,12
2,2,0
37,37,0
2,2,0
2,2,0
2,12,10
2,68,66
3,3,0
3,5,2
2,2,0
2,2,0
6,10,4
2,2,0
3,3,0
2,2,0
3,5,2
2,3,1
2,2,0
2,4,2
2,2,0
3,16,13
4,4,0
3,5,2
2,2,0
2,3,1
8,8,0
15,15,0
3,6,3
2,2,0
40,45,5
3,3,0
2,2,0
2,4,2
2,4,2
3,5,2
2,2,0
1,2,1
2,4,2
3,7,4
47,47,0
3,5,2
2,9,7
2,2,0
3,5,2
9,9,0
1,5,4
2,5,3
3,3,0
2,4,2
3,4,1
2,2,0
2,2,0
2,10,8
3,3,0
3,3,0
3,12,9
2,2,0
1,1,0
5,8,3
5,5,0
9,9,0
3,7,4
2,2,0
4,4,0
2,4,2
3,6,3
2,2,0
3,3,0
3,3,0
2,6,4
4,4,0
6,6,0
2,2,0
3,3,0
2,3,1
2,2,0
3,7,4
0,0,0
2,80,78
2,2,0
98,98,0
1,1,0
2,2,0
1,4,3
1,3,2
3,7,4
3,5,2
2,4,2
1,2,1
1,1,0
0,0,0
3,9,6
2,4,2
3,26,23
4,4,0
234,234,0
2,2,0
3,3,0
3,6,3
3,3,0
2,30,28
2,2,0
3,3,0
4,4,0
2,2,0
3,3,0
2,2,0
3,5,2
3,3,0
3,70,67
3,6,3
4,80,76
3,3,0
14,14,0
2,2,0
10,11,1
2,2,0
8,8,0
2,2,0
3,3,0
3,5,2
2,11,9
2,2,0
2,2,0
3,8,5
3,3,0
3,3,0
1,4,3
1,22,21
2,2,0
2,2,0
2,8,6
1,10,9
2,4,2
2,2,0
3,3,0
3,3,0
2,6,4
2,8,6
6,6,0
2,2,0
2,2,0
0,0,0
2,3,1
2,36,34
100,100,0
2,19,17
8,8,0
3,7,4
2,2,0
2,4,2
3,3,0
3,3,0
248,281,33
2,2,0
2,2,0
0,0,0
2,2,0
3,3,0
3,6,3
9,9,0
2,4,2
2,2,0
2,5,3
2,4,2
2,6,4
1,4,3
66,68,2
3,4,1
5,5,0
3,3,0
2,3,1
2,17,15
3,3,0
3,3,0
1,1,0
3,3,0
8,8,0
7,7,0
2,2,0
3,5,2
10,130,120
7,7,0
2,2,0
3,3,0
0,0,0
2,2,0
2,296,294
3,5,2
2,4,2
1,1,0
2,4,2
0,0,0
0,0,0
3,3,0
0,0,0
1,4,3
2,6,4
1,98,97
45,45,0
2,2,0
2,4,2
0,0,0
3,3,0
2,2,0
3,3,0
3,3,0
2,2,0
5,8,3
2,12,10
2,2,0
100,100,0
2,4,2
2,2,0
169,169,0
2,2,0
3,6,3
2,2,0
2,4,2
1,1,0
2,4,2
3,5,2
3,5,2
3,6,3
2,2,0
2,22,20
3,3,0
0,0,0
0,0,0
12,111,99
51,143,92
3,5,2
1,4,3
2,2,0
2,2,0
4,4,0
2,2,0
2,13,11
1,3,2
2,6,4
0,0,0
1,24,23
0,0,0
2,2,0
2,2,0
10,12,2
3,5,2
9,9,0
2,2,0
3,13,10
78,158,80
2,4,2
5,8,3
3,3,0
1,6,5
2,2,0
74,75,1
4,4,0
2,2,0
3,3,0
2,4,2
2,4,2
2,3,1
2,31,29
2,2,0
2,2,0
2,11,9
3,9,6
2,82,80
2,2,0
2,2,0
2,2,0
100,104,4
2,2,0
2,2,0
2,2,0
2,2,0
2,2,0
1,9,8
3,3,0
2,4,2
0,0,0
8,8,0
2,11,9
8,8,0
0,0,0
2,5,3
2,3,1
0,0,0
2,2,0
2,4,2
2,10,8
3,3,0
8,8,0
0,0,0
3,5,2
2,8,6
0,0,0
3,7,4
3,5,2
2,2,0
2,2,0
3,3,0
2,6,4
2,2,0
2,2,0
2,6,4
2,2,0
0,0,0
2,2,0
2,2,0
2,2,0
3,3,0
4,4,0
3,5,2
2,2,0
1,1,0
2,20,18
3,5,2
2,2,0
2,2,0
2,2,0
3,13,10
1,2,1
1,2,1
3,5,2
2,3,1
2,2,0
2,4,2
2,2,0
2,2,0
2,2,0
3,3,0
2,2,0
3,4,1
5,5,0
2,2,0
3,3,0
2,40,38
3,3,0
3,3,0
1,2,1
3,7,4
2,84,82
14,16,2
2,2,0
1,3,2
3,10,7
2,2,0
3,7,4
2,2,0
2,2,0
1,10,9
1,5,4
3,3,0
39,43,4
3,3,0
1,11,10
3,12,9
3,3,0
75,83,8
90,91,1
5,5,0
3,16,13
25,92,67
3,3,0
2,2,0
1,2,1
2,2,0
3,3,0
3,11,8
0,0,0
8,9,1
3,3,0
2,2,0
3,15,12
3,5,2
25,25,0
3,3,0
2,2,0
4,5,1
3,10,7
1,1,0
2,2,0
2,2,0
1,6,5
2,3,1
2,4,2
2,16,14
3,5,2
2,2,0
10,10,0
156,156,0
2,2,0
2,42,40
0,0,0
2,2,0
3,3,0
0,0,0
30,33,3
3,7,4
0,0,0
3,3,0
6,10,4
3,14,11
8,17,9
26,36,10
2,13,11
2,2,0
2,2,0
3,3,0
3,3,0
2,8,6
5,5,0
2,2,0
3,3,0
2,2,0
2,2,0
2,2,0
3,3,0
3,4,1
2,2,0
2,2,0
2,3,1
3,3,0
3,3,0
2,2,0
2,4,2
1,13,12
2,2,0
21,90,69
3,3,0
4,6,2
2,2,0
3,8,5
3,7,4
3,5,2
0,0,0
1,1,0
4,4,0
2,4,2
2,2,0
2,4,2
70,80,10
3,3,0
67,119,52
2,2,0
1,1,0
2,2,0
2,2,0
3,3,0
2,11,9
2,5,3
2,2,0
41,41,0
2,7,5
3,3,0
2,3,1
2,2,0
3,3,0
55,55,0
2,2,0
3,5,2
2,23,21
0,0,0
2,2,0
2,2,0
0,0,0
3,3,0
2,2,0
17,32,15
1,6,5
2,2,0
3,69,66
2,129,127
2,80,78
2,2,0
2,2,0
3,5,2
2,2,0
2,2,0
9,14,5
2,8,6
3,5,2
3,3,0
4,4,0
2,2,0
2,10,8
2,2,0
2,28,26
0,0,0
3,7,4
60,64,4
6,48,42
3,5,2
0,0,0
4,7,3
1,11,10
3,3,0
1,2,1
2,4,2
4,6,2
2,3,1
7,51,44
2,82,80
1,2,1
2,2,0
2,2,0
2,8,6
6,29,23
2,3,1
4,8,4
3,9,6
6,6,0
1,1,0
3,5,2
2,2,0
2,4,2
2,2,0
2,2,0
100,109,9
2,2,0
2,2,0
2,4,2
2,2,0
2,2,0
2,4,2
9,9,0
2,2,0
0,0,0
2,2,0
2,2,0
2,2,0
3,3,0
2,2,0
3,3,0
2,20,18
2,8,6
3,5,2
3,4,1
2,2,0
2,2,0
3,3,0
2,2,0
2,2,0
5,23,18
2,8,6
2,4,2
3,3,0
10,12,2
2,2,0
3,3,0
1,6,5
2,2,0
51,51,0
2,2,0
2,2,0
2,3,1
2,2,0
138,245,107
2,2,0
38,38,0
3,3,0
2,2,0
11,42,31
2,4,2
2,2,0
1,1,0
1,8,7
9,9,0
2,2,0
2,2,0
2,5,3
4,6,2
3,5,2
1,2,1
3,3,0
2,17,15
2,2,0
2,2,0
3,3,0
1,3,2
3,3,0
2,2,0
2,2,0
3,3,0
54,54,0
50,54,4
2,2,0
2,2,0
3,3,0
2,2,0
2,6,4
3,8,5
2,5,3
2,2,0
2,2,0
3,3,0
2,2,0
2,3,1
2,3,1
2,2,0
2,2,0
2,2,0
2,2,0
2,3,1
11,11,0
0,0,0
2,2,0
2,2,0
27,27,0
97,154,57
2,2,0
0,0,0
2,2,0
0,0,0
2,4,2
2,4,2
2,4,2
3,3,0
1,27,26
2,7,5
2,4,2
2,2,0
2,2,0
3,5,2
0,0,0
13,16,3
3,7,4
2,2,0
20,114,94
2,11,9
6,23,17
2,2,0
2,7,5
2,4,2
1,2,1
2,2,0
3,5,2
33,33,0
2,2,0
2,6,4
60,63,3
2,2,0
2,2,0
3,11,8
0,0,0
2,2,0
2,2,0
4,4,0
2,2,0
2,2,0
2,2,0
2,2,0
8,10,2
3,3,0
2,2,0
3,3,0
3,5,2
5,5,0
2,4,2
1,1,0
3,4,1
3,4,1
1,2,1
46,54,8
2,7,5
10,10,0
3,3,0
2,2,0
8,8,0
2,3,1
3,3,0
94,94,0
2,2,0
1,1,0
3,3,0
2,10,8
2,2,0
0,0,0
2,2,0
0,0,0
2,2,0
1,40,39
2,2,0
2,6,4
2,2,0
2,5,3
2,3,1
0,0,0
2,2,0
2,2,0
1,3,2
2,2,0
2,3,1
28,82,54
1,3,2
2,2,0
3,12,9
12,12,0
2,25,23
8,8,0
5,20,15
0,0,0
1,6,5
70,166,96
9,9,0
2,4,2
3,3,0
2,5,3
2,5,3
3,3,0
2,2,0
2,2,0
2,2,0
2,2,0
0,0,0
2,2,0
2,80,78
2,5,3
0,0,0
2,2,0
2,2,0
2,2,0
2,5,3
3,3,0
2,10,8
3,3,0
10,41,31
14,15,1
2,2,0
1,9,8
8,17,9
0,0,0
4,4,0
2,2,0
3,4,1
3,3,0
2,2,0
2,4,2
2,2,0
2,2,0
10,10,0
2,2,0
4,80,76
2,2,0
2,4,2
3,5,2
1,2,1
0,0,0
2,2,0
3,4,1
2,6,4
0,0,0
70,149,79
3,7,4
2,2,0
2,2,0
2,2,0
2,2,0
2,3,1
2,6,4
5,5,0
12,12,0
0,0,0
2,2,0
3,5,2
3,3,0
2,2,0
1,2,1
16,16,0
4,16,12
1,8,7
2,2,0
10,13,3
2,2,0
3,12,9
3,5,2
1,1,0
3,9,6
2,6,4
2,2,0
31,34,3
3,5,2
3,5,2
1,3,2
2,5,3
2,4,2
3,3,0
2,2,0
8,8,0
3,4,1
4,4,0
4,4,0
2,2,0
3,3,0
50,50,0
3,4,1
2,2,0
3,3,0
2,8,6
3,3,0
2,2,0
2,2,0
2,8,6
3,9,6
2,2,0
2,4,2
3,15,12
2,34,32
2,2,0
3,3,0
3,3,0
2,5,3
2,6,4
2,2,0
1,2,1
3,3,0
2,8,6
3,10,7
2,72,70
3,3,0
3,3,0
2,2,0
2,2,0
1,4,3
2,5,3
4,4,0
2,3,1
2,2,0
2,12,10
3,7,4
3,4,1
2,2,0
3,9,6
26,26,0
2,31,29
4,6,2
2,12,10
3,7,4
1,1,0
2,2,0
2,5,3
2,2,0
3,10,7
2,2,0
2,2,0
3,3,0
8,16,8
2,2,0
0,0,0
2,2,0
53,119,66
0,0,0
3,6,3
1,1,0
2,2,0
2,5,3
11,118,107
2,2,0
8,8,0
81,208,127
2,2,0
2,2,0
8,8,0
0,0,0
3,3,0
2,41,39
3,19,16
3,3,0
2,6,4
2,2,0
2,2,0
2,4,2
3,5,2
3,3,0
3,3,0
3,3,0
3,5,2
39,56,17
3,3,0
2,2,0
2,2,0
2,2,0
406,417,11
2,7,5
2,2,0
2,2,0
3,3,0
1,7,6
8,8,0
1,2,1
2,2,0
2,2,0
0,0,0
2,10,8
3,3,0
9,9,0
2,4,2
9,9,0
1,1,0
2,2,0
2,2,0
6,6,0
2,84,82
2,2,0
4,4,0
2,10,8
2,3,1
1,2,1
2,2,0
15,19,4
2,2,0
2,5,3
2,22,20
2,4,2
2,4,2
3,3,0
2,2,0
2,11,9
2,2,0
8,8,0
1,1,0
2,2,0
2,2,0
3,3,0
1,1,0
2,6,4
2,2,0
2,14,12
2,6,4
2,3,1
3,3,0
2,2,0
2,2,0
2,2,0
0,0,0
2,2,0
3,6,3
1,1,0
3,3,0
0,0,0
3,3,0
2,3,1
3,5,2
2,2,0
2,4,2
0,0,0
3,3,0
3,3,0
3,3,0
3,3,0
2,2,0
2,2,0
2,3,1
11,11,0
2,2,0
12,14,2
2,5,3
1,1,0
78,78,0
3,6,3
2,2,0
100,100,0
3,5,2
4,4,0
3,3,0
2,2,0
3,3,0
2,2,0
2,13,11
3,3,0
2,13,11
6,36,30
3,5,2
3,3,0
2,4,2
3,4,1
3,7,4
3,5,2
2,2,0
2,9,7
2,2,0
2,4,2
2,4,2
14,14,0
0,0,0
2,49,47
3,10,7
2,2,0
3,3,0
2,2,0
2,4,2
2,97,95
3,3,0
3,3,0
2,2,0
3,4,1
3,3,0
2,23,21
3,11,8
2,2,0
3,6,3
2,2,0
3,7,4
37,108,71
3,5,2
1,3,2
3,3,0
2,2,0
1,1,0
2,4,2
3,6,3
2,2,0
2,2,0
0,0,0
3,5,2
3,16,13
3,5,2
2,21,19
2,2,0
2,28,26
2,8,6
3,5,2
2,4,2
3,9,6
3,3,0
0,0,0
3,3,0
1,2,1
1,1,0
2,4,2
63,67,4
2,2,0
0,0,0
7,11,4
0,0,0
3,3,0
2,2,0
2,2,0
3,3,0
2,4,2
3,3,0
3,8,5
2,14,12
2,2,0
2,2,0
3,5,2
10,24,14
1,3,2
34,34,0
2,22,20
3,7,4
0,0,0
3,3,0
3,5,2
68,120,52
3,3,0
1,23,22
3,6,3
8,8,0
1,5,4
2,2,0
2,4,2
3,3,0
138,138,0
2,2,0
7,13,6
9,9,0
2,4,2
3,3,0
2,2,0
28,30,2
3,7,4
4,6,2
2,97,95
2,7,5
3,5,2
2,3,1
4,4,0
2,2,0
2,2,0
2,2,0
6,13,7
2,2,0
0,0,0
2,2,0
0,0,0
3,5,2
8,8,0
2,4,2
3,7,4
4,31,27
3,4,1
0,0,0
2,2,0
3,3,0
2,3,1
2,2,0
2,2,0
3,3,0
2,3,1
2,3,1
3,5,2
2,4,2
1,6,5
2,2,0
72,122,50
1,2,1
3,3,0
2,2,0
3,3,0
3,3,0
2,2,0
2,2,0
2,2,0
2,2,0
56,56,0
3,3,0
8,8,0
2,4,2
2,2,0
3,5,2
2,5,3
2,2,0
2,2,0
12,12,0
9,9,0
1,1,0
3,7,4
2,4,2
15,15,0
2,4,2
3,3,0
2,2,0
0,0,0
1,1,0
3,3,0
2,3,1
2,2,0
2,2,0
2,3,1
2,2,0
3,21,18
2,4,2
43,90,47
1,1,0
2,2,0
0,0,0
2,2,0
2,2,0
26,38,12
3,3,0
2,2,0
2,2,0
2,2,0
3,3,0
0,0,0
2,4,2
2,2,0
0,0,0
12,13,1
7,8,1
16,16,0
2,2,0
2,5,3
5,5,0
2,88,86
3,3,0
2,11,9
2,2,0
0,0,0
0,0,0
2,2,0
2,2,0
1,10,9
2,4,2
24,26,2
2,80,78
1,1,0
3,7,4
3,4,1
2,8,6
3,3,0
2,14,12
2,2,0
2,2,0
3,3,0
2,2,0
74,74,0
98,233,135
1,3,2
0,0,0
3,3,0
3,9,6
2,3,1
39,48,9
2,13,11
33,134,101
1,1,0
1,1,0
2,80,78
2,4,2
2,2,0
2,2,0
3,3,0
2,33,31
2,13,11
9,9,0
3,3,0
2,2,0
7,8,1
3,3,0
0,0,0
2,2,0
2,2,0
2,2,0
2,11,9
3,14,11
2,3,1
103,103,0
2,2,0
2,21,19
2,3,1
3,3,0
2,2,0
6,6,0
3,6,3
1,4,3
3,6,3
2,34,32
2,18,16
4,4,0
2,4,2
2,46,44
1,19,18
2,8,6
2,7,5
2,2,0
3,9,6
2,2,0
2,2,0
7,7,0
3,3,0
3,3,0
2,6,4
1,1,0
2,2,0
2,82,80
18,20,2
2,2,0
2,2,0
2,2,0
3,3,0
10,10,0
2,2,0
2,2,0
3,3,0
83,83,0
3,3,0
2,23,21
3,9,6
2,2,0
3,3,0
3,5,2
129,129,0
2,2,0
3,3,0
2,23,21
1,3,2
3,3,0
0,0,0
2,2,0
3,7,4
4,7,3
2,4,2
3,3,0
5,5,0
78,78,0
3,22,19
16,16,0
2,6,4
2,2,0
2,14,12
2,5,3
5,5,0
2,2,0
2,4,2
2,2,0
2,16,14
1,1,0
2,2,0
105,379,274
2,6,4
2,2,0
2,6,4
3,3,0
2,4,2
2,2,0
3,12,9
32,32,0
10,31,21
3,3,0
0,0,0
2,2,0
3,12,9
2,2,0
4,7,3
3,3,0
0,0,0
0,0,0
1,1,0
5,13,8
0,0,0
107,107,0
3,25,22
3,9,6
2,2,0
2,2,0
1,1,0
2,2,0
2,6,4
2,2,0
3,13,10
13,15,2
2,4,2
3,3,0
2,2,0
3,3,0
2,2,0
3,3,0
3,5,2
42,42,0
2,2,0
1,1,0
2,2,0
3,3,0
2,6,4
2,8,6
1,2,1
3,3,0
2,4,2
2,4,2
3,5,2
2,2,0
2,2,0
3,3,0
8,8,0
4,73,69
2,2,0
3,3,0
2,3,1
3,5,2
3,7,4
2,3,1
100,100,0
2,5,3
1,1,0
2,168,166
2,2,0
2,2,0
2,2,0
2,2,0
3,3,0
2,2,0
2,2,0
4,4,0
2,9,7
3,3,0
3,3,0
1,1,0
2,2,0
3,5,2
2,4,2
2,2,0
2,2,0
2,5,3
2,6,4
3,15,12
8,13,5
2,4,2
3,3,0
1,1,0
2,2,0
3,3,0
20,27,7
1,1,0
2,2,0
2,15,13
9,9,0
101,108,7
94,94,0
2,2,0
3,3,0
2,2,0
4,41,37
1,1,0
2,4,2
3,4,1
9,11,2
3,17,14
3,9,6
1,3,2
3,8,5
1,2,1
3,4,1
3,10,7
11,15,4
2,2,0
3,4,1
2,9,7
2,2,0
2,2,0
3,12,9
3,3,0
2,2,0
2,6,4
2,4,2
2,2,0
0,0,0
2,2,0
3,10,7
2,39,37
3,3,0
129,236,107
3,3,0
5,29,24
2,2,0
2,2,0
3,8,5
2,2,0
0,0,0
2,4,2
25,25,0
2,2,0
2,2,0
0,0,0
3,3,0
2,2,0
2,6,4
2,2,0
2,2,0
3,3,0
3,8,5
3,5,2
2,2,0
1,2,1
2,2,0
2,2,0
2,10,8
2,2,0
3,3,0
2,2,0
2,2,0
1,2,1
2,2,0
2,2,0
2,2,0
0,0,0
2,2,0
2,2,0
3,8,5
3,6,3
2,16,14
3,4,1
6,6,0
2,11,9
1,1,0
2,2,0
3,5,2
3,3,0
3,18,15
10,10,0
6,6,0
3,3,0
3,3,0
3,4,1
2,7,5
3,4,1
6,13,7
3,3,0
9,11,2
2,15,13
8,8,0
2,2,0
3,29,26
3,5,2
2,2,0
3,3,0
2,5,3
3,5,2
6,6,0
4,19,15
2,7,5
3,23,20
4,9,5
2,2,0
2,2,0
25,25,0
2,2,0
2,2,0
0,0,0
1,4,3
3,5,2
35,36,1
3,5,2
2,3,1
2,2,0
2,2,0
4,4,0
2,2,0
161,162,1
5,8,3
2,14,12
100,200,100
2,87,85
3,5,2
43,43,0
2,2,0
63,67,4
4,5,1
2,2,0
3,3,0
68,70,2
3,7,4
1,1,0
2,4,2
2,2,0
2,82,80
13,17,4
2,2,0
3,4,1
2,25,23
2,124,122
3,3,0
0,0,0
3,3,0
8,8,0
28,28,0
2,2,0
107,107,0
2,3,1
3,5,2
2,2,0
2,16,14
130,130,0
3,5,2
2,3,1
1,1,0
2,2,0
2,2,0
2,2,0
2,8,6
2,4,2
6,6,0
1,1,0
2,2,0
1,1,0
66,69,3
3,3,0
62,63,1
4,4,0
3,14,11
10,11,1
2,2,0
3,3,0
2,2,0
3,5,2
3,3,0
3,3,0
9,14,5
2,2,0
1,2,1
2,2,0
3,3,0
6,6,0
1,5,4
2,2,0
2,2,0
2,18,16
9,35,26
15,18,3
7,17,10
3,5,2
2,5,3
6,6,0
2,2,0
15,15,0
3,3,0
5,16,11
5,5,0
2,2,0
2,2,0
2,4,2
2,2,0
2,2,0
2,7,5
3,3,0
2,80,78
3,5,2
3,3,0
3,3,0
2,2,0
3,3,0
3,3,0
2,2,0
3,3,0
1,2,1
2,2,0
8,11,3
0,0,0
4,4,0
2,8,6
2,3,1
2,4,2
3,18,15
2,2,0
2,6,4
3,5,2
1,7,6
2,6,4
1,1,0
2,2,0
3,80,77
3,3,0
3,3,0
2,10,8
4,4,0
3,3,0
2,26,24
1,1,0
3,3,0
26,26,0
1,23,22
4,7,3
3,3,0
3,3,0
6,6,0
2,47,45
3,5,2
3,25,22
7,7,0
2,30,28
5,57,52
3,6,3
2,2,0
8,66,58
2,2,0
3,5,2
1,3,2
2,2,0
2,20,18
3,5,2
1,1,0
12,12,0
2,2,0
0,0,0
3,7,4
2,2,0
2,2,0
2,2,0
100,100,0
20,20,0
64,66,2
2,2,0
2,8,6
2,82,80
68,384,316
3,3,0
3,3,0
5,8,3
2,8,6
2,2,0
3,3,0
2,2,0
4,4,0
2,3,1
2,5,3
1,1,0
2,70,68
21,21,0
2,2,0
2,2,0
2,13,11
3,3,0
2,2,0
2,5,3
3,12,9
6,12,6
2,36,34
2,2,0
2,2,0
1,4,3
1,3,2
2,2,0
2,2,0
1,8,7
2,62,60
12,12,0
2,2,0
2,18,16
0,0,0
3,7,4
16,16,0
76,76,0
2,2,0
2,2,0
16,16,0
2,2,0
12,12,0
3,3,0
2,6,4
3,4,1
3,7,4
2,2,0
2,2,0
2,10,8
2,2,0
3,3,0
2,21,19
1,2,1
100,104,4
3,3,0
2,4,2
17,17,0
2,4,2
30,32,2
1,2,1
6,6,0
3,5,2
2,2,0
2,2,0
2,4,2
89,95,6
44,101,57
3,7,4
2,4,2
1,1,0
2,2,0
3,3,0
2,2,0
2,25,23
2,3,1
3,8,5
3,5,2
1,5,4
1,2,1
3,7,4
2,6,4
60,60,0
4,4,0
2,2,0
3,3,0
5,5,0
3,7,4
2,2,0
8,8,0
2,4,2
3,9,6
9,9,0
3,5,2
2,2,0
0,0,0
2,4,2
2,4,2
2,5,3
2,2,0
2,4,2
8,8,0
2,2,0
2,2,0
3,13,10
2,2,0
2,4,2
3,3,0
2,19,17
2,2,0
55,58,3
2,2,0
2,2,0
2,3,1
2,2,0
11,13,2
2,16,14
9,9,0
3,8,5
3,4,1
3,4,1
8,8,0
3,6,3
2,4,2
2,2,0
1,1,0
3,3,0
3,3,0
3,7,4
2,2,0
3,3,0
29,29,0
3,3,0
3,10,7
2,2,0
2,2,0
97,154,57
2,2,0
3,5,2
3,3,0
2,2,0
2,2,0
1,7,6
3,3,0
2,2,0
2,4,2
2,2,0
23,75,52
3,3,0
93,94,1
8,8,0
2,3,1
3,3,0
2,2,0
74,104,30
2,2,0
0,0,0
25,29,4
0,0,0
2,2,0
2,2,0
2,2,0
2,8,6
7,8,1
3,5,2
3,6,3
3,3,0
3,3,0
3,9,6
3,5,2
6,35,29
20,20,0
97,97,0
70,75,5
3,41,38
2,2,0
2,2,0
2,99,97
2,2,0
2,8,6
2,2,0
6,6,0
2,2,0
20,47,27
4,18,14
3,3,0
2,4,2
8,16,8
3,12,9
2,2,0
3,3,0
3,5,2
49,49,0
0,0,0
5,16,11
2,38,36
3,3,0
71,71,0
2,4,2
2,4,2
2,2,0
15,20,5
76,79,3
2,2,0
3,20,17
3,4,1
2,4,2
2,2,0
3,17,14
2,2,0
115,121,6
3,3,0
3,9,6
9,9,0
68,70,2
3,3,0
1,1,0
2,2,0
100,100,0
3,3,0
2,2,0
2,5,3
2,3,1
3,4,1
2,2,0
3,3,0
2,2,0
60,60,0
2,4,2
2,2,0
94,282,188
2,2,0
2,2,0
3,3,0
9,9,0
2,2,0
2,2,0
6,117,111
2,2,0
2,7,5
3,10,7
3,5,2
8,8,0
2,2,0
2,4,2
3,5,2
2,4,2
2,118,116
2,10,8
2,2,0
2,2,0
2,26,24
1,4,3
2,4,2
0,0,0
2,2,0
31,31,0
3,7,4
3,9,6
3,3,0
3,3,0
3,9,6
4,105,101
9,9,0
3,3,0
3,8,5
19,39,20
2,2,0
2,4,2
3,3,0
2,2,0
2,2,0
2,2,0
2,2,0
2,2,0
2,2,0
1,1,0
2,2,0
2,2,0
2,2,0
2,4,2
3,5,2
2,2,0
2,2,0
2,2,0
3,7,4
16,21,5
0,0,0
3,7,4
4,7,3
2,6,4
2,2,0
4,4,0
3,5,2
72,124,52
2,3,1
2,2,0
2,2,0
1,2,1
3,9,6
3,3,0
2,6,4
3,3,0
3,8,5
1,1,0
2,14,12
20,29,9
0,0,0
2,21,19
3,3,0
1,1,0
99,99,0
3,28,25
5,5,0
2,2,0
2,2,0
10,10,0
59,60,1
45,45,0
3,6,3
2,6,4
2,37,35
2,6,4
3,5,2
2,8,6
89,91,2
2,2,0
2,2,0
16,17,1
3,9,6
2,2,0
2,6,4
2,2,0
2,2,0
2,2,0
2,14,12
11,11,0
55,76,21
3,5,2
2,4,2
3,3,0
2,6,4
12,55,43
3,9,6
41,41,0
6,35,29
2,3,1
3,3,0
2,8,6
6,6,0
2,2,0
2,14,12
3,3,0
3,5,2
3,3,0
3,5,2
2,10,8
3,5,2
3,3,0
2,3,1
114,114,0
2,2,0
3,3,0
1,9,8
2,2,0
2,6,4
3,3,0
2,5,3
51,74,23
9,18,9
2,15,13
2,2,0
3,6,3
3,3,0
17,44,27
2,5,3
4,4,0
39,266,227
6,37,31
2,2,0
2,2,0
3,3,0
50,95,45
2,2,0
0,0,0
3,3,0
3,3,0
2,2,0
1,1,0
3,3,0
2,11,9
40,40,0
3,9,6
37,39,2
2,12,10
62,62,0
2,2,0
2,11,9
0,0,0
3,7,4
3,3,0
4,4,0
9,10,1
3,3,0
2,82,80
1,4,3
2,2,0
2,2,0
0,0,0
2,2,0
3,5,2
3,5,2
2,2,0
2,6,4
2,45,43
2,9,7
2,2,0
9,11,2
0,0,0
3,5,2
1,4,3
1,7,6
2,2,0
98,101,3
2,9,7
0,0,0
2,10,8
84,236,152
3,18,15
2,2,0
3,8,5
2,4,2
1,4,3
0,0,0
2,2,0
12,12,0
0,0,0
3,3,0
3,3,0
21,21,0
2,2,0
2,2,0
2,2,0
2,2,0
1,9,8
3,3,0
3,11,8
2,16,14
2,2,0
6,24,18
1,1,0
98,234,136
0,0,0
80,80,0
1,3,2
2,2,0
3,3,0
2,2,0
1,18,17
2,4,2
3,3,0
50,108,58
2,4,2
2,2,0
81,81,0
2,2,0
7,7,0
2,2,0
1,5,4
2,4,2
2,2,0
2,2,0
3,3,0
3,5,2
1,66,65
2,2,0
6,35,29
2,4,2
59,134,75
23,23,0
2,2,0
3,3,0
3,3,0
139,216,77
9,9,0
0,0,0
1,5,4
2,4,2
2,4,2
1,3,2
3,3,0
2,2,0
0,0,0
1,3,2
3,3,0
2,15,13
2,2,0
0,0,0
2,2,0
2,2,0
2,4,2
1,1,0
60,60,0
3,9,6
2,2,0
0,0,0
9,9,0
2,2,0
2,2,0
2,2,0
3,8,5
1,5,4
2,2,0
3,3,0
44,44,0
3,3,0
3,3,0
0,0,0
3,7,4
17,17,0
3,21,18
9,17,8
17,17,0
2,3,1
2,2,0
3,3,0
1,1,0
3,5,2
2,2,0
2,2,0
2,2,0
0,0,0
3,14,11
2,2,0
2,2,0
2,2,0
2,36,34
2,2,0
3,5,2
2,4,2
2,2,0
3,4,1
1,3,2
2,2,0
2,28,26
3,3,0
2,2,0
0,0,0
2,2,0
2,2,0
2,2,0
8,8,0
3,3,0
3,12,9
72,163,91
2,2,0
2,2,0
3,3,0
2,6,4
3,5,2
2,2,0
4,4,0
46,47,1
0,0,0
15,17,2
139,216,77
2,2,0
2,4,2
5,5,0
1,2,1
2,2,0
2,4,2
2,2,0
2,4,2
2,2,0
2,4,2
3,13,10
2,6,4
2,4,2
2,2,0
2,2,0
1,1,0
82,146,64
3,5,2
2,2,0
2,2,0
3,13,10
1,1,0
2,4,2
2,3,1
2,2,0
2,2,0
2,2,0
3,23,20
2,2,0
3,5,2
3,7,4
4,4,0
3,3,0
2,4,2
5,5,0
2,10,8
7,15,8
2,15,13
1,3,2
8,12,4
3,5,2
9,9,0
3,5,2
2,2,0
3,3,0
2,2,0
3,3,0
4,7,3
2,80,78
2,4,2
2,6,4
2,2,0
35,54,19
31,33,2
2,8,6
2,5,3
1,2,1
2,2,0
100,200,100
2,2,0
3,3,0
2,2,0
2,2,0
2,7,5
2,2,0
38,38,0
2,62,60
2,2,0
2,24,22
3,3,0
3,23,20
2,2,0
2,4,2
3,3,0
2,27,25
2,6,4
3,11,8
0,0,0
2,2,0
1,4,3
2,3,1
3,3,0
16,16,0
2,8,6
6,8,2
2,2,0
2,2,0
0,0,0
2,2,0
3,4,1
17,17,0
3,14,11
1,2,1
2,2,0
1,4,3
1,37,36
2,2,0
2,2,0
3,11,8
2,10,8
2,2,0
2,7,5
3,3,0
2,15,13
26,26,0
3,5,2
0,0,0
2,2,0
2,2,0
2,2,0
2,10,8
8,8,0
3,3,0
2,2,0
6,59,53
0,0,0
3,5,2
2,2,0
2,2,0
2,2,0
2,45,43
2,5,3
2,2,0
2,2,0
2,2,0
3,7,4
2,2,0
2,3,1
3,4,1
3,3,0
4,12,8
3,3,0
3,4,1
2,2,0
1,10,9
2,15,13
13,14,1
62,62,0
2,2,0
3,3,0
3,7,4
0,0,0
5,5,0
3,5,2
3,9,6
2,2,0
2,2,0
3,7,4
42,42,0
2,73,71
2,2,0
3,10,7
85,100,15
2,8,6
3,3,0
8,8,0
2,2,0
8,8,0
3,3,0
3,10,7
2,2,0
2,2,0
2,2,0
2,2,0
3,7,4
2,2,0
3,16,13
15,15,0
3,5,2
2,6,4
2,2,0
3,19,16
2,2,0
13,20,7
2,2,0
2,2,0
3,15,12
1,1,0
2,2,0
2,2,0
2,4,2
3,3,0
3,3,0
0,0,0
4,4,0
3,19,16
4,6,2
1,1,0
2,24,22
0,0,0
44,44,0
2,2,0
0,0,0
0,0,0
2,5,3
2,4,2
2,84,82
2,2,0
3,7,4
2,4,2
35,47,12
2,2,0
3,3,0
0,0,0
2,2,0
2,2,0
2,15,13
2,65,63
3,3,0
2,8,6
2,3,1
2,2,0
2,2,0
3,3,0
3,4,1
2,37,35
2,16,14
3,3,0
2,7,5
0,0,0
8,8,0
5,5,0
2,2,0
2,2,0
2,2,0
3,7,4
2,2,0
2,2,0
2,4,2
1,1,0
138,245,107
2,4,2
104,104,0
11,18,7
2,4,2
63,63,0
3,3,0
3,7,4
2,10,8
2,2,0
13,13,0
2,7,5
2,4,2
2,2,0
1,10,9
13,13,0
100,105,5
0,0,0
7,10,3
2,6,4
2,8,6
3,3,0
2,2,0
2,2,0
2,2,0
3,13,10
3,3,0
2,6,4
9,9,0
0,0,0
3,3,0
1,1,0
2,8,6
3,3,0
2,2,0
2,2,0
2,2,0
6,6,0
2,5,3
3,5,2
3,12,9
3,5,2
6,34,28
2,2,0
2,2,0
2,8,6
1,5,4
2,18,16
2,2,0
2,2,0
3,3,0
3,72,69
3,7,4
1,40,39
88,391,303
2,4,2
0,0,0
3,5,2
1,4,3
2,4,2
4,4,0
1,1,0
22,36,14
8,28,20
2,2,0
2,2,0
2,2,0
3,3,0
2,2,0
2,2,0
3,8,5
3,16,13
2,2,0
2,2,0
2,3,1
5,5,0
3,3,0
3,3,0
2,2,0
2,16,14
2,3,1
2,11,9
2,2,0
3,7,4
3,5,2
2,2,0
3,6,3
1,25,24
1,2,1
2,2,0
30,33,3
3,7,4
3,8,5
3,11,8
3,3,0
2,2,0
3,7,4
0,0,0
2,4,2
3,10,7
2,2,0
3,3,0
2,4,2
1,5,4
190,259,69
1,1,0
2,2,0
4,4,0
3,28,25
2,2,0
18,24,6
2,2,0
2,2,0
4,9,5
3,16,13
2,2,0
2,4,2
2,2,0
2,4,2
0,0,0
2,2,0
2,2,0
3,3,0
3,3,0
1,2,1
3,3,0
2,26,24
2,4,2
3,3,0
2,3,1
2,2,0
2,2,0
3,3,0
2,13,11
3,9,6
1,1,0
2,2,0
32,32,0
0,0,0
3,5,2
11,19,8
2,2,0
2,30,28
2,8,6
1,4,3
0,0,0
0,0,0
2,2,0
3,5,2
1,2,1
2,2,0
3,3,0
2,2,0
2,4,2
3,5,2
2,8,6
0,0,0
2,2,0
2,2,0
2,2,0
1,1,0
34,34,0
2,2,0
3,9,6
2,2,0
3,3,0
36,39,3
100,100,0
3,5,2
2,2,0
2,2,0
17,17,0
2,2,0
2,2,0
2,2,0
2,8,6
2,2,0
2,2,0
10,10,0
2,2,0
3,13,10
1,2,1
3,38,35
2,2,0
100,109,9
3,3,0
2,2,0
3,3,0
2,2,0
3,10,7
2,2,0
2,2,0
97,154,57
1,6,5
11,11,0
4,4,0
2,2,0
3,3,0
12,12,0
3,6,3
2,13,11
20,20,0
3,3,0
2,2,0
53,53,0
6,6,0
2,2,0
2,2,0
2,2,0
2,2,0
2,2,0
36,36,0
4,5,1
2,2,0
2,2,0
0,0,0
3,5,2
3,3,0
4,4,0
2,2,0
4,4,0
2,2,0
2,4,2
2,2,0
2,3,1
3,5,2
9,9,0
2,2,0
3,5,2
1,24,23
139,216,77
2,4,2
3,3,0
4,73,69
2,86,84
2,4,2
2,2,0
1,5,4
7,7,0
8,11,3
4,4,0
3,3,0
1,4,3
2,11,9
2,2,0
2,25,23
2,2,0
0,0,0
3,7,4
2,14,12
6,6,0
89,91,2
2,2,0
2,2,0
2,6,4
2,2,0
2,2,0
2,6,4
2,6,4
3,3,0
0,0,0
0,0,0
3,3,0
1,1,0
3,6,3
2,2,0
3,5,2
2,2,0
3,5,2
2,2,0
3,13,10
2,4,2
3,5,2
1,26,25
2,2,0
0,0,0
3,3,0
2,2,0
2,2,0
0,0,0
3,3,0
3,3,0
2,2,0
1,1,0
3,3,0
2,2,0
3,3,0
3,4,1
3,4,1
3,6,3
2,2,0
2,2,0
4,4,0
3,3,0
9,9,0
2,19,17
2,2,0
0,0,0
2,2,0
2,11,9
2,2,0
2,2,0
2,2,0
2,2,0
5,9,4
3,5,2
2,7,5
2,4,2
8,8,0
2,12,10
11,11,0
3,5,2
2,4,2
3,3,0
0,0,0
75,75,0
4,4,0
0,0,0
2,2,0
2,2,0
2,2,0
20,66,46
2,2,0
2,4,2
4,4,0
3,7,4
2,2,0
1,1,0
2,2,0
3,12,9
3,3,0
0,0,0
1,3,2
3,3,0
11,11,0
2,9,7
2,2,0
3,7,4
2,20,18
3,5,2
2,2,0
2,16,14
2,8,6
2,5,3
0,0,0
2,4,2
2,3,1
2,2,0
20,23,3
4,70,66
2,2,0
63,455,392
2,2,0
56,56,0
1,3,2
3,5,2
2,2,0
1,4,3
3,3,0
2,6,4
2,4,2
98,109,11
2,2,0
2,2,0
2,2,0
2,4,2
1,1,0
6,6,0
129,236,107
2,2,0
2,52,50
3,4,1
2,2,0
2,2,0
2,10,8
3,3,0
8,14,6
2,2,0
1,1,0
3,3,0
4,6,2
2,2,0
2,6,4
2,2,0
3,8,5
2,2,0
3,3,0
1,4,3
45,119,74
2,4,2
3,6,3
28,41,13
3,5,2
3,12,9
2,10,8
3,3,0
2,9,7
6,7,1
0,0,0
2,2,0
0,0,0
6,22,16
1,1,0
2,2,0
3,3,0
3,3,0
2,3,1
2,2,0
1,1,0
3,3,0
1,9,8
3,6,3
1,2,1
2,2,0
100,109,9
2,2,0
2,6,4
2,2,0
2,8,6
2,2,0
0,0,0
1,1,0
14,14,0
2,2,0
2,2,0
22,68,46
4,4,0
12,12,0
2,11,9
10,10,0
1,10,9
3,3,0
3,23,20
2,2,0
11,11,0
2,2,0
2,2,0
0,0,0
2,5,3
2,2,0
2,2,0
3,3,0
2,11,9
3,3,0
8,30,22
2,82,80
2,24,22
62,62,0
1,1,0
3,3,0
3,3,0
1,3,2
0,0,0
2,2,0
3,6,3
2,28,26
8,10,2
0,0,0
0,0,0
2,4,2
2,2,0
3,3,0
0,0,0
97,97,0
3,11,8
2,20,18
5,6,1
2,2,0
1,6,5
2,23,21
4,4,0
2,2,0
3,5,2
2,2,0
1,1,0
3,3,0
2,2,0
2,5,3
2,7,5
2,2,0
3,3,0
3,8,5
1,22,21
3,3,0
3,9,6
2,2,0
2,6,4
3,3,0
25,25,0
0,0,0
13,13,0
5,5,0
2,10,8
2,2,0
2,4,2
2,2,0
2,9,7
51,51,0
9,9,0
0,0,0
2,2,0
2,2,0
2,4,2
2,2,0
2,30,28
3,3,0
8,8,0
1,1,0
100,151,51
2,2,0
2,2,0
2,2,0
2,4,2
1,2,1
2,3,1
3,5,2
2,2,0
9,55,46
107,107,0
2,2,0
36,36,0
2,2,0
2,4,2
0,0,0
3,3,0
2,2,0
2,6,4
83,95,12
2,3,1
2,2,0
2,4,2
2,2,0
3,3,0
2,7,5
3,9,6
3,3,0
2,2,0
2,3,1
2,4,2
3,5,2
2,2,0
2,2,0
2,2,0
2,2,0
2,6,4
2,2,0
2,4,2
2,4,2
2,2,0
1,1,0
1,1,0
3,6,3
2,2,0
2,6,4
2,3,1
2,2,0
2,2,0
2,2,0
2,2,0
3,3,0
2,8,6
6,35,29
3,4,1
2,5,3
2,2,0
33,45,12
2,2,0
2,2,0
3,5,2
2,2,0
3,3,0
2,2,0
2,4,2
2,2,0
0,0,0
3,3,0
2,2,0
2,8,6
2,2,0
45,61,16
10,14,4
1,3,2
2,7,5
2,23,21
2,2,0
2,7,5
2,2,0
2,7,5
3,3,0
3,3,0
85,145,60
3,3,0
1,3,2
2,4,2
3,7,4
4,5,1
2,2,0
3,11,8
3,3,0
0,0,0
2,2,0
2,4,2
2,2,0
100,197,97
3,7,4
3,3,0
0,0,0
26,42,16
2,2,0
6,10,4
2,2,0
3,7,4
3,3,0
2,2,0
3,3,0
2,4,2
3,7,4
2,3,1
1,3,2
3,3,0
2,4,2
3,3,0
2,2,0
2,82,80
16,16,0
2,3,1
2,2,0
59,133,74
3,3,0
3,10,7
2,4,2
1,1,0
1,1,0
6,31,25
3,3,0
2,2,0
2,2,0
2,6,4
0,0,0
2,5,3
2,6,4
9,9,0
3,3,0
2,3,1
3,3,0
1,23,22
1,2,1
2,10,8
2,2,0
1,25,24
2,2,0
3,3,0
3,8,5
5,5,0
3,8,5
3,8,5
3,8,5
0,0,0
2,2,0
1,14,13
1,3,2
2,2,0
3,5,2
0,0,0
0,0,0
1,2,1
2,3,1
2,2,0
3,3,0
84,87,3
2,2,0
3,14,11
2,2,0
3,7,4
2,4,2
22,68,46
2,2,0
3,9,6
3,3,0
4,64,60
3,10,7
3,3,0
2,6,4
2,4,2
3,5,2
1,3,2
2,2,0
0,0,0
2,2,0
3,13,10
2,71,69
1,1,0
0,0,0
9,103,94
114,114,0
1,177,176
2,13,11
0,0,0
60,60,0
2,3,1
2,2,0
2,2,0
2,2,0
3,3,0
13,93,80
2,6,4
3,4,1
2,2,0
2,2,0
2,2,0
3,7,4
2,2,0
2,5,3
2,2,0
2,2,0
2,2,0
5,5,0
30,30,0
3,3,0
1,1,0
4,6,2
2,6,4
3,3,0
0,0,0
2,28,26
8,17,9
2,2,0
2,2,0
2,103,101
2,4,2
28,30,2
2,2,0
2,6,4
6,34,28
3,5,2
2,11,9
2,2,0
1,1,0
2,2,0
20,25,5
2,2,0
80,80,0
3,3,0
2,4,2
5,5,0
3,3,0
2,2,0
2,814,812
2,2,0
15,17,2
3,3,0
3,4,1
10,10,0
3,5,2
1,2,1
2,16,14
0,0,0
2,2,0
2,2,0
3,3,0
3,7,4
2,4,2
86,86,0
2,42,40
2,6,4
3,8,5
2,4,2
2,6,4
4,6,2
20,20,0
2,3,1
2,2,0
3,5,2
6,17,11
2,28,26
2,50,48
59,136,77
1,2,1
2,2,0
2,2,0
3,4,1
2,2,0
2,2,0
2,2,0
1,3,2
3,3,0
70,80,10
1,6,5
3,3,0
96,96,0
1,3,2
3,5,2
7,13,6
3,3,0
3,8,5
2,2,0
2,4,2
3,5,2
2,2,0
0,0,0
5,5,0
0,0,0
2,2,0
7,7,0
24,24,0
2,2,0
8,8,0
2,11,9
2,2,0
2,2,0
2,2,0
3,7,4
4,4,0
2,5,3
1,3,2
2,2,0
37,41,4
2,2,0
2,2,0
2,2,0
2,2,0
50,50,0
2,2,0
31,31,0
3,4,1
3,8,5
2,3,1
3,3,0
3,5,2
2,2,0
56,83,27
2,2,0
1,2,1
4,5,1
3,3,0
2,4,2
2,2,0
3,3,0
1,2,1
3,3,0
2,2,0
60,60,0
6,30,24
2,2,0
2,3,1
2,2,0
3,3,0
2,2,0
1,2,1
7,9,2
2,4,2
16,16,0
2,22,20
3,6,3
3,5,2
2,2,0
2,3,1
1,5,4
3,6,3
3,3,0
4,6,2
2,6,4
2,2,0
3,5,2
2,2,0
2,2,0
0,0,0
3,3,0
2,2,0
2,2,0
2,6,4
2,2,0
11,11,0
51,51,0
0,0,0
3,5,2
0,0,0
6,35,29
2,12,10
2,18,16
2,2,0
2,2,0
2,2,0
2,2,0
2,2,0
2,2,0
6,6,0
2,20,18
3,3,0
2,2,0
3,3,0
5,16,11
2,2,0
3,3,0
2,18,16
3,5,2
3,7,4
1,5,4
3,3,0
2,9,7
2,2,0
2,8,6
18,103,85
6,46,40
5,6,1
3,4,1
2,2,0
3,7,4
2,2,0
2,4,2
2,2,0
2,2,0
11,11,0
6,13,7
3,8,5
52,63,11
3,3,0
1,1,0
2,2,0
1,2,1
2,7,5
2,8,6
5,7,2
2,2,0
2,2,0
3,3,0
2,10,8
2,3,1
2,2,0
2,2,0
2,6,4
2,2,0
2,2,0
0,0,0
2,4,2
2,40,38
2,8,6
2,4,2
2,6,4
2,5,3
1,2,1
2,2,0
2,4,2
2,2,0
8,8,0
2,2,0
3,3,0
6,6,0
5,7,2
2,10,8
2,8,6
2,2,0
3,18,15
2,2,0
2,9,7
2,2,0
2,2,0
1,1,0
3,3,0
12,12,0
3,8,5
5,5,0
0,0,0
2,2,0
25,27,2
9,9,0
2,2,0
1,1,0
3,3,0
51,137,86
2,2,0
3,6,3
2,4,2
2,2,0
2,2,0
2,2,0
11,11,0
9,9,0
2,2,0
1,1,0
1,5,4
18,18,0
4,4,0
107,107,0
1,1,0
2,5,3
3,5,2
2,74,72
2,2,0
2,2,0
2,2,0
3,3,0
10,10,0
2,2,0
2,2,0
1,10,9
1,1,0
3,5,2
1,3,2
2,2,0
2,2,0
32,70,38
2,2,0
2,2,0
3,3,0
3,5,2
3,5,2
2,3,1
3,5,2
2,2,0
2,15,13
1,245,244
2,4,2
2,2,0
2,2,0
2,2,0
3,3,0
10,10,0
3,3,0
3,7,4
3,3,0
4,23,19
72,144,72
3,4,1
2,4,2
2,2,0
1,2,1
9,9,0
2,4,2
4,4,0
2,4,2
90,248,158
3,3,0
2,69,67
2,2,0
0,0,0
2,2,0
2,2,0
1,2,1
3,7,4
3,3,0
3,9,6
56,132,76
3,3,0
2,2,0
2,2,0
3,5,2
3,7,4
0,0,0
2,27,25
3,19,16
3,3,0
2,2,0
2,2,0
2,2,0
2,12,10
3,3,0
3,3,0
2,11,9
6,6,0
3,5,2
2,2,0
4,9,5
2,11,9
2,4,2
2,2,0
8,8,0
2,5,3
2,2,0
3,5,2
3,4,1
3,5,2
2,2,0
39,39,0
3,3,0
1,1,0
28,122,94
2,2,0
45,119,74
0,0,0
3,3,0
1,1,0
3,3,0
3,3,0
8,8,0
2,2,0
4,12,8
2,2,0
2,2,0
2,2,0
1,2,1
1,1,0
2,2,0
2,4,2
2,2,0
2,4,2
13,15,2
4,6,2
0,0,0
6,17,11
3,5,2
8,14,6
3,3,0
3,19,16
2,2,0
3,3,0
2,8,6
406,417,11
2,4,2
1,1,0
0,0,0
2,3,1
10,10,0
3,3,0
2,2,0
3,11,8
2,2,0
0,0,0
72,121,49
2,5,3
2,2,0
3,3,0
3,3,0
2,2,0
2,2,0
2,5,3
2,2,0
2,2,0
2,2,0
2,2,0
2,6,4
10,10,0
3,5,2
10,10,0
2,4,2
3,3,0
2,4,2
1,4,3
2,2,0
2,2,0
1,1,0
0,0,0
2,4,2
2,2,0
3,3,0
1,1,0
0,0,0
2,2,0
2,3,1
17,17,0
3,7,4
3,3,0
3,3,0
1,3,2
3,11,8
1,8,7
3,3,0
3,6,3
4,4,0
2,30,28
1,2,1
2,25,23
3,8,5
2,2,0
3,3,0
3,3,0
1,3,2
129,236,107
2,43,41
3,3,0
0,0,0
9,9,0
2,3,1
3,9,6
3,15,12
2,2,0
2,4,2
2,43,41
3,3,0
90,182,92
0,0,0
4,5,1
1,4,3
2,10,8
2,4,2
2,3,1
16,17,1
2,2,0
2,2,0
3,5,2
2,2,0
97,98,1
2,8,6
3,3,0
137,233,96
2,5,3
1,2,1
2,4,2
4,4,0
2,2,0
2,5,3
89,95,6
0,0,0
3,3,0
3,5,2
2,2,0
2,2,0
4,4,0
2,3,1
1,71,70
1,1,0
2,2,0
2,2,0
1,1,0
2,4,2
4,4,0
3,5,2
2,2,0
2,2,0
2,5,3
2,7,5
4,71,67
4,4,0
3,7,4
3,3,0
2,2,0
2,2,0
4,4,0
3,7,4
8,8,0
3,5,2
2,4,2
2,4,2
2,5,3
2,2,0
17,17,0
2,2,0
2,30,28
3,3,0
2,2,0
2,4,2
2,2,0
2,2,0
3,6,3
3,3,0
1,3,2
3,3,0
3,14,11
3,3,0
2,2,0
2,3,1
3,7,4
0,0,0
2,4,2
0,0,0
50,98,48
24,26,2
2,4,2
0,0,0
2,2,0
2,2,0
22,22,0
2,2,0
3,3,0
2,50,48
1,1,0
2,2,0
2,2,0
2,13,11
2,7,5
5,7,2
3,10,7
2,2,0
10,10,0
129,236,107
5,16,11
2,2,0
3,3,0
3,3,0
2,7,5
2,2,0
2,2,0
2,2,0
174,174,0
2,2,0
2,80,78
2,2,0
2,2,0
1,2,1
2,2,0
3,11,8
0,0,0
0,0,0
3,3,0
8,8,0
2,2,0
36,38,2
9,11,2
4,4,0
3,7,4
1,1,0
35,35,0
3,3,0
2,45,43
2,14,12
15,19,4
3,4,1
2,6,4
2,4,2
8,9,1
2,4,2
46,47,1
3,3,0
3,9,6
2,2,0
0,0,0
3,3,0
8,8,0
3,3,0
2,2,0
10,36,26
1,20,19
2,2,0
3,3,0
2,37,35
102,102,0
2,2,0
99,111,12
2,2,0
3,3,0
3,5,2
5,5,0
1,4,3
2,6,4
3,4,1
2,3,1
2,6,4
2,2,0
2,5,3
3,5,2
2,2,0
2,2,0
1,2,1
3,3,0
2,5,3
2,2,0
2,3,1
2,2,0
37,108,71
2,6,4
8,29,21
3,7,4
3,3,0
2,2,0
2,2,0
3,6,3
2,2,0
3,5,2
83,83,0
50,52,2
2,2,0
3,3,0
2,2,0
0,0,0
3,3,0
2,2,0
2,4,2
1,1,0
2,3,1
2,2,0
2,2,0
52,54,2
83,83,0
2,2,0
2,2,0
2,3,1
2,2,0
3,12,9
2,12,10
1,11,10
36,36,0
3,8,5
2,3,1
2,2,0
3,3,0
2,2,0
2,2,0
3,3,0
2,2,0
2,4,2
3,10,7
2,2,0
5,15,10
3,5,2
1,2,1
2,2,0
4,4,0
6,6,0
3,5,2
2,2,0
0,0,0
1,2,1
1,1,0
3,3,0
2,2,0
2,2,0
62,62,0
2,4,2
2,2,0
2,2,0
2,2,0
3,5,2
3,3,0
8,10,2
2,2,0
2,2,0
2,2,0
4,7,3
2,2,0
46,46,0
3,3,0
3,4,1
2,2,0
3,3,0
2,8,6
32,46,14
2,2,0
8,17,9
2,24,22
1,3,2
4,4,0
16,20,4
4,6,2
3,3,0
2,4,2
2,2,0
2,2,0
3,4,1
2,2,0
2,12,10
3,3,0
2,2,0
4,4,0
1,7,6
8,8,0
2,23,21
0,0,0
2,2,0
2,2,0
1,1,0
2,2,0
2,6,4
6,6,0
2,8,6
3,7,4
11,13,2
2,6,4
3,6,3
2,13,11
12,17,5
7,18,11
7,35,28
2,2,0
2,2,0
2,2,0
2,2,0
2,2,0
2,92,90
3,3,0
2,2,0
4,5,1
2,2,0
2,2,0
2,2,0
0,0,0
2,2,0
3,3,0
3,10,7
2,4,2
2,2,0
2,2,0
3,7,4
8,8,0
3,9,6
2,2,0
10,10,0
2,40,38
3,5,2
88,276,188
80,80,0
3,3,0
1,2,1
3,3,0
2,2,0
0,0,0
3,5,2
3,7,4
3,5,2
2,2,0
2,2,0
2,2,0
2,2,0
97,141,44
2,2,0
1,15,14
1,3,2
2,10,8
3,11,8
2,2,0
2,2,0
2,2,0
2,17,15
48,128,80
2,2,0
2,2,0
1,23,22
2,6,4
2,2,0
2,2,0
3,4,1
2,2,0
2,4,2
3,3,0
2,53,51
2,4,2
2,2,0
4,7,3
2,8,6
0,0,0
2,73,71
88,118,30
3,3,0
3,7,4
2,2,0
2,2,0
2,4,2
2,5,3
2,5,3
5,5,0
2,2,0
1,1,0
3,4,1
6,6,0
3,7,4
2,2,0
2,4,2
3,3,0
2,2,0
2,2,0
0,0,0
2,2,0
4,4,0
2,14,12
3,5,2
2,2,0
2,4,2
2,8,6
34,34,0
0,0,0
1,1,0
2,2,0
3,3,0
2,2,0
2,12,10
0,0,0
2,2,0
2,2,0
48,166,118
1,1,0
2,2,0
2,5,3
2,2,0
72,124,52
2,3,1
2,28,26
2,5,3
3,9,6
2,2,0
3,5,2
2,3,1
8,17,9
2,3,1
3,3,0
2,2,0
80,84,4
2,2,0
2,10,8
2,2,0
5,5,0
2,2,0
2,2,0
3,4,1
3,5,2
2,8,6
1,24,23
8,30,22
3,7,4
2,2,0
2,4,2
3,5,2
2,2,0
2,2,0
2,2,0
2,6,4
1,6,5
1,2,1
12,52,40
0,0,0
1,1,0
0,0,0
3,6,3
2,2,0
3,3,0
2,2,0
30,40,10
2,2,0
2,2,0
3,5,2
2,95,93
3,3,0
2,6,4
59,135,76
2,2,0
3,3,0
10,10,0
2,11,9
3,3,0
3,3,0
2,2,0
89,172,83
3,3,0
15,16,1
2,12,10
2,2,0
2,2,0
2,2,0
3,5,2
2,2,0
2,4,2
2,2,0
6,6,0
2,4,2
3,3,0
3,7,4
2,2,0
3,3,0
2,2,0
2,2,0
2,2,0
2,2,0
1,1,0
2,2,0
3,5,2
100,100,0
3,3,0
2,4,2
2,7,5
9,9,0
12,14,2
3,3,0
64,64,0
2,2,0
2,2,0
6,10,4
0,0,0
2,2,0
2,2,0
54,150,96
1,1,0
10,10,0
51,51,0
12,16,4
10,29,19
1,6,5
1,52,51
1,1,0
2,2,0
4,4,0
2,8,6
2,2,0
138,245,107
2,2,0
3,9,6
2,2,0
3,3,0
2,2,0
2,2,0
9,9,0
1,2,1
7,7,0
2,2,0
3,3,0
2,2,0
3,5,2
2,2,0
250,250,0
3,3,0
2,2,0
1,2,1
3,3,0
120,120,0
2,7,5
2,12,10
3,3,0
2,2,0
2,2,0
3,9,6
2,8,6
2,2,0
0,0,0
2,6,4
2,2,0
2,6,4
6,6,0
2,2,0
2,2,0
8,8,0
0,0,0
9,12,3
2,80,78
2,2,0
2,2,0
4,4,0
2,2,0
3,5,2
1,3,2
2,2,0
31,31,0
1,1,0
2,2,0
2,81,79
2,2,0
1,21,20
23,26,3
1,1,0
2,2,0
2,2,0
45,61,16
3,7,4
1,1,0
123,158,35
3,3,0
2,23,21
3,3,0
1,1,0
3,3,0
2,10,8
2,2,0
18,18,0
10,10,0
1,1,0
8,8,0
80,80,0
3,5,2
9,9,0
2,2,0
3,5,2
19,21,2
2,2,0
1,1,0
23,26,3
2,4,2
2,2,0
9,9,0
2,2,0
2,6,4
8,23,15
3,5,2
2,2,0
2,2,0
2,43,41
2,5,3
3,3,0
1,1,0
0,0,0
3,5,2
2,2,0
0,0,0
4,6,2
2,2,0
2,2,0
2,6,4
2,2,0
3,3,0
2,8,6
11,11,0
8,8,0
2,2,0
3,3,0
2,2,0
3,3,0
2,4,2
3,3,0
1,1,0
2,13,11
2,2,0
17,19,2
1,4,3
3,3,0
2,4,2
0,0,0
17,17,0
2,2,0
2,2,0
2,9,7
2,3,1
43,47,4
22,118,96
3,7,4
2,2,0
8,8,0
2,18,16
1,2,1
4,7,3
2,4,2
2,2,0
1,6,5
3,3,0
2,2,0
2,2,0
2,2,0
2,2,0
2,2,0
3,3,0
1,2,1
9,9,0
51,51,0
79,79,0
1,1,0
3,7,4
1,11,10
2,2,0
3,3,0
3,14,11
2,4,2
2,2,0
2,15,13
80,80,0
4,4,0
2,4,2
2,2,0
11,11,0
4,6,2
16,16,0
3,3,0
9,9,0
2,2,0
2,2,0
38,38,0
1,9,8
2,9,7
3,3,0
2,2,0
0,0,0
3,3,0
9,9,0
2,2,0
1,62,61
2,2,0
2,6,4
3,35,32
25,91,66
2,2,0
2,2,0
2,2,0
4,4,0
1,1,0
3,12,9
2,2,0
2,4,2
8,8,0
50,107,57
3,3,0
46,54,8
2,2,0
3,5,2
0,0,0
0,0,0
41,42,1
12,12,0
5,22,17
2,2,0
2,7,5
4,9,5
2,8,6
3,5,2
3,3,0
2,3,1
2,6,4
2,8,6
1,4,3
3,3,0
2,2,0
2,2,0
5,5,0
3,5,2
2,2,0
3,3,0
2,2,0
27,28,1
3,7,4
59,134,75
2,2,0
5,5,0
10,10,0
3,3,0
25,48,23
2,4,2
2,4,2
2,2,0
3,3,0
3,3,0
2,8,6
2,2,0
1,1,0
3,3,0
2,8,6
2,2,0
3,3,0
0,0,0
11,11,0
2,4,2
2,10,8
3,5,2
3,4,1
2,3,1
2,2,0
7,7,0
2,2,0
2,4,2
2,4,2
1,2,1
0,0,0
3,9,6
2,2,0
2,8,6
2,2,0
2,2,0
94,94,0
2,2,0
2,2,0
0,0,0
3,6,3
2,2,0
3,6,3
3,3,0
3,3,0
2,2,0
4,4,0
2,2,0
2,25,23
4,4,0
2,2,0
10,10,0
2,5,3
2,2,0
3,7,4
3,3,0
3,3,0
3,15,12
3,8,5
2,3,1
2,9,7
2,4,2
2,4,2
2,2,0
1,2,1
2,3,1
2,2,0
2,2,0
2,2,0
2,72,70
3,5,2
53,53,0
139,216,77
2,7,5
3,3,0
1,1,0
2,5,3
3,12,9
3,5,2
2,6,4
3,9,6
2,5,3
3,5,2
2,2,0
2,6,4
8,8,0
3,3,0
3,3,0
2,2,0
3,7,4
2,2,0
2,17,15
0,0,0
4,14,10
2,4,2
2,6,4
3,3,0
0,0,0
2,2,0
3,3,0
3,3,0
1,4,3
3,5,2
72,72,0
2,2,0
2,2,0
2,4,2
84,84,0
2,2,0
2,4,2
3,3,0
2,2,0
1,1,0
3,3,0
4,6,2
2,2,0
1,16,15
9,9,0
2,72,70
2,2,0
3,3,0
1,1,0
58,61,3
3,6,3
2,2,0
2,2,0
3,11,8
2,2,0
2,21,19
2,13,11
7,39,32
2,5,3
2,2,0
2,8,6
3,5,2
12,12,0
2,9,7
2,2,0
3,3,0
2,2,0
26,26,0
97,98,1
2,2,0
0,0,0
2,4,2
2,2,0
0,0,0
4,5,1
2,9,7
7,14,7
2,2,0
2,2,0
3,11,8
4,26,22
2,13,11
2,2,0
5,6,1
2,2,0
2,6,4
3,3,0
2,2,0
1,2,1
2,2,0
3,3,0
3,3,0
3,5,2
3,3,0
3,9,6
1,3,2
2,2,0
1,3,2
4,4,0
2,4,2
3,3,0
2,4,2
1,2,1
2,2,0
2,4,2
2,2,0
2,2,0
2,2,0
3,5,2
2,2,0
2,2,0
9,9,0
2,2,0
3,5,2
55,64,9
34,134,100
2,21,19
3,6,3
2,2,0
2,2,0
12,14,2
1,16,15
2,4,2
2,2,0
8,16,8
5,5,0
3,5,2
2,2,0
6,9,3
5,5,0
8,8,0
2,8,6
0,0,0
2,2,0
3,3,0
3,9,6
8,8,0
2,2,0
3,5,2
3,3,0
2,6,4
2,2,0
3,28,25
3,11,8
2,23,21
56,58,2
2,87,85
2,5,3
3,3,0
2,2,0
99,152,53
2,2,0
4,4,0
3,3,0
50,80,30
33,60,27
4,6,2
2,10,8
1,4,3
2,2,0
2,4,2
3,3,0
3,5,2
3,3,0
30,34,4
2,2,0
3,6,3
2,2,0
2,2,0
3,5,2
1,10,9
2,5,3
134,287,153
3,3,0
2,2,0
2,2,0
1,3,2
1,5,4
3,3,0
2,2,0
0,0,0
3,3,0
0,0,0
3,13,10
2,4,2
3,3,0
2,2,0
2,5,3
51,51,0
2,5,3
2,2,0
2,6,4
1,2,1
2,2,0
2,2,0
2,2,0
1,1,0
3,9,6
2,2,0
2,2,0
8,29,21
2,89,87
3,3,0
3,3,0
9,11,2
2,3,1
2,2,0
2,2,0
2,8,6
2,6,4
2,4,2
25,28,3
0,0,0
2,2,0
2,26,24
3,5,2
2,10,8
1,1,0
2,4,2
3,3,0
2,2,0
2,2,0
2,2,0
2,10,8
71,74,3
2,2,0
2,2,0
15,15,0
2,2,0
18,21,3
0,0,0
6,6,0
4,4,0
3,4,1
2,2,0
2,2,0
3,3,0
2,2,0
3,3,0
23,23,0
3,3,0
2,2,0
6,6,0
2,2,0
2,2,0
3,3,0
10,10,0
100,200,100
11,13,2
2,2,0
3,3,0
59,134,75
6,10,4
3,5,2
2,10,8
0,0,0
62,64,2
2,3,1
2,2,0
7,22,15
2,2,0
6,14,8
0,0,0
2,2,0
94,94,0
0,0,0
2,2,0
0,0,0
2,4,2
3,3,0
2,2,0
32,34,2
2,5,3
7,7,0
10,11,1
2,6,4
3,3,0
2,2,0
3,3,0
2,8,6
3,3,0
2,2,0
3,3,0
2,2,0
3,5,2
3,3,0
2,15,13
2,2,0
2,2,0
2,2,0
98,284,186
2,2,0
3,3,0
19,19,0
2,2,0
1,4,3
2,2,0
3,5,2
3,5,2
2,6,4
2,4,2
2,77,75
2,2,0
1,1,0
16,16,0
2,2,0
3,3,0
1,4,3
0,0,0
2,3,1
2,3,1
0,0,0
2,2,0
22,22,0
3,3,0
3,7,4
3,8,5
3,7,4
8,8,0
3,8,5
2,8,6
3,5,2
3,3,0
9,11,2
2,4,2
2,31,29
3,7,4
2,16,14
2,4,2
2,2,0
2,2,0
6,8,2
5,42,37
1,1,0
2,2,0
4,4,0
3,5,2
2,19,17
2,2,0
4,9,5
4,14,10
3,5,2
2,30,28
2,2,0
1,2,1
0,0,0
3,11,8
3,3,0
3,3,0
3,14,11
2,2,0
3,8,5
2,2,0
0,0,0
2,19,17
3,3,0
3,3,0
2,31,29
3,3,0
2,2,0
2,3,1
2,4,2
2,2,0
2,2,0
2,2,0
156,156,0
3,3,0
34,34,0
3,5,2
2,2,0
2,2,0
2,2,0
6,34,28
2,4,2
8,8,0
2,2,0
2,2,0
2,2,0
2,6,4
2,105,103
3,5,2
2,4,2
14,24,10
2,6,4
2,2,0
2,2,0
3,4,1
3,3,0
5,6,1
40,53,13
17,21,4
2,6,4
2,90,88
3,5,2
3,7,4
3,25,22
2,6,4
2,2,0
1,3,2
2,3,1
3,6,3
18,20,2
3,4,1
2,4,2
2,2,0
13,13,0
2,2,0
1,1,0
22,22,0
0,0,0
2,7,5
4,4,0
2,2,0
2,2,0
62,305,243
2,2,0
3,3,0
3,3,0
2,111,109
4,4,0
2,4,2
2,7,5
2,42,40
1,2,1
3,3,0
3,3,0
3,3,0
4,6,2
2,4,2
8,8,0
23,27,4
2,2,0
3,4,1
3,4,1
2,4,2
1,2,1
2,2,0
9,9,0
6,61,55
30,45,15
2,28,26
3,5,2
2,8,6
2,2,0
3,5,2
0,0,0
1,1,0
2,2,0
2,2,0
2,2,0
3,7,4
14,16,2
3,4,1
2,2,0
2,20,18
0,0,0
2,2,0
2,4,2
3,3,0
3,25,22
2,2,0
2,2,0
3,3,0
2,2,0
6,6,0
4,4,0
406,417,11
3,3,0
3,3,0
2,5,3
77,110,33
3,9,6
2,6,4
2,2,0
2,2,0
3,9,6
2,2,0
3,11,8
2,2,0
1,2,1
3,5,2
3,7,4
16,16,0
2,4,2
3,7,4
3,5,2
3,4,1
3,5,2
6,6,0
3,11,8
2,2,0
3,3,0
2,2,0
2,2,0
3,3,0
1,2,1
2,2,0
8,8,0
2,2,0
0,0,0
2,2,0
2,2,0
8,8,0
2,2,0
81,205,124
2,2,0
2,2,0
133,135,2
18,18,0
2,4,2
10,108,98
2,2,0
3,18,15
2,2,0
1,1,0
123,159,36
3,3,0
2,2,0
1,10,9
2,2,0
2,4,2
3,3,0
0,0,0
3,3,0
0,0,0
2,28,26
2,5,3
0,0,0
1,1,0
2,2,0
3,3,0
3,6,3
2,2,0
51,51,0
4,26,22
19,19,0
3,39,36
2,4,2
2,2,0
2,6,4
3,3,0
2,2,0
2,2,0
3,3,0
2,2,0
3,7,4
2,2,0
3,3,0
3,3,0
2,12,10
3,3,0
2,2,0
1,3,2
2,9,7
23,23,0
2,6,4
3,3,0
0,0,0
1,7,6
3,3,0
2,2,0
3,6,3
2,2,0
2,2,0
0,0,0
3,3,0
3,3,0
3,15,12
2,9,7
2,2,0
2,2,0
16,17,1
2,4,2
3,15,12
1,12,11
0,0,0
2,137,135
2,2,0
3,5,2
2,2,0
2,36,34
3,11,8
3,5,2
9,9,0
2,5,3
2,2,0
2,2,0
3,7,4
2,68,66
3,3,0
3,3,0
3,3,0
9,9,0
2,2,0
2,17,15
90,90,0
1,2,1
2,3,1
2,7,5
2,2,0
11,11,0
2,2,0
3,3,0
2,14,12
2,3,1
7,7,0
2,4,2
20,20,0
61,118,57
2,12,10
18,18,0
3,3,0
1,24,23
11,17,6
4,11,7
3,5,2
8,8,0
2,4,2
2,2,0
21,22,1
1,1,0
1,2,1
3,3,0
2,2,0
61,81,20
2,6,4
3,3,0
5,5,0
4,73,69
2,2,0
4,6,2
3,5,2
2,2,0
2,2,0
100,109,9
3,3,0
2,2,0
2,2,0
4,4,0
3,3,0
2,2,0
2,2,0
2,2,0
3,9,6
1,1,0
0,0,0
2,2,0
3,39,36
2,2,0
2,2,0
3,3,0
2,2,0
2,4,2
1,1,0
0,0,0
2,2,0
3,7,4
41,41,0
6,6,0
150,160,10
3,5,2
2,16,14
2,2,0
1,2,1
3,3,0
3,3,0
3,3,0
2,4,2
3,8,5
1,6,5
3,5,2
3,5,2
5,27,22
2,2,0
2,2,0
2,2,0
2,2,0
3,3,0
10,10,0
2,75,73
31,31,0
2,2,0
3,5,2
1,1,0
3,7,4
3,6,3
2,6,4
0,0,0
2,4,2
8,8,0
4,7,3
3,3,0
5,6,1
2,2,0
0,0,0
24,24,0
3,3,0
1,1,0
5,5,0
2,7,5
3,7,4
3,5,2
2,4,2
2,2,0
1,4,3
2,2,0
10,10,0
3,3,0
3,3,0
2,2,0
3,9,6
2,2,0
2,2,0
114,114,0
3,3,0
2,2,0
1,1,0
2,2,0
2,3,1
2,2,0
0,0,0
2,2,0
2,2,0
6,6,0
3,3,0
10,13,3
0,0,0
3,3,0
4,10,6
2,2,0
1,2,1
36,36,0
2,4,2
2,2,0
3,5,2
3,3,0
3,3,0
1,2,1
3,5,2
2,16,14
2,2,0
2,13,11
3,3,0
34,34,0
3,3,0
1,56,55
2,2,0
33,33,0
3,3,0
1,2,1
11,11,0
2,6,4
2,7,5
1,2,1
3,3,0
0,0,0
2,2,0
1,11,10
13,22,9
2,124,122
3,13,10
2,2,0
2,7,5
26,28,2
3,3,0
3,3,0
2,2,0
2,2,0
2,2,0
3,3,0
2,2,0
3,3,0
8,8,0
2,3,1
20,20,0
2,2,0
17,17,0
11,11,0
2,2,0
0,0,0
3,3,0
3,4,1
2,2,0
2,5,3
3,3,0
3,3,0
8,8,0
2,4,2
8,9,1
2,4,2
0,0,0
2,2,0
3,7,4
1,1,0
2,13,11
54,78,24
3,6,3
9,13,4
3,3,0
2,2,0
2,2,0
2,2,0
3,3,0
3,16,13
2,2,0
10,10,0
133,230,97
3,4,1
3,3,0
2,3,1
2,2,0
2,2,0
3,4,1
3,3,0
2,28,26
4,4,0
7,7,0
3,3,0
2,15,13
1,2,1
3,3,0
3,7,4
2,3,1
3,3,0
2,5,3
5,5,0
3,3,0
2,6,4
2,2,0
2,4,2
2,7,5
3,3,0
22,36,14
3,3,0
1,10,9
0,0,0
3,3,0
2,2,0
63,67,4
46,46,0
58,67,9
2,5,3
0,0,0
2,2,0
3,3,0
3,5,2
3,3,0
100,157,57
2,2,0
2,2,0
1,3,2
3,3,0
1,1,0
3,7,4
2,15,13
4,18,14
2,1951,1949
1,3,2
6,6,0
2,4,2
2,2,0
2,2,0
2,2,0
2,2,0
1,88,87
406,417,11
2,2,0
8,12,4
2,2,0
2,2,0
3,3,0
2,2,0
3,3,0
0,0,0
3,4,1
3,3,0
0,0,0
3,5,2
3,3,0
2,4,2
2,2,0
2,12,10
6,35,29
6,8,2
2,2,0
2,2,0
2,2,0
1,1,0
4,84,80
2,2,0
2,2,0
3,3,0
3,3,0
2,2,0
2,4,2
2,2,0
2,2,0
2,2,0
26,26,0
2,2,0
72,163,91
2,15,13
77,79,2
2,79,77
3,3,0
2,2,0
0,0,0
2,2,0
3,3,0
2,2,0
2,2,0
2,2,0
4,5,1
3,3,0
138,245,107
26,26,0
0,0,0
2,2,0
0,0,0
2,4,2
2,69,67
3,3,0
115,117,2
2,2,0
1,9,8
3,3,0
2,2,0
2,2,0
22,22,0
2,2,0
5,7,2
2,5,3
2,2,0
1,28,27
2,2,0
2,3,1
6,6,0
1,1,0
2,4,2
1,1,0
3,3,0
32,34,2
36,131,95
8,8,0
2,2,0
2,2,0
2,2,0
0,0,0
2,2,0
2,2,0
2,4,2
14,14,0
82,127,45
1,1,0
2,3,1
3,3,0
3,6,3
0,0,0
2,2,0
2,4,2
3,3,0
2,2,0
2,2,0
2,2,0
2,6,4
2,2,0
80,80,0
2,15,13
2,2,0
2,4,2
3,3,0
2,2,0
6,35,29
6,6,0
2,4,2
1,1,0
5,5,0
8,8,0
1,13,12
46,46,0
2,2,0
2,2,0
42,44,2
2,2,0
6,16,10
5,5,0
2,2,0
3,3,0
1,1,0
3,3,0
2,2,0
5,9,4
2,2,0
2,2,0
2,2,0
3,3,0
2,3,1
2,2,0
0,0,0
3,4,1
2,6,4
3,3,0
2,2,0
3,7,4
1,4,3
1,1,0
2,2,0
3,3,0
2,2,0
2,15,13
2,2,0
57,73,16
2,2,0
1,2,1
1,11,10
2,4,2
3,7,4
100,100,0
3,3,0
3,3,0
0,0,0
2,2,0
2,2,0
0,0,0
3,3,0
2,2,0
4,39,35
3,3,0
3,3,0
11,11,0
3,19,16
3,5,2
2,2,0
2,4,2
3,7,4
2,12,10
2,2,0
3,19,16
2,2,0
100,200,100
2,2,0
3,4,1
2,7,5
8,16,8
2,4,2
2,15,13
2,4,2
2,8,6
1,2,1
3,3,0
2,2,0
0,0,0
1,4,3
3,3,0
2,2,0
2,2,0
0,0,0
0,0,0
2,4,2
3,3,0
2,2,0
0,0,0
0,0,0
3,3,0
3,6,3
2,2,0
0,0,0
1,3,2
3,4,1
2,2,0
2,2,0
2,2,0
3,3,0
8,8,0
1,1,0
3,3,0
0,0,0
2,2,0
2,2,0
235,638,403
2,2,0
63,67,4
3,3,0
1,1,0
4,4,0
1,3,2
3,3,0
2,4,2
2,8,6
2,2,0
3,3,0
2,2,0
2,6,4
2,4,2
3,3,0
2,10,8
3,3,0
2,2,0
12,12,0
2,2,0
9,9,0
3,3,0
2,2,0
2,2,0
2,2,0
2,2,0
2,2,0
1,2,1
3,3,0
2,2,0
2,2,0
3,7,4
0,0,0
2,4,2
3,3,0
3,13,10
2,92,90
0,0,0
4,10,6
2,2,0
2,8,6
8,12,4
3,4,1
2,2,0
7,7,0
7,10,3
2,9,7
2,12,10
2,2,0
2,2,0
2,2,0
1,1,0
3,6,3
2,2,0
1,2,1
3,9,6
2,2,0
2,4,2
1,3,2
3,3,0
2,2,0
2,2,0
97,143,46
2,2,0
46,54,8
3,3,0
3,3,0
2,2,0
2,2,0
58,67,9
2,4,2
2,2,0
3,3,0
3,11,8
2,6,4
2,2,0
2,2,0
3,6,3
2,2,0
0,0,0
8,8,0
3,3,0
2,4,2
2,12,10
1,6,5
1,1,0
3,11,8
2,23,21
21,27,6
2,4,2
2,2,0
3,6,3
2,2,0
1,1,0
0,0,0
17,112,95
2,4,2
0,0,0
2,2,0
1,24,23
1,18,17
3,3,0
60,60,0
0,0,0
1,1,0
2,6,4
2,2,0
2,2,0
3,7,4
2,2,0
1,2,1
2,2,0
3,4,1
3,4,1
2,2,0
2,4,2
3,4,1
2,2,0
2,2,0
2,4,2
2,2,0
0,0,0
0,0,0
2,2,0
2,2,0
2,2,0
2,2,0
3,6,3
8,8,0
2,4,2
2,2,0
2,2,0
3,4,1
3,7,4
2,5,3
2,5,3
3,3,0
2,2,0
3,7,4
2,2,0
3,3,0
2,6,4
0,0,0
2,4,2
2,4,2
2,2,0
1,6,5
3,3,0
2,2,0
3,7,4
0,0,0
2,2,0
2,4,2
3,5,2
3,3,0
3,29,26
8,8,0
3,46,43
54,54,0
50,95,45
3,3,0
2,10,8
3,3,0
2,117,115
3,3,0
2,2,0
2,2,0
22,22,0
2,4,2
1,54,53
2,4,2
2,4,2
10,187,177
81,207,126
3,5,2
2,11,9
3,9,6
3,13,10
2,8,6
2,5,3
0,0,0
8,8,0
3,7,4
28,40,12
5,7,2
2,2,0
5,5,0
20,20,0
2,5,3
2,2,0
2,8,6
2,47,45
2,2,0
18,18,0
3,3,0
2,4,2
2,2,0
3,9,6
2,2,0
2,2,0
2,2,0
2,4,2
2,2,0
2,2,0
2,8,6
0,0,0
4,4,0
2,2,0
0,0,0
1,1,0
3,7,4
0,0,0
2,6,4
0,0,0
2,2,0
2,2,0
2,2,0
3,3,0
3,9,6
3,5,2
3,7,4
2,14,12
0,0,0
2,2,0
10,13,3
20,41,21
3,3,0
66,66,0
2,2,0
2,52,50
2,4,2
10,10,0
3,12,9
10,12,2
3,4,1
3,3,0
3,3,0
1,54,53
2,2,0
2,2,0
2,2,0
2,2,0
2,2,0
3,13,10
2,2,0
2,4,2
2,2,0
5,6,1
3,4,1
2,2,0
2,2,0
2,3,1
3,3,0
2,10,8
2,2,0
1,1,0
23,23,0
2,2,0
2,8,6
1,1,0
2,2,0
3,5,2
2,12,10
14,23,9
2,6,4
20,20,0
4,4,0
2,2,0
2,2,0
1,1,0
2,2,0
3,5,2
2,10,8
2,4,2
1,1,0
2,2,0
2,2,0
2,2,0
11,15,4
0,0,0
7,37,30
3,9,6
0,0,0
13,16,3
3,8,5
2,17,15
2,2,0
2,2,0
2,2,0
3,5,2
3,3,0
0,0,0
2,2,0
2,2,0
2,2,0
2,4,2
2,2,0
2,14,12
2,3,1
3,5,2
2,2,0
3,3,0
8,28,20
5,34,29
3,9,6
3,5,2
3,3,0
22,70,48
2,3,1
1,12,11
2,5,3
3,3,0
2,2,0
2,2,0
2,3,1
3,3,0
3,3,0
1,29,28
45,48,3
2,2,0
2,2,0
2,4,2
2,4,2
2,6,4
2,2,0
2,2,0
0,0,0
2,2,0
8,8,0
6,6,0
3,12,9
2,4,2
1,5,4
3,3,0
0,0,0
2,6,4
8,8,0
1,2,1
3,3,0
4,4,0
2,3,1
3,7,4
41,43,2
3,3,0
68,69,1
3,3,0
3,3,0
3,5,2
2,2,0
6,10,4
3,3,0
2,4,2
2,2,0
3,3,0
0,0,0
2,2,0
2,10,8
80,125,45
2,2,0
2,2,0
13,41,28
2,28,26
2,15,13
6,16,10
2,2,0
2,2,0
2,2,0
2,2,0
3,3,0
3,162,159
2,5,3
3,3,0
2,2,0
2,2,0
1,2,1
3,4,1
2,27,25
2,11,9
1,1,0
9,9,0
2,2,0
3,5,2
2,2,0
2,2,0
2,2,0
0,0,0
6,6,0
2,4,2
10,44,34
13,148,135
1,1,0
3,3,0
2,2,0
2,2,0
2,3,1
2,2,0
7,7,0
2,2,0
2,2,0
2,2,0
1,2,1
1,12,11
2,2,0
2,2,0
2,4,2
11,11,0
2,2,0
1,2,1
0,0,0
1,1,0
2,2,0
3,5,2
26,28,2
2,2,0
2,2,0
0,0,0
9,17,8
20,20,0
2,2,0
2,3,1
3,3,0
2,2,0
3,5,2
2,2,0
3,3,0
20,20,0
2,2,0
2,2,0
6,6,0
35,93,58
1,1,0
2,2,0
3,7,4
33,34,1
2,2,0
2,2,0
31,88,57
4,4,0
5,5,0
2,2,0
2,2,0
3,3,0
3,3,0
3,3,0
8,11,3
2,4,2
2,4,2
3,3,0
3,9,6
3,9,6
1,3,2
7,7,0
3,3,0
2,2,0
0,0,0
2,3,1
2,14,12
2,2,0
2,2,0
3,3,0
3,6,3
2,2,0
2,8,6
2,4,2
3,9,6
3,4,1
2,10,8
3,3,0
1,1,0
3,5,2
43,43,0
1,1,0
2,2,0
3,5,2
26,29,3
1,8,7
2,2,0
2,2,0
2,2,0
2,2,0
2,2,0
2,2,0
2,2,0
2,2,0
2,2,0
2,2,0
3,3,0
2,9,7
2,2,0
1,61,60
2,2,0
0,0,0
3,10,7
3,5,2
2,2,0
2,2,0
2,12,10
3,7,4
1,2,1
1,1,0
3,3,0
109,109,0
2,2,0
3,3,0
2,2,0
2,2,0
2,4,2
3,8,5
3,15,12
3,3,0
2,27,25
3,3,0
2,2,0
2,4,2
2,2,0
3,6,3
3,9,6
2,12,10
1,2,1
2,27,25
2,85,83
4,24,20
2,2,0
3,5,2
3,10,7
2,2,0
4,5,1
2,8,6
4,6,2
2,2,0
2,2,0
3,3,0
2,2,0
3,3,0
3,5,2
3,5,2
2,2,0
2,6,4
2,2,0
3,3,0
3,5,2
3,3,0
8,8,0
3,3,0
3,3,0
2,2,0
60,62,2
2,2,0
2,6,4
2,3,1
5,5,0
2,2,0
2,3,1
3,3,0
2,3,1
8,8,0
4,49,45
0,0,0
2,2,0
2,8,6
50,57,7
2,2,0
0,0,0
4,4,0
0,0,0
4,5,1
3,9,6
3,7,4
3,3,0
11,22,11
1,2,1
2,2,0
2,2,0
2,6,4
2,2,0
1,1,0
0,0,0
0,0,0
3,3,0
3,11,8
2,2,0
2,2,0
2,26,24
2,2,0
3,3,0
13,13,0
2,2,0
2,16,14
3,8,5
0,0,0
133,134,1
2,2,0
2,45,43
1,2,1
3,8,5
6,6,0
2,2,0
3,5,2
2,5,3
2,5,3
3,3,0
2,2,0
3,8,5
2,2,0
3,5,2
30,32,2
2,7,5
15,16,1
2,4,2
3,5,2
2,6,4
3,3,0
2,4,2
2,10,8
2,5,3
0,0,0
3,3,0
2,4,2
1,2,1
3,3,0
2,6,4
2,2,0
2,19,17
2,2,0
5,5,0
3,7,4
2,2,0
1,3,2
2,2,0
4,4,0
1,3,2
3,7,4
4,4,0
2,2,0
2,2,0
2,2,0
9,9,0
3,3,0
2,2,0
2,4,2
3,3,0
3,6,3
3,3,0
30,69,39
3,3,0
3,3,0
3,3,0
2,6,4
1,1,0
4,4,0
2,12,10
2,2,0
2,2,0
2,7,5
3,3,0
21,21,0
3,6,3
10,10,0
1,4,3
20,20,0
2,2,0
303,303,0
2,20,18
46,46,0
1,1,0
2,72,70
2,2,0
3,8,5
3,3,0
3,6,3
1,7,6
2,4,2
2,2,0
70,80,10
2,4,2
2,2,0
2,2,0
0,0,0
3,8,5
3,5,2
2,2,0
3,3,0
0,0,0
3,4,1
4,4,0
1,1,0
2,2,0
1,7,6
2,4,2
17,17,0
18,18,0
2,3,1
2,4,2
2,2,0
2,69,67
9,9,0
3,6,3
2,4,2
2,6,4
2,4,2
3,3,0
2,2,0
2,6,4
1,1,0
1,2,1
2,15,13
2,2,0
3,3,0
3,5,2
2,2,0
2,2,0
71,71,0
2,6,4
2,2,0
2,8,6
2,2,0
2,8,6
2,5,3
3,3,0
2,5,3
2,2,0
3,3,0
2,27,25
2,2,0
2,2,0
1,1,0
3,3,0
3,3,0
2,2,0
2,2,0
8,67,59
2,2,0
3,16,13
3,3,0
3,3,0
3,8,5
2,4,2
2,2,0
2,27,25
2,2,0
2,4,2
2,2,0
3,3,0
2,15,13
2,2,0
4,4,0
101,101,0
0,0,0
2,3,1
2,2,0
2,4,2
2,2,0
2,2,0
3,13,10
1,1,0
3,3,0
4,4,0
11,11,0
2,2,0
2,6,4
2,2,0
2,2,0
3,17,14
2,4,2
3,5,2
2,2,0
3,3,0
50,80,30
2,2,0
1,1,0
87,87,0
2,3,1
0,0,0
1,2,1
3,3,0
3,5,2
3,7,4
2,2,0
3,7,4
2,2,0
3,4,1
0,0,0
5,7,2
1,1,0
1,103,102
2,23,21
6,6,0
32,102,70
2,5,3
2,82,80
3,3,0
4,4,0
3,10,7
3,3,0
2,2,0
2,4,2
11,11,0
26,26,0
3,3,0
100,109,9
2,2,0
2,4,2
2,2,0
2,2,0
2,97,95
2,2,0
2,2,0
1,1,0
2,8,6
1,8,7
2,2,0
2,2,0
7,7,0
2,7,5
2,2,0
2,8,6
6,35,29
11,11,0
15,15,0
2,6,4
3,3,0
2,4,2
2,2,0
2,2,0
3,36,33
3,3,0
1,2,1
2,2,0
2,2,0
2,2,0
3,5,2
3,3,0
1,2,1
114,165,51
2,2,0
0,0,0
3,9,6
2,2,0
44,86,42
2,2,0
2,6,4
3,4,1
3,11,8
2,7,5
2,2,0
2,2,0
3,3,0
3,5,2
3,3,0
0,0,0
3,3,0
2,2,0
3,3,0
2,3,1
3,5,2
3,5,2
3,5,2
2,4,2
2,2,0
2,2,0
3,3,0
3,5,2
1,2,1
22,22,0
0,0,0
3,13,10
3,3,0
2,5,3
2,2,0
2,6,4
2,4,2
2,2,0
4,6,2
3,3,0
0,0,0
10,11,1
3,3,0
3,8,5
66,385,319
2,2,0
3,3,0
1,7,6
2,11,9
3,8,5
2,2,0
2,2,0
3,7,4
2,8,6
3,5,2
2,2,0
1,1,0
3,10,7
3,3,0
3,3,0
2,2,0
60,71,11
2,2,0
0,0,0
10,21,11
3,3,0
25,25,0
2,8,6
2,2,0
9,9,0
9,9,0
25,25,0
2,2,0
3,3,0
3,5,2
2,80,78
3,3,0
2,2,0
3,3,0
81,205,124
1,3,2
2,2,0
2,2,0
2,2,0
2,2,0
2,2,0
2,15,13
2,10,8
2,2,0
6,6,0
1,5,4
3,49,46
2,2,0
3,3,0
28,83,55
2,2,0
1,2,1
2,2,0
4,11,7
2,4,2
3,5,2
3,3,0
3,3,0
2,2,0
2,11,9
2,2,0
2,2,0
2,2,0
2,6,4
2,2,0
3,14,11
3,3,0
3,3,0
3,3,0
2,2,0
2,4,2
2,19,17
3,3,0
8,8,0
4,4,0
2,3,1
2,7,5
3,4,1
3,5,2
2,2,0
2,5,3
2,2,0
0,0,0
2,4,2
3,3,0
2,2,0
1,2,1
3,7,4
2,2,0
1,2,1
2,4,2
2,2,0
100,109,9
92,153,61
2,2,0
2,4,2
1,1,0
43,45,2
9,9,0
9,9,0
2,2,0
2,2,0
3,3,0
2,2,0
3,3,0
2,2,0
5,5,0
7,7,0
3,3,0
3,3,0
2,6,4
2,2,0
4,16,12
2,3,1
2,2,0
7,8,1
2,6,4
3,7,4
21,30,9
3,3,0
2,2,0
2,5,3
2,4,2
2,2,0
2,7,5
40,61,21
6,6,0
2,8,6
3,5,2
3,9,6
4,27,23
4,37,33
2,30,28
0,0,0
2,2,0
2,2,0
2,2,0
2,2,0
3,3,0
3,3,0
1,1,0
1,2,1
3,3,0
2,2,0
2,2,0
2,2,0
3,3,0
2,6,4
2,2,0
1,40,39
1,3,2
67,88,21
2,2,0
2,3,1
1,2,1
0,0,0
2,2,0
89,91,2
0,0,0
2,2,0
2,2,0
100,104,4
1,2,1
3,16,13
2,2,0
2,2,0
5,44,39
2,2,0
97,97,0
2,2,0
2,2,0
2,2,0
3,3,0
0,0,0
2,2,0
2,2,0
3,5,2
2,2,0
6,6,0
1,2,1
3,5,2
2,2,0
2,4,2
3,7,4
50,80,30
2,2,0
3,5,2
2,4,2
2,2,0
1,1,0
9,9,0
2,8,6
2,2,0
36,73,37
22,32,10
1,3,2
2,2,0
3,5,2
0,0,0
2,2,0
6,27,21
2,8,6
3,4,1
2,2,0
2,7,5
3,3,0
3,8,5
1,27,26
3,3,0
2,2,0
2,6,4
3,4,1
2,5,3
2,2,0
2,2,0
8,8,0
3,3,0
2,2,0
9,47,38
2,8,6
2,2,0
2,4,2
2,2,0
8,8,0
3,3,0
3,3,0
2,4,2
2,2,0
2,2,0
0,0,0
3,7,4
2,2,0
2,2,0
2,4,2
0,0,0
3,3,0
3,3,0
3,3,0
11,11,0
3,5,2
3,3,0
19,19,0
2,4,2
2,2,0
2,2,0
2,2,0
2,4,2
2,12,10
63,67,4
3,8,5
2,2,0
2,2,0
2,2,0
2,16,14
134,134,0
3,3,0
2,3,1
0,0,0
2,2,0
2,2,0
3,3,0
2,2,0
3,3,0
3,3,0
3,3,0
19,19,0
2,2,0
2,2,0
30,129,99
4,4,0
3,17,14
2,2,0
0,0,0
2,2,0
3,5,2
3,3,0
3,3,0
15,16,1
0,0,0
3,3,0
2,2,0
4,14,10
3,3,0
2,2,0
35,220,185
2,2,0
44,55,11
3,6,3
2,3,1
2,2,0
1,3,2
2,2,0
88,282,194
2,2,0
2,4,2
3,27,24
2,4,2
1,7,6
3,7,4
3,3,0
9,36,27
3,9,6
2,2,0
3,10,7
65,69,4
1,3,2
6,6,0
3,7,4
3,7,4
0,0,0
2,2,0
2,3,1
2,2,0
2,2,0
5,10,5
8,11,3
3,8,5
1,2,1
5,5,0
2,2,0
1,3,2
2,6,4
23,24,1
16,29,13
8,67,59
3,5,2
2,2,0
8,9,1
2,4,2
3,10,7
2,2,0
2,20,18
2,4,2
3,3,0
9,9,0
2,4,2
2,2,0
1,19,18
2,5,3
2,2,0
2,8,6
2,2,0
2,2,0
2,2,0
2,2,0
2,2,0
1,2,1
2,2,0
3,3,0
3,5,2
2,2,0
2,2,0
18,20,2
4,4,0
3,5,2
3,7,4
18,18,0
3,3,0
3,3,0
2,2,0
2,2,0
3,4,1
2,4,2
2,2,0
4,4,0
3,5,2
3,5,2
3,3,0
2,4,2
4,9,5
2,4,2
3,8,5
3,3,0
2,3,1
2,2,0
3,3,0
2,2,0
6,6,0
2,2,0
3,3,0
2,4,2
3,7,4
1,4,3
3,6,3
147,147,0
2,4,2
2,2,0
3,6,3
3,3,0
2,12,10
2,2,0
2,5,3
2,6,4
2,2,0
2,2,0
2,2,0
2,2,0
1,1,0
2,2,0
4,4,0
2,2,0
105,155,50
5,5,0
2,4,2
2,3,1
2,3,1
2,3,1
3,3,0
2,2,0
2,37,35
2,2,0
3,3,0
2,2,0
51,51,0
2,9,7
3,3,0
182,182,0
2,2,0
2,4,2
3,3,0
7,8,1
2,2,0
2,2,0
2,2,0
1,1,0
3,5,2
2,2,0
2,2,0
2,46,44
3,3,0
16,84,68
2,2,0
3,6,3
2,82,80
2,9,7
2,3,1
2,2,0
3,3,0
2,2,0
4,14,10
2,2,0
2,4,2
21,21,0
2,2,0
23,23,0
2,2,0
2,2,0
2,2,0
2,2,0
4,9,5
2,2,0
2,4,2
2,84,82
2,2,0
2,2,0
2,4,2
3,14,11
2,2,0
3,6,3
2,2,0
8,8,0
3,3,0
3,3,0
70,80,10
2,2,0
2,2,0
2,2,0
58,58,0
6,6,0
2,3,1
2,2,0
42,116,74
2,2,0
3,8,5
2,2,0
3,7,4
70,70,0
15,15,0
2,6,4
3,3,0
2,2,0
2,2,0
2,2,0
2,4,2
2,2,0
4,4,0
1,20,19
2,8,6
2,3,1
1,76,75
2,2,0
2,12,10
175,175,0
2,2,0
56,56,0
2,6,4
3,10,7
3,3,0
8,8,0
2,2,0
2,2,0
6,6,0
2,5,3
20,20,0
2,21,19
2,2,0
139,216,77
6,10,4
2,4,2
3,5,2
0,0,0
1,2,1
2,4,2
2,4,2
4,56,52
2,2,0
3,3,0
2,2,0
1,9,8
2,2,0
6,6,0
2,2,0
3,3,0
5,7,2
2,4,2
3,7,4
8,8,0
1,3,2
2,2,0
3,3,0
3,11,8
2,2,0
1,23,22
1,20,19
3,3,0
2,7,5
2,2,0
3,8,5
2,2,0
40,853,813
0,0,0
34,41,7
2,2,0
2,52,50
45,225,180
3,3,0
13,140,127
3,6,3
0,0,0
3,3,0
2,2,0
3,3,0
1,24,23
0,0,0
8,8,0
3,5,2
2,2,0
2,2,0
3,3,0
8,8,0
5,15,10
3,3,0
2,26,24
2,4,2
2,20,18
2,2,0
2,27,25
2,2,0
6,6,0
2,2,0
2,2,0
8,8,0
2,2,0
2,2,0
2,2,0
0,0,0
5,9,4
3,3,0
0,0,0
3,5,2
2,6,4
3,3,0
3,7,4
2,4,2
0,0,0
2,2,0
62,154,92
2,6,4
3,5,2
3,5,2
3,3,0
2,2,0
3,6,3
3,9,6
73,173,100
7,9,2
3,5,2
2,5,3
2,7,5
1,2,1
3,3,0
2,8,6
3,3,0
0,0,0
2,6,4
3,5,2
2,12,10
2,4,2
2,2,0
2,4,2
1,1,0
2,2,0
2,2,0
3,3,0
0,0,0
8,8,0
2,2,0
3,18,15
2,5,3
3,7,4
79,79,0
0,0,0
1,2,1
14,58,44
2,2,0
3,3,0
3,5,2
2,4,2
3,3,0
2,2,0
1,2,1
3,9,6
4,4,0
2,2,0
2,4,2
2,2,0
2,2,0
2,2,0
1,7,6
5,5,0
1,2,1
2,2,0
1,1,0
9,9,0
3,3,0
3,6,3
3,3,0
2,4,2
1,2,1
3,13,10
17,19,2
3,3,0
2,2,0
3,5,2
3,5,2
2,8,6
2,2,0
1,9,8
3,5,2
2,2,0
6,7,1
1,138,137
3,3,0
3,3,0
14,14,0
2,2,0
2,26,24
2,4,2
2,2,0
84,180,96
3,7,4
3,5,2
3,3,0
1,3,2
38,38,0
3,9,6
1,3,2
2,2,0
2,24,22
3,5,2
1,1,0
1,1,0
2,8,6
2,4,2
0,0,0
0,0,0
3,3,0
3,5,2
2,2,0
2,2,0
2,2,0
3,3,0
2,3,1
3,3,0
2,2,0
22,22,0
2,2,0
2,49,47
0,0,0
1,1,0
100,195,95
2,3,1
59,60,1
2,2,0
2,2,0
3,4,1
2,4,2
2,2,0
2,2,0
0,0,0
48,52,4
8,8,0
1,6,5
3,3,0
1,78,77
4,5,1
2,18,16
2,2,0
1,2,1
2,2,0
2,2,0
3,3,0
2,783,781
3,5,2
2,2,0
3,5,2
3,3,0
2,2,0
1,2,1
3,8,5
2,14,12
2,2,0
3,3,0
107,164,57
2,2,0
2,2,0
2,3,1
10,10,0
2,4,2
3,5,2
2,5,3
3,3,0
7,7,0
3,6,3
3,20,17
2,2,0
51,53,2
0,0,0
2,2,0
3,3,0
56,58,2
2,15,13
3,5,2
2,30,28
93,173,80
2,2,0
2,9,7
2,4,2
2,2,0
2,2,0
3,3,0
4,9,5
2,2,0
2,2,0
2,6,4
3,3,0
2,10,8
3,6,3
43,43,0
2,2,0
3,31,28
2,3,1
2,23,21
3,5,2
3,8,5
2,2,0
138,245,107
4,4,0
2,2,0
2,4,2
2,2,0
0,0,0
46,98,52
2,2,0
6,14,8
3,11,8
2,2,0
0,0,0
1,27,26
2,4,2
3,7,4
2,2,0
3,5,2
3,5,2
2,2,0
3,3,0
2,2,0
2,39,37
3,3,0
406,417,11
2,8,6
2,3,1
2,7,5
2,2,0
2,2,0
2,2,0
3,5,2
2,6,4
18,33,15
3,6,3
3,4,1
11,11,0
2,2,0
2,15,13
2,17,15
137,140,3
2,2,0
19,25,6
0,0,0
1,1,0
2,2,0
2,6,4
22,50,28
2,4,2
3,3,0
1,4,3
1,3,2
2,59,57
2,6,4
2,2,0
2,3,1
3,7,4
2,2,0
3,3,0
3,7,4
2,2,0
3,3,0
2,2,0
4,42,38
1,3,2
2,2,0
2,5,3
3,5,2
3,5,2
2,63,61
3,5,2
2,2,0
2,2,0
2,2,0
155,186,31
2,4,2
2,3,1
1,3,2
0,0,0
2,6,4
2,4,2
8,8,0
2,6,4
2,14,12
2,10,8
1,1,0
2,3,1
4,5,1
4,4,0
2,7,5
3,8,5
3,9,6
1,2,1
59,134,75
2,3,1
2,7,5
3,3,0
2,2,0
3,3,0
3,3,0
4,11,7
2,2,0
1,3,2
8,29,21
2,2,0
2,2,0
3,5,2
2,8,6
3,5,2
2,19,17
2,24,22
2,2,0
3,3,0
91,96,5
3,6,3
2,4,2
2,2,0
6,22,16
2,2,0
3,3,0
2,4,2
2,2,0
1,3,2
8,8,0
3,4,1
2,2,0
3,3,0
3,6,3
1,1,0
2,2,0
59,134,75
3,8,5
3,6,3
2,10,8
0,0,0
1,1,0
1,1,0
2,2,0
3,10,7
3,13,10
2,3,1
2,4,2
3,7,4
2,3,1
2,4,2
3,3,0
2,2,0
2,8,6
3,3,0
2,4,2
2,2,0
3,5,2
1,3,2
2,80,78
2,80,78
2,4,2
2,3,1
2,2,0
2,6,4
2,4,2
2,2,0
2,2,0
12,25,13
4,19,15
3,3,0
3,5,2
3,3,0
2,2,0
2,3,1
3,3,0
2,31,29
3,7,4
3,3,0
2,69,67
2,4,2
2,2,0
3,10,7
11,11,0
2,2,0
3,3,0
1,27,26
17,19,2
2,4,2
2,3,1
2,2,0
4,10,6
2,38,36
3,5,2
2,4,2
3,3,0
2,15,13
7,7,0
2,7,5
2,10,8
0,0,0
3,4,1
2,2,0
2,15,13
2,2,0
3,4,1
156,156,0
2,2,0
2,2,0
3,3,0
3,11,8
2,4,2
3,3,0
3,3,0
3,7,4
2,15,13
2,84,82
1,1,0
80,83,3
9,9,0
2,2,0
43,54,11
3,21,18
2,2,0
2,2,0
2,2,0
0,0,0
2,2,0
2,4,2
2,4,2
2,6,4
2,4,2
3,3,0
9,9,0
2,2,0
2,2,0
2,2,0
1,3,2
3,3,0
60,60,0
1,3,2
2,5,3
1,1,0
1,2,1
2,8,6
2,2,0
2,2,0
2,4,2
2,4,2
2,2,0
4,4,0
2,2,0
3,3,0
3,3,0
2,2,0
10,10,0
0,0,0
1,14,13
2,2,0
2,2,0
2,2,0
2,4,2
100,104,4
2,4,2
3,4,1
2,4,2
10,10,0
2,2,0
2,2,0
2,2,0
4,4,0
1,1,0
3,7,4
2,8,6
2,2,0
100,102,2
2,2,0
3,3,0
3,3,0
3,3,0
406,417,11
8,8,0
2,2,0
3,14,11
2,4,2
3,3,0
2,2,0
3,3,0
2,2,0
16,16,0
3,3,0
2,2,0
9,9,0
2,8,6
3,7,4
38,38,0
2,2,0
2,2,0
3,3,0
40,144,104
2,2,0
3,14,11
2,2,0
0,0,0
2,5,3
2,2,0
1,2,1
3,5,2
2,28,26
2,2,0
3,7,4
2,8,6
2,2,0
2,27,25
2,4,2
2,4,2
3,9,6
2,2,0
2,4,2
0,0,0
0,0,0
21,75,54
2,2,0
10,10,0
3,3,0
0,0,0
2,2,0
3,5,2
3,3,0
4,4,0
2,2,0
3,9,6
1,1,0
5,5,0
8,8,0
2,12,10
30,30,0
3,3,0
3,3,0
11,11,0
3,104,101
100,104,4
3,3,0
5,5,0
4,4,0
0,0,0
3,7,4
2,4,2
2,2,0
2,8,6
3,5,2
1,14,13
3,3,0
2,4,2
7,14,7
2,2,0
3,6,3
2,6,4
30,30,0
8,8,0
3,5,2
2,2,0
46,46,0
3,3,0
2,2,0
1,2,1
3,3,0
8,8,0
4,13,9
3,3,0
53,53,0
3,3,0
2,2,0
2,4,2
81,205,124
2,2,0
3,6,3
3,3,0
2,2,0
3,3,0
2,2,0
4,6,2
17,99,82
0,0,0
2,3,1
56,56,0
2,4,2
1,1,0
2,2,0
2,2,0
3,3,0
2,2,0
2,2,0
2,4,2
0,0,0
3,12,9
2,6,4
5,5,0
2,2,0
3,3,0
3,3,0
2,2,0
3,3,0
3,5,2
1,1,0
6,7,1
2,3,1
2,3,1
2,30,28
2,2,0
2,12,10
2,2,0
2,7,5
30,30,0
2,8,6
2,2,0
3,5,2
3,5,2
0,0,0
2,2,0
3,3,0
2,2,0
1,1,0
4,52,48
2,2,0
2,46,44
3,12,9
3,3,0
2,2,0
2,4,2
2,9,7
3,3,0
3,3,0
1,4,3
0,0,0
2,11,9
2,4,2
3,3,0
2,4,2
3,3,0
2,13,11
52,53,1
0,0,0
3,3,0
2,2,0
2,2,0
11,38,27
2,7,5
4,11,7
3,3,0
3,3,0
2,5,3
2,2,0
3,5,2
3,3,0
7,7,0
58,58,0
3,5,2
3,5,2
2,76,74
2,2,0
18,46,28
2,4,2
1,1,0
3,10,7
2,2,0
4,6,2
3,3,0
2,2,0
3,25,22
0,0,0
3,3,0
2,2,0
36,38,2
2,2,0
3,7,4
2,6,4
2,2,0
1,20,19
5,12,7
3,3,0
20,20,0
2,2,0
0,0,0
2,2,0
3,3,0
0,0,0
1,2,1
2,4,2
1,3,2
3,5,2
2,2,0
3,3,0
3,5,2
3,3,0
2,2,0
2,2,0
2,2,0
2,2,0
2,2,0
2,4,2
1,23,22
2,2,0
2,4,2
2,2,0
2,2,0
2,2,0
37,108,71
2,18,16
0,0,0
4,4,0
20,20,0
2,2,0
3,3,0
3,3,0
6,6,0
3,4,1
2,2,0
1,2,1
2,2,0
11,11,0
233,532,299
2,2,0
2,4,2
2,10,8
3,3,0
2,2,0
3,4,1
2,2,0
2,2,0
2,4,2
94,94,0
2,23,21
1,12,11
3,4,1
2,2,0
8,8,0
2,2,0
3,3,0
3,3,0
2,6,4
2,2,0
2,2,0
2,2,0
3,13,10
2,4,2
2,2,0
3,3,0
2,3,1
5,11,6
79,79,0
28,42,14
5,5,0
10,22,12
3,3,0
6,6,0
19,34,15
3,14,11
2,4,2
1,1,0
2,18,16
3,3,0
3,3,0
3,3,0
1,2,1
0,0,0
0,0,0
2,4,2
3,3,0
2,2,0
3,4,1
24,24,0
3,3,0
2,11,9
2,2,0
0,0,0
4,4,0
3,3,0
0,0,0
2,11,9
2,4,2
2,2,0
33,36,3
2,2,0
3,5,2
2,2,0
3,5,2
98,109,11
2,2,0
2,2,0
15,35,20
2,6,4
2,6,4
2,2,0
6,34,28
1,1,0
2,2,0
2,82,80
2,87,85
2,2,0
2,2,0
2,2,0
2,2,0
2,2,0
2,3,1
7,9,2
3,3,0
2,12,10
2,2,0
6,6,0
2,2,0
3,18,15
3,3,0
2,2,0
0,0,0
2,2,0
4,4,0
3,9,6
3,3,0
3,14,11
2,2,0
2,6,4
0,0,0
3,3,0
3,3,0
5,5,0
2,2,0
3,5,2
1,2,1
3,3,0
2,2,0
2,2,0
3,3,0
2,2,0
3,3,0
2,2,0
2,2,0
100,109,9
4,6,2
1,24,23
0,0,0
6,22,16
2,2,0
4,45,41
3,3,0
2,11,9
2,2,0
2,4,2
1,40,39
3,3,0
2,4,2
2,2,0
3,3,0
13,13,0
2,3,1
2,8,6
2,4,2
1,2,1
2,6,4
43,43,0
2,2,0
1,3,2
2,2,0
2,2,0
3,3,0
3,5,2
1,2,1
3,4,1
6,6,0
3,3,0
2,2,0
3,31,28
3,3,0
1,3,2
1,2,1
1,8,7
3,3,0
3,3,0
2,2,0
3,10,7
1,15,14
2,18,16
2,2,0
2,2,0
0,0,0
2,2,0
3,9,6
2,2,0
2,4,2
8,24,16
2,2,0
1,77,76
2,5,3
2,2,0
3,3,0
98,197,99
2,2,0
3,3,0
2,4,2
2,2,0
3,3,0
2,8,6
7,16,9
30,51,21
225,226,1
2,4,2
2,2,0
2,10,8
0,0,0
2,8,6
2,4,2
1,2,1
3,10,7
3,3,0
2,2,0
2,5,3
0,0,0
2,2,0
8,8,0
56,56,0
2,2,0
3,3,0
2,11,9
4,7,3
37,39,2
2,4,2
9,9,0
2,15,13
2,2,0
3,3,0
3,4,1
2,2,0
2,4,2
0,0,0
3,7,4
0,0,0
1,14,13
3,5,2
3,3,0
1,4,3
2,2,0
3,3,0
2,3,1
2,11,9
3,19,16
3,3,0
3,3,0
2,2,0
7,7,0
2,2,0
2,4,2
34,36,2
7,7,0
3,3,0
2,4,2
5,5,0
3,5,2
2,2,0
3,5,2
3,3,0
2,2,0
0,0,0
3,3,0
3,3,0
39,39,0
85,85,0
9,9,0
2,12,10
48,153,105
2,10,8
4,5,1
2,3,1
2,2,0
2,2,0
2,2,0
3,3,0
2,2,0
41,51,10
2,2,0
2,2,0
2,2,0
2,25,23
2,2,0
2,81,79
2,25,23
3,15,12
2,2,0
2,2,0
109,109,0
3,3,0
3,7,4
48,48,0
8,9,1
2,3,1
1,2,1
0,0,0
1,3,2
3,3,0
22,23,1
2,2,0
2,3,1
17,17,0
3,7,4
78,85,7
2,10,8
2,3,1
3,3,0
3,7,4
2,2,0
2,2,0
3,3,0
13,16,3
2,2,0
94,94,0
0,0,0
1,8,7
42,42,0
2,5,3
3,3,0
17,29,12
70,80,10
2,2,0
2,2,0
100,102,2
6,22,16
1,1,0
9,9,0
57,58,1
100,100,0
2,2,0
2,2,0
2,2,0
3,5,2
2,2,0
3,3,0
2,11,9
2,2,0
2,18,16
18,18,0
2,2,0
5,10,5
3,4,1
2,6,4
0,0,0
115,119,4
138,245,107
3,3,0
0,0,0
2,2,0
2,4,2
2,2,0
11,17,6
3,3,0
2,2,0
2,2,0
2,4,2
2,2,0
2,10,8
99,99,0
1,1,0
38,66,28
3,5,2
74,96,22
2,4,2
2,8,6
50,51,1
51,57,6
2,2,0
2,2,0
2,2,0
56,58,2
25,25,0
2,2,0
2,7,5
2,18,16
2,6,4
0,0,0
2,8,6
35,35,0
2,2,0
3,3,0
2,2,0
0,0,0
2,2,0
0,0,0
2,7,5
2,2,0
9,9,0
2,2,0
2,2,0
3,3,0
3,3,0
2,6,4
3,3,0
2,2,0
2,4,2
2,8,6
3,3,0
3,6,3
1,2,1
4,4,0
2,2,0
3,3,0
3,8,5
2,4,2
2,2,0
3,5,2
3,5,2
2,4,2
2,2,0
2,2,0
46,54,8
3,3,0
2,2,0
7,10,3
2,4,2
5,5,0
26,32,6
2,2,0
3,3,0
20,20,0
2,2,0
2,2,0
2,2,0
1,2,1
3,3,0
0,0,0
2,5,3
5,5,0
2,4,2
19,19,0
2,11,9
0,0,0
3,3,0
7,7,0
2,2,0
2,2,0
3,11,8
2,6,4
2,9,7
2,2,0
2,6,4
2,3,1
83,83,0
2,4,2
2,2,0
2,80,78
2,2,0
2,2,0
0,0,0
12,12,0
2,2,0
8,8,0
2,2,0
1,1,0
3,3,0
2,2,0
2,2,0
2,2,0
23,23,0
3,3,0
0,0,0
2,2,0
2,2,0
2,2,0
2,38,36
2,2,0
2,2,0
3,3,0
0,0,0
3,3,0
2,9,7
1,1,0
2,57,55
3,3,0
2,2,0
2,5,3
2,2,0
2,4,2
3,3,0
2,2,0
2,2,0
3,3,0
2,2,0
2,4,2
2,2,0
2,2,0
2,5,3
2,2,0
2,2,0
28,124,96
1,20,19
2,4,2
11,11,0
3,3,0
3,12,9
2,5,3
2,72,70
2,23,21
6,9,3
3,3,0
3,5,2
12,12,0
2,4,2
15,18,3
0,0,0
0,0,0
3,4,1
2,2,0
33,33,0
2,2,0
3,5,2
3,3,0
59,134,75
2,2,0
54,54,0
2,2,0
2,2,0
3,5,2
2,2,0
1,8,7
3,8,5
2,2,0
2,2,0
3,9,6
6,37,31
2,3,1
3,7,4
3,3,0
3,4,1
3,3,0
2,2,0
2,4,2
1,2,1
2,3,1
0,0,0
2,11,9
100,109,9
3,3,0
2,2,0
1,4,3
3,7,4
2,2,0
2,2,0
2,12,10
10,12,2
2,2,0
2,2,0
2,2,0
3,7,4
6,14,8
3,5,2
2,2,0
3,3,0
2,4,2
3,5,2
2,2,0
2,2,0
3,3,0
7,7,0
2,8,6
1,1,0
2,2,0
2,2,0
1,1,0
2,17,15
15,15,0
2,2,0
2,2,0
3,15,12
3,5,2
2,2,0
3,3,0
2,6,4
5,5,0
2,2,0
3,38,35
3,3,0
2,2,0
2,2,0
2,2,0
2,3,1
0,0,0
2,5,3
32,32,0
3,5,2
4,6,2
2,2,0
2,49,47
3,9,6
2,4,2
2,2,0
2,2,0
3,13,10
1,2,1
3,8,5
0,0,0
3,3,0
2,19,17
2,2,0
2,5,3
3,3,0
1,21,20
2,5,3
2,8,6
8,8,0
1,1,0
2,6,4
2,2,0
3,3,0
6,6,0
1,4,3
66,192,126
2,2,0
2,2,0
1,28,27
8,8,0
2,12,10
11,11,0
8,8,0
2,2,0
2,2,0
3,5,2
2,2,0
2,2,0
2,2,0
2,3,1
133,133,0
5,12,7
17,289,272
33,47,14
20,85,65
2,2,0
2,2,0
2,6,4
26,30,4
107,107,0
0,0,0
0,0,0
2,4,2
88,167,79
3,3,0
7,7,0
2,8,6
0,0,0
8,8,0
0,0,0
3,3,0
38,38,0
2,2,0
2,2,0
2,2,0
2,2,0
2,2,0
2,3,1
2,4,2
2,4,2
2,2,0
2,2,0
2,4,2
3,9,6
3,16,13
3,6,3
2,2,0
3,3,0
0,0,0
3,3,0
2,2,0
2,8,6
3,3,0
2,2,0
3,3,0
3,12,9
2,2,0
94,96,2
18,18,0
3,3,0
3,3,0
2,2,0
3,4,1
2,4,2
3,6,3
2,2,0
0,0,0
12,14,2
3,3,0
2,3,1
2,2,0
2,2,0
2,2,0
2,5,3
8,8,0
0,0,0
3,7,4
9,9,0
3,3,0
3,3,0
3,3,0
3,3,0
7,7,0
2,2,0
2,8,6
2,7,5
3,5,2
2,6,4
2,2,0
2,3,1
2,2,0
2,2,0
1,6,5
3,10,7
3,3,0
2,2,0
2,2,0
19,19,0
1,2,1
3,7,4
2,2,0
3,9,6
2,5,3
2,3,1
3,5,2
1,3,2
2,2,0
2,3,1
2,4,2
3,54,51
2,6,4
2,2,0
8,8,0
3,5,2
2,7,5
2,2,0
2,2,0
3,8,5
3,3,0
2,2,0
3,3,0
2,6,4
2,36,34
3,7,4
2,6,4
3,10,7
3,3,0
2,16,14
1,1,0
2,4,2
1,5,4
2,4,2
2,2,0
3,7,4
3,3,0
9,9,0
5,5,0
2,7,5
1,1,0
1,11,10
1,3,2
3,7,4
2,2,0
10,18,8
3,4,1
2,2,0
3,3,0
2,2,0
2,84,82
4,4,0
2,16,14
2,2,0
2,2,0
0,0,0
2,2,0
1,2,1
3,4,1
2,2,0
4,4,0
0,0,0
2,45,43
1,1,0
2,80,78
3,3,0
2,3,1
1,5,4
2,34,32
1,1,0
6,6,0
2,2,0
2,2,0
3,3,0
19,20,1
0,0,0
4,4,0
2,2,0
2,2,0
2,28,26
2,2,0
2,8,6
3,5,2
2,41,39
3,3,0
2,2,0
2,2,0
2,2,0
3,3,0
2,2,0
2,2,0
2,4,2
3,5,2
2,2,0
2,10,8
3,5,2
3,3,0
2,4,2
1,4,3
2,2,0
2,82,80
98,109,11
3,3,0
4,7,3
9,9,0
0,0,0
1,1,0
1,1,0
0,0,0
2,2,0
2,30,28
2,3,1
2,28,26
7,7,0
2,4,2
3,6,3
5,5,0
5,5,0
2,2,0
3,5,2
2,2,0
0,0,0
6,6,0
2,2,0
7,9,2
1,5,4
3,3,0
2,12,10
2,2,0
2,2,0
1,1,0
2,82,80
5,5,0
7,13,6
1,1,0
2,2,0
3,5,2
46,54,8
2,2,0
2,12,10
1,5,4
3,3,0
30,36,6
3,4,1
1,1,0
2,3,1
3,19,16
3,4,1
3,13,10
73,73,0
2,4,2
1,23,22
2,4,2
4,4,0
0,0,0
2,9,7
6,6,0
1,5,4
2,2,0
1,29,28
2,43,41
2,2,0
3,3,0
2,5,3
2,8,6
2,6,4
5,6,1
3,5,2
3,8,5
2,2,0
11,11,0
2,2,0
2,2,0
57,57,0
1,2,1
68,68,0
3,3,0
2,8,6
2,125,123
3,9,6
3,3,0
1,13,12
2,2,0
2,2,0
2,5,3
3,5,2
3,27,24
130,130,0
2,2,0
2,6,4
3,7,4
2,4,2
2,2,0
0,0,0
3,7,4
3,3,0
0,0,0
2,2,0
3,5,2
55,166,111
2,2,0
107,107,0
6,8,2
2,2,0
2,2,0
1,2,1
2,6,4
2,44,42
2,8,6
2,2,0
81,81,0
1,23,22
2,2,0
3,5,2
2,2,0
3,17,14
2,82,80
2,2,0
2,4,2
3,3,0
8,8,0
2,2,0
3,14,11
2,2,0
2,2,0
2,2,0
3,5,2
1,31,30
3,7,4
2,2,0
3,3,0
2,2,0
2,2,0
3,3,0
3,3,0
2,6,4
2,2,0
3,3,0
2,4,2
3,3,0
2,2,0
2,2,0
3,3,0
2,2,0
4,4,0
2,16,14
2,2,0
2,2,0
3,3,0
2,4,2
72,121,49
70,80,10
1,3,2
2,2,0
2,2,0
2,4,2
3,5,2
2,2,0
1,22,21
1,1,0
2,2,0
3,3,0
2,2,0
3,5,2
8,8,0
7,7,0
3,3,0
101,126,25
2,2,0
2,2,0
0,0,0
2,2,0
2,6,4
2,18,16
2,2,0
2,2,0
2,4,2
3,3,0
5,5,0
18,18,0
7,7,0
2,2,0
3,3,0
3,5,2
2,9,7
2,3,1
2,40,38
2,4,2
6,13,7
22,85,63
2,13,11
2,2,0
2,4,2
2,12,10
2,2,0
3,3,0
2,12,10
3,3,0
2,4,2
2,2,0
1,1,0
1,2,1
0,0,0
2,18,16
2,40,38
3,3,0
0,0,0
2,4,2
3,14,11
55,55,0
2,2,0
15,36,21
2,9,7
2,2,0
3,4,1
2,2,0
3,7,4
1,1,0
2,2,0
2,2,0
2,2,0
3,3,0
2,2,0
2,2,0
3,3,0
1,1,0
2,5,3
3,3,0
1,75,74
0,0,0
2,2,0
0,0,0
0,0,0
2,2,0
2,2,0
0,0,0
3,9,6
4,5,1
3,3,0
2,2,0
2,2,0
43,43,0
2,2,0
2,2,0
3,3,0
2,2,0
2,32,30
2,14,12
3,3,0
11,13,2
3,10,7
102,150,48
2,2,0
2,2,0
3,6,3
2,16,14
3,3,0
2,2,0
1,2,1
2,2,0
2,4,2
5,6,1
2,2,0
75,75,0
3,31,28
8,8,0
20,28,8
2,23,21
2,2,0
3,8,5
2,10,8
9,9,0
2,2,0
81,81,0
3,8,5
3,6,3
4,8,4
2,2,0
17,17,0
3,3,0
2,14,12
2,7,5
0,0,0
2,13,11
2,10,8
2,2,0
2,2,0
2,2,0
2,5,3
2,4,2
3,72,69
2,2,0
3,19,16
3,7,4
3,3,0
2,2,0
2,2,0
2,2,0
2,2,0
2,2,0
3,5,2
2,10,8
4,6,2
0,0,0
2,2,0
3,3,0
1,6,5
27,27,0
6,12,6
2,2,0
2,4,2
2,9,7
2,2,0
2,2,0
3,6,3
3,3,0
2,5,3
8,8,0
2,95,93
2,14,12
2,2,0
44,45,1
2,2,0
3,3,0
2,6,4
59,64,5
2,8,6
3,3,0
54,54,0
1,6,5
1,16,15
2,2,0
3,5,2
1,2,1
46,140,94
2,28,26
2,2,0
2,2,0
3,3,0
3,9,6
2,2,0
0,0,0
2,2,0
3,19,16
2,2,0
8,8,0
1,3,2
6,34,28
26,26,0
2,2,0
2,2,0
9,9,0
2,2,0
0,0,0
3,5,2
3,3,0
3,3,0
2,4,2
0,0,0
3,3,0
3,3,0
12,32,20
2,2,0
2,4,2
3,3,0
2,25,23
18,18,0
2,7,5
2,2,0
23,23,0
3,3,0
2,2,0
3,9,6
97,98,1
2,84,82
2,2,0
2,2,0
2,2,0
3,3,0
2,5,3
3,3,0
1,54,53
3,7,4
3,3,0
135,141,6
2,2,0
44,44,0
2,2,0
11,14,3
2,2,0
3,6,3
9,9,0
1,1,0
39,39,0
2,4,2
3,3,0
75,75,0
2,2,0
10,22,12
2,2,0
1,2,1
1,27,26
3,4,1
2,2,0
0,0,0
9,10,1
2,2,0
2,2,0
4,4,0
9,9,0
2,2,0
43,43,0
3,14,11
10,36,26
9,9,0
2,2,0
33,33,0
2,7,5
2,2,0
3,9,6
0,0,0
3,9,6
2,4,2
2,2,0
3,3,0
9,18,9
10,25,15
2,2,0
2,2,0
0,0,0
3,3,0
8,8,0
3,3,0
3,5,2
21,35,14
2,2,0
0,0,0
2,2,0
2,4,2
2,2,0
3,3,0
9,11,2
2,2,0
2,3,1
0,0,0
2,2,0
7,7,0
2,2,0
13,15,2
6,6,0
1,2,1
2,2,0
2,2,0
3,4,1
1,1,0
3,3,0
21,21,0
1,1,0
2,2,0
3,3,0
2,2,0
2,2,0
6,44,38
8,9,1
2,2,0
2,6,4
3,11,8
2,2,0
2,4,2
2,2,0
2,2,0
2,2,0
2,2,0
2,2,0
3,3,0
3,4,1
2,4,2
2,4,2
2,17,15
2,2,0
2,2,0
1,2,1
2,2,0
3,4,1
1,2,1
8,8,0
4,4,0
2,2,0
2,2,0
1,1,0
2,2,0
2,2,0
3,3,0
2,2,0
25,25,0
3,7,4
2,5,3
11,11,0
1,1,0
2,26,24
3,3,0
1,2,1
8,8,0
2,4,2
2,4,2
2,2,0
2,2,0
3,7,4
2,8,6
60,111,51
3,7,4
1,3,2
1,2,1
2,4,2
2,3,1
2,8,6
0,0,0
4,4,0
2,14,12
2,2,0
3,3,0
4,4,0
3,5,2
2,2,0
3,5,2
3,3,0
2,2,0
2,4,2
1,1,0
2,5,3
0,0,0
2,4,2
100,104,4
18,19,1
3,16,13
9,9,0
2,2,0
58,58,0
1,23,22
3,5,2
3,3,0
3,7,4
2,2,0
3,5,2
100,108,8
2,2,0
2,5,3
51,51,0
3,3,0
2,2,0
3,3,0
2,4,2
2,4,2
3,3,0
3,3,0
0,0,0
2,6,4
2,2,0
3,9,6
496,1285,789
1,1,0
7,7,0
1,2,1
1,1,0
2,2,0
3,13,10
35,35,0
8,8,0
2,2,0
0,0,0
3,3,0
2,2,0
1,1,0
2,2,0
2,2,0
12,16,4
1,1,0
2,4,2
2,2,0
2,2,0
1,1,0
2,4,2
3,4,1
2,5,3
3,7,4
2,2,0
2,4,2
2,2,0
2,2,0
2,2,0
3,3,0
3,3,0
3,3,0
3,3,0
2,2,0
1,1,0
4,6,2
3,5,2
2,4,2
2,2,0
2,2,0
6,6,0
0,0,0
3,6,3
3,3,0
2,3,1
2,12,10
6,6,0
1,4,3
3,3,0
59,134,75
2,22,20
2,2,0
0,0,0
54,54,0
2,2,0
2,4,2
2,8,6
3,3,0
2,2,0
2,2,0
3,7,4
2,7,5
2,2,0
3,7,4
21,21,0
8,14,6
2,8,6
3,5,2
59,134,75
4,4,0
2,2,0
2,2,0
2,2,0
4,4,0
38,74,36
3,3,0
3,5,2
2,2,0
0,0,0
2,2,0
2,4,2
3,3,0
3,5,2
3,3,0
8,8,0
1,20,19
3,5,2
2,10,8
6,6,0
2,2,0
3,9,6
2,2,0
2,2,0
18,84,66
3,5,2
3,5,2
21,21,0
3,3,0
3,6,3
1,1,0
2,6,4
2,4,2
3,5,2
2,13,11
2,2,0
2,4,2
2,2,0
2,2,0
2,2,0
2,2,0
2,7,5
4,4,0
2,2,0
2,2,0
2,2,0
8,8,0
2,10,8
2,2,0
28,30,2
2,4,2
1,1,0
0,0,0
3,3,0
3,29,26
2,2,0
2,5,3
3,4,1
4,7,3
1,3,2
1,2,1
2,3,1
3,8,5
8,8,0
0,0,0
2,2,0
6,6,0
3,3,0
2,6,4
2,2,0
36,36,0
2,2,0
3,4,1
3,12,9
2,2,0
7,9,2
80,84,4
3,3,0
7,7,0
2,2,0
2,2,0
3,11,8
2,2,0
2,6,4
2,5,3
2,4,2
2,2,0
2,3,1
3,5,2
3,3,0
4,8,4
2,2,0
2,2,0
2,2,0
2,4,2
3,22,19
3,3,0
4,6,2
3,3,0
0,0,0
2,3,1
2,9,7
2,6,4
3,7,4
2,10,8
2,3,1
2,9,7
2,11,9
1,5,4
2,23,21
2,2,0
2,2,0
10,20,10
11,11,0
3,3,0
1,1,0
2,2,0
2,2,0
27,46,19
1,7,6
3,9,6
2,2,0
2,4,2
2,6,4
0,0,0
2,2,0
3,6,3
2,3,1
2,84,82
3,5,2
3,4,1
3,3,0
1,2,1
3,3,0
2,4,2
2,2,0
3,11,8
9,9,0
2,2,0
11,26,15
0,0,0
2,2,0
2,10,8
4,4,0
3,4,1
0,0,0
2,6,4
2,10,8
3,3,0
2,24,22
2,5,3
2,2,0
3,3,0
3,3,0
3,3,0
0,0,0
3,9,6
2,4,2
3,5,2
2,4,2
2,2,0
1,1,0
97,98,1
2,3,1
2,2,0
3,11,8
2,4,2
2,5,3
1,24,23
2,2,0
2,4,2
2,4,2
3,3,0
7,7,0
2,2,0
2,2,0
2,4,2
2,4,2
2,3,1
4,4,0
2,2,0
3,5,2
2,8,6
2,2,0
3,21,18
2,6,4
18,18,0
3,3,0
3,10,7
0,0,0
3,5,2
0,0,0
3,6,3
3,30,27
0,0,0
2,9,7
2,6,4
2,5,3
3,3,0
2,2,0
1,26,25
17,23,6
2,11,9
2,12,10
3,3,0
2,4,2
3,3,0
1,1,0
0,0,0
2,2,0
2,8,6
3,6,3
2,2,0
22,22,0
100,100,0
2,8,6
3,3,0
2,4,2
1,6,5
2,4,2
2,16,14
2,6,4
2,2,0
6,14,8
1,55,54
2,2,0
2,2,0
2,8,6
2,2,0
2,2,0
1,1,0
11,11,0
2,5,3
2,2,0
2,8,6
3,7,4
3,3,0
2,2,0
2,6,4
2,2,0
2,2,0
0,0,0
3,3,0
2,2,0
3,13,10
3,3,0
2,2,0
3,3,0
2,2,0
2,44,42
3,3,0
3,6,3
2,2,0
3,3,0
2,2,0
3,49,46
2,101,99
2,2,0
2,2,0
10,10,0
2,12,10
406,417,11
3,5,2
23,25,2
3,3,0
0,0,0
2,2,0
2,2,0
3,4,1
3,3,0
3,7,4
2,2,0
3,23,20
2,44,42
2,21,19
2,2,0
3,5,2
2,4,2
13,15,2
1,2,1
0,0,0
3,5,2
3,9,6
3,7,4
0,0,0
15,15,0
3,3,0
2,2,0
3,3,0
73,173,100
3,3,0
10,10,0
2,2,0
3,3,0
78,78,0
3,3,0
1,6,5
2,92,90
4,4,0
2,2,0
59,136,77
3,8,5
2,4,2
3,3,0
16,34,18
2,4,2
2,4,2
3,10,7
2,36,34
0,0,0
3,3,0
2,2,0
2,4,2
0,0,0
5,5,0
3,3,0
2,10,8
8,10,2
2,5,3
10,10,0
133,135,2
6,8,2
2,2,0
3,5,2
2,2,0
1,2,1
2,2,0
2,4,2
2,3,1
2,2,0
2,2,0
100,106,6
3,5,2
3,3,0
9,9,0
2,2,0
2,4,2
2,2,0
2,6,4
3,3,0
1,1,0
2,2,0
2,2,0
2,2,0
17,17,0
1,1,0
2,3,1
3,5,2
2,2,0
68,68,0
3,3,0
2,2,0
406,417,11
3,3,0
2,2,0
3,5,2
2,16,14
2,4,2
3,3,0
12,12,0
1,4,3
2,2,0
3,5,2
2,2,0
2,10,8
2,3,1
3,3,0
2,2,0
2,2,0
2,2,0
2,2,0
2,2,0
2,2,0
4,4,0
2,2,0
3,3,0
3,7,4
89,191,102
3,5,2
9,9,0
2,2,0
2,12,10
12,12,0
2,2,0
0,0,0
3,3,0
2,2,0
2,2,0
3,3,0
1,6,5
1,21,20
9,9,0
2,6,4
3,3,0
2,2,0
3,3,0
2,2,0
3,7,4
2,2,0
2,2,0
2,2,0
2,2,0
8,8,0
2,2,0
3,3,0
9,10,1
2,2,0
2,2,0
0,0,0
2,12,10
1,1,0
2,5,3
1,3,2
3,3,0
3,3,0
2,13,11
3,4,1
2,2,0
2,11,9
2,30,28
2,4,2
2,38,36
3,16,13
2,2,0
8,8,0
2,2,0
4,4,0
2,12,10
7,7,0
3,5,2
24,24,0
3,9,6
2,2,0
0,0,0
2,3,1
2,2,0
2,2,0
6,18,12
2,2,0
3,6,3
2,2,0
2,3,1
1,2,1
3,5,2
2,4,2
2,2,0
2,39,37
9,9,0
2,2,0
8,8,0
3,3,0
1,1,0
3,3,0
3,3,0
2,2,0
2,2,0
2,2,0
2,2,0
2,2,0
2,2,0
2,4,2
3,5,2
2,2,0
2,5,3
3,17,14
3,3,0
16,16,0
0,0,0
2,2,0
3,3,0
2,2,0
2,2,0
3,7,4
3,7,4
2,2,0
1,15,14
4,6,2
2,4,2
2,4,2
3,5,2
2,18,16
8,8,0
1,2,1
2,5,3
2,2,0
1,2,1
2,2,0
3,122,119
2,7,5
3,3,0
2,2,0
3,6,3
13,18,5
2,2,0
2,5,3
2,11,9
24,24,0
2,3,1
1,5,4
2,2,0
0,0,0
3,9,6
0,0,0
3,73,70
2,2,0
2,2,0
2,2,0
2,2,0
0,0,0
3,8,5
3,9,6
2,2,0
2,2,0
2,6,4
2,2,0
2,2,0
1,1,0
4,4,0
1,2,1
2,3,1
3,3,0
2,13,11
2,11,9
2,2,0
0,0,0
2,2,0
2,19,17
11,12,1
43,45,2
3,3,0
2,10,8
2,2,0
3,3,0
2,3,1
3,3,0
2,2,0
2,8,6
3,5,2
3,3,0
1,2,1
3,7,4
0,0,0
3,3,0
3,3,0
0,0,0
1,2,1
4,6,2
3,4,1
8,9,1
2,9,7
2,2,0
2,6,4
2,2,0
3,7,4
2,16,14
3,12,9
5,5,0
3,29,26
1,2,1
2,11,9
2,2,0
2,2,0
0,0,0
3,5,2
2,2,0
0,0,0
3,7,4
2,2,0
2,2,0
2,2,0
2,3,1
2,2,0
5,7,2
5,8,3
1,2,1
2,8,6
1,2,1
3,66,63
3,3,0
3,3,0
6,34,28
3,3,0
3,3,0
39,39,0
3,3,0
17,17,0
1,23,22
2,2,0
3,13,10
0,0,0
2,4,2
3,3,0
2,2,0
3,3,0
2,4,2
2,4,2
3,3,0
3,3,0
3,5,2
2,6,4
2,2,0
3,9,6
1,1,0
3,3,0
2,2,0
2,13,11
2,2,0
2,2,0
3,7,4
2,3,1
27,27,0
4,6,2
1,15,14
3,5,2
28,122,94
3,7,4
2,2,0
1,3,2
9,9,0
2,4,2
5,28,23
3,3,0
2,6,4
2,16,14
2,11,9
1,1,0
3,12,9
2,2,0
2,3,1
3,5,2
2,2,0
2,6,4
2,2,0
3,3,0
3,3,0
1,1,0
1,7,6
2,2,0
4,4,0
6,9,3
2,4,2
3,14,11
63,133,70
2,2,0
2,6,4
29,40,11
3,3,0
1,5,4
2,38,36
2,2,0
6,6,0
2,8,6
3,3,0
2,2,0
2,2,0
139,216,77
2,2,0
3,7,4
2,12,10
2,2,0
3,3,0
1,2,1
3,3,0
8,9,1
2,4,2
10,10,0
2,3,1
3,3,0
2,2,0
2,16,14
3,3,0
14,14,0
3,3,0
3,9,6
2,5,3
2,7,5
0,0,0
3,3,0
2,2,0
3,7,4
2,5,3
2,11,9
1,23,22
3,3,0
2,4,2
2,2,0
3,11,8
7,24,17
2,2,0
63,68,5
2,2,0
2,19,17
2,2,0
3,3,0
2,2,0
2,2,0
2,2,0
2,13,11
2,2,0
1,2,1
2,2,0
2,2,0
0,0,0
2,2,0
2,14,12
1,1,0
97,154,57
2,2,0
1,2,1
2,2,0
103,127,24
2,2,0
1,1,0
2,2,0
0,0,0
2,2,0
2,6,4
2,4,2
3,3,0
2,2,0
0,0,0
2,4,2
2,2,0
21,21,0
2,2,0
3,3,0
4,7,3
2,7,5
31,36,5
2,2,0
2,84,82
2,10,8
0,0,0
1,20,19
3,9,6
2,12,10
3,8,5
0,0,0
1,3,2
2,2,0
1,1,0
2,2,0
32,32,0
2,13,11
2,2,0
2,4,2
2,2,0
2,2,0
3,3,0
89,172,83
2,2,0
2,2,0
22,22,0
2,9,7
1,78,77
2,4,2
1,1,0
2,3,1
3,14,11
6,6,0
2,2,0
82,128,46
14,29,15
0,0,0
2,14,12
2,4,2
3,3,0
19,36,17
2,2,0
2,4,2
0,0,0
2,4,2
2,2,0
3,3,0
2,2,0
22,23,1
2,2,0
2,6,4
1,1,0
3,3,0
3,3,0
1,2,1
9,9,0
3,7,4
2,4,2
1,15,14
3,3,0
2,4,2
2,80,78
2,10,8
3,5,2
3,3,0
3,5,2
2,11,9
2,2,0
2,10,8
4,4,0
1,2,1
3,3,0
1,2,1
2,82,80
3,3,0
3,5,2
0,0,0
7,9,2
2,2,0
2,2,0
2,75,73
3,3,0
4,9,5
2,4,2
2,2,0
1,1,0
3,7,4
3,4,1
2,2,0
2,2,0
2,3,1
2,16,14
1,2,1
2,2,0
2,39,37
2,6,4
2,5,3
2,2,0
1,21,20
3,5,2
2,2,0
2,2,0
2,3,1
0,0,0
5,5,0
2,2,0
2,2,0
2,4,2
3,5,2
1,3,2
2,4,2
3,7,4
2,2,0
2,8,6
2,13,11
2,5,3
41,45,4
3,3,0
2,2,0
2,2,0
5,5,0
2,2,0
3,5,2
2,2,0
1,4,3
3,3,0
2,3,1
26,26,0
2,2,0
2,6,4
8,8,0
3,3,0
7,9,2
3,3,0
139,139,0
2,5,3
29,87,58
82,89,7
2,4,2
2,2,0
2,48,46
2,2,0
2,2,0
2,6,4
40,40,0
3,5,2
42,42,0
3,3,0
0,0,0
14,14,0
2,7,5
2,15,13
1,2,1
3,3,0
3,9,6
2,2,0
2,4,2
4,4,0
2,2,0
11,21,10
3,3,0
2,2,0
2,4,2
8,10,2
4,4,0
3,3,0
2,2,0
0,0,0
3,7,4
3,7,4
16,16,0
18,18,0
2,4,2
3,3,0
2,2,0
2,13,11
2,2,0
10,14,4
3,5,2
3,3,0
3,3,0
2,8,6
1,26,25
2,3,1
0,0,0
2,2,0
3,3,0
1,1,0
2,2,0
2,2,0
3,7,4
2,9,7
10,15,5
0,0,0
3,4,1
3,3,0
1,1,0
3,5,2
2,2,0
2,3,1
2,4,2
3,3,0
55,57,2
38,38,0
0,0,0
1,4,3
2,2,0
2,4,2
3,5,2
2,2,0
2,2,0
3,5,2
0,0,0
2,2,0
1,1,0
2,5,3
2,2,0
2,10,8
2,2,0
2,2,0
2,2,0
1,1,0
3,7,4
2,2,0
1,3,2
2,2,0
2,2,0
3,3,0
4,4,0
2,2,0
2,2,0
2,5,3
2,2,0
2,2,0
2,4,2
1,1,0
2,10,8
2,2,0
3,7,4
5,16,11
3,5,2
66,77,11
13,118,105
2,2,0
3,13,10
1,10,9
2,2,0
1,1,0
6,6,0
3,3,0
3,5,2
3,3,0
2,4,2
2,4,2
2,2,0
2,4,2
3,8,5
2,4,2
3,3,0
0,0,0
2,2,0
2,6,4
9,9,0
1,1,0
2,2,0
2,2,0
5,5,0
2,2,0
1,1,0
2,2,0
3,3,0
2,3,1
3,3,0
1,3,2
8,8,0
2,86,84
1,2,1
2,2,0
2,2,0
10,29,19
2,2,0
22,49,27
2,2,0
1,2,1
10,11,1
3,3,0
3,4,1
1,1,0
1,3,2
2,2,0
3,3,0
2,5,3
3,3,0
1,1,0
2,2,0
6,6,0
2,2,0
0,0,0
99,199,100
2,6,4
8,8,0
3,3,0
10,13,3
2,2,0
6,22,16
2,2,0
2,2,0
3,6,3
3,5,2
3,5,2
2,2,0
13,16,3
2,2,0
1,9,8
3,3,0
3,3,0
2,2,0
2,2,0
9,9,0
3,3,0
2,39,37
2,21,19
3,6,3
3,13,10
2,3,1
0,0,0
2,2,0
2,4,2
2,2,0
1,2,1
7,13,6
56,62,6
0,0,0
8,9,1
1,1,0
2,12,10
2,2,0
9,9,0
3,3,0
2,2,0
7,8,1
2,2,0
2,2,0
3,7,4
2,2,0
4,4,0
3,5,2
2,20,18
2,2,0
2,7,5
2,4,2
3,3,0
1,15,14
1,8,7
2,99,97
3,3,0
2,2,0
8,8,0
70,243,173
5,8,3
2,16,14
2,4,2
8,8,0
3,3,0
2,2,0
2,12,10
100,106,6
27,27,0
0,0,0
2,2,0
4,11,7
22,34,12
10,15,5
21,21,0
3,3,0
70,80,10
3,5,2
2,2,0
100,221,121
2,2,0
2,2,0
1,3,2
0,0,0
3,5,2
0,0,0
1,4,3
2,2,0
3,3,0
4,9,5
3,7,4
3,3,0
2,6,4
5,34,29
2,2,0
2,2,0
1,1,0
3,9,6
2,27,25
3,3,0
3,3,0
3,5,2
2,4,2
6,9,3
6,6,0
3,5,2
3,7,4
3,6,3
3,14,11
2,4,2
2,2,0
2,2,0
3,3,0
2,2,0
14,31,17
3,8,5
3,5,2
2,2,0
0,0,0
3,3,0
2,2,0
3,4,1
3,3,0
2,2,0
2,80,78
3,4,1
2,4,2
6,6,0
3,5,2
3,3,0
77,112,35
0,0,0
3,3,0
2,6,4
1,2,1
0,0,0
2,2,0
96,96,0
3,3,0
1,6,5
3,3,0
24,26,2
3,3,0
74,74,0
3,3,0
2,2,0
2,6,4
3,3,0
2,2,0
100,109,9
3,8,5
2,2,0
2,2,0
2,4,2
4,4,0
2,2,0
3,3,0
2,2,0
2,3,1
3,3,0
2,13,11
1,2,1
2,2,0
2,4,2
2,2,0
5,5,0
0,0,0
3,7,4
2,5,3
2,11,9
3,14,11
2,3,1
2,2,0
2,2,0
2,2,0
2,2,0
2,2,0
2,2,0
2,4,2
3,3,0
20,64,44
2,2,0
2,2,0
2,30,28
2,3,1
2,2,0
2,24,22
0,0,0
0,0,0
2,2,0
0,0,0
2,2,0
0,0,0
6,22,16
100,104,4
3,7,4
0,0,0
2,2,0
2,2,0
3,5,2
2,2,0
1,1,0
2,2,0
88,88,0
3,7,4
93,110,17
0,0,0
2,2,0
0,0,0
2,2,0
2,2,0
0,0,0
3,6,3
25,25,0
2,2,0
2,2,0
0,0,0
1,21,20
3,3,0
66,66,0
92,94,2
3,4,1
3,3,0
1,28,27
2,4,2
71,71,0
8,8,0
4,7,3
3,10,7
3,5,2
2,2,0
2,2,0
37,112,75
1,2,1
2,4,2
13,16,3
2,2,0
120,313,193
4,21,17
1,2,1
3,9,6
98,233,135
3,7,4
2,2,0
89,172,83
2,2,0
1,3,2
3,3,0
30,30,0
2,2,0
3,7,4
3,3,0
3,11,8
2,2,0
31,31,0
0,0,0
406,423,17
2,23,21
2,2,0
6,9,3
2,2,0
2,4,2
3,3,0
3,5,2
2,2,0
3,8,5
2,4,2
2,2,0
3,3,0
2,2,0
55,57,2
2,2,0
2,3,1
2,2,0
2,4,2
3,3,0
8,8,0
2,4,2
2,2,0
3,3,0
2,2,0
2,2,0
2,2,0
2,2,0
2,2,0
3,3,0
2,2,0
2,2,0
2,2,0
3,7,4
14,15,1
0,0,0
6,34,28
3,3,0
2,2,0
3,7,4
2,12,10
3,3,0
3,7,4
100,209,109
2,2,0
10,12,2
2,69,67
90,90,0
11,12,1
94,282,188
2,6,4
2,6,4
2,4,2
3,4,1
99,99,0
2,2,0
2,2,0
3,13,10
3,3,0
4,7,3
100,100,0
6,8,2
2,2,0
3,4,1
3,3,0
3,5,2
2,8,6
3,17,14
0,0,0
2,4,2
5,10,5
2,2,0
2,2,0
2,6,4
2,2,0
3,5,2
2,2,0
4,5,1
7,7,0
3,7,4
8,8,0
5,76,71
3,3,0
5,5,0
4,7,3
66,69,3
3,11,8
2,4,2
2,2,0
4,41,37
2,2,0
1,6,5
2,2,0
4,4,0
2,2,0
2,2,0
95,98,3
12,14,2
3,3,0
0,0,0
1,1,0
3,3,0
2,2,0
2,2,0
2,2,0
102,151,49
2,37,35
2,82,80
1,1,0
2,4,2
2,2,0
2,2,0
2,9,7
2,4,2
2,2,0
2,22,20
2,7,5
2,14,12
2,2,0
2,2,0
3,3,0
3,5,2
2,25,23
2,2,0
2,2,0
3,5,2
2,10,8
1,45,44
8,16,8
2,2,0
8,13,5
2,5,3
6,35,29
3,3,0
3,3,0
3,10,7
4,4,0
3,3,0
2,2,0
0,0,0
2,2,0
2,2,0
3,3,0
2,6,4
3,5,2
2,2,0
1,2,1
3,3,0
2,6,4
2,2,0
2,2,0
1,1,0
4,9,5
3,7,4
2,4,2
2,2,0
2,2,0
0,0,0
2,2,0
2,2,0
3,3,0
3,7,4
2,4,2
20,36,16
2,2,0
2,20,18
8,10,2
2,2,0
2,4,2
2,4,2
2,2,0
2,2,0
2,2,0
3,3,0
3,3,0
3,8,5
2,3,1
2,2,0
61,61,0
2,2,0
3,5,2
42,42,0
3,3,0
7,7,0
2,2,0
3,3,0
3,3,0
3,3,0
2,5,3
40,45,5
2,8,6
1,3,2
12,23,11
3,3,0
3,3,0
2,2,0
2,3,1
5,5,0
3,5,2
2,2,0
2,3,1
9,9,0
3,3,0
2,9,7
3,3,0
3,16,13
2,2,0
2,2,0
2,2,0
2,2,0
0,0,0
2,9,7
3,3,0
2,2,0
70,81,11
2,2,0
2,46,44
8,9,1
3,5,2
9,9,0
2,3,1
100,104,4
2,2,0
2,9,7
1,2,1
0,0,0
1,1,0
2,4,2
2,2,0
3,3,0
2,2,0
1,2,1
2,2,0
3,5,2
4,36,32
2,4,2
0,0,0
11,11,0
3,5,2
3,5,2
11,26,15
2,2,0
3,3,0
0,0,0
2,2,0
30,40,10
3,9,6
2,2,0
3,3,0
3,5,2
9,9,0
5,5,0
3,3,0
3,11,8
2,2,0
3,8,5
2,2,0
2,2,0
3,3,0
12,17,5
2,2,0
5,5,0
2,2,0
3,3,0
2,2,0
406,417,11
3,3,0
2,2,0
1,2,1
8,10,2
32,34,2
3,3,0
1,1,0
0,0,0
3,5,2
3,5,2
2,2,0
2,2,0
2,3,1
1,1,0
3,3,0
3,3,0
2,2,0
0,0,0
3,3,0
5,5,0
13,19,6
3,9,6
2,4,2
59,77,18
4,37,33
3,3,0
2,2,0
3,5,2
2,2,0
2,2,0
3,3,0
0,0,0
3,10,7
2,2,0
30,30,0
2,30,28
2,2,0
2,5,3
3,3,0
8,16,8
2,2,0
2,2,0
3,6,3
10,10,0
2,2,0
2,2,0
91,94,3
2,2,0
5,5,0
2,13,11
0,0,0
3,3,0
2,6,4
2,2,0
2,23,21
3,6,3
0,0,0
2,2,0
2,3,1
8,8,0
4,11,7
2,2,0
3,4,1
2,2,0
5,11,6
2,4,2
100,190,90
2,2,0
2,10,8
2,2,0
3,7,4
3,5,2
2,2,0
2,15,13
7,7,0
2,2,0
3,5,2
0,0,0
2,2,0
2,2,0
3,3,0
2,2,0
2,2,0
2,2,0
1,76,75
2,2,0
3,3,0
4,4,0
3,3,0
2,40,38
2,16,14
2,4,2
9,9,0
2,12,10
2,11,9
3,3,0
2,12,10
44,45,1
4,10,6
2,2,0
0,0,0
3,5,2
2,4,2
3,16,13
2,8,6
3,5,2
0,0,0
2,33,31
3,9,6
2,5,3
3,3,0
9,9,0
106,108,2
4,4,0
59,59,0
2,502,500
5,5,0
3,3,0
1,74,73
1,4,3
2,8,6
1,3,2
2,4,2
2,3,1
6,8,2
3,3,0
10,19,9
3,8,5
2,2,0
2,4,2
2,2,0
2,5,3
6,8,2
3,3,0
1,3,2
3,3,0
3,5,2
0,0,0
2,2,0
2,2,0
5,10,5
2,2,0
3,3,0
3,9,6
2,2,0
3,4,1
2,4,2
2,14,12
2,12,10
2,2,0
0,0,0
98,217,119
3,7,4
2,2,0
2,4,2
4,8,4
2,10,8
81,207,126
138,245,107
2,13,11
3,6,3
7,8,1
2,2,0
109,109,0
3,3,0
90,285,195
2,2,0
2,2,0
4,4,0
8,8,0
2,4,2
3,3,0
1,2,1
2,2,0
2,2,0
2,2,0
1,1,0
2,2,0
3,3,0
22,22,0
1,115,114
2,2,0
2,2,0
3,4,1
39,39,0
2,2,0
2,2,0
2,2,0
3,5,2
3,3,0
1,57,56
2,2,0
2,2,0
3,3,0
6,7,1
2,2,0
1,1,0
2,4,2
49,49,0
3,5,2
1,26,25
0,0,0
2,4,2
2,2,0
3,4,1
2,2,0
129,236,107
3,5,2
2,4,2
2,4,2
1,1,0
2,2,0
7,25,18
2,2,0
3,3,0
3,3,0
2,2,0
3,3,0
2,2,0
3,3,0
9,9,0
2,2,0
2,2,0
2,2,0
3,3,0
2,2,0
2,33,31
3,3,0
29,29,0
3,12,9
1,1,0
3,5,2
3,3,0
59,135,76
3,3,0
2,2,0
19,21,2
1,1,0
2,2,0
3,3,0
2,4,2
2,80,78
2,2,0
3,3,0
2,18,16
2,2,0
2,6,4
5,11,6
3,3,0
3,6,3
2,25,23
2,4,2
2,4,2
3,3,0
2,4,2
139,139,0
2,2,0
6,6,0
2,2,0
3,7,4
3,3,0
2,4,2
3,3,0
4,10,6
2,8,6
3,3,0
2,2,0
3,5,2
3,3,0
2,2,0
3,6,3
3,10,7
3,4,1
0,0,0
2,15,13
2,2,0
2,2,0
1,2,1
17,17,0
2,2,0
16,36,20
2,28,26
2,2,0
2,4,2
3,3,0
3,3,0
3,5,2
4,4,0
3,3,0
12,17,5
2,2,0
2,2,0
2,2,0
2,3,1
6,13,7
2,2,0
2,2,0
3,3,0
2,4,2
2,13,11
2,2,0
3,5,2
1,1,0
12,18,6
2,2,0
1,3,2
2,2,0
3,3,0
11,11,0
6,6,0
3,7,4
3,3,0
2,2,0
3,3,0
2,3,1
3,3,0
2,15,13
2,4,2
2,2,0
1,33,32
2,2,0
2,4,2
2,2,0
2,2,0
8,8,0
8,11,3
150,150,0
2,6,4
2,2,0
2,3,1
3,5,2
2,10,8
5,10,5
8,17,9
3,3,0
0,0,0
3,3,0
2,2,0
3,3,0
5,5,0
0,0,0
12,13,1
10,10,0
5,5,0
3,6,3
2,2,0
3,18,15
3,3,0
0,0,0
2,3,1
2,2,0
2,32,30
17,23,6
0,0,0
3,33,30
3,6,3
2,6,4
2,19,17
58,58,0
4,4,0
3,19,16
2,2,0
2,4,2
7,15,8
1,25,24
2,2,0
2,5,3
1,1,0
2,2,0
2,2,0
2,6,4
2,2,0
3,6,3
3,3,0
2,5,3
2,4,2
0,0,0
6,6,0
2,4,2
5,20,15
2,2,0
17,17,0
2,2,0
2,2,0
2,21,19
2,2,0
2,4,2
2,40,38
3,3,0
109,109,0
2,2,0
2,3,1
2,2,0
3,3,0
39,39,0
1,1,0
1,6,5
3,5,2
2,2,0
0,0,0
3,5,2
29,100,71
9,10,1
9,9,0
3,3,0
3,3,0
3,5,2
1,2,1
2,61,59
3,3,0
3,9,6
2,2,0
51,51,0
3,23,20
4,6,2
2,3,1
2,2,0
2,4,2
3,3,0
3,5,2
11,11,0
2,2,0
1,17,16
3,3,0
3,3,0
2,2,0
2,16,14
2,2,0
2,2,0
2,2,0
4,4,0
2,2,0
2,2,0
14,14,0
3,16,13
1,1,0
1,5,4
1,5,4
2,2,0
17,17,0
4,4,0
2,3,1
2,7,5
2,2,0
2,4,2
1,1,0
6,37,31
28,28,0
3,5,2
2,2,0
2,2,0
3,5,2
3,9,6
3,3,0
0,0,0
1,1,0
0,0,0
1,2,1
3,5,2
2,4,2
2,2,0
0,0,0
2,2,0
3,7,4
7,7,0
2,2,0
3,3,0
3,4,1
2,3,1
2,10,8
2,4,2
1,1,0
1,7,6
2,2,0
16,36,20
3,3,0
3,10,7
140,141,1
3,3,0
2,2,0
3,6,3
6,6,0
2,2,0
2,4,2
1,1,0
2,2,0
2,2,0
74,80,6
3,5,2
3,3,0
3,5,2
2,2,0
3,8,5
1,5,4
2,88,86
3,11,8
8,8,0
3,3,0
43,47,4
4,4,0
3,3,0
1,4,3
25,25,0
6,6,0
2,2,0
2,2,0
2,6,4
2,2,0
62,62,0
25,33,8
2,2,0
2,13,11
3,12,9
3,6,3
2,7,5
1,1,0
2,2,0
2,2,0
2,67,65
3,3,0
3,3,0
3,6,3
2,2,0
0,0,0
2,2,0
3,3,0
1,2,1
3,4,1
0,0,0
3,5,2
2,4,2
10,12,2
1,2,1
2,2,0
9,18,9
2,2,0
3,5,2
1,1,0
2,6,4
12,12,0
3,6,3
2,2,0
2,2,0
2,4,2
2,2,0
3,3,0
3,13,10
3,3,0
2,2,0
7,29,22
2,2,0
2,2,0
2,9,7
4,4,0
3,3,0
14,17,3
2,2,0
2,2,0
2,5,3
2,2,0
2,6,4
2,2,0
2,4,2
2,2,0
1,4,3
3,3,0
0,0,0
4,4,0
0,0,0
8,27,19
2,2,0
1,4,3
3,23,20
2,4,2
2,2,0
2,2,0
3,3,0
2,2,0
3,5,2
3,5,2
2,2,0
2,4,2
1,1,0
2,2,0
3,3,0
2,2,0
2,5,3
2,2,0
2,2,0
1,3,2
2,32,30
2,3,1
2,2,0
1,1,0
2,5,3
3,22,19
2,2,0
2,2,0
2,2,0
1,1,0
26,49,23
2,2,0
2,6,4
2,4,2
2,2,0
2,2,0
2,2,0
3,3,0
3,3,0
50,50,0
1,2,1
3,3,0
3,3,0
3,9,6
1,1,0
3,3,0
2,10,8
8,17,9
8,8,0
2,26,24
2,2,0
2,2,0
0,0,0
3,7,4
3,3,0
315,513,198
3,3,0
2,2,0
2,2,0
6,9,3
3,3,0
3,3,0
2,6,4
2,12,10
2,2,0
2,2,0
48,48,0
2,43,41
4,4,0
3,3,0
2,12,10
2,18,16
4,10,6
2,2,0
2,2,0
3,3,0
2,4,2
3,3,0
2,9,7
3,3,0
3,3,0
3,3,0
9,28,19
3,5,2
2,2,0
3,3,0
2,2,0
2,2,0
10,10,0
3,19,16
0,0,0
3,3,0
2,2,0
2,2,0
2,2,0
81,95,14
2,2,0
2,2,0
2,11,9
3,5,2
3,3,0
1,2,1
3,18,15
2,2,0
82,82,0
2,2,0
2,13,11
3,3,0
2,2,0
2,2,0
1,4,3
3,3,0
0,0,0
3,3,0
2,2,0
2,4,2
102,102,0
2,5,3
5,5,0
1,1,0
2,38,36
3,6,3
3,3,0
2,2,0
3,3,0
3,6,3
7,7,0
2,2,0
2,2,0
2,4,2
2,6,4
2,2,0
2,4,2
2,2,0
3,8,5
3,8,5
1,1,0
2,16,14
3,3,0
3,3,0
0,0,0
3,3,0
3,5,2
2,6,4
1,77,76
2,2,0
2,120,118
3,9,6
3,15,12
3,3,0
0,0,0
2,2,0
3,3,0
3,7,4
3,7,4
2,2,0
1,1,0
3,4,1
51,51,0
3,3,0
9,9,0
2,4,2
2,5,3
48,48,0
43,43,0
16,16,0
8,8,0
2,2,0
2,5,3
100,102,2
6,11,5
0,0,0
59,136,77
3,3,0
10,10,0
8,8,0
3,3,0
2,6,4
6,8,2
2,4,2
3,9,6
3,6,3
3,4,1
1,1,0
2,7,5
3,5,2
2,2,0
50,101,51
6,6,0
3,4,1
0,0,0
2,2,0
2,2,0
2,4,2
4,6,2
9,9,0
3,3,0
2,2,0
1,3,2
1,2,1
2,8,6
2,30,28
2,2,0
0,0,0
8,8,0
3,5,2
9,14,5
1,1,0
2,69,67
3,5,2
1,1,0
107,107,0
3,3,0
4,4,0
2,8,6
2,2,0
2,2,0
2,4,2
3,5,2
2,2,0
1,2,1
2,2,0
2,2,0
2,2,0
3,3,0
2,2,0
2,4,2
2,2,0
3,18,15
3,3,0
2,5,3
2,4,2
2,2,0
2,2,0
3,3,0
2,4,2
2,2,0
0,0,0
58,64,6
2,2,0
2,2,0
3,5,2
2,2,0
3,3,0
2,4,2
7,28,21
1,2,1
0,0,0
3,3,0
2,2,0
14,16,2
2,2,0
2,3,1
2,2,0
29,87,58
2,6,4
2,2,0
1,2,1
4,43,39
30,30,0
0,0,0
87,338,251
2,2,0
3,9,6
2,4,2
2,2,0
4,9,5
3,5,2
2,2,0
6,9,3
743,746,3
3,5,2
2,2,0
2,2,0
2,10,8
2,3,1
3,3,0
2,18,16
3,3,0
2,2,0
92,92,0
3,3,0
2,2,0
8,8,0
3,3,0
3,3,0
20,20,0
3,3,0
29,29,0
2,5,3
43,44,1
3,3,0
2,6,4
1,5,4
2,5,3
61,64,3
0,0,0
2,2,0
2,4,2
3,3,0
15,16,1
0,0,0
6,7,1
3,5,2
2,2,0
2,2,0
8,65,57
10,10,0
3,5,2
2,2,0
12,12,0
114,158,44
2,2,0
66,66,0
2,2,0
2,2,0
3,6,3
2,2,0
2,2,0
2,2,0
2,2,0
2,21,19
3,3,0
0,0,0
3,3,0
2,13,11
2,2,0
2,2,0
3,8,5
3,11,8
2,2,0
2,2,0
100,100,0
0,0,0
1,5,4
99,109,10
3,4,1
2,13,11
2,2,0
4,4,0
2,2,0
32,34,2
3,4,1
2,207,205
2,7,5
2,2,0
2,4,2
3,7,4
2,2,0
3,7,4
5,6,1
2,2,0
2,4,2
3,3,0
0,0,0
2,11,9
2,2,0
3,3,0
8,8,0
2,2,0
0,0,0
107,107,0
3,5,2
0,0,0
3,7,4
2,4,2
28,28,0
2,6,4
6,6,0
3,3,0
3,3,0
1,2,1
4,5,1
3,3,0
2,2,0
2,2,0
2,2,0
51,51,0
2,12,10
91,91,0
2,2,0
3,3,0
0,0,0
2,5,3
3,3,0
3,3,0
2,4,2
2,4,2
5,25,20
0,0,0
15,15,0
34,34,0
2,9,7
3,3,0
3,3,0
2,2,0
2,4,2
406,417,11
2,5,3
3,3,0
3,7,4
2,2,0
2,2,0
2,17,15
3,3,0
3,26,23
0,0,0
3,7,4
6,9,3
5,6,1
2,2,0
8,18,10
29,29,0
2,84,82
167,209,42
1,14,13
2,2,0
89,172,83
2,2,0
1,1,0
4,4,0
3,3,0
3,6,3
1,1,0
4,4,0
3,13,10
3,5,2
2,7,5
3,19,16
2,2,0
3,3,0
2,2,0
1,1,0
3,3,0
3,3,0
79,79,0
3,3,0
0,0,0
2,8,6
31,208,177
2,2,0
2,2,0
2,80,78
1,27,26
2,2,0
2,2,0
1,12,11
56,56,0
1,5,4
2,2,0
3,4,1
63,67,4
2,8,6
2,2,0
2,21,19
2,2,0
2,27,25
2,2,0
2,4,2
2,2,0
9,9,0
2,67,65
3,3,0
6,31,25
1,1,0
3,3,0
2,9,7
5,31,26
9,9,0
3,7,4
2,14,12
2,2,0
2,2,0
3,5,2
2,2,0
2,2,0
3,3,0
20,85,65
2,9,7
4,5,1
3,5,2
2,45,43
3,15,12
2,2,0
2,4,2
2,2,0
100,109,9
1,1,0
1,2,1
2,2,0
1,1,0
1,4,3
139,216,77
2,2,0
10,21,11
2,2,0
0,0,0
3,8,5
2,4,2
0,0,0
2,2,0
4,6,2
2,2,0
0,0,0
1,2,1
2,2,0
61,61,0
2,2,0
3,3,0
2,4,2
2,2,0
76,79,3
4,4,0
3,5,2
1,8,7
0,0,0
8,14,6
2,2,0
2,4,2
3,4,1
2,11,9
2,2,0
2,2,0
2,2,0
3,3,0
9,9,0
0,0,0
2,6,4
3,3,0
12,12,0
3,7,4
10,10,0
1,1,0
56,56,0
3,5,2
0,0,0
2,5,3
26,38,12
3,3,0
2,6,4
2,16,14
3,11,8
3,6,3
3,8,5
2,2,0
2,2,0
21,21,0
1,1,0
3,3,0
3,3,0
1,2,1
2,2,0
2,2,0
0,0,0
3,3,0
3,3,0
1,3,2
5,5,0
2,2,0
2,2,0
3,4,1
3,3,0
3,10,7
2,2,0
21,22,1
2,13,11
98,232,134
3,10,7
2,24,22
2,2,0
2,2,0
3,4,1
4,4,0
3,5,2
48,70,22
2,2,0
2,8,6
3,5,2
3,3,0
0,0,0
0,0,0
2,4,2
2,83,81
3,7,4
2,7,5
0,0,0
1,2,1
2,2,0
2,2,0
2,2,0
129,236,107
1,2,1
0,0,0
2,2,0
2,14,12
2,2,0
2,2,0
2,2,0
4,8,4
6,6,0
3,9,6
3,3,0
2,14,12
2,2,0
3,3,0
1,25,24
3,3,0
2,2,0
2,10,8
2,2,0
4,9,5
3,5,2
3,7,4
3,3,0
1,1,0
3,3,0
8,8,0
12,14,2
2,2,0
3,8,5
1,1,0
2,2,0
2,20,18
2,6,4
3,3,0
3,5,2
2,2,0
3,5,2
24,24,0
2,2,0
2,4,2
2,5,3
8,8,0
8,17,9
0,0,0
2,2,0
3,5,2
2,2,0
2,4,2
3,9,6
2,8,6
43,43,0
2,2,0
2,2,0
5,7,2
2,2,0
0,0,0
2,2,0
0,0,0
7,7,0
8,8,0
4,29,25
0,0,0
1,4,3
3,3,0
2,2,0
2,82,80
2,2,0
2,2,0
9,9,0
3,3,0
1,12,11
2,10,8
2,3,1
4,28,24
2,2,0
2,2,0
5,5,0
2,2,0
2,2,0
12,12,0
3,5,2
3,3,0
4,4,0
6,9,3
3,6,3
2,2,0
4,17,13
2,2,0
94,94,0
3,5,2
3,23,20
3,6,3
2,18,16
2,2,0
2,2,0
3,7,4
3,3,0
5,5,0
0,0,0
3,7,4
4,4,0
26,26,0
12,13,1
3,3,0
3,3,0
1,2,1
2,2,0
2,2,0
2,2,0
2,2,0
3,3,0
2,5,3
2,2,0
51,51,0
2,2,0
3,5,2
1,2,1
1,5,4
2,2,0
3,7,4
0,0,0
2,4,2
2,7,5
3,6,3
2,2,0
26,26,0
2,17,15
81,184,103
2,17,15
3,5,2
3,3,0
3,14,11
2,2,0
3,5,2
78,85,7
2,2,0
126,214,88
3,3,0
1,26,25
7,7,0
2,2,0
15,15,0
0,0,0
2,3,1
1,1,0
12,15,3
3,3,0
2,6,4
2,2,0
3,5,2
8,66,58
2,2,0
8,9,1
3,3,0
6,6,0
2,4,2
3,3,0
2,8,6
9,9,0
2,2,0
3,8,5
1,23,22
3,3,0
3,5,2
3,3,0
2,2,0
8,14,6
2,2,0
84,84,0
2,2,0
3,3,0
17,17,0
2,2,0
2,13,11
2,2,0
2,2,0
4,4,0
0,0,0
3,6,3
2,5,3
0,0,0
2,3,1
2,2,0
2,2,0
34,34,0
3,3,0
1,1,0
3,3,0
2,4,2
48,48,0
1,2,1
0,0,0
2,2,0
2,2,0
3,17,14
2,2,0
8,8,0
6,8,2
2,3,1
10,10,0
2,2,0
23,24,1
2,2,0
3,4,1
1,1,0
2,2,0
2,2,0
14,14,0
5,5,0
3,7,4
2,4,2
2,2,0
0,0,0
2,5,3
2,4,2
3,18,15
2,4,2
3,6,3
3,32,29
3,3,0
1,3,2
200,364,164
2,2,0
2,62,60
2,2,0
2,2,0
2,4,2
3,6,3
406,417,11
2,2,0
2,4,2
3,5,2
2,2,0
2,2,0
2,2,0
2,2,0
2,2,0
4,21,17
2,2,0
27,29,2
2,2,0
2,6,4
2,37,35
0,0,0
3,3,0
2,2,0
4,107,103
3,3,0
1,1,0
2,2,0
2,2,0
1,2,1
3,3,0
2,38,36
2,6,4
2,2,0
2,2,0
2,4,2
2,4,2
18,18,0
3,3,0
2,2,0
3,3,0
2,8,6
2,2,0
3,3,0
7,7,0
2,9,7
3,5,2
1,20,19
3,3,0
3,3,0
2,2,0
2,2,0
2,6,4
16,41,25
2,23,21
2,2,0
2,2,0
5,5,0
2,2,0
3,3,0
2,2,0
2,2,0
2,4,2
2,5,3
2,2,0
3,3,0
3,7,4
2,2,0
1,2,1
2,2,0
2,2,0
2,31,29
2,2,0
3,8,5
2,2,0
3,3,0
2,2,0
4,4,0
3,3,0
8,8,0
3,3,0
3,3,0
0,0,0
2,10,8
3,27,24
3,3,0
2,25,23
11,17,6
2,4,2
2,2,0
2,2,0
3,3,0
2,4,2
2,2,0
2,11,9
2,16,14
3,3,0
2,22,20
2,2,0
2,2,0
3,3,0
3,5,2
4,4,0
2,28,26
2,2,0
9,9,0
3,5,2
349,447,98
2,4,2
17,17,0
3,5,2
2,16,14
2,2,0
3,3,0
2,2,0
1,2,1
2,2,0
3,3,0
2,4,2
2,2,0
3,9,6
3,3,0
2,3,1
2,47,45
2,4,2
2,9,7
2,2,0
8,77,69
8,8,0
3,3,0
2,2,0
2,2,0
1,1,0
3,9,6
2,3,1
1,1,0
1,31,30
2,5,3
2,2,0
6,6,0
2,2,0
9,9,0
3,3,0
3,3,0
3,4,1
2,2,0
2,2,0
1,2,1
66,66,0
3,5,2
2,2,0
2,2,0
2,4,2
2,29,27
2,2,0
0,0,0
3,7,4
0,0,0
2,3,1
2,8,6
2,18,16
2,4,2
2,2,0
2,2,0
1,2,1
1,76,75
3,3,0
2,2,0
3,3,0
2,2,0
2,5,3
3,3,0
3,3,0
3,3,0
2,2,0
1,2,1
3,5,2
2,4,2
2,2,0
3,8,5
0,0,0
0,0,0
2,3,1
2,8,6
3,3,0
89,191,102
2,2,0
0,0,0
2,2,0
2,29,27
3,5,2
2,2,0
2,5,3
2,2,0
1,1,0
32,32,0
85,85,0
3,3,0
3,9,6
3,3,0
1,2,1
8,84,76
2,4,2
133,135,2
1,216,215
2,2,0
2,6,4
1,1,0
3,5,2
2,4,2
2,4,2
2,2,0
3,3,0
6,34,28
2,4,2
3,3,0
3,5,2
1,1,0
2,3,1
2,2,0
17,17,0
3,4,1
74,81,7
3,3,0
71,71,0
23,23,0
0,0,0
4,25,21
2,2,0
3,5,2
2,6,4
4,4,0
2,4,2
5,5,0
3,5,2
2,5,3
3,3,0
2,2,0
1,1,0
3,3,0
4,6,2
2,4,2
3,9,6
3,10,7
2,2,0
3,3,0
3,14,11
2,2,0
2,82,80
4,4,0
2,4,2
8,16,8
1,2,1
2,4,2
2,2,0
2,2,0
2,2,0
2,2,0
28,97,69
1,1,0
3,3,0
3,5,2
3,12,9
406,417,11
2,2,0
2,2,0
3,3,0
0,0,0
3,3,0
2,9,7
11,27,16
0,0,0
12,14,2
2,2,0
2,12,10
2,23,21
0,0,0
2,56,54
7,47,40
12,12,0
2,4,2
6,7,1
4,6,2
3,5,2
6,8,2
3,4,1
1,1,0
2,2,0
2,10,8
3,3,0
2,2,0
3,5,2
2,16,14
1,2,1
2,2,0
2,2,0
2,4,2
3,9,6
6,35,29
2,2,0
49,49,0
3,3,0
2,5,3
9,9,0
2,2,0
36,36,0
2,2,0
2,2,0
2,8,6
1,1,0
1,1,0
2,7,5
2,6,4
3,3,0
2,2,0
2,2,0
3,3,0
2,2,0
0,0,0
2,4,2
9,15,6
2,9,7
10,24,14
2,2,0
2,2,0
3,3,0
2,2,0
2,2,0
3,9,6
2,4,2
7,7,0
3,3,0
2,2,0
2,4,2
2,2,0
1,15,14
3,9,6
9,11,2
2,2,0
2,2,0
2,2,0
2,4,2
3,16,13
1,1,0
2,2,0
2,8,6
3,3,0
3,3,0
2,108,106
9,9,0
3,3,0
1,1,0
2,2,0
60,60,0
2,2,0
2,2,0
3,3,0
3,3,0
3,3,0
2,2,0
2,6,4
11,11,0
135,140,5
3,6,3
3,8,5
0,0,0
2,9,7
3,4,1
2,2,0
2,2,0
2,2,0
3,3,0
3,3,0
20,29,9
22,22,0
0,0,0
2,2,0
3,3,0
2,2,0
2,2,0
3,9,6
0,0,0
8,70,62
3,3,0
2,4,2
3,9,6
1,1,0
3,15,12
2,2,0
3,3,0
5,5,0
135,135,0
2,2,0
9,9,0
2,2,0
3,7,4
1,3,2
51,51,0
3,16,13
2,8,6
3,5,2
2,2,0
2,2,0
1,2,1
3,6,3
3,5,2
1,2,1
2,2,0
3,5,2
6,9,3
4,35,31
2,2,0
2,4,2
3,12,9
2,5,3
2,2,0
17,77,60
3,3,0
5,6,1
2,2,0
0,0,0
0,0,0
2,3,1
1,3,2
2,2,0
2,2,0
3,3,0
2,2,0
3,7,4
2,2,0
3,5,2
2,2,0
2,7,5
2,2,0
2,2,0
1,8,7
3,3,0
3,10,7
2,2,0
1,2,1
2,2,0
4,5,1
100,200,100
2,2,0
3,8,5
1,3,2
2,2,0
2,2,0
0,0,0
3,3,0
3,5,2
2,4,2
2,8,6
1,25,24
2,2,0
1,4,3
4,6,2
2,3,1
3,7,4
49,100,51
2,4,2
2,2,0
2,2,0
2,2,0
2,7,5
3,5,2
23,23,0
2,2,0
2,2,0
2,2,0
1,1,0
2,9,7
3,5,2
2,2,0
3,4,1
2,2,0
1,37,36
2,2,0
2,2,0
2,2,0
1,2,1
2,25,23
6,34,28
3,3,0
2,2,0
0,0,0
2,2,0
1,1,0
2,2,0
2,2,0
2,11,9
18,18,0
2,2,0
10,10,0
3,22,19
6,6,0
3,5,2
71,71,0
2,2,0
2,2,0
2,8,6
6,6,0
3,3,0
3,3,0
3,5,2
2,2,0
3,3,0
3,17,14
2,2,0
2,3,1
3,4,1
3,5,2
3,17,14
2,2,0
1,2,1
2,4,2
2,2,0
2,23,21
2,2,0
2,80,78
3,3,0
3,3,0
8,28,20
2,2,0
2,2,0
0,0,0
3,7,4
2,2,0
3,3,0
3,5,2
2,2,0
2,9,7
3,9,6
2,2,0
2,3,1
2,3,1
1,3,2
3,69,66
6,35,29
0,0,0
2,2,0
2,2,0
3,5,2
3,3,0
1,1,0
3,3,0
3,9,6
0,0,0
3,7,4
2,23,21
0,0,0
11,34,23
2,2,0
2,2,0
2,2,0
54,59,5
10,16,6
3,5,2
2,2,0
3,3,0
3,4,1
2,2,0
2,2,0
2,2,0
2,2,0
8,8,0
2,5,3
1,5,4
3,3,0
1,2,1
3,9,6
2,2,0
3,7,4
0,0,0
9,9,0
2,2,0
11,19,8
3,3,0
2,4,2
2,2,0
0,0,0
34,55,21
2,2,0
2,4,2
2,2,0
4,15,11
3,5,2
114,114,0
16,18,2
80,84,4
2,4,2
0,0,0
2,6,4
2,2,0
12,13,1
2,3,1
8,11,3
2,2,0
3,18,15
2,2,0
1,3,2
2,5,3
1,3,2
16,17,1
2,2,0
2,2,0
2,2,0
2,8,6
3,17,14
2,80,78
29,87,58
0,0,0
1,5,4
3,3,0
2,2,0
62,68,6
22,22,0
2,2,0
1,1,0
2,2,0
2,6,4
2,2,0
2,2,0
19,19,0
9,9,0
2,4,2
3,5,2
1,1,0
2,2,0
1,4,3
2,2,0
9,9,0
2,2,0
2,4,2
4,4,0
3,3,0
3,3,0
2,4,2
9,10,1
7,9,2
2,2,0
2,2,0
2,2,0
8,18,10
3,3,0
2,2,0
2,34,32
1,1,0
1,4,3
2,2,0
2,2,0
2,5,3
3,3,0
3,5,2
3,3,0
2,6,4
3,5,2
2,2,0
100,100,0
2,3,1
2,2,0
2,4,2
1,1,0
2,2,0
2,7,5
2,10,8
3,5,2
2,2,0
14,15,1
1,2,1
0,0,0
4,16,12
4,21,17
3,17,14
2,2,0
87,88,1
26,26,0
3,9,6
3,3,0
42,45,3
5,9,4
1,1,0
1,3,2
3,3,0
2,2,0
4,4,0
6,9,3
1,1,0
3,3,0
15,16,1
9,14,5
3,5,2
13,13,0
3,5,2
66,111,45
3,5,2
2,2,0
2,2,0
0,0,0
6,6,0
3,3,0
3,6,3
2,2,0
3,3,0
2,2,0
2,2,0
3,7,4
4,6,2
1,4,3
3,5,2
0,0,0
4,18,14
3,7,4
2,2,0
3,3,0
2,4,2
2,2,0
0,0,0
2,2,0
2,2,0
3,3,0
3,3,0
3,3,0
2,2,0
2,2,0
2,2,0
4,4,0
3,3,0
2,2,0
2,2,0
2,84,82
100,106,6
2,2,0
9,16,7
13,13,0
1,1,0
2,2,0
3,4,1
96,108,12
2,2,0
2,2,0
2,3,1
3,10,7
2,6,4
3,5,2
2,5,3
2,9,7
126,214,88
2,4,2
3,3,0
2,2,0
2,12,10
2,10,8
2,6,4
2,5,3
2,4,2
3,3,0
11,11,0
94,94,0
0,0,0
2,2,0
128,224,96
2,2,0
2,2,0
3,3,0
2,12,10
3,9,6
2,4,2
9,9,0
3,4,1
1,2,1
150,159,9
3,14,11
0,0,0
2,2,0
2,9,7
20,20,0
2,2,0
2,2,0
3,8,5
4,4,0
1,3,2
4,7,3
3,24,21
2,4,2
2,2,0
2,2,0
0,0,0
2,9,7
2,2,0
2,5,3
3,3,0
2,2,0
2,3,1
74,104,30
135,141,6
1,2,1
2,6,4
3,5,2
3,3,0
2,9,7
1,21,20
3,3,0
8,10,2
2,4,2
2,2,0
3,3,0
2,20,18
3,3,0
2,2,0
2,5,3
2,2,0
4,15,11
2,6,4
3,3,0
2,8,6
30,30,0
6,6,0
2,2,0
2,2,0
2,2,0
1,2,1
2,8,6
3,3,0
3,5,2
3,3,0
3,5,2
139,216,77
2,2,0
11,33,22
1,2,1
9,19,10
2,69,67
11,11,0
2,4,2
2,2,0
75,77,2
2,2,0
3,4,1
2,6,4
2,2,0
2,2,0
2,3,1
2,2,0
3,7,4
2,2,0
2,2,0
2,2,0
2,2,0
2,4,2
2,2,0
9,9,0
1,1,0
3,3,0
2,2,0
1,23,22
2,5,3
4,4,0
1,2,1
2,4,2
2,70,68
1,6,5
2,18,16
3,3,0
6,6,0
2,3,1
2,4,2
2,2,0
2,2,0
24,24,0
2,4,2
2,2,0
0,0,0
80,80,0
8,8,0
5,12,7
2,4,2
2,10,8
16,24,8
1,1,0
1,3,2
3,7,4
3,3,0
2,2,0
0,0,0
2,4,2
4,5,1
4,6,2
0,0,0
3,3,0
3,3,0
3,8,5
3,3,0
3,3,0
2,2,0
3,5,2
0,0,0
3,3,0
3,4,1
24,35,11
3,7,4
2,8,6
2,4,2
2,2,0
2,45,43
2,2,0
1,3,2
3,3,0
13,13,0
3,3,0
2,2,0
2,2,0
3,9,6
7,7,0
2,2,0
2,2,0
1,1,0
2,2,0
2,6,4
3,5,2
2,82,80
2,2,0
0,0,0
4,31,27
2,2,0
2,2,0
2,2,0
3,5,2
3,5,2
3,6,3
2,4,2
3,7,4
3,7,4
2,2,0
2,2,0
3,3,0
24,28,4
2,3,1
0,0,0
1,2,1
1,4,3
2,2,0
3,4,1
3,3,0
2,2,0
2,2,0
3,3,0
103,112,9
22,22,0
2,32,30
3,5,2
1,3,2
3,3,0
2,2,0
2,16,14
3,3,0
2,4,2
3,5,2
2,2,0
11,84,73
3,13,10
19,26,7
4,82,78
11,11,0
2,28,26
3,7,4
2,2,0
2,2,0
2,8,6
3,6,3
11,11,0
2,2,0
3,3,0
1,2,1
3,9,6
115,197,82
3,3,0
0,0,0
2,2,0
2,2,0
29,29,0
2,2,0
1,2,1
2,2,0
2,6,4
1,1,0
2,2,0
2,4,2
1,2,1
2,2,0
2,2,0
2,4,2
3,7,4
2,3,1
3,3,0
3,3,0
2,2,0
22,26,4
2,6,4
138,245,107
2,2,0
2,2,0
0,0,0
1,1,0
2,4,2
2,2,0
2,4,2
2,2,0
66,114,48
3,4,1
4,4,0
8,11,3
2,2,0
3,4,1
2,4,2
3,3,0
3,5,2
7,7,0
2,2,0
4,8,4
2,37,35
3,3,0
2,5,3
2,2,0
2,5,3
3,3,0
2,2,0
2,2,0
61,64,3
2,4,2
2,6,4
6,6,0
52,52,0
1,3,2
10,22,12
3,3,0
0,0,0
2,2,0
2,2,0
21,21,0
3,10,7
4,11,7
3,3,0
2,2,0
2,2,0
2,4,2
1,11,10
2,4,2
0,0,0
2,2,0
2,4,2
2,4,2
2,4,2
3,3,0
2,2,0
3,3,0
2,28,26
2,2,0
1,3,2
2,4,2
2,2,0
3,3,0
3,5,2
2,2,0
235,284,49
3,3,0
2,2,0
3,3,0
3,3,0
51,51,0
2,2,0
2,5,3
2,2,0
3,3,0
2,2,0
2,33,31
3,11,8
0,0,0
0,0,0
2,2,0
3,8,5
7,7,0
3,8,5
2,17,15
3,5,2
3,5,2
3,3,0
1,2,1
2,2,0
2,82,80
3,3,0
2,4,2
2,2,0
2,6,4
3,6,3
3,4,1
0,0,0
2,2,0
6,6,0
2,2,0
5,5,0
3,3,0
2,2,0
2,2,0
2,2,0
2,4,2
2,2,0
2,2,0
3,3,0
0,0,0
0,0,0
8,19,11
100,140,40
5,5,0
16,16,0
2,2,0
2,2,0
2,4,2
7,7,0
18,18,0
81,81,0
2,2,0
2,2,0
0,0,0
3,3,0
2,2,0
1,5,4
3,3,0
2,3,1
2,10,8
2,2,0
78,80,2
0,0,0
2,2,0
2,2,0
1,6,5
3,3,0
2,4,2
3,3,0
5,5,0
95,96,1
2,2,0
3,3,0
2,4,2
1,41,40
2,2,0
2,2,0
3,3,0
3,4,1
0,0,0
2,2,0
2,2,0
2,6,4
3,6,3
3,5,2
2,2,0
2,2,0
10,14,4
2,2,0
3,4,1
3,7,4
3,3,0
3,11,8
0,0,0
1,2,1
0,0,0
2,2,0
0,0,0
0,0,0
98,98,0
0,0,0
2,2,0
2,6,4
0,0,0
3,6,3
2,2,0
1,1,0
2,2,0
3,13,10
3,3,0
9,9,0
3,3,0
3,3,0
3,3,0
3,3,0
3,5,2
2,4,2
0,0,0
2,2,0
3,3,0
2,4,2
8,8,0
2,8,6
2,4,2
1,57,56
2,2,0
2,2,0
2,2,0
2,2,0
3,3,0
2,2,0
2,2,0
3,3,0
8,8,0
10,18,8
3,3,0
2,2,0
2,4,2
2,2,0
8,8,0
3,7,4
2,2,0
2,11,9
4,4,0
22,22,0
2,3,1
8,14,6
2,2,0
2,2,0
16,40,24
3,5,2
2,2,0
3,5,2
7,83,76
3,11,8
2,2,0
2,2,0
3,10,7
0,0,0
3,3,0
8,8,0
2,2,0
2,2,0
1,1,0
2,2,0
0,0,0
2,14,12
2,4,2
3,3,0
2,2,0
96,96,0
3,10,7
2,2,0
3,5,2
2,7,5
0,0,0
25,121,96
70,80,10
139,139,0
2,4,2
0,0,0
2,3,1
2,2,0
100,100,0
3,7,4
2,4,2
2,2,0
2,2,0
2,4,2
2,2,0
3,11,8
3,58,55
1,2,1
3,5,2
4,4,0
1,5,4
0,0,0
2,4,2
3,5,2
28,134,106
3,65,62
67,93,26
3,7,4
3,7,4
4,4,0
3,3,0
3,3,0
2,6,4
3,11,8
2,4,2
100,100,0
2,2,0
3,5,2
1,1,0
2,2,0
2,2,0
3,3,0
7,7,0
2,2,0
2,2,0
2,2,0
2,4,2
1,7,6
3,3,0
2,2,0
3,3,0
8,8,0
2,4,2
2,6,4
2,2,0
2,2,0
2,11,9
0,0,0
2,2,0
3,3,0
0,0,0
3,3,0
2,2,0
2,2,0
3,3,0
61,61,0
3,11,8
2,6,4
0,0,0
2,6,4
3,4,1
2,11,9
2,11,9
2,2,0
4,4,0
1,5,4
2,3,1
2,2,0
2,2,0
2,4,2
3,3,0
2,8,6
1,3,2
4,8,4
6,6,0
2,3,1
12,16,4
3,5,2
4,4,0
2,6,4
1,7,6
161,161,0
2,3,1
2,2,0
3,13,10
3,9,6
2,2,0
2,2,0
8,8,0
3,6,3
2,2,0
2,2,0
1,8,7
2,2,0
2,2,0
2,4,2
3,5,2
3,3,0
3,3,0
3,12,9
3,17,14
2,2,0
18,18,0
3,5,2
3,3,0
3,3,0
4,4,0
3,3,0
1,1,0
2,2,0
0,0,0
2,2,0
2,2,0
3,9,6
3,3,0
2,2,0
5,5,0
2,2,0
0,0,0
20,32,12
2,8,6
2,12,10
1,21,20
2,2,0
1,6,5
13,13,0
3,10,7
3,8,5
6,6,0
2,2,0
3,3,0
2,6,4
2,2,0
6,6,0
4,4,0
28,58,30
3,8,5
2,4,2
0,0,0
123,159,36
3,5,2
3,5,2
3,6,3
3,3,0
0,0,0
3,3,0
2,2,0
2,2,0
4,6,2
2,6,4
8,8,0
2,2,0
2,8,6
2,2,0
26,26,0
2,2,0
0,0,0
3,3,0
2,2,0
0,0,0
3,3,0
0,0,0
2,2,0
2,2,0
2,6,4
3,3,0
2,4,2
3,26,23
10,10,0
2,10,8
3,3,0
30,30,0
3,3,0
3,5,2
3,4,1
3,6,3
100,109,9
2,2,0
2,2,0
2,2,0
1,3,2
2,2,0
3,3,0
3,7,4
3,24,21
7,7,0
4,4,0
135,140,5
2,4,2
3,3,0
3,3,0
2,2,0
2,4,2
1,1,0
3,6,3
2,2,0
10,10,0
2,15,13
1,3,2
2,2,0
2,2,0
2,2,0
2,4,2
1,49,48
11,11,0
0,0,0
6,22,16
2,2,0
3,3,0
3,3,0
2,2,0
3,3,0
3,7,4
1,13,12
3,3,0
3,3,0
0,0,0
2,2,0
2,2,0
3,5,2
2,2,0
3,5,2
129,236,107
2,2,0
2,12,10
2,4,2
2,3,1
3,3,0
25,25,0
55,134,79
2,2,0
100,102,2
2,35,33
2,23,21
52,52,0
4,4,0
12,12,0
51,57,6
2,5,3
3,5,2
3,3,0
3,3,0
2,2,0
2,2,0
2,20,18
2,2,0
2,2,0
11,11,0
3,5,2
2,2,0
2,2,0
0,0,0
2,2,0
16,16,0
3,7,4
20,20,0
3,5,2
2,27,25
2,6,4
2,4,2
2,2,0
3,3,0
2,2,0
14,14,0
2,2,0
3,7,4
3,3,0
1,3,2
2,2,0
2,11,9
6,6,0
0,0,0
3,15,12
2,2,0
2,2,0
5,8,3
2,2,0
2,2,0
3,13,10
1,1,0
20,20,0
2,2,0
2,2,0
3,3,0
2,2,0
2,2,0
2,4,2
2,4,2
3,21,18
2,8,6
2,9,7
3,3,0
3,3,0
2,2,0
1,2,1
3,13,10
3,3,0
2,4,2
4,4,0
2,2,0
2,2,0
3,3,0
1,4,3
2,2,0
12,15,3
2,2,0
2,2,0
2,10,8
3,7,4
2,2,0
2,2,0
2,2,0
22,22,0
2,2,0
1,1,0
3,3,0
2,2,0
3,10,7
2,2,0
0,0,0
3,3,0
0,0,0
52,60,8
2,2,0
8,8,0
2,2,0
3,4,1
3,5,2
3,3,0
2,2,0
3,11,8
2,4,2
2,46,44
1,1,0
2,2,0
2,2,0
6,6,0
3,3,0
3,7,4
2,84,82
1,4,3
3,5,2
33,201,168
4,4,0
3,10,7
2,3,1
4,4,0
2,2,0
1,1,0
2,6,4
1,3,2
1,4,3
3,7,4
3,7,4
3,3,0
3,3,0
2,2,0
5,5,0
1,1,0
3,5,2
0,0,0
3,7,4
3,3,0
2,2,0
2,2,0
2,14,12
3,7,4
70,80,10
18,19,1
2,6,4
1,1,0
2,3,1
2,2,0
2,4,2
2,2,0
4,4,0
2,2,0
2,3,1
3,3,0
2,11,9
2,2,0
2,4,2
3,5,2
1,3,2
3,3,0
2,2,0
1,1,0
2,2,0
2,2,0
1,8,7
1,18,17
2,2,0
1,1,0
2,6,4
3,7,4
2,8,6
1,69,68
1,22,21
2,2,0
2,2,0
2,2,0
1,2,1
3,4,1
2,2,0
2,2,0
2,3,1
3,23,20
9,21,12
12,12,0
3,8,5
3,3,0
2,4,2
3,5,2
6,6,0
1,5,4
3,3,0
2,2,0
2,17,15
3,5,2
2,8,6
3,3,0
2,2,0
1,3,2
3,5,2
3,3,0
3,3,0
3,7,4
8,10,2
488,804,316
3,5,2
2,4,2
42,42,0
1,1,0
3,3,0
1,2,1
3,3,0
2,2,0
2,2,0
4,4,0
2,6,4
3,3,0
3,3,0
3,5,2
1,7,6
2,4,2
42,42,0
2,2,0
3,3,0
2,2,0
2,80,78
2,2,0
2,24,22
2,44,42
2,6,4
2,2,0
4,4,0
1,5,4
2,4,2
2,4,2
2,2,0
4,4,0
2,3,1
0,0,0
2,2,0
2,4,2
1,3,2
3,4,1
70,70,0
3,6,3
2,8,6
2,2,0
10,10,0
3,3,0
2,2,0
2,2,0
2,82,80
2,2,0
66,385,319
3,8,5
2,2,0
40,43,3
3,31,28
12,12,0
2,2,0
3,5,2
3,3,0
2,2,0
2,11,9
5,5,0
2,2,0
9,126,117
28,28,0
2,2,0
2,2,0
2,2,0
2,2,0
30,30,0
1,1,0
1,3,2
6,6,0
3,3,0
6,30,24
2,4,2
2,4,2
2,2,0
3,5,2
2,6,4
8,8,0
0,0,0
2,5,3
0,0,0
1,5,4
2,2,0
2,2,0
2,4,2
2,2,0
3,3,0
29,87,58
2,4,2
2,4,2
16,16,0
2,6,4
3,3,0
2,2,0
2,23,21
10,15,5
2,2,0
3,3,0
2,2,0
3,23,20
2,2,0
2,2,0
3,7,4
2,8,6
2,2,0
42,42,0
2,4,2
2,2,0
2,2,0
51,53,2
2,2,0
2,23,21
3,12,9
70,166,96
2,5,3
2,2,0
1,2,1
2,2,0
3,3,0
38,43,5
2,2,0
3,5,2
3,5,2
1,6,5
5,11,6
3,5,2
2,2,0
2,5,3
3,3,0
3,3,0
100,144,44
2,2,0
3,3,0
2,2,0
2,2,0
2,11,9
2,6,4
1,2,1
9,9,0
8,13,5
2,8,6
39,39,0
3,11,8
3,3,0
3,4,1
3,3,0
2,20,18
2,2,0
9,9,0
4,38,34
3,3,0
2,7,5
7,9,2
3,3,0
2,2,0
8,8,0
2,3,1
73,173,100
6,6,0
2,2,0
2,2,0
2,159,157
3,3,0
3,19,16
2,2,0
9,9,0
2,2,0
1,2,1
1,3,2
0,0,0
12,12,0
0,0,0
30,32,2
3,3,0
2,2,0
1,1,0
2,2,0
2,2,0
3,3,0
3,5,2
3,3,0
2,4,2
2,2,0
3,3,0
3,4,1
69,84,15
2,5,3
0,0,0
2,2,0
2,2,0
2,4,2
1,15,14
3,3,0
2,2,0
3,15,12
2,9,7
3,3,0
3,3,0
2,4,2
1,1,0
50,52,2
2,3,1
3,3,0
5,5,0
2,4,2
13,15,2
2,2,0
2,2,0
3,5,2
2,23,21
2,3,1
2,2,0
1,1,0
2,2,0
3,21,18
12,12,0
2,2,0
2,2,0
3,3,0
2,2,0
23,26,3
2,8,6
2,4,2
2,3,1
3,3,0
2,6,4
3,3,0
4,18,14
2,2,0
3,3,0
3,3,0
3,17,14
2,3,1
2,5,3
20,20,0
3,9,6
2,4,2
6,6,0
3,7,4
2,14,12
0,0,0
2,4,2
2,31,29
2,2,0
2,2,0
3,5,2
3,3,0
2,4,2
51,51,0
83,83,0
55,56,1
3,11,8
3,3,0
4,4,0
2,34,32
3,3,0
2,15,13
3,8,5
99,152,53
1,2,1
2,4,2
2,2,0
2,2,0
7,7,0
3,5,2
48,48,0
2,2,0
100,117,17
3,3,0
2,37,35
9,9,0
2,2,0
1,1,0
107,107,0
1,6,5
3,8,5
2,2,0
2,11,9
2,2,0
2,4,2
2,5,3
0,0,0
2,2,0
3,3,0
2,2,0
3,3,0
3,3,0
3,5,2
2,2,0
1,22,21
2,5,3
2,4,2
2,2,0
3,6,3
2,2,0
2,2,0
4,4,0
3,3,0
9,11,2
3,5,2
2,2,0
2,2,0
10,11,1
3,4,1
73,173,100
3,3,0
2,3,1
2,2,0
2,9,7
18,59,41
3,9,6
2,2,0
3,3,0
3,3,0
1,2,1
2,2,0
2,3,1
4,4,0
2,10,8
2,2,0
3,3,0
2,2,0
3,3,0
2,2,0
2,2,0
2,3,1
3,3,0
2,2,0
3,3,0
43,43,0
2,2,0
2,2,0
3,9,6
2,2,0
3,5,2
0,0,0
2,2,0
1,6,5
1,3,2
2,2,0
5,45,40
161,161,0
75,75,0
2,6,4
4,15,11
40,115,75
2,2,0
9,9,0
3,3,0
18,18,0
2,2,0
2,2,0
30,35,5
1,2,1
3,13,10
6,6,0
3,5,2
62,62,0
2,12,10
2,2,0
2,4,2
2,3,1
3,9,6
2,4,2
2,2,0
2,4,2
22,22,0
3,20,17
2,4,2
2,2,0
17,21,4
3,11,8
2,2,0
2,4,2
36,135,99
6,11,5
1,1,0
2,7,5
103,110,7
3,3,0
5,5,0
4,10,6
2,2,0
2,24,22
3,3,0
1,4,3
2,2,0
6,6,0
3,5,2
2,2,0
2,2,0
3,5,2
1,4,3
3,3,0
2,2,0
5,5,0
38,127,89
1,26,25
2,2,0
84,85,1
72,72,0
80,80,0
3,5,2
3,8,5
5,5,0
2,4,2
34,34,0
2,4,2
5,5,0
4,5,1
238,238,0
1,23,22
6,6,0
98,101,3
9,9,0
98,98,0
2,2,0
3,8,5
2,2,0
139,216,77
2,5,3
2,2,0
2,4,2
3,3,0
3,3,0
2,2,0
3,5,2
2,2,0
2,2,0
3,5,2
2,2,0
2,2,0
2,2,0
2,4,2
2,2,0
2,4,2
2,4,2
12,111,99
1,1,0
3,3,0
2,2,0
8,16,8
12,12,0
3,3,0
3,3,0
3,8,5
4,4,0
2,2,0
2,4,2
3,3,0
3,5,2
9,9,0
1,1,0
2,4,2
2,6,4
2,2,0
2,2,0
2,2,0
41,41,0
10,19,9
38,80,42
3,3,0
139,216,77
1,2,1
2,2,0
139,216,77
3,3,0
4,5,1
0,0,0
20,20,0
4,4,0
0,0,0
3,3,0
2,2,0
3,3,0
1,1,0
1,1,0
2,2,0
1,11,10
2,10,8
4,4,0
6,6,0
0,0,0
26,32,6
2,2,0
3,5,2
2,4,2
2,2,0
2,2,0
2,5,3
2,4,2
3,3,0
2,4,2
3,3,0
2,2,0
2,2,0
3,11,8
2,2,0
3,5,2
4,6,2
3,12,9
3,3,0
1,2,1
3,3,0
0,0,0
2,4,2
3,19,16
2,5,3
2,2,0
88,88,0
3,5,2
1,10,9
2,2,0
2,2,0
2,7,5
2,2,0
3,5,2
2,2,0
3,3,0
1,70,69
3,3,0
3,3,0
2,4,2
4,4,0
1,3,2
1,2,1
2,2,0
0,0,0
2,2,0
2,2,0
2,4,2
2,2,0
2,7,5
2,4,2
2,6,4
16,16,0
2,4,2
2,2,0
2,2,0
27,29,2
2,2,0
0,0,0
2,4,2
100,203,103
0,0,0
26,111,85
3,6,3
2,6,4
2,2,0
2,2,0
2,2,0
2,2,0
1,1,0
3,3,0
139,247,108
2,7,5
2,2,0
2,2,0
31,31,0
2,36,34
1,2,1
3,3,0
2,2,0
1,1,0
2,11,9
3,7,4
13,15,2
2,4,2
3,10,7
2,4,2
2,2,0
4,4,0
2,15,13
2,82,80
3,5,2
5,5,0
18,18,0
2,2,0
2,19,17
2,4,2
7,7,0
2,6,4
3,3,0
3,3,0
2,2,0
3,3,0
2,2,0
22,22,0
3,8,5
2,2,0
2,4,2
73,173,100
7,11,4
3,3,0
2,4,2
2,7,5
1,1,0
2,3,1
4,4,0
2,2,0
2,2,0
3,11,8
86,92,6
2,4,2
161,163,2
2,7,5
3,26,23
1,2,1
1,2,1
0,0,0
2,2,0
18,18,0
2,21,19
2,4,2
2,8,6
2,4,2
3,4,1
3,11,8
28,28,0
3,3,0
3,3,0
0,0,0
3,6,3
3,7,4
2,4,2
3,3,0
3,5,2
2,3,1
3,5,2
2,2,0
1,12,11
2,2,0
3,9,6
3,14,11
1,8,7
2,2,0
3,3,0
2,4,2
18,18,0
2,9,7
1,17,16
3,6,3
3,3,0
3,3,0
2,2,0
2,80,78
3,3,0
3,5,2
2,2,0
3,3,0
49,52,3
1,36,35
2,2,0
3,3,0
3,3,0
2,20,18
22,24,2
2,4,2
2,16,14
3,3,0
2,2,0
3,3,0
7,9,2
2,3,1
2,5,3
4,7,3
3,13,10
26,26,0
3,3,0
2,3,1
2,2,0
2,2,0
2,2,0
3,10,7
0,0,0
3,10,7
2,6,4
3,3,0
2,4,2
161,161,0
3,5,2
11,37,26
3,3,0
2,29,27
0,0,0
2,2,0
2,2,0
2,2,0
2,2,0
3,7,4
0,0,0
1,25,24
1,19,18
2,2,0
2,71,69
3,69,66
2,2,0
2,2,0
9,9,0
185,482,297
2,2,0
3,34,31
12,13,1
4,7,3
2,4,2
3,8,5
3,3,0
3,5,2
1,1,0
2,2,0
2,10,8
2,53,51
5,22,17
2,30,28
3,3,0
3,5,2
1,1,0
9,10,1
2,4,2
2,2,0
3,5,2
1,2,1
3,6,3
24,24,0
3,3,0
53,53,0
2,80,78
2,5,3
2,2,0
2,4,2
14,53,39
2,14,12
11,22,11
2,29,27
2,2,0
2,2,0
2,2,0
2,15,13
2,2,0
0,0,0
2,2,0
2,2,0
3,4,1
3,3,0
3,4,1
2,8,6
2,5,3
17,17,0
2,2,0
1,2,1
2,2,0
2,2,0
59,136,77
2,2,0
2,8,6
9,9,0
3,3,0
3,5,2
2,2,0
2,2,0
3,9,6
2,4,2
0,0,0
2,2,0
3,7,4
9,18,9
0,0,0
9,9,0
8,8,0
3,3,0
3,5,2
3,3,0
0,0,0
98,102,4
3,3,0
1,1,0
2,2,0
3,3,0
3,8,5
2,2,0
2,6,4
11,12,1
2,2,0
3,3,0
6,192,186
2,2,0
3,3,0
2,2,0
0,0,0
61,61,0
1,3,2
3,3,0
3,10,7
2,2,0
8,8,0
1,26,25
3,4,1
3,3,0
2,7,5
2,6,4
0,0,0
2,16,14
2,2,0
3,3,0
85,98,13
3,5,2
3,7,4
6,12,6
2,2,0
7,12,5
2,8,6
1,2,1
2,2,0
2,2,0
4,4,0
2,11,9
2,2,0
2,2,0
9,9,0
2,2,0
3,5,2
2,2,0
2,2,0
3,6,3
3,3,0
2,22,20
1,2,1
1,2,1
3,14,11
2,5,3
2,2,0
2,2,0
2,2,0
6,8,2
10,10,0
3,5,2
1,2,1
5,13,8
3,14,11
2,4,2
2,2,0
3,4,1
2,32,30
3,3,0
2,80,78
18,18,0
2,2,0
3,3,0
3,3,0
2,6,4
36,36,0
4,6,2
11,34,23
8,17,9
6,6,0
2,2,0
0,0,0
2,7,5
48,48,0
2,7,5
2,2,0
2,2,0
55,112,57
2,6,4
3,5,2
2,8,6
2,2,0
2,11,9
2,9,7
0,0,0
1,1,0
3,5,2
8,8,0
78,78,0
4,5,1
2,2,0
1,1,0
0,0,0
2,2,0
1,4,3
2,10,8
2,80,78
2,2,0
2,2,0
2,4,2
100,109,9
3,4,1
3,3,0
2,2,0
2,2,0
2,2,0
5,6,1
2,2,0
3,7,4
2,4,2
2,8,6
8,18,10
2,4,2
2,5,3
2,5,3
2,6,4
2,3,1
2,2,0
3,3,0
4,72,68
1,2,1
3,3,0
3,8,5
3,5,2
2,2,0
2,2,0
1,3,2
170,170,0
3,5,2
1,1,0
0,0,0
3,5,2
3,4,1
5,7,2
2,2,0
3,3,0
2,4,2
2,2,0
2,2,0
3,3,0
2,16,14
2,2,0
2,14,12
2,2,0
83,166,83
2,2,0
2,79,77
3,6,3
675,676,1
2,2,0
3,3,0
2,2,0
2,2,0
2,2,0
3,3,0
2,4,2
2,21,19
1,10,9
2,6,4
2,2,0
2,2,0
2,2,0
1,1,0
1,6,5
0,0,0
11,12,1
160,162,2
5,5,0
3,5,2
2,2,0
1,1,0
10,10,0
2,97,95
2,3,1
5,12,7
4,4,0
3,5,2
2,2,0
2,2,0
3,3,0
2,2,0
2,4,2
2,2,0
2,7,5
0,0,0
3,16,13
3,5,2
9,9,0
2,2,0
5,5,0
1,1,0
2,4,2
2,2,0
3,3,0
63,81,18
3,5,2
9,12,3
2,6,4
3,3,0
3,3,0
3,18,15
2,2,0
2,2,0
2,2,0
2,2,0
22,22,0
3,3,0
10,11,1
2,16,14
4,4,0
2,2,0
0,0,0
3,3,0
2,2,0
2,42,40
2,2,0
4,4,0
1,1,0
0,0,0
3,19,16
2,2,0
2,7,5
2,3,1
2,2,0
2,2,0
2,4,2
3,3,0
3,3,0
2,8,6
3,3,0
2,2,0
3,3,0
116,116,0
6,12,6
136,158,22
2,2,0
2,2,0
2,4,2
2,2,0
2,2,0
2,5,3
2,13,11
3,3,0
3,3,0
89,89,0
2,8,6
2,2,0
2,2,0
66,66,0
1,1,0
3,4,1
2,2,0
2,2,0
2,2,0
18,18,0
3,4,1
1,14,13
2,3,1
3,3,0
2,2,0
3,3,0
3,7,4
9,12,3
2,9,7
3,7,4
2,2,0
3,3,0
1,3,2
2,2,0
2,23,21
3,3,0
3,5,2
2,2,0
3,15,12
2,3,1
2,45,43
3,14,11
2,2,0
4,4,0
2,2,0
3,19,16
2,4,2
15,15,0
2,2,0
2,2,0
0,0,0
1,2,1
2,6,4
1,1,0
0,0,0
2,4,2
2,7,5
3,3,0
6,6,0
2,2,0
3,3,0
3,5,2
3,6,3
1,1,0
3,11,8
4,16,12
2,5,3
2,2,0
147,147,0
2,4,2
2,2,0
3,5,2
28,28,0
0,0,0
1,1,0
0,0,0
7,7,0
2,4,2
1,7,6
3,3,0
1,25,24
3,13,10
1,3,2
2,6,4
34,34,0
3,4,1
156,156,0
8,30,22
10,20,10
1,2,1
1,9,8
2,2,0
3,8,5
6,6,0
2,6,4
0,0,0
1,1,0
2,4,2
86,182,96
2,2,0
2,2,0
2,2,0
2,8,6
2,2,0
1,5,4
2,2,0
2,24,22
1,2,1
30,30,0
2,2,0
3,5,2
2,2,0
3,3,0
1,1,0
2,2,0
3,15,12
2,2,0
3,3,0
8,8,0
2,2,0
3,3,0
2,4,2
2,16,14
3,7,4
3,3,0
3,3,0
36,42,6
2,2,0
2,2,0
8,14,6
4,4,0
0,0,0
3,3,0
2,2,0
5,5,0
2,4,2
2,2,0
2,3,1
3,4,1
1,1,0
3,20,17
2,2,0
2,19,17
2,6,4
2,2,0
1,3,2
1,3,2
48,50,2
2,2,0
2,2,0
2,2,0
8,8,0
2,22,20
2,84,82
2,2,0
0,0,0
59,134,75
1,3,2
2,2,0
3,10,7
2,2,0
3,5,2
2,2,0
3,10,7
3,3,0
2,2,0
2,27,25
6,6,0
2,2,0
2,2,0
2,2,0
2,3,1
3,3,0
2,9,7
3,5,2
7,7,0
2,2,0
3,5,2
3,3,0
3,3,0
1,1,0
2,45,43
80,80,0
2,5,3
0,0,0
2,19,17
72,163,91
2,2,0
2,28,26
3,3,0
28,28,0
2,5,3
3,9,6
123,159,36
2,2,0
2,9,7
1,3,2
2,25,23
4,4,0
3,7,4
2,2,0
4,4,0
3,5,2
2,10,8
6,9,3
3,5,2
1,1,0
2,2,0
8,9,1
1,1,0
2,4,2
3,7,4
2,3,1
2,2,0
2,2,0
2,2,0
2,2,0
9,9,0
51,51,0
3,11,8
3,4,1
3,4,1
153,153,0
6,26,20
7,7,0
12,86,74
3,3,0
2,5,3
0,0,0
2,2,0
3,5,2
3,7,4
2,2,0
28,49,21
1,14,13
1,13,12
2,42,40
2,2,0
2,4,2
11,11,0
1,1,0
7,7,0
2,27,25
2,2,0
63,63,0
2,2,0
3,5,2
3,5,2
3,3,0
9,9,0
6,6,0
3,3,0
2,6,4
2,2,0
8,25,17
2,2,0
1,2,1
63,67,4
2,2,0
2,12,10
4,5,1
3,3,0
2,2,0
1,1,0
25,75,50
2,2,0
0,0,0
3,3,0
2,76,74
0,0,0
0,0,0
4,4,0
2,4,2
1,2,1
1,3,2
2,2,0
3,3,0
2,7,5
2,2,0
2,2,0
8,11,3
3,70,67
0,0,0
3,9,6
2,5,3
1,72,71
3,5,2
3,3,0
2,3,1
4,8,4
2,4,2
2,2,0
0,0,0
2,4,2
2,2,0
2,3,1
2,2,0
3,5,2
2,14,12
2,2,0
2,100,98
2,2,0
1,4,3
2,2,0
2,4,2
0,0,0
2,2,0
28,105,77
0,0,0
1,6,5
28,28,0
3,3,0
2,2,0
100,100,0
3,3,0
1,3,2
0,0,0
4,70,66
2,3,1
3,5,2
3,3,0
3,3,0
56,60,4
3,5,2
2,2,0
3,5,2
2,2,0
2,2,0
3,3,0
2,6,4
21,21,0
2,2,0
3,3,0
3,3,0
2,2,0
2,2,0
3,5,2
2,2,0
3,3,0
54,54,0
3,3,0
8,13,5
2,3,1
2,2,0
3,7,4
1,1,0
3,77,74
1,11,10
3,3,0
3,3,0
60,60,0
1,3,2
3,5,2
2,6,4
4,33,29
2,2,0
3,3,0
1,3,2
2,20,18
0,0,0
0,0,0
3,5,2
164,164,0
4,4,0
3,4,1
47,144,97
3,3,0
2,2,0
0,0,0
3,3,0
2,24,22
0,0,0
77,77,0
3,3,0
2,4,2
2,4,2
3,3,0
3,11,8
8,9,1
3,5,2
2,8,6
2,2,0
1,75,74
0,0,0
9,9,0
13,17,4
2,17,15
2,2,0
2,21,19
3,3,0
2,5,3
2,2,0
2,2,0
3,7,4
2,2,0
9,9,0
2,2,0
2,4,2
1,1,0
1,1,0
14,14,0
6,6,0
2,13,11
3,3,0
1,22,21
23,44,21
8,8,0
2,6,4
2,27,25
2,2,0
4,11,7
2,2,0
3,5,2
2,3,1
2,49,47
4,4,0
89,112,23
2,2,0
2,2,0
1,2,1
2,4,2
2,2,0
2,2,0
1,23,22
8,8,0
3,3,0
2,2,0
2,7,5
100,100,0
1,1,0
3,4,1
0,0,0
6,8,2
2,16,14
2,4,2
2,6,4
0,0,0
7,7,0
2,45,43
3,14,11
2,4,2
29,87,58
2,2,0
1,2,1
1,5,4
0,0,0
0,0,0
3,5,2
2,28,26
2,2,0
3,6,3
4,15,11
2,12,10
3,7,4
3,3,0
2,2,0
2,2,0
2,6,4
2,2,0
2,2,0
2,18,16
1,3,2
2,2,0
1,1,0
1,1,0
48,50,2
2,4,2
2,2,0
11,12,1
4,91,87
4,4,0
2,2,0
2,2,0
3,3,0
2,2,0
2,2,0
3,3,0
2,4,2
2,124,122
0,0,0
8,10,2
3,3,0
12,12,0
3,6,3
2,2,0
3,10,7
13,16,3
2,2,0
1,3,2
2,2,0
2,2,0
2,3,1
2,2,0
4,4,0
51,51,0
0,0,0
2,78,76
3,8,5
2,2,0
2,82,80
0,0,0
2,2,0
2,2,0
2,2,0
22,68,46
2,4,2
2,6,4
3,3,0
3,5,2
12,13,1
7,7,0
2,2,0
3,5,2
0,0,0
3,3,0
2,2,0
2,2,0
2,41,39
2,9,7
45,61,16
37,110,73
2,4,2
8,34,26
3,3,0
3,3,0
2,2,0
3,3,0
2,2,0
1,1,0
3,7,4
3,3,0
36,45,9
2,5,3
1,1,0
4,72,68
1,1,0
3,3,0
7,7,0
2,3,1
23,25,2
2,2,0
3,5,2
2,25,23
2,4,2
2,2,0
2,3,1
3,3,0
2,4,2
3,7,4
406,417,11
6,6,0
2,6,4
2,28,26
2,2,0
2,2,0
10,12,2
3,3,0
3,10,7
0,0,0
2,2,0
8,8,0
3,3,0
3,9,6
2,2,0
1,6,5
1,3,2
2,3,1
2,2,0
2,2,0
4,4,0
0,0,0
2,2,0
2,5,3
3,3,0
0,0,0
1,1,0
3,3,0
2,2,0
2,11,9
1,2,1
0,0,0
2,2,0
4,4,0
2,11,9
1,2,1
2,2,0
45,46,1
2,6,4
2,2,0
3,3,0
2,2,0
2,4,2
3,3,0
2,7,5
2,2,0
3,41,38
1,1,0
2,2,0
3,3,0
2,2,0
2,3,1
5,9,4
1,2,1
52,156,104
3,3,0
2,8,6
3,5,2
0,0,0
2,8,6
3,6,3
2,2,0
2,2,0
2,2,0
3,3,0
3,5,2
4,34,30
2,2,0
5,5,0
0,0,0
39,196,157
2,4,2
3,8,5
2,2,0
2,2,0
8,32,24
3,6,3
2,2,0
3,5,2
2,2,0
2,4,2
2,2,0
5,5,0
20,20,0
3,3,0
3,5,2
3,5,2
3,3,0
3,4,1
2,2,0
2,2,0
2,40,38
2,10,8
3,10,7
50,52,2
3,3,0
2,4,2
2,13,11
3,3,0
3,3,0
2,2,0
3,24,21
2,2,0
2,3,1
0,0,0
0,0,0
2,2,0
8,8,0
2,2,0
3,3,0
3,3,0
2,6,4
8,8,0
2,10,8
3,9,6
3,3,0
2,4,2
3,3,0
3,11,8
2,4,2
2,8,6
2,4,2
2,2,0
3,3,0
4,4,0
4,8,4
5,6,1
1,3,2
2,4,2
2,2,0
2,2,0
3,3,0
3,4,1
2,2,0
3,10,7
2,4,2
3,3,0
3,3,0
2,2,0
3,3,0
2,2,0
3,3,0
3,3,0
0,0,0
2,2,0
2,2,0
2,2,0
2,2,0
2,3,1
2,2,0
2,4,2
1,1,0
2,2,0
3,4,1
3,5,2
11,11,0
2,2,0
2,2,0
3,17,14
50,73,23
2,6,4
100,109,9
2,10,8
2,6,4
3,4,1
3,3,0
1,1,0
1,2,1
1,2,1
2,2,0
2,2,0
2,2,0
2,26,24
2,2,0
2,2,0
3,83,80
1,2,1
109,109,0
3,3,0
2,4,2
2,2,0
2,2,0
2,2,0
3,7,4
2,2,0
8,8,0
2,5,3
27,27,0
2,2,0
1,3,2
2,2,0
1,23,22
2,2,0
3,9,6
6,9,3
2,2,0
2,3,1
2,2,0
3,7,4
106,106,0
0,0,0
0,0,0
2,6,4
2,35,33
3,3,0
0,0,0
3,3,0
7,7,0
2,2,0
2,6,4
2,2,0
2,4,2
5,12,7
2,8,6
7,7,0
2,2,0
37,49,12
63,63,0
9,11,2
86,90,4
2,2,0
2,2,0
2,2,0
2,6,4
2,3,1
1,3,2
2,4,2
6,6,0
2,46,44
11,67,56
2,5,3
2,2,0
2,26,24
4,4,0
3,9,6
2,2,0
2,2,0
0,0,0
2,6,4
2,2,0
38,38,0
2,18,16
23,23,0
3,3,0
3,3,0
2,2,0
2,10,8
3,3,0
3,7,4
2,2,0
1,2,1
1,1,0
0,0,0
14,14,0
23,24,1
2,2,0
6,6,0
3,3,0
2,9,7
3,8,5
2,2,0
70,70,0
2,4,2
0,0,0
0,0,0
3,9,6
2,5,3
8,21,13
1,8,7
1,2,1
2,2,0
11,11,0
2,3,1
4,4,0
1,1,0
3,7,4
0,0,0
2,2,0
2,2,0
2,2,0
0,0,0
2,2,0
1,2,1
3,7,4
2,2,0
2,2,0
3,3,0
6,6,0
2,3,1
2,2,0
2,7,5
2,2,0
2,6,4
2,8,6
3,3,0
3,6,3
2,2,0
2,4,2
2,2,0
5,5,0
1,4,3
4,4,0
3,3,0
94,94,0
2,2,0
3,3,0
1,5,4
2,2,0
0,0,0
12,22,10
3,3,0
2,4,2
1,4,3
2,2,0
0,0,0
2,2,0
3,52,49
2,2,0
3,3,0
2,2,0
3,11,8
3,3,0
2,4,2
10,10,0
2,2,0
2,2,0
3,5,2
2,2,0
5,5,0
2,2,0
2,88,86
3,3,0
3,5,2
2,5,3
7,87,80
2,2,0
12,32,20
2,2,0
2,28,26
1,1,0
20,20,0
3,6,3
2,2,0
2,2,0
3,5,2
3,11,8
3,9,6
1,1,0
31,31,0
3,5,2
0,0,0
2,2,0
15,19,4
3,10,7
2,4,2
2,2,0
3,78,75
2,4,2
2,28,26
2,4,2
2,81,79
2,2,0
2,2,0
2,2,0
5,5,0
2,2,0
2,4,2
2,2,0
3,5,2
7,9,2
129,198,69
2,2,0
2,32,30
2,4,2
2,2,0
3,5,2
4,4,0
1,78,77
2,2,0
37,39,2
3,3,0
2,4,2
2,2,0
4,8,4
3,5,2
2,2,0
8,8,0
2,2,0
10,14,4
25,123,98
2,18,16
3,4,1
8,8,0
4,4,0
46,46,0
3,3,0
2,2,0
3,4,1
14,14,0
2,2,0
2,2,0
8,10,2
2,2,0
7,18,11
3,3,0
2,2,0
2,2,0
9,9,0
2,2,0
3,9,6
2,42,40
7,7,0
2,2,0
3,10,7
2,2,0
3,3,0
2,2,0
0,0,0
2,2,0
2,2,0
2,2,0
2,2,0
3,13,10
2,2,0
2,4,2
2,2,0
3,3,0
2,2,0
2,14,12
2,2,0
1,1,0
46,46,0
3,5,2
2,12,10
3,5,2
2,4,2
84,84,0
2,6,4
2,4,2
7,7,0
1,1,0
3,3,0
2,2,0
3,5,2
4,4,0
2,2,0
2,4,2
3,7,4
10,15,5
2,2,0
2,2,0
3,8,5
1,1,0
0,0,0
2,2,0
3,3,0
0,0,0
2,2,0
1,1,0
96,96,0
3,3,0
2,4,2
2,16,14
2,2,0
2,2,0
0,0,0
9,9,0
74,332,258
2,4,2
2,2,0
3,3,0
2,2,0
2,10,8
2,4,2
3,9,6
2,2,0
2,2,0
2,12,10
2,2,0
2,2,0
3,3,0
2,2,0
1,1,0
2,2,0
1,1,0
2,25,23
2,84,82
2,2,0
2,2,0
2,2,0
6,6,0
3,5,2
3,5,2
2,2,0
2,2,0
2,2,0
9,9,0
2,2,0
0,0,0
3,6,3
3,3,0
2,2,0
2,2,0
0,0,0
3,3,0
15,15,0
4,4,0
2,6,4
3,3,0
2,2,0
1,2,1
2,4,2
27,29,2
0,0,0
3,5,2
1,26,25
3,7,4
3,10,7
3,5,2
3,3,0
3,3,0
2,2,0
7,7,0
0,0,0
3,3,0
3,7,4
25,25,0
2,5,3
2,2,0
2,4,2
2,2,0
6,6,0
0,0,0
3,3,0
3,3,0
6,85,79
1,1,0
4,4,0
2,5,3
9,9,0
3,5,2
2,2,0
4,6,2
2,791,789
86,86,0
3,13,10
3,3,0
1,1,0
3,3,0
6,8,2
4,70,66
3,5,2
2,2,0
1,3,2
3,5,2
2,10,8
3,3,0
3,5,2
7,35,28
2,2,0
2,2,0
2,2,0
2,4,2
3,10,7
7,8,1
2,2,0
2,2,0
4,6,2
2,2,0
2,2,0
42,42,0
0,0,0
3,14,11
3,3,0
2,2,0
2,2,0
1,26,25
7,7,0
2,2,0
2,4,2
3,6,3
2,2,0
2,4,2
2,6,4
2,2,0
28,107,79
2,12,10
81,81,0
2,4,2
2,2,0
9,9,0
2,2,0
3,3,0
3,5,2
2,2,0
4,18,14
2,2,0
26,36,10
2,2,0
86,86,0
3,5,2
22,22,0
2,4,2
0,0,0
0,0,0
2,8,6
2,14,12
2,4,2
2,4,2
2,2,0
3,3,0
9,9,0
2,2,0
20,396,376
3,13,10
1,6,5
2,2,0
2,2,0
2,4,2
46,49,3
3,4,1
2,2,0
2,2,0
2,2,0
2,2,0
2,10,8
2,2,0
2,4,2
2,2,0
2,8,6
22,24,2
24,24,0
9,9,0
2,2,0
0,0,0
2,5,3
0,0,0
43,44,1
3,3,0
2,2,0
2,8,6
2,2,0
2,4,2
2,2,0
2,6,4
22,22,0
0,0,0
7,7,0
3,9,6
3,3,0
2,2,0
3,3,0
2,2,0
3,3,0
2,4,2
2,2,0
2,19,17
0,0,0
5,20,15
0,0,0
1,1,0
2,10,8
3,15,12
1,4,3
2,2,0
3,3,0
6,10,4
3,3,0
3,5,2
1,2,1
2,4,2
15,16,1
3,3,0
3,5,2
2,6,4
4,5,1
2,4,2
2,2,0
2,3,1
3,10,7
2,6,4
3,5,2
3,3,0
2,2,0
2,3,1
3,3,0
1,1,0
0,0,0
2,16,14
2,4,2
2,4,2
2,7,5
2,2,0
3,3,0
2,2,0
2,93,91
2,2,0
3,7,4
51,51,0
99,99,0
3,8,5
1,78,77
2,2,0
4,7,3
10,10,0
2,2,0
2,13,11
2,2,0
2,4,2
3,5,2
1,2,1
8,8,0
32,32,0
3,14,11
3,3,0
3,5,2
0,0,0
2,2,0
0,0,0
2,12,10
3,3,0
100,106,6
1,8,7
12,12,0
9,9,0
3,7,4
1,2,1
3,3,0
2,29,27
2,2,0
2,4,2
1,2,1
18,22,4
2,13,11
2,5,3
3,3,0
3,3,0
1,2,1
0,0,0
2,2,0
1,1,0
2,3,1
21,23,2
2,6,4
3,3,0
5,10,5
2,4,2
2,2,0
8,8,0
40,122,82
2,4,2
0,0,0
2,2,0
2,2,0
2,8,6
2,2,0
2,2,0
6,6,0
2,2,0
2,9,7
2,2,0
3,5,2
2,4,2
3,3,0
0,0,0
2,8,6
2,4,2
2,2,0
16,18,2
2,2,0
2,2,0
89,94,5
3,8,5
2,5,3
2,2,0
2,2,0
3,3,0
3,9,6
2,2,0
21,32,11
2,2,0
3,9,6
9,9,0
2,2,0
100,100,0
2,2,0
2,2,0
3,7,4
0,0,0
2,2,0
2,2,0
2,2,0
2,2,0
3,9,6
2,5,3
3,5,2
2,33,31
1,1,0
0,0,0
2,2,0
43,44,1
2,3,1
2,2,0
3,9,6
2,2,0
3,37,34
2,2,0
3,6,3
2,2,0
2,2,0
2,4,2
2,2,0
2,4,2
3,3,0
3,3,0
2,2,0
1,5,4
2,4,2
2,15,13
1,1,0
142,181,39
1,1,0
3,3,0
2,2,0
8,8,0
1,28,27
2,7,5
2,2,0
2,2,0
2,2,0
107,107,0
3,3,0
3,7,4
2,4,2
2,2,0
1,1,0
2,4,2
3,34,31
8,8,0
192,192,0
0,0,0
2,13,11
3,7,4
3,3,0
2,5,3
2,2,0
2,4,2
1,3,2
3,11,8
1,4,3
3,3,0
2,27,25
0,0,0
2,2,0
3,6,3
1,3,2
2,6,4
11,30,19
2,2,0
3,3,0
2,2,0
3,12,9
2,2,0
1,1,0
3,7,4
3,9,6
3,7,4
2,4,2
3,6,3
9,9,0
4,4,0
0,0,0
2,11,9
45,133,88
3,5,2
2,2,0
51,51,0
1,2,1
2,2,0
98,109,11
63,133,70
2,5,3
2,5,3
5,5,0
2,2,0
1,2,1
3,7,4
2,2,0
1,1,0
2,2,0
2,2,0
2,2,0
3,7,4
2,2,0
2,3,1
3,3,0
3,10,7
4,4,0
1,2,1
15,15,0
3,7,4
3,5,2
3,3,0
1,1,0
2,4,2
3,6,3
34,55,21
3,5,2
2,2,0
9,14,5
3,5,2
6,6,0
2,2,0
3,3,0
2,4,2
4,7,3
44,123,79
46,54,8
2,2,0
2,6,4
2,2,0
3,9,6
3,3,0
3,5,2
2,2,0
3,5,2
2,2,0
2,2,0
2,2,0
35,36,1
2,2,0
2,16,14
56,112,56
2,2,0
1,2,1
2,5,3
3,12,9
33,33,0
2,2,0
3,3,0
3,3,0
3,4,1
0,0,0
16,29,13
2,2,0
2,3,1
3,3,0
2,3,1
3,5,2
3,36,33
1,1,0
2,18,16
3,3,0
1,4,3
2,3,1
1,25,24
2,14,12
0,0,0
36,36,0
3,4,1
62,305,243
2,2,0
2,2,0
2,2,0
18,19,1
125,316,191
2,2,0
3,8,5
2,4,2
2,8,6
2,2,0
2,8,6
1,2,1
406,417,11
0,0,0
2,2,0
2,2,0
3,5,2
3,18,15
2,2,0
3,9,6
32,41,9
8,8,0
3,9,6
1,1,0
4,4,0
2,2,0
4,4,0
2,2,0
2,2,0
2,2,0
3,13,10
9,10,1
3,14,11
2,4,2
2,2,0
3,5,2
6,6,0
2,6,4
3,22,19
2,2,0
2,2,0
81,81,0
2,2,0
1,7,6
2,2,0
2,2,0
3,3,0
1,2,1
1,5,4
0,0,0
2,2,0
3,3,0
100,100,0
2,2,0
134,134,0
3,3,0
2,2,0
20,20,0
1,1,0
2,4,2
1,20,19
2,2,0
3,3,0
3,7,4
2,2,0
2,2,0
2,2,0
2,2,0
3,3,0
1,3,2
2,4,2
2,2,0
3,4,1
0,0,0
2,2,0
3,7,4
3,5,2
4,4,0
3,7,4
2,2,0
6,16,10
1,1,0
2,2,0
12,12,0
2,2,0
3,3,0
20,20,0
24,24,0
1,91,90
1,1,0
9,126,117
9,9,0
14,18,4
3,5,2
1,2,1
2,2,0
3,3,0
2,2,0
2,2,0
2,2,0
4,4,0
2,2,0
2,3,1
2,4,2
3,3,0
3,5,2
3,3,0
10,10,0
2,15,13
2,3,1
0,0,0
2,2,0
2,2,0
2,18,16
2,2,0
2,2,0
38,38,0
2,2,0
78,78,0
2,2,0
22,22,0
2,2,0
3,3,0
3,3,0
2,14,12
66,66,0
3,7,4
3,11,8
2,2,0
3,3,0
2,3,1
2,2,0
2,4,2
3,7,4
9,9,0
1,2,1
2,2,0
3,3,0
3,5,2
3,3,0
2,4,2
1,2,1
2,2,0
51,57,6
2,2,0
6,37,31
2,7,5
2,2,0
3,5,2
2,4,2
3,5,2
62,62,0
2,4,2
2,2,0
4,4,0
33,33,0
2,2,0
3,14,11
3,7,4
1,2,1
2,2,0
3,12,9
7,71,64
2,2,0
0,0,0
1,3,2
2,4,2
3,12,9
2,7,5
2,4,2
3,3,0
2,2,0
0,0,0
2,2,0
3,5,2
1,2,1
1,4,3
2,30,28
2,2,0
2,2,0
2,3,1
0,0,0
1,2,1
2,2,0
2,2,0
26,26,0
3,3,0
3,10,7
5,5,0
9,9,0
2,16,14
3,3,0
2,2,0
3,3,0
2,2,0
2,23,21
2,3,1
2,2,0
2,6,4
2,5,3
2,4,2
2,2,0
2,2,0
2,2,0
3,15,12
6,7,1
1,3,2
2,4,2
2,2,0
7,7,0
2,2,0
2,2,0
2,2,0
3,3,0
5,65,60
2,11,9
42,42,0
1,45,44
3,3,0
3,3,0
2,2,0
1,1,0
1,2,1
59,59,0
2,6,4
83,83,0
2,2,0
2,11,9
2,5,3
3,8,5
2,4,2
1,1,0
3,3,0
2,2,0
91,94,3
2,13,11
2,5,3
2,8,6
2,18,16
2,2,0
1,2,1
2,8,6
100,100,0
3,3,0
1,80,79
2,2,0
2,2,0
3,3,0
2,2,0
8,8,0
1,1,0
1,4,3
2,2,0
1,2,1
2,2,0
10,10,0
7,7,0
2,2,0
124,125,1
14,14,0
2,2,0
5,5,0
1,2,1
3,3,0
2,28,26
2,4,2
3,7,4
8,8,0
1,19,18
10,10,0
3,7,4
2,33,31
1,2,1
2,2,0
1,4,3
2,2,0
4,4,0
3,3,0
3,5,2
1,1,0
1,1,0
3,8,5
2,2,0
0,0,0
2,2,0
2,2,0
0,0,0
3,4,1
2,2,0
2,4,2
4,4,0
2,2,0
3,5,2
1,1,0
2,2,0
0,0,0
2,4,2
2,23,21
100,100,0
1,18,17
2,5,3
2,2,0
3,8,5
4,7,3
2,2,0
0,0,0
15,54,39
2,2,0
8,8,0
2,2,0
2,2,0
13,24,11
2,2,0
8,8,0
1,1,0
2,2,0
3,3,0
3,4,1
13,13,0
3,3,0
2,9,7
0,0,0
3,3,0
2,2,0
2,2,0
2,4,2
5,5,0
3,3,0
2,2,0
3,3,0
3,3,0
2,4,2
3,7,4
2,2,0
2,2,0
1,1,0
3,9,6
3,3,0
2,18,16
3,5,2
2,10,8
0,0,0
1,2,1
2,2,0
2,2,0
21,21,0
2,2,0
2,2,0
0,0,0
3,16,13
1,2,1
1,2,1
2,2,0
2,13,11
2,2,0
2,10,8
4,7,3
2,2,0
4,4,0
35,104,69
24,24,0
3,3,0
2,2,0
2,2,0
5,5,0
0,0,0
2,4,2
0,0,0
5,7,2
1,8,7
3,9,6
2,2,0
1,2,1
2,2,0
3,3,0
3,41,38
23,131,108
2,6,4
1,1,0
2,25,23
1,4,3
2,2,0
3,3,0
2,2,0
2,2,0
2,2,0
4,5,1
2,6,4
2,5,3
2,3,1
2,2,0
2,4,2
3,3,0
3,6,3
4,4,0
2,2,0
3,15,12
2,4,2
2,2,0
2,14,12
2,2,0
3,3,0
2,2,0
2,2,0
5,14,9
2,6,4
3,13,10
2,2,0
4,4,0
3,3,0
2,2,0
1,3,2
3,5,2
2,2,0
107,107,0
2,6,4
2,2,0
90,244,154
2,4,2
9,9,0
2,2,0
2,2,0
2,2,0
47,47,0
3,3,0
5,5,0
2,2,0
2,16,14
26,193,167
8,8,0
2,2,0
2,2,0
2,2,0
6,6,0
2,82,80
2,2,0
2,2,0
3,3,0
3,5,2
3,5,2
1,1,0
2,2,0
3,3,0
2,2,0
2,2,0
2,2,0
2,4,2
0,0,0
2,6,4
3,3,0
3,7,4
0,0,0
6,105,99
3,3,0
0,0,0
3,3,0
2,2,0
3,3,0
9,9,0
2,2,0
2,2,0
2,2,0
9,29,20
2,80,78
13,13,0
3,3,0
115,385,270
3,8,5
1,1,0
3,3,0
2,2,0
5,5,0
2,2,0
3,13,10
2,9,7
2,6,4
2,2,0
2,2,0
1,1,0
3,3,0
2,4,2
3,5,2
2,2,0
13,13,0
4,4,0
2,2,0
2,2,0
4,5,1
2,2,0
2,13,11
8,8,0
2,8,6
3,3,0
3,3,0
2,2,0
2,2,0
2,2,0
0,0,0
2,6,4
5,5,0
3,17,14
2,2,0
3,3,0
2,2,0
2,13,11
2,4,2
2,2,0
2,2,0
3,4,1
2,24,22
2,2,0
2,2,0
2,3,1
2,2,0
25,25,0
2,4,2
1,2,1
2,2,0
2,4,2
2,2,0
0,0,0
2,2,0
0,0,0
3,3,0
2,2,0
2,19,17
2,2,0
14,14,0
2,13,11
2,4,2
2,2,0
5,5,0
2,2,0
2,4,2
76,278,202
59,79,20
3,3,0
6,6,0
3,3,0
1,28,27
1,1,0
1,5,4
1,21,20
0,0,0
2,2,0
2,2,0
3,3,0
2,2,0
1,1,0
9,121,112
2,2,0
2,4,2
2,2,0
2,2,0
3,3,0
2,2,0
0,0,0
2,2,0
2,5,3
2,2,0
4,4,0
2,2,0
2,6,4
30,30,0
2,4,2
2,7,5
3,3,0
3,3,0
2,4,2
3,5,2
3,3,0
2,2,0
2,2,0
2,2,0
2,4,2
2,2,0
6,11,5
2,2,0
51,51,0
2,4,2
5,5,0
8,8,0
8,8,0
2,2,0
2,2,0
1,4,3
18,18,0
2,2,0
2,2,0
4,4,0
20,63,43
0,0,0
2,2,0
4,99,95
2,2,0
11,11,0
0,0,0
5,5,0
8,8,0
3,3,0
3,3,0
3,5,2
2,2,0
2,4,2
2,2,0
2,2,0
3,7,4
2,2,0
8,8,0
3,3,0
2,2,0
2,4,2
0,0,0
1,1,0
0,0,0
2,2,0
3,3,0
3,30,27
3,19,16
1,2,1
2,2,0
2,4,2
7,16,9
86,86,0
0,0,0
2,2,0
2,4,2
3,16,13
2,2,0
2,8,6
2,2,0
3,3,0
8,8,0
2,2,0
2,2,0
1,1,0
2,2,0
3,3,0
9,9,0
3,7,4
2,4,2
3,16,13
3,5,2
3,6,3
109,116,7
4,6,2
34,37,3
3,5,2
3,3,0
3,16,13
2,16,14
3,3,0
2,4,2
0,0,0
2,2,0
2,2,0
3,7,4
2,15,13
3,10,7
2,2,0
2,6,4
37,37,0
3,3,0
2,2,0
56,56,0
14,14,0
3,4,1
1,11,10
3,4,1
2,11,9
1,1,0
1,11,10
0,0,0
2,2,0
3,3,0
2,2,0
3,5,2
46,46,0
2,2,0
3,3,0
3,6,3
9,13,4
2,6,4
2,2,0
2,2,0
5,5,0
2,6,4
2,2,0
2,2,0
2,3,1
97,154,57
2,2,0
3,5,2
81,81,0
2,12,10
2,2,0
3,7,4
4,4,0
2,84,82
2,2,0
2,6,4
2,2,0
0,0,0
2,2,0
2,4,2
2,2,0
1,9,8
30,30,0
3,10,7
2,2,0
3,3,0
2,28,26
2,2,0
2,2,0
2,2,0
0,0,0
2,2,0
2,4,2
8,15,7
2,2,0
3,3,0
2,2,0
3,3,0
2,6,4
6,12,6
2,3,1
3,5,2
6,6,0
2,5,3
1,6,5
2,2,0
5,29,24
2,5,3
3,3,0
2,10,8
2,23,21
2,13,11
2,2,0
12,12,0
2,2,0
4,4,0
11,14,3
3,3,0
2,2,0
2,2,0
3,5,2
50,50,0
82,146,64
2,7,5
4,9,5
5,8,3
2,2,0
3,5,2
2,2,0
8,8,0
2,2,0
2,5,3
2,2,0
0,0,0
1,7,6
2,2,0
2,3,1
2,2,0
3,6,3
2,2,0
2,4,2
7,7,0
2,4,2
7,7,0
3,3,0
1,3,2
2,2,0
2,4,2
23,23,0
2,4,2
6,19,13
3,4,1
0,0,0
4,4,0
4,4,0
3,3,0
5,5,0
6,6,0
3,5,2
19,19,0
1,1,0
2,2,0
4,86,82
2,4,2
54,54,0
2,2,0
2,2,0
2,2,0
2,2,0
2,2,0
2,2,0
0,0,0
2,2,0
2,2,0
2,35,33
3,3,0
3,3,0
3,6,3
2,2,0
6,6,0
4,12,8
2,2,0
2,4,2
2,5,3
3,3,0
2,2,0
1,4,3
3,3,0
2,2,0
3,9,6
3,3,0
2,2,0
4,25,21
2,6,4
1,2,1
0,0,0
3,3,0
0,0,0
2,4,2
5,19,14
2,3,1
2,2,0
38,40,2
2,6,4
6,7,1
3,6,3
2,4,2
19,19,0
4,4,0
2,3,1
2,2,0
2,11,9
1,1,0
3,3,0
2,2,0
5,6,1
1,1,0
1,1,0
1,3,2
0,0,0
2,2,0
3,5,2
1,2,1
1,1,0
2,2,0
2,2,0
3,5,2
2,12,10
3,5,2
2,2,0
3,3,0
3,3,0
2,2,0
2,2,0
2,3,1
8,8,0
16,86,70
3,16,13
2,14,12
45,45,0
2,4,2
2,2,0
2,4,2
34,34,0
2,31,29
3,5,2
84,145,61
3,4,1
3,4,1
43,49,6
2,8,6
8,51,43
3,6,3
3,23,20
2,2,0
1,1,0
3,3,0
16,16,0
2,2,0
0,0,0
2,2,0
1,2,1
3,5,2
3,3,0
0,0,0
2,2,0
1,39,38
2,2,0
18,18,0
2,2,0
2,2,0
3,3,0
2,2,0
3,5,2
3,3,0
2,2,0
2,2,0
2,8,6
2,4,2
2,69,67
2,2,0
3,7,4
1,6,5
4,5,1
0,0,0
1,3,2
3,3,0
133,135,2
3,5,2
2,12,10
10,10,0
2,2,0
10,18,8
3,3,0
2,2,0
3,7,4
2,2,0
7,41,34
2,13,11
4,6,2
2,2,0
37,44,7
5,5,0
2,2,0
3,3,0
2,2,0
3,3,0
2,2,0
2,2,0
2,2,0
2,4,2
2,2,0
38,127,89
2,36,34
0,0,0
2,13,11
3,5,2
2,2,0
2,2,0
3,5,2
3,29,26
3,3,0
3,15,12
2,4,2
2,6,4
2,4,2
3,3,0
12,12,0
2,2,0
2,2,0
2,2,0
2,2,0
2,6,4
2,2,0
2,2,0
3,3,0
107,107,0
6,22,16
1,3,2
2,5,3
3,5,2
21,21,0
1,1,0
10,10,0
3,5,2
3,15,12
2,2,0
6,8,2
3,3,0
3,3,0
10,25,15
2,4,2
2,2,0
2,4,2
44,44,0
2,2,0
2,4,2
22,79,57
2,2,0
3,5,2
2,94,92
22,22,0
2,2,0
1,3,2
2,6,4
22,34,12
2,2,0
13,13,0
3,3,0
3,16,13
13,50,37
2,2,0
2,2,0
3,4,1
2,3,1
3,5,2
2,2,0
3,3,0
3,3,0
3,3,0
3,3,0
3,3,0
2,6,4
3,19,16
3,4,1
2,2,0
2,8,6
2,2,0
2,6,4
3,3,0
2,5,3
2,2,0
2,2,0
2,5,3
2,23,21
3,3,0
2,2,0
2,80,78
2,5,3
1,10,9
2,2,0
4,4,0
2,2,0
1,1,0
2,2,0
2,4,2
2,8,6
2,5,3
2,5,3
155,185,30
2,7,5
4,4,0
3,3,0
3,3,0
2,4,2
3,3,0
3,3,0
1,1,0
3,3,0
0,0,0
2,2,0
3,3,0
8,8,0
6,6,0
3,3,0
3,8,5
1,1,0
2,10,8
2,2,0
2,4,2
3,3,0
2,2,0
47,47,0
3,31,28
3,3,0
2,16,14
3,3,0
2,23,21
2,4,2
2,2,0
2,2,0
2,2,0
2,2,0
40,61,21
2,4,2
2,84,82
3,12,9
2,6,4
3,3,0
1,1,0
1,4,3
3,3,0
2,21,19
2,2,0
2,4,2
37,112,75
3,3,0
1,1,0
9,9,0
2,2,0
11,12,1
2,2,0
3,6,3
1,3,2
3,3,0
3,3,0
3,3,0
6,6,0
493,1287,794
2,2,0
2,7,5
3,10,7
3,10,7
5,7,2
2,2,0
2,2,0
2,2,0
462,462,0
3,3,0
2,6,4
44,44,0
4,4,0
139,216,77
3,11,8
75,75,0
2,2,0
4,7,3
3,3,0
2,11,9
242,262,20
2,2,0
3,7,4
22,208,186
3,3,0
2,2,0
4,4,0
3,14,11
3,3,0
2,27,25
2,2,0
66,66,0
3,7,4
3,5,2
3,3,0
3,5,2
1,3,2
13,13,0
1,1,0
3,3,0
2,19,17
3,5,2
2,2,0
2,4,2
5,5,0
3,13,10
2,2,0
2,2,0
2,3,1
14,24,10
2,4,2
0,0,0
2,2,0
107,107,0
0,0,0
2,2,0
6,36,30
4,15,11
3,3,0
2,2,0
0,0,0
7,7,0
5,5,0
147,159,12
3,3,0
97,98,1
2,2,0
2,2,0
3,3,0
3,18,15
3,5,2
0,0,0
3,6,3
3,3,0
2,2,0
3,3,0
3,7,4
3,6,3
8,51,43
2,2,0
8,8,0
7,7,0
2,4,2
2,2,0
2,2,0
3,3,0
3,5,2
0,0,0
2,2,0
2,4,2
6,26,20
2,2,0
2,2,0
2,4,2
1,2,1
3,5,2
20,20,0
2,2,0
3,6,3
25,25,0
3,3,0
3,3,0
2,2,0
6,35,29
2,4,2
3,6,3
3,3,0
2,2,0
2,2,0
2,8,6
2,21,19
3,7,4
2,2,0
2,2,0
10,10,0
0,0,0
1,6,5
3,7,4
2,84,82
3,5,2
2,2,0
7,83,76
2,2,0
2,4,2
3,7,4
3,3,0
2,3,1
21,21,0
2,6,4
2,2,0
2,2,0
2,3,1
2,2,0
25,31,6
0,0,0
2,18,16
1,2,1
1,7,6
1,1,0
3,18,15
2,21,19
2,2,0
3,3,0
1,1,0
3,7,4
2,2,0
4,4,0
10,16,6
3,3,0
0,0,0
13,13,0
3,5,2
3,3,0
2,4,2
0,0,0
3,3,0
2,2,0
2,2,0
100,104,4
1,1,0
0,0,0
3,3,0
3,3,0
1,3,2
3,3,0
1,4,3
2,106,104
0,0,0
4,82,78
2,2,0
3,9,6
23,23,0
2,26,24
0,0,0
3,3,0
2,2,0
2,2,0
0,0,0
3,5,2
2,2,0
2,2,0
3,5,2
0,0,0
2,2,0
3,9,6
0,0,0
2,2,0
39,43,4
0,0,0
2,2,0
2,2,0
3,5,2
2,2,0
3,7,4
3,8,5
1,2,1
0,0,0
2,2,0
2,2,0
1,4,3
3,11,8
2,2,0
2,2,0
3,3,0
1,2,1
3,3,0
3,3,0
2,2,0
1,17,16
1,2,1
0,0,0
2,79,77
15,15,0
2,8,6
2,9,7
4,4,0
3,3,0
2,2,0
2,14,12
2,2,0
2,6,4
8,8,0
3,7,4
5,13,8
2,2,0
2,2,0
1,2,1
2,2,0
3,3,0
3,3,0
0,0,0
3,5,2
5,5,0
2,2,0
2,2,0
3,17,14
6,35,29
3,5,2
10,12,2
1,1,0
0,0,0
2,2,0
2,8,6
2,2,0
3,7,4
0,0,0
2,2,0
3,7,4
1,1,0
3,8,5
147,147,0
2,8,6
77,147,70
20,22,2
2,4,2
2,2,0
0,0,0
2,2,0
23,30,7
62,305,243
76,166,90
3,3,0
12,23,11
49,51,2
23,23,0
2,2,0
3,5,2
2,9,7
3,3,0
2,4,2
2,5,3
13,13,0
2,4,2
0,0,0
1,2,1
2,2,0
3,3,0
2,2,0
44,46,2
2,8,6
3,7,4
3,7,4
2,5,3
1,6,5
3,5,2
2,2,0
2,29,27
1,1,0
3,5,2
2,11,9
2,10,8
5,7,2
3,3,0
2,32,30
2,7,5
1,2,1
3,7,4
26,26,0
6,6,0
3,3,0
2,2,0
8,8,0
3,3,0
1,1,0
3,11,8
2,2,0
3,3,0
2,18,16
2,15,13
7,7,0
51,58,7
2,3,1
22,24,2
3,9,6
3,17,14
0,0,0
2,2,0
2,5,3
2,2,0
2,2,0
8,8,0
2,2,0
2,2,0
2,21,19
1,2,1
2,2,0
2,3,1
4,18,14
5,5,0
2,4,2
3,3,0
2,2,0
3,3,0
2,4,2
139,219,80
2,4,2
2,10,8
3,8,5
2,4,2
3,3,0
2,7,5
16,16,0
2,3,1
2,2,0
1,4,3
2,2,0
4,4,0
3,5,2
3,7,4
2,2,0
10,29,19
3,5,2
3,3,0
1,3,2
3,3,0
2,2,0
8,8,0
55,228,173
72,107,35
2,2,0
2,4,2
3,3,0
0,0,0
2,2,0
11,32,21
2,2,0
3,3,0
2,2,0
2,10,8
2,6,4
2,8,6
2,2,0
2,2,0
2,13,11
5,5,0
3,3,0
3,15,12
2,3,1
6,6,0
2,5,3
2,2,0
2,8,6
2,2,0
4,4,0
3,3,0
2,28,26
2,2,0
0,0,0
17,17,0
2,2,0
20,22,2
2,8,6
2,2,0
3,5,2
5,5,0
1,3,2
1,7,6
2,2,0
1,1,0
3,3,0
2,2,0
2,2,0
3,5,2
3,5,2
118,142,24
0,0,0
1,2,1
3,3,0
2,8,6
2,2,0
25,51,26
2,2,0
2,4,2
2,2,0
2,12,10
2,2,0
3,26,23
3,5,2
2,23,21
2,2,0
2,2,0
2,2,0
42,45,3
14,14,0
3,5,2
3,3,0
32,32,0
7,7,0
2,4,2
4,6,2
6,6,0
0,0,0
2,5,3
3,3,0
2,2,0
3,3,0
2,9,7
3,7,4
8,8,0
2,9,7
3,23,20
2,2,0
3,7,4
2,2,0
45,45,0
3,4,1
2,4,2
2,2,0
3,9,6
130,228,98
3,3,0
3,12,9
2,5,3
2,2,0
3,5,2
2,2,0
5,101,96
3,5,2
2,2,0
1,3,2
2,2,0
6,10,4
0,0,0
2,8,6
2,2,0
38,42,4
2,113,111
2,2,0
2,5,3
3,5,2
2,2,0
2,29,27
2,2,0
2,11,9
3,5,2
1,3,2
2,7,5
8,8,0
2,25,23
2,2,0
2,2,0
1,1,0
2,4,2
3,5,2
3,3,0
85,86,1
3,7,4
92,127,35
2,2,0
4,10,6
3,3,0
2,4,2
2,54,52
3,3,0
2,2,0
38,38,0
4,4,0
2,2,0
2,2,0
3,19,16
2,5,3
2,5,3
2,39,37
2,4,2
2,2,0
3,4,1
3,3,0
3,9,6
2,2,0
100,106,6
2,2,0
2,2,0
2,3,1
4,4,0
2,10,8
3,10,7
3,5,2
3,8,5
3,3,0
3,10,7
2,4,2
2,2,0
2,2,0
2,10,8
6,19,13
0,0,0
2,2,0
2,2,0
2,2,0
3,4,1
2,3,1
4,4,0
2,4,2
6,6,0
2,2,0
51,53,2
3,4,1
3,9,6
2,2,0
2,10,8
2,2,0
2,2,0
2,4,2
3,12,9
4,4,0
4,7,3
2,2,0
41,41,0
3,5,2
3,5,2
2,2,0
2,3,1
3,4,1
2,11,9
2,2,0
6,57,51
3,3,0
2,2,0
2,2,0
0,0,0
8,8,0
1,7,6
2,2,0
3,3,0
2,2,0
3,6,3
2,6,4
0,0,0
3,7,4
3,3,0
2,2,0
2,2,0
0,0,0
42,42,0
2,2,0
2,4,2
2,4,2
2,5,3
2,2,0
1,1,0
5,5,0
1,3,2
2,5,3
2,2,0
2,2,0
3,5,2
2,2,0
50,50,0
1,7,6
3,3,0
6,17,11
2,2,0
3,18,15
4,11,7
3,3,0
1,8,7
3,5,2
2,2,0
0,0,0
2,2,0
2,8,6
3,7,4
2,2,0
3,3,0
13,13,0
3,8,5
2,8,6
37,41,4
2,3,1
3,30,27
2,2,0
2,2,0
3,11,8
12,12,0
105,305,200
2,5,3
2,16,14
3,3,0
2,2,0
6,12,6
2,2,0
2,4,2
2,2,0
2,2,0
2,2,0
2,8,6
1,5,4
1,1,0
21,30,9
8,8,0
3,3,0
3,5,2
2,2,0
43,43,0
2,2,0
1,1,0
2,2,0
3,3,0
3,3,0
1,1,0
2,2,0
1,21,20
2,6,4
0,0,0
3,5,2
1,1,0
2,2,0
3,3,0
0,0,0
2,2,0
3,3,0
2,2,0
0,0,0
0,0,0
4,5,1
2,2,0
2,2,0
2,2,0
406,417,11
3,5,2
4,18,14
36,36,0
2,2,0
3,3,0
2,2,0
51,58,7
2,8,6
1,4,3
2,5,3
10,10,0
2,5,3
3,3,0
1,3,2
3,5,2
2,2,0
1,1,0
3,3,0
2,2,0
3,3,0
2,5,3
5,11,6
3,5,2
2,2,0
2,3,1
1,2,1
0,0,0
2,6,4
3,5,2
3,3,0
3,7,4
2,2,0
2,2,0
2,14,12
1,1,0
2,4,2
3,7,4
8,8,0
3,3,0
0,0,0
8,8,0
2,4,2
3,11,8
2,2,0
14,21,7
3,5,2
2,2,0
3,7,4
2,2,0
49,49,0
3,3,0
3,3,0
1,2,1
2,3,1
2,2,0
2,4,2
3,5,2
3,3,0
1,2,1
3,9,6
2,2,0
3,7,4
3,3,0
3,3,0
2,2,0
0,0,0
1,2,1
2,11,9
1,2,1
3,5,2
2,4,2
2,2,0
4,4,0
3,3,0
3,5,2
3,3,0
2,2,0
2,2,0
3,5,2
3,5,2
2,9,7
3,9,6
0,0,0
32,34,2
3,3,0
4,5,1
2,4,2
10,19,9
3,3,0
2,2,0
2,2,0
2,2,0
2,4,2
2,2,0
3,8,5
50,50,0
2,2,0
3,7,4
3,7,4
2,2,0
2,17,15
2,2,0
2,8,6
2,2,0
3,7,4
4,4,0
3,11,8
2,2,0
1,26,25
9,9,0
2,39,37
3,3,0
7,24,17
42,42,0
3,3,0
2,4,2
107,261,154
2,2,0
0,0,0
2,4,2
3,8,5
2,64,62
2,2,0
3,3,0
3,11,8
25,25,0
2,2,0
2,2,0
1,2,1
0,0,0
2,2,0
1,2,1
0,0,0
2,5,3
9,10,1
2,2,0
30,34,4
1,2,1
1,98,97
406,406,0
21,120,99
16,16,0
15,15,0
2,4,2
0,0,0
2,2,0
3,5,2
3,7,4
3,12,9
2,2,0
2,2,0
100,100,0
7,8,1
2,4,2
9,12,3
0,0,0
0,0,0
2,2,0
2,4,2
3,7,4
0,0,0
2,2,0
1,1,0
2,2,0
2,2,0
2,2,0
0,0,0
3,43,40
1,1,0
2,2,0
2,2,0
3,5,2
1,2,1
2,2,0
16,16,0
2,86,84
13,14,1
2,2,0
2,25,23
3,5,2
2,3,1
14,64,50
2,2,0
3,10,7
2,2,0
2,9,7
2,2,0
1,2,1
3,11,8
4,4,0
2,2,0
21,22,1
0,0,0
1,2,1
2,2,0
2,2,0
3,3,0
2,2,0
2,2,0
9,9,0
2,2,0
2,2,0
3,3,0
2,95,93
2,2,0
2,4,2
17,28,11
3,3,0
2,10,8
3,3,0
2,2,0
51,51,0
2,2,0
3,3,0
2,2,0
2,2,0
39,50,11
2,2,0
2,4,2
2,2,0
3,3,0
2,8,6
2,4,2
3,3,0
2,19,17
1,4,3
2,6,4
3,11,8
2,4,2
2,2,0
2,2,0
72,72,0
3,3,0
94,94,0
3,3,0
1,1,0
2,4,2
3,9,6
3,18,15
20,20,0
7,32,25
2,2,0
2,6,4
3,3,0
2,8,6
76,78,2
2,7,5
3,3,0
2,2,0
2,2,0
3,3,0
2,2,0
8,8,0
2,2,0
3,4,1
0,0,0
2,8,6
3,3,0
3,3,0
3,24,21
1,3,2
3,3,0
2,6,4
3,3,0
19,22,3
50,50,0
3,3,0
2,2,0
2,2,0
2,2,0
3,5,2
5,7,2
4,4,0
3,3,0
0,0,0
2,3,1
2,2,0
2,2,0
3,3,0
3,17,14
3,3,0
9,48,39
3,3,0
3,3,0
5,83,78
0,0,0
3,5,2
2,2,0
2,4,2
3,15,12
0,0,0
3,7,4
1,5,4
2,2,0
1,1,0
1,2,1
2,2,0
3,9,6
6,47,41
3,3,0
2,2,0
2,2,0
18,18,0
4,27,23
3,3,0
8,12,4
9,9,0
2,2,0
2,2,0
2,4,2
3,5,2
8,8,0
8,8,0
6,20,14
2,2,0
3,3,0
2,2,0
2,11,9
1,2,1
2,8,6
2,2,0
6,6,0
3,3,0
2,2,0
2,2,0
4,6,2
1,1,0
2,2,0
2,2,0
11,11,0
2,16,14
3,3,0
2,7,5
3,3,0
6,6,0
0,0,0
2,2,0
2,2,0
2,2,0
2,8,6
2,2,0
3,6,3
3,3,0
0,0,0
3,7,4
3,3,0
26,28,2
2,6,4
88,423,335
3,3,0
3,5,2
3,3,0
2,63,61
6,6,0
8,10,2
2,15,13
94,94,0
51,58,7
2,17,15
3,3,0
2,2,0
3,3,0
2,2,0
11,11,0
6,9,3
2,2,0
3,12,9
2,2,0
43,43,0
2,2,0
2,2,0
0,0,0
2,2,0
1,3,2
8,8,0
2,4,2
66,66,0
3,3,0
2,2,0
10,135,125
6,6,0
2,17,15
0,0,0
10,10,0
2,2,0
2,2,0
1,1,0
1,1,0
2,2,0
1,1,0
2,2,0
2,37,35
0,0,0
3,13,10
2,352,350
2,2,0
2,2,0
3,21,18
103,103,0
1,1,0
2,4,2
3,3,0
1,4,3
2,2,0
3,3,0
2,2,0
2,2,0
1,22,21
2,83,81
3,3,0
2,4,2
10,24,14
3,5,2
2,2,0
3,3,0
1,2,1
3,3,0
2,5,3
2,8,6
2,4,2
0,0,0
9,9,0
3,7,4
2,2,0
9,9,0
1,2,1
8,8,0
2,8,6
2,2,0
3,3,0
3,5,2
2,2,0
3,3,0
1,2,1
2,25,23
2,2,0
98,215,117
8,8,0
97,98,1
1,3,2
2,15,13
3,3,0
68,68,0
2,68,66
2,5,3
3,3,0
3,3,0
0,0,0
3,3,0
2,6,4
2,2,0
2,4,2
11,16,5
66,66,0
17,23,6
2,7,5
2,2,0
11,11,0
2,10,8
0,0,0
95,118,23
2,4,2
2,2,0
4,4,0
8,14,6
2,2,0
3,16,13
2,4,2
2,2,0
3,3,0
2,8,6
2,2,0
20,20,0
2,10,8
3,5,2
3,3,0
2,5,3
2,2,0
2,2,0
2,9,7
2,2,0
2,2,0
26,26,0
2,2,0
0,0,0
2,4,2
2,2,0
2,3,1
2,2,0
0,0,0
3,3,0
2,4,2
5,5,0
2,4,2
3,3,0
3,4,1
4,5,1
0,0,0
1,1,0
3,5,2
2,4,2
3,3,0
24,24,0
2,8,6
2,2,0
2,2,0
87,98,11
2,2,0
3,5,2
1,4,3
1,3,2
0,0,0
1,1,0
2,2,0
3,9,6
2,2,0
2,2,0
25,27,2
0,0,0
2,4,2
2,4,2
2,6,4
2,2,0
10,10,0
12,12,0
2,7,5
20,20,0
19,19,0
3,3,0
3,3,0
3,3,0
2,9,7
3,3,0
2,4,2
3,4,1
3,3,0
3,3,0
3,3,0
3,11,8
3,3,0
48,50,2
2,2,0
1,3,2
2,2,0
2,6,4
2,2,0
2,80,78
3,63,60
28,47,19
3,3,0
6,6,0
3,3,0
0,0,0
2,3,1
0,0,0
2,2,0
2,2,0
2,8,6
2,6,4
3,3,0
19,19,0
3,3,0
2,2,0
3,5,2
0,0,0
3,22,19
3,3,0
2,2,0
2,4,2
2,2,0
3,3,0
2,2,0
2,2,0
2,2,0
3,5,2
4,4,0
5,5,0
2,2,0
2,2,0
2,14,12
3,3,0
2,2,0
1,4,3
2,4,2
2,2,0
3,3,0
3,3,0
3,3,0
2,6,4
3,9,6
3,3,0
2,3,1
2,2,0
62,360,298
2,4,2
3,11,8
0,0,0
2,2,0
1,2,1
3,31,28
2,2,0
3,13,10
2,2,0
2,2,0
3,3,0
0,0,0
115,115,0
1,8,7
3,7,4
2,2,0
8,8,0
2,13,11
3,3,0
2,2,0
1,1,0
52,272,220
2,2,0
3,3,0
3,3,0
3,5,2
2,2,0
3,5,2
2,4,2
2,2,0
3,7,4
2,4,2
2,21,19
11,12,1
2,2,0
1,4,3
2,14,12
9,12,3
2,2,0
2,2,0
3,3,0
1,10,9
2,2,0
2,8,6
3,3,0
2,9,7
2,6,4
2,2,0
133,133,0
2,2,0
2,19,17
2,2,0
2,5,3
2,4,2
66,77,11
2,3,1
1,3,2
2,3,1
2,2,0
8,12,4
2,6,4
3,3,0
100,200,100
8,8,0
2,2,0
3,8,5
2,2,0
3,9,6
21,21,0
2,3,1
10,11,1
2,2,0
2,2,0
0,0,0
3,3,0
3,5,2
2,47,45
34,101,67
3,3,0
3,10,7
2,2,0
1,1,0
15,15,0
3,3,0
2,2,0
9,9,0
1,1,0
3,5,2
18,18,0
3,5,2
3,5,2
3,3,0
3,5,2
2,2,0
48,48,0
2,2,0
1,1,0
2,2,0
21,21,0
3,5,2
2,8,6
2,9,7
2,2,0
3,6,3
2,2,0
2,2,0
2,2,0
34,34,0
2,2,0
2,2,0
3,9,6
2,2,0
6,7,1
2,2,0
3,11,8
2,2,0
3,5,2
2,4,2
2,2,0
3,3,0
2,2,0
2,4,2
3,3,0
68,68,0
2,2,0
0,0,0
89,91,2
2,2,0
7,7,0
2,4,2
1,1,0
10,17,7
2,2,0
3,3,0
3,3,0
2,4,2
0,0,0
4,5,1
90,90,0
15,15,0
2,4,2
6,8,2
1,3,2
3,3,0
0,0,0
3,16,13
3,6,3
8,8,0
2,2,0
3,7,4
3,12,9
2,4,2
8,8,0
3,3,0
3,7,4
2,4,2
8,8,0
2,8,6
2,2,0
2,71,69
2,9,7
2,2,0
1,1,0
2,2,0
3,5,2
3,5,2
55,118,63
1,1,0
2,3,1
3,3,0
2,4,2
76,76,0
4,5,1
2,2,0
2,4,2
3,5,2
2,4,2
2,2,0
2,37,35
2,3,1
8,8,0
2,6,4
3,7,4
240,412,172
3,5,2
2,3,1
2,4,2
2,2,0
2,2,0
0,0,0
1,1,0
2,2,0
42,45,3
2,2,0
2,2,0
6,6,0
0,0,0
1,21,20
2,2,0
100,100,0
2,77,75
2,2,0
1,2,1
5,5,0
0,0,0
2,2,0
2,4,2
2,8,6
5,7,2
3,3,0
3,3,0
0,0,0
4,4,0
5,15,10
3,3,0
2,2,0
2,2,0
3,3,0
2,5,3
1,1,0
2,6,4
2,2,0
8,8,0
1,1,0
0,0,0
2,2,0
3,5,2
2,27,25
1,12,11
3,4,1
3,8,5
6,24,18
28,34,6
2,2,0
2,2,0
2,12,10
20,22,2
2,55,53
3,3,0
1,8,7
4,218,214
2,4,2
2,4,2
3,9,6
4,13,9
2,2,0
10,46,36
2,3,1
3,3,0
2,2,0
2,3,1
2,2,0
63,63,0
2,2,0
2,10,8
3,21,18
3,3,0
3,4,1
2,2,0
3,5,2
2,2,0
3,3,0
2,3,1
2,2,0
4,4,0
26,26,0
3,3,0
0,0,0
85,85,0
2,2,0
2,2,0
3,5,2
2,2,0
3,3,0
2,2,0
3,3,0
2,5,3
2,10,8
406,427,21
129,236,107
2,2,0
2,4,2
0,0,0
2,4,2
2,2,0
2,6,4
0,0,0
3,3,0
89,95,6
2,2,0
2,5,3
0,0,0
11,11,0
2,3,1
3,3,0
0,0,0
0,0,0
2,2,0
2,2,0
0,0,0
2,2,0
2,2,0
1,43,42
3,4,1
2,37,35
349,430,81
3,17,14
2,2,0
0,0,0
2,2,0
2,5,3
10,10,0
0,0,0
4,4,0
2,8,6
88,337,249
2,45,43
4,4,0
3,3,0
2,4,2
2,10,8
1,3,2
19,57,38
3,3,0
3,5,2
2,10,8
2,8,6
2,2,0
3,3,0
2,4,2
2,2,0
3,7,4
2,2,0
3,7,4
2,3,1
1,1,0
6,6,0
2,8,6
3,3,0
3,3,0
3,3,0
15,15,0
2,2,0
6,11,5
3,3,0
2,2,0
2,2,0
3,3,0
1,2,1
7,11,4
1,87,86
3,4,1
8,8,0
2,2,0
2,2,0
1,9,8
3,3,0
2,4,2
2,2,0
48,75,27
2,2,0
2,2,0
3,3,0
5,5,0
2,3,1
8,8,0
1,1,0
2,2,0
0,0,0
0,0,0
3,8,5
1,1,0
0,0,0
2,2,0
2,2,0
1,1,0
77,79,2
2,3,1
2,2,0
8,8,0
3,3,0
3,3,0
2,4,2
33,33,0
2,4,2
2,18,16
2,2,0
115,115,0
3,3,0
3,3,0
3,3,0
26,26,0
2,9,7
2,2,0
2,2,0
4,4,0
2,2,0
14,15,1
10,30,20
27,27,0
52,156,104
3,3,0
2,4,2
2,2,0
3,10,7
2,2,0
9,10,1
66,66,0
99,116,17
5,8,3
3,3,0
118,118,0
2,2,0
4,12,8
6,6,0
51,51,0
0,0,0
2,5,3
0,0,0
4,4,0
3,7,4
2,4,2
4,4,0
3,7,4
9,9,0
2,2,0
2,23,21
2,2,0
2,2,0
89,89,0
2,28,26
3,3,0
0,0,0
2,2,0
2,51,49
2,2,0
0,0,0
3,5,2
2,2,0
1,8,7
2,2,0
3,3,0
3,6,3
2,2,0
3,18,15
3,5,2
2,2,0
2,2,0
2,2,0
2,2,0
2,4,2
31,31,0
3,3,0
3,5,2
1,2,1
2,4,2
7,14,7
89,191,102
2,2,0
2,2,0
2,2,0
3,3,0
3,23,20
31,31,0
2,3,1
2,2,0
74,315,241
2,2,0
2,10,8
2,6,4
2,2,0
2,40,38
48,48,0
2,4,2
2,84,82
3,7,4
3,3,0
1,2,1
3,8,5
3,3,0
2,2,0
0,0,0
0,0,0
2,18,16
3,3,0
4,4,0
13,13,0
1,90,89
2,2,0
2,20,18
2,4,2
2,2,0
2,2,0
3,7,4
2,3,1
2,2,0
3,4,1
3,3,0
3,3,0
2,23,21
100,106,6
2,9,7
1,2,1
2,19,17
2,2,0
2,12,10
2,2,0
3,9,6
2,2,0
2,13,11
2,2,0
4,10,6
3,6,3
2,26,24
45,45,0
2,2,0
3,5,2
1,4,3
2,2,0
3,5,2
2,6,4
1,2,1
3,8,5
3,3,0
2,2,0
1,2,1
0,0,0
3,3,0
2,3,1
4,4,0
1,1,0
2,8,6
2,8,6
2,11,9
3,5,2
11,11,0
3,5,2
2,5,3
2,4,2
2,2,0
2,4,2
3,3,0
3,15,12
2,2,0
1,1,0
2,4,2
33,33,0
3,7,4
28,34,6
3,3,0
3,28,25
2,2,0
2,2,0
2,2,0
2,25,23
2,2,0
3,5,2
5,5,0
1,3,2
2,3,1
2,2,0
3,4,1
2,2,0
3,3,0
2,8,6
3,3,0
4,4,0
4,4,0
1,2,1
3,3,0
11,11,0
5,5,0
21,21,0
0,0,0
10,10,0
33,33,0
3,3,0
3,3,0
0,0,0
3,3,0
3,4,1
2,2,0
1,1,0
3,5,2
107,107,0
3,3,0
2,2,0
2,2,0
3,13,10
2,2,0
2,4,2
8,9,1
1,28,27
1,1,0
4,4,0
47,49,2
2,2,0
2,2,0
1,1,0
1,3,2
2,2,0
100,100,0
45,45,0
3,7,4
0,0,0
2,2,0
2,47,45
2,4,2
2,43,41
3,3,0
2,2,0
0,0,0
0,0,0
3,15,12
2,2,0
3,3,0
2,2,0
10,10,0
2,6,4
2,2,0
2,2,0
3,3,0
2,73,71
2,19,17
8,8,0
2,3,1
2,16,14
5,5,0
0,0,0
2,36,34
0,0,0
3,4,1
3,3,0
2,2,0
6,8,2
2,5,3
19,19,0
2,2,0
2,2,0
2,4,2
2,2,0
2,2,0
2,6,4
9,9,0
1,2,1
1,2,1
2,2,0
2,5,3
3,8,5
3,5,2
2,5,3
1,1,0
0,0,0
0,0,0
3,5,2
2,2,0
4,9,5
6,11,5
2,9,7
2,18,16
3,4,1
1,1,0
51,51,0
1,3,2
3,3,0
3,3,0
2,2,0
26,26,0
81,205,124
4,4,0
22,22,0
2,2,0
3,5,2
2,6,4
2,17,15
2,2,0
89,191,102
6,7,1
2,2,0
9,9,0
5,19,14
4,4,0
2,2,0
3,12,9
2,2,0
1,28,27
78,158,80
3,5,2
1,44,43
1,2,1
1,4,3
3,3,0
2,20,18
3,7,4
129,236,107
2,2,0
2,2,0
3,7,4
3,3,0
3,3,0
2,4,2
2,2,0
26,26,0
2,7,5
2,4,2
2,2,0
3,3,0
2,3,1
3,3,0
2,5,3
3,3,0
2,2,0
9,9,0
3,3,0
6,6,0
2,2,0
2,4,2
2,2,0
18,19,1
2,11,9
3,3,0
3,3,0
2,2,0
2,2,0
0,0,0
4,4,0
3,3,0
6,31,25
9,9,0
2,14,12
2,2,0
2,4,2
3,5,2
0,0,0
2,4,2
1,1,0
2,2,0
3,20,17
3,3,0
24,26,2
1,2,1
2,25,23
2,2,0
2,4,2
1,1,0
2,6,4
2,2,0
2,2,0
8,8,0
4,10,6
2,19,17
3,3,0
2,2,0
2,2,0
3,3,0
2,4,2
100,100,0
4,4,0
8,10,2
2,2,0
0,0,0
2,4,2
4,4,0
13,13,0
3,4,1
7,7,0
3,3,0
24,25,1
60,88,28
2,2,0
3,5,2
2,2,0
2,7,5
3,3,0
2,8,6
2,2,0
8,8,0
2,8,6
9,9,0
2,86,84
11,11,0
5,5,0
3,9,6
16,16,0
2,2,0
3,5,2
2,78,76
1,1,0
3,3,0
3,6,3
3,3,0
2,2,0
2,4,2
2,4,2
2,4,2
2,2,0
2,2,0
2,2,0
4,14,10
4,5,1
3,4,1
4,4,0
1,2,1
1,1,0
46,46,0
3,7,4
3,5,2
3,3,0
2,2,0
3,5,2
0,0,0
2,2,0
13,19,6
3,3,0
2,2,0
0,0,0
2,2,0
3,3,0
2,4,2
100,160,60
2,5,3
2,2,0
2,10,8
2,2,0
2,2,0
3,9,6
2,2,0
1,2,1
3,8,5
2,2,0
2,2,0
3,3,0
51,57,6
2,23,21
3,3,0
0,0,0
2,2,0
3,6,3
2,13,11
12,12,0
0,0,0
2,2,0
2,2,0
2,2,0
2,2,0
1,4,3
3,3,0
46,81,35
2,52,50
2,17,15
2,4,2
3,3,0
3,7,4
2,2,0
3,7,4
3,3,0
3,3,0
38,125,87
2,2,0
2,10,8
1,1,0
1,1,0
87,88,1
2,4,2
2,4,2
3,3,0
2,8,6
2,5,3
2,2,0
3,11,8
2,4,2
6,6,0
4,6,2
90,96,6
4,4,0
2,2,0
2,2,0
2,2,0
6,6,0
2,4,2
2,47,45
2,15,13
1,1,0
2,11,9
2,8,6
2,2,0
4,4,0
0,0,0
2,2,0
2,2,0
3,5,2
3,6,3
2,2,0
2,91,89
3,5,2
2,2,0
2,2,0
4,4,0
27,27,0
2,3,1
0,0,0
2,2,0
3,3,0
2,4,2
2,2,0
2,4,2
3,3,0
2,5,3
100,102,2
2,2,0
2,8,6
3,5,2
3,4,1
2,2,0
1,2,1
0,0,0
14,64,50
2,2,0
20,20,0
0,0,0
3,3,0
2,2,0
3,3,0
2,2,0
2,2,0
2,11,9
4,4,0
3,7,4
2,2,0
15,15,0
2,4,2
3,3,0
2,2,0
2,2,0
1,2,1
3,5,2
3,3,0
2,2,0
2,2,0
2,2,0
406,417,11
2,2,0
72,78,6
3,3,0
100,217,117
3,3,0
22,22,0
2,2,0
3,3,0
3,6,3
2,8,6
2,2,0
6,6,0
2,8,6
2,2,0
3,3,0
22,115,93
2,11,9
3,3,0
0,0,0
2,9,7
3,7,4
3,7,4
3,3,0
14,25,11
2,2,0
2,2,0
80,81,1
2,2,0
1,2,1
2,2,0
1,2,1
3,5,2
3,3,0
3,3,0
2,2,0
3,3,0
3,5,2
2,2,0
2,2,0
1,1,0
1,2,1
2,5,3
2,2,0
2,2,0
2,2,0
2,2,0
3,3,0
2,2,0
2,2,0
3,18,15
2,2,0
2,2,0
3,4,1
2,2,0
1,1,0
2,2,0
1,1,0
3,7,4
2,86,84
51,74,23
2,6,4
1,2,1
2,4,2
3,3,0
3,4,1
3,3,0
3,5,2
2,32,30
3,3,0
2,64,62
2,2,0
2,2,0
8,8,0
2,4,2
2,2,0
3,3,0
2,2,0
3,4,1
3,3,0
0,0,0
2,10,8
2,16,14
8,8,0
3,3,0
2,2,0
3,5,2
0,0,0
2,3,1
1,2,1
2,2,0
4,6,2
1,1,0
2,4,2
2,4,2
9,9,0
9,9,0
1,3,2
3,6,3
11,11,0
58,116,58
3,4,1
3,5,2
2,2,0
3,3,0
3,3,0
2,2,0
3,20,17
6,23,17
1,40,39
3,3,0
11,11,0
100,200,100
10,14,4
2,2,0
3,6,3
3,9,6
12,12,0
4,4,0
3,5,2
3,3,0
3,3,0
2,2,0
2,2,0
8,8,0
2,2,0
3,3,0
1,8,7
2,2,0
3,3,0
2,12,10
3,9,6
2,2,0
9,26,17
1,1,0
2,4,2
8,16,8
3,3,0
1,1,0
43,43,0
2,9,7
2,2,0
0,0,0
2,2,0
9,9,0
2,2,0
1,6,5
3,20,17
2,2,0
2,2,0
0,0,0
2,7,5
3,4,1
50,59,9
2,2,0
3,3,0
34,34,0
2,4,2
2,6,4
4,4,0
12,12,0
0,0,0
3,3,0
1,32,31
28,28,0
2,17,15
6,6,0
2,10,8
2,2,0
2,10,8
2,2,0
1,28,27
1,12,11
2,4,2
59,59,0
2,2,0
2,13,11
3,5,2
4,4,0
2,7,5
3,3,0
139,216,77
51,51,0
3,3,0
2,2,0
3,3,0
2,6,4
12,12,0
3,3,0
1,2,1
22,38,16
12,12,0
8,12,4
21,25,4
2,4,2
1,2,1
3,3,0
2,2,0
2,2,0
2,2,0
2,8,6
3,15,12
2,2,0
0,0,0
1,28,27
2,7,5
2,2,0
2,4,2
2,2,0
4,8,4
3,7,4
2,2,0
0,0,0
3,3,0
2,2,0
3,3,0
79,79,0
3,3,0
4,8,4
2,2,0
94,94,0
2,8,6
2,2,0
2,4,2
98,145,47
2,29,27
3,8,5
2,2,0
2,2,0
2,2,0
32,32,0
2,5,3
1,1,0
10,10,0
1,1,0
2,2,0
2,2,0
2,2,0
3,10,7
2,2,0
2,2,0
2,2,0
2,2,0
2,3,1
4,7,3
2,4,2
2,2,0
2,8,6
2,2,0
3,5,2
2,2,0
3,3,0
3,3,0
2,3,1
3,11,8
2,80,78
1,4,3
8,8,0
2,4,2
2,2,0
1,1,0
1,2,1
1,8,7
3,9,6
3,7,4
2,2,0
2,4,2
2,4,2
3,4,1
12,12,0
33,33,0
41,41,0
3,6,3
3,3,0
3,8,5
0,0,0
0,0,0
1,1,0
9,9,0
2,8,6
2,2,0
2,2,0
2,2,0
8,8,0
2,3,1
3,3,0
8,21,13
13,13,0
1,2,1
8,10,2
3,5,2
8,8,0
2,25,23
2,2,0
2,28,26
22,22,0
1,2,1
2,2,0
3,3,0
2,2,0
3,5,2
3,5,2
0,0,0
2,4,2
3,3,0
2,2,0
3,3,0
2,2,0
2,12,10
2,11,9
1,24,23
2,14,12
30,30,0
3,3,0
3,3,0
2,2,0
2,2,0
96,173,77
2,2,0
2,2,0
12,12,0
3,11,8
2,2,0
2,2,0
4,10,6
2,2,0
2,2,0
4,4,0
2,2,0
8,14,6
3,6,3
2,4,2
3,21,18
2,6,4
4,71,67
3,3,0
1,1,0
2,3,1
2,4,2
2,2,0
2,111,109
2,2,0
2,2,0
2,4,2
2,4,2
2,2,0
8,8,0
0,0,0
5,5,0
3,5,2
4,4,0
2,4,2
2,4,2
2,2,0
100,134,34
3,3,0
2,5,3
3,3,0
7,11,4
8,8,0
2,2,0
38,530,492
3,3,0
113,122,9
0,0,0
8,15,7
3,82,79
3,16,13
3,3,0
2,9,7
1,4,3
2,13,11
2,4,2
2,8,6
1,1,0
2,6,4
3,7,4
3,4,1
2,2,0
5,5,0
3,7,4
2,2,0
2,4,2
2,2,0
3,19,16
3,3,0
3,5,2
0,0,0
3,5,2
2,2,0
2,2,0
71,71,0
24,26,2
3,5,2
2,4,2
2,2,0
2,2,0
2,7,5
2,2,0
3,6,3
2,7,5
2,82,80
3,21,18
2,6,4
2,90,88
2,2,0
4,9,5
2,2,0
2,2,0
96,173,77
4,10,6
2,12,10
9,9,0
2,4,2
3,8,5
1,2,1
3,7,4
2,2,0
1,10,9
2,2,0
3,5,2
56,79,23
2,4,2
10,19,9
2,2,0
3,3,0
2,11,9
2,2,0
3,30,27
2,2,0
2,19,17
2,3,1
2,4,2
8,8,0
3,3,0
3,8,5
3,3,0
2,2,0
1,5,4
64,64,0
1,1,0
2,2,0
3,10,7
3,3,0
1,2,1
1,11,10
3,3,0
2,2,0
6,6,0
2,11,9
3,3,0
3,5,2
2,5,3
2,2,0
2,7,5
6,34,28
2,3,1
3,3,0
3,3,0
2,2,0
1,1,0
24,24,0
2,2,0
1,3,2
3,3,0
3,3,0
2,2,0
2,2,0
2,2,0
3,3,0
9,9,0
2,4,2
100,100,0
2,2,0
3,3,0
2,2,0
2,2,0
14,15,1
2,2,0
2,2,0
9,9,0
3,3,0
3,3,0
5,5,0
2,2,0
3,3,0
3,3,0
2,7,5
2,2,0
5,5,0
3,3,0
2,4,2
5,5,0
2,9,7
3,3,0
0,0,0
3,3,0
2,2,0
13,15,2
2,2,0
2,2,0
0,0,0
2,2,0
2,6,4
2,2,0
2,2,0
2,2,0
2,2,0
2,4,2
10,17,7
3,5,2
2,2,0
3,3,0
2,3,1
1,1,0
2,3,1
2,5,3
2,8,6
66,77,11
6,7,1
3,3,0
1,3,2
1,2,1
2,2,0
7,9,2
1,2,1
4,11,7
2,2,0
2,2,0
3,3,0
2,2,0
4,4,0
3,3,0
6,6,0
3,7,4
3,6,3
15,16,1
1,3,2
3,6,3
4,7,3
0,0,0
5,5,0
2,2,0
2,2,0
2,4,2
3,3,0
3,9,6
2,4,2
1,4,3
3,3,0
0,0,0
2,4,2
3,7,4
3,3,0
3,3,0
3,3,0
44,44,0
2,2,0
2,2,0
2,2,0
3,3,0
3,3,0
2,2,0
16,18,2
2,8,6
0,0,0
3,3,0
2,2,0
2,2,0
24,54,30
2,22,20
34,205,171
2,11,9
3,5,2
2,2,0
51,53,2
2,34,32
3,18,15
2,6,4
3,5,2
1,6,5
0,0,0
8,8,0
2,2,0
3,5,2
2,2,0
1,2,1
21,21,0
4,55,51
6,6,0
14,14,0
2,44,42
2,21,19
3,3,0
2,9,7
13,13,0
2,2,0
2,2,0
2,2,0
5,15,10
2,4,2
2,2,0
4,4,0
100,100,0
2,2,0
3,11,8
3,8,5
2,10,8
2,2,0
2,2,0
99,99,0
1,1,0
3,3,0
3,3,0
2,3,1
3,7,4
2,2,0
1,2,1
94,94,0
1,77,76
3,3,0
2,2,0
3,8,5
16,16,0
11,11,0
2,2,0
2,2,0
87,87,0
3,3,0
3,5,2
2,2,0
0,0,0
2,2,0
2,2,0
2,2,0
1,1,0
4,4,0
2,4,2
6,6,0
2,4,2
2,2,0
9,9,0
2,4,2
2,3,1
2,2,0
6,22,16
2,2,0
2,2,0
2,4,2
2,4,2
2,35,33
3,3,0
3,3,0
2,5,3
24,27,3
3,3,0
2,7,5
3,3,0
2,4,2
3,3,0
9,9,0
1,4,3
2,2,0
3,9,6
15,105,90
3,3,0
3,7,4
1,1,0
1,4,3
98,109,11
0,0,0
2,2,0
3,6,3
3,3,0
2,2,0
9,34,25
1,1,0
3,3,0
2,4,2
10,10,0
4,5,1
3,5,2
7,7,0
2,2,0
8,16,8
2,38,36
2,2,0
3,3,0
2,97,95
2,2,0
80,84,4
4,4,0
2,2,0
2,2,0
2,82,80
2,19,17
3,3,0
2,4,2
14,30,16
1,7,6
2,2,0
2,2,0
2,48,46
2,4,2
0,0,0
8,8,0
1,2,1
2,4,2
3,5,2
2,2,0
2,2,0
3,3,0
2,2,0
3,5,2
3,5,2
3,3,0
2,2,0
3,3,0
2,2,0
5,5,0
3,3,0
2,2,0
3,8,5
2,2,0
3,8,5
2,2,0
3,3,0
3,9,6
2,2,0
28,28,0
2,2,0
2,2,0
2,9,7
30,30,0
2,4,2
2,2,0
1,2,1
3,4,1
2,6,4
2,2,0
2,2,0
26,26,0
0,0,0
2,2,0
2,2,0
2,2,0
3,7,4
2,4,2
1,1,0
15,15,0
2,2,0
3,3,0
3,3,0
2,2,0
2,80,78
2,4,2
23,42,19
30,45,15
0,0,0
2,23,21
3,3,0
2,2,0
0,0,0
1,6,5
0,0,0
9,9,0
51,51,0
2,2,0
4,9,5
2,2,0
1,3,2
2,2,0
0,0,0
3,3,0
2,2,0
1,1,0
3,3,0
3,3,0
106,106,0
1,2,1
2,4,2
8,8,0
3,3,0
12,12,0
2,3,1
7,7,0
2,2,0
60,60,0
2,2,0
3,3,0
3,3,0
0,0,0
2,2,0
9,9,0
2,4,2
2,75,73
5,28,23
3,3,0
2,3,1
27,27,0
2,2,0
2,13,11
2,57,55
3,3,0
2,5,3
20,20,0
3,3,0
2,6,4
2,2,0
2,3,1
2,2,0
2,2,0
45,119,74
2,12,10
3,3,0
2,2,0
2,2,0
55,109,54
2,2,0
2,5,3
2,4,2
4,4,0
51,60,9
3,11,8
2,16,14
2,4,2
2,2,0
2,2,0
2,2,0
2,7,5
2,2,0
2,2,0
15,18,3
28,31,3
2,2,0
8,10,2
10,11,1
3,4,1
3,4,1
2,4,2
48,50,2
2,2,0
2,2,0
3,3,0
3,3,0
2,2,0
2,23,21
2,2,0
2,58,56
2,2,0
2,2,0
3,7,4
4,84,80
1,3,2
2,55,53
2,3,1
2,2,0
54,59,5
3,9,6
3,5,2
138,245,107
2,2,0
2,2,0
3,13,10
6,12,6
3,3,0
4,6,2
81,207,126
16,16,0
2,2,0
2,4,2
2,2,0
3,3,0
2,2,0
3,3,0
2,6,4
2,2,0
4,8,4
9,9,0
3,3,0
1,1,0
3,11,8
2,2,0
1,2,1
10,10,0
2,2,0
2,2,0
1,20,19
2,4,2
2,2,0
0,0,0
2,2,0
3,3,0
1,3,2
66,77,11
2,2,0
3,13,10
2,2,0
3,6,3
2,2,0
2,2,0
3,15,12
1,8,7
2,6,4
3,13,10
1,6,5
2,2,0
7,7,0
2,2,0
3,5,2
8,8,0
2,2,0
1,2,1
2,2,0
2,4,2
1,2,1
2,3,1
22,22,0
2,4,2
2,2,0
2,2,0
2,13,11
3,7,4
3,7,4
51,52,1
2,2,0
2,2,0
2,2,0
10,11,1
2,2,0
2,2,0
2,2,0
3,3,0
99,109,10
48,50,2
2,2,0
3,5,2
2,2,0
2,2,0
2,2,0
2,2,0
2,4,2
2,8,6
2,11,9
3,5,2
2,2,0
2,10,8
28,34,6
1,1,0
2,80,78
2,4,2
1,1,0
3,5,2
2,17,15
2,2,0
3,3,0
2,2,0
9,9,0
2,6,4
2,54,52
4,4,0
3,3,0
2,2,0
3,5,2
2,13,11
2,2,0
2,4,2
5,5,0
3,5,2
1,2,1
2,2,0
8,8,0
1,1,0
3,5,2
2,2,0
2,15,13
2,2,0
8,16,8
2,2,0
2,3,1
3,3,0
2,3,1
7,7,0
2,2,0
1,3,2
3,7,4
1,2,1
3,3,0
2,3,1
3,3,0
5,5,0
2,2,0
46,46,0
2,4,2
2,2,0
1,2,1
2,2,0
2,2,0
2,2,0
2,2,0
2,27,25
90,96,6
2,15,13
2,5,3
0,0,0
2,28,26
3,5,2
1,3,2
11,11,0
2,7,5
2,2,0
2,2,0
2,4,2
2,4,2
2,2,0
2,4,2
2,2,0
1,1,0
0,0,0
1,6,5
1,1,0
2,80,78
3,6,3
1,9,8
2,2,0
74,74,0
2,2,0
2,2,0
3,3,0
3,3,0
3,3,0
2,2,0
3,9,6
1,2,1
2,2,0
3,3,0
3,6,3
3,3,0
150,150,0
3,5,2
2,2,0
3,5,2
2,4,2
2,2,0
2,2,0
2,8,6
4,6,2
3,3,0
3,9,6
2,4,2
3,5,2
2,2,0
2,2,0
3,44,41
1,3,2
2,9,7
22,29,7
2,2,0
2,13,11
2,2,0
2,2,0
2,4,2
3,3,0
3,19,16
3,5,2
3,9,6
2,2,0
3,3,0
2,2,0
2,2,0
2,6,4
10,10,0
1,45,44
2,2,0
3,3,0
2,7,5
3,7,4
1,1,0
2,2,0
2,2,0
0,0,0
5,5,0
3,5,2
3,5,2
3,9,6
2,2,0
3,8,5
2,2,0
3,3,0
2,2,0
2,2,0
2,18,16
44,54,10
2,2,0
2,2,0
7,107,100
2,2,0
3,3,0
2,2,0
2,4,2
2,15,13
2,2,0
1,1,0
2,2,0
0,0,0
3,3,0
98,232,134
12,16,4
2,6,4
3,3,0
52,52,0
32,32,0
0,0,0
2,2,0
2,9,7
2,2,0
2,2,0
2,6,4
2,2,0
2,2,0
2,2,0
10,15,5
3,5,2
2,2,0
2,2,0
2,6,4
2,2,0
2,2,0
3,3,0
4,4,0
3,3,0
2,7,5
2,2,0
2,2,0
3,3,0
2,2,0
2,2,0
2,2,0
2,16,14
100,102,2
2,5,3
2,2,0
1,2,1
2,2,0
2,2,0
2,2,0
1,1,0
0,0,0
2,2,0
2,2,0
2,6,4
4,5,1
3,3,0
3,7,4
3,3,0
2,4,2
3,3,0
2,2,0
3,6,3
2,2,0
2,4,2
2,2,0
3,7,4
3,3,0
2,2,0
2,4,2
2,2,0
55,56,1
2,2,0
7,29,22
2,2,0
3,3,0
2,2,0
2,2,0
3,5,2
2,2,0
0,0,0
3,18,15
3,6,3
2,2,0
6,6,0
0,0,0
4,6,2
1,4,3
62,62,0
3,3,0
2,2,0
3,3,0
4,6,2
2,2,0
3,3,0
2,2,0
2,4,2
0,0,0
2,2,0
3,3,0
3,3,0
2,2,0
1,1,0
3,10,7
3,3,0
2,4,2
3,3,0
3,3,0
2,2,0
2,3,1
2,13,11
2,7,5
2,2,0
9,9,0
24,28,4
2,4,2
0,0,0
2,2,0
6,34,28
2,3,1
2,13,11
2,2,0
3,3,0
2,4,2
0,0,0
2,10,8
1,1,0
3,12,9
1,5,4
2,2,0
2,6,4
2,2,0
2,2,0
2,2,0
2,25,23
3,3,0
4,6,2
42,109,67
2,2,0
3,3,0
1,1,0
2,8,6
3,5,2
5,5,0
3,6,3
2,2,0
3,5,2
2,2,0
2,2,0
0,0,0
2,2,0
3,3,0
2,2,0
2,2,0
2,4,2
3,4,1
72,130,58
1,3,2
2,23,21
3,3,0
3,7,4
107,107,0
2,11,9
2,4,2
1,29,28
3,7,4
2,37,35
9,9,0
0,0,0
3,19,16
94,127,33
2,86,84
53,54,1
2,148,146
3,5,2
2,2,0
2,2,0
57,57,0
2,2,0
3,5,2
1,1,0
16,16,0
3,3,0
1,1,0
3,3,0
3,5,2
90,186,96
2,4,2
1,28,27
2,76,74
2,4,2
9,9,0
2,2,0
14,14,0
70,70,0
139,216,77
2,2,0
3,7,4
46,54,8
0,0,0
0,0,0
3,3,0
2,81,79
3,7,4
2,25,23
2,2,0
2,2,0
3,5,2
2,16,14
4,4,0
3,3,0
3,5,2
3,7,4
2,2,0
2,2,0
2,4,2
2,2,0
1,8,7
2,2,0
0,0,0
2,111,109
2,2,0
2,12,10
3,3,0
78,85,7
3,9,6
2,2,0
3,5,2
2,10,8
2,2,0
4,4,0
11,17,6
1,1,0
2,18,16
3,7,4
2,2,0
2,2,0
2,2,0
0,0,0
3,3,0
2,2,0
2,2,0
0,0,0
10,10,0
3,3,0
1,1,0
2,2,0
2,2,0
3,4,1
28,122,94
12,17,5
3,3,0
3,3,0
0,0,0
3,7,4
1,2,1
3,5,2
3,3,0
2,2,0
2,2,0
3,12,9
2,2,0
72,72,0
4,4,0
18,18,0
3,25,22
3,6,3
2,2,0
3,3,0
2,2,0
3,3,0
2,6,4
61,134,73
1,1,0
2,4,2
0,0,0
2,7,5
2,8,6
3,3,0
26,26,0
2,4,2
3,11,8
3,7,4
2,2,0
3,9,6
3,7,4
3,3,0
5,5,0
3,3,0
0,0,0
3,3,0
3,3,0
2,2,0
0,0,0
2,2,0
2,2,0
5,15,10
2,4,2
2,2,0
100,200,100
3,5,2
1,1,0
2,2,0
2,2,0
0,0,0
2,2,0
19,19,0
2,3,1
1,1,0
8,16,8
2,11,9
1,4,3
2,16,14
2,11,9
2,2,0
2,2,0
2,4,2
72,91,19
2,2,0
1,2,1
2,2,0
3,3,0
1,1,0
2,95,93
3,3,0
2,2,0
1,1,0
24,30,6
2,2,0
0,0,0
3,6,3
1,9,8
3,14,11
2,2,0
2,2,0
0,0,0
147,159,12
2,2,0
2,2,0
2,12,10
2,2,0
3,5,2
56,168,112
10,10,0
3,10,7
2,33,31
2,2,0
3,3,0
1,6,5
2,4,2
0,0,0
3,3,0
2,102,100
5,8,3
1,1,0
16,16,0
2,2,0
52,156,104
3,3,0
3,3,0
3,3,0
3,3,0
3,8,5
2,7,5
2,4,2
3,8,5
2,2,0
3,5,2
12,12,0
3,3,0
11,11,0
6,16,10
2,60,58
2,2,0
3,11,8
3,3,0
2,3,1
0,0,0
8,8,0
2,2,0
10,20,10
2,2,0
3,3,0
1,7,6
2,2,0
2,3,1
14,16,2
2,7,5
0,0,0
2,5,3
2,4,2
3,5,2
2,2,0
13,13,0
2,2,0
3,8,5
5,5,0
8,8,0
3,5,2
2,2,0
1,1,0
3,8,5
2,4,2
2,2,0
3,3,0
1,1,0
2,2,0
2,2,0
2,82,80
3,3,0
2,2,0
2,2,0
1,2,1
0,0,0
6,6,0
2,2,0
42,42,0
2,4,2
3,8,5
3,3,0
2,2,0
100,100,0
2,84,82
2,2,0
5,5,0
10,10,0
2,2,0
2,2,0
3,3,0
5,5,0
2,2,0
3,3,0
2,3,1
2,2,0
8,8,0
2,2,0
60,60,0
3,4,1
1,3,2
3,3,0
2,4,2
3,5,2
2,2,0
1,1,0
3,3,0
2,6,4
2,5,3
2,5,3
2,4,2
9,9,0
2,2,0
2,2,0
4,4,0
2,8,6
1,1,0
3,5,2
1,1,0
2,4,2
3,21,18
3,3,0
1,1,0
2,2,0
3,5,2
3,3,0
22,22,0
2,4,2
29,29,0
0,0,0
2,4,2
3,5,2
3,5,2
2,2,0
1,2,1
2,11,9
8,8,0
2,10,8
1,1,0
3,5,2
3,3,0
8,16,8
2,6,4
21,23,2
2,2,0
48,48,0
2,11,9
2,2,0
3,3,0
27,27,0
2,49,47
5,5,0
2,2,0
2,4,2
2,4,2
11,11,0
2,2,0
2,2,0
2,3,1
2,2,0
2,2,0
83,83,0
2,11,9
12,12,0
9,9,0
13,13,0
3,5,2
2,23,21
2,31,29
6,8,2
6,6,0
0,0,0
2,11,9
3,3,0
2,2,0
2,2,0
3,3,0
2,4,2
2,2,0
4,4,0
2,4,2
3,5,2
2,2,0
2,2,0
2,17,15
2,2,0
3,9,6
2,8,6
3,3,0
2,2,0
0,0,0
3,17,14
3,5,2
2,4,2
3,3,0
56,56,0
2,2,0
2,7,5
11,11,0
2,2,0
2,70,68
2,2,0
3,3,0
2,2,0
2,2,0
2,2,0
3,3,0
2,6,4
0,0,0
2,2,0
2,4,2
19,46,27
2,9,7
2,2,0
3,4,1
0,0,0
3,3,0
3,3,0
2,6,4
2,2,0
3,7,4
3,3,0
3,3,0
2,2,0
1,1,0
3,6,3
2,2,0
1,1,0
1,2,1
2,2,0
3,5,2
2,4,2
2,2,0
2,2,0
2,2,0
2,77,75
2,2,0
3,5,2
3,3,0
0,0,0
9,11,2
1,66,65
1,1,0
2,12,10
3,5,2
2,3,1
2,12,10
3,3,0
5,23,18
70,84,14
2,2,0
8,8,0
8,8,0
3,8,5
3,3,0
100,200,100
3,7,4
2,30,28
99,152,53
10,10,0
143,143,0
2,88,86
2,2,0
2,6,4
3,3,0
3,3,0
2,2,0
2,2,0
3,5,2
3,3,0
2,2,0
2,3,1
1,4,3
2,4,2
3,11,8
1,1,0
2,2,0
1,1,0
2,2,0
2,33,31
2,6,4
2,2,0
2,3,1
3,5,2
15,15,0
2,2,0
2,10,8
3,5,2
2,11,9
2,22,20
2,2,0
3,3,0
2,2,0
3,3,0
2,30,28
2,2,0
2,7,5
2,3,1
3,13,10
3,3,0
1,1,0
1,217,216
2,2,0
4,13,9
3,15,12
1,2,1
3,3,0
2,2,0
2,2,0
3,5,2
3,9,6
2,2,0
2,2,0
3,3,0
2,2,0
2,2,0
3,4,1
2,5,3
2,2,0
2,2,0
2,3,1
1,1,0
2,10,8
1,1,0
0,0,0
2,2,0
125,138,13
3,3,0
3,9,6
2,5,3
2,2,0
3,3,0
1,25,24
3,3,0
2,26,24
2,4,2
1,1,0
2,2,0
2,2,0
2,3,1
2,82,80
6,6,0
1,1,0
2,2,0
2,1236,1234
2,2,0
1,22,21
3,7,4
2,2,0
3,3,0
1,1,0
2,6,4
2,98,96
2,2,0
2,9,7
1,63,62
2,8,6
2,5,3
3,3,0
2,2,0
3,4,1
7,7,0
2,2,0
2,2,0
2,2,0
2,2,0
2,2,0
0,0,0
4,6,2
2,2,0
0,0,0
2,5,3
3,3,0
3,3,0
11,11,0
2,2,0
2,2,0
2,2,0
2,2,0
2,4,2
3,3,0
2,6,4
2,2,0
2,4,2
2,2,0
22,71,49
3,3,0
2,2,0
2,2,0
2,4,2
0,0,0
3,3,0
3,7,4
1,3,2
8,10,2
2,2,0
31,31,0
3,6,3
3,4,1
2,2,0
4,4,0
3,3,0
2,2,0
2,2,0
3,3,0
3,5,2
0,0,0
9,9,0
8,8,0
2,3,1
24,24,0
2,6,4
2,2,0
3,7,4
2,9,7
1,1,0
2,2,0
26,31,5
0,0,0
2,5,3
2,26,24
59,134,75
2,2,0
2,2,0
2,2,0
3,4,1
3,3,0
1,2,1
2,4,2
3,8,5
2,4,2
2,14,12
2,2,0
2,2,0
3,3,0
100,102,2
2,2,0
6,6,0
3,3,0
2,76,74
2,2,0
2,2,0
2,4,2
3,3,0
2,24,22
3,3,0
6,6,0
2,2,0
2,4,2
2,4,2
0,0,0
3,3,0
3,7,4
2,2,0
3,14,11
2,12,10
4,5,1
1,2,1
1,54,53
3,3,0
2,3,1
2,11,9
2,2,0
2,2,0
3,13,10
1,1,0
2,2,0
232,232,0
0,0,0
3,7,4
3,3,0
2,7,5
1,1,0
2,2,0
2,6,4
2,2,0
3,3,0
3,35,32
8,8,0
2,2,0
3,7,4
17,17,0
10,10,0
6,6,0
2,5,3
2,6,4
10,11,1
3,3,0
2,2,0
3,3,0
2,2,0
2,19,17
2,4,2
2,4,2
15,15,0
2,6,4
2,2,0
2,6,4
3,5,2
2,2,0
3,5,2
43,43,0
2,7,5
2,3,1
2,2,0
5,110,105
3,3,0
2,14,12
97,98,1
1,1,0
2,4,2
1,3,2
0,0,0
2,3,1
23,23,0
2,8,6
2,2,0
11,25,14
22,22,0
1,2,1
2,2,0
3,5,2
0,0,0
2,8,6
3,48,45
2,2,0
2,16,14
5,5,0
57,57,0
2,2,0
2,2,0
2,2,0
0,0,0
2,2,0
2,2,0
2,4,2
2,2,0
2,2,0
3,6,3
2,6,4
2,3,1
2,3,1
3,5,2
3,3,0
0,0,0
2,2,0
1,4,3
11,20,9
3,3,0
3,3,0
3,10,7
2,2,0
2,2,0
0,0,0
3,3,0
2,4,2
2,2,0
3,4,1
1,1,0
2,2,0
85,98,13
2,3,1
3,5,2
49,145,96
2,2,0
18,18,0
3,3,0
3,3,0
2,2,0
3,5,2
5,5,0
2,2,0
2,2,0
0,0,0
2,17,15
16,18,2
3,4,1
3,3,0
6,6,0
4,4,0
2,9,7
6,6,0
0,0,0
2,2,0
3,3,0
94,94,0
2,4,2
3,5,2
9,9,0
2,5,3
4,5,1
0,0,0
2,2,0
2,2,0
8,8,0
10,22,12
3,3,0
26,31,5
3,6,3
3,3,0
8,8,0
2,2,0
2,19,17
3,5,2
3,5,2
1,2,1
4,7,3
2,2,0
0,0,0
38,41,3
114,115,1
3,6,3
1,2,1
3,5,2
2,7,5
2,4,2
100,100,0
2,4,2
2,4,2
1,2,1
2,2,0
3,3,0
3,3,0
1,4,3
3,3,0
2,16,14
2,32,30
2,6,4
9,20,11
3,6,3
8,9,1
1,3,2
1,2,1
3,3,0
1,1,0
3,5,2
2,2,0
12,12,0
56,132,76
50,67,17
99,193,94
3,9,6
54,104,50
4,17,13
25,31,6
3,3,0
2,4,2
3,3,0
3,3,0
2,2,0
3,15,12
2,2,0
2,4,2
2,9,7
3,3,0
38,40,2
3,28,25
3,3,0
2,4,2
2,2,0
10,12,2
2,2,0
1,1,0
2,3,1
31,32,1
2,2,0
9,9,0
0,0,0
25,35,10
2,2,0
28,28,0
2,2,0
1,2,1
0,0,0
3,5,2
1,1,0
6,29,23
6,6,0
2,2,0
2,2,0
2,6,4
1,1,0
3,3,0
3,16,13
4,5,1
3,5,2
2,2,0
14,16,2
3,3,0
2,2,0
92,149,57
1,2,1
2,2,0
1,1,0
3,7,4
2,2,0
2,3,1
2,16,14
2,2,0
3,3,0
2,2,0
2,80,78
34,35,1
43,140,97
100,109,9
1,2,1
2,4,2
3,3,0
6,107,101
2,2,0
3,10,7
33,33,0
2,2,0
1,2,1
2,2,0
2,2,0
2,27,25
2,2,0
3,7,4
2,4,2
9,9,0
2,9,7
2,4,2
10,15,5
2,4,2
2,2,0
2,80,78
2,2,0
11,141,130
2,4,2
2,2,0
2,4,2
3,3,0
2,2,0
1,2,1
2,6,4
1,5,4
6,6,0
43,43,0
3,3,0
2,2,0
3,3,0
36,36,0
3,9,6
6,7,1
40,42,2
59,59,0
3,3,0
2,3,1
0,0,0
3,10,7
2,2,0
14,35,21
3,3,0
2,2,0
2,2,0
2,2,0
1,3,2
2,2,0
2,9,7
2,2,0
2,10,8
8,12,4
1,2,1
2,4,2
2,9,7
2,2,0
3,39,36
3,3,0
2,2,0
7,21,14
2,2,0
1,1,0
2,2,0
2,2,0
0,0,0
2,2,0
3,3,0
2,6,4
2,2,0
39,39,0
2,2,0
1,1,0
2,2,0
2,2,0
2,82,80
2,6,4
0,0,0
2,2,0
2,2,0
13,13,0
2,4,2
1,2,1
3,7,4
2,2,0
3,9,6
2,60,58
2,2,0
0,0,0
3,5,2
2,2,0
2,2,0
2,2,0
3,6,3
2,4,2
10,10,0
2,3,1
3,8,5
3,3,0
3,6,3
29,87,58
2,7,5
2,4,2
2,4,2
3,3,0
2,4,2
2,2,0
3,3,0
2,2,0
2,82,80
2,2,0
2,2,0
2,10,8
3,3,0
2,2,0
2,2,0
2,2,0
2,2,0
2,4,2
0,0,0
0,0,0
3,5,2
3,4,1
2,2,0
7,9,2
2,2,0
0,0,0
28,28,0
2,2,0
7,7,0
3,3,0
3,3,0
2,2,0
2,2,0
1,2,1
8,8,0
26,26,0
2,2,0
3,3,0
2,2,0
2,2,0
3,4,1
2,80,78
2,32,30
8,33,25
3,3,0
2,3,1
100,101,1
2,2,0
3,3,0
3,5,2
3,3,0
3,3,0
2,10,8
0,0,0
1,19,18
3,5,2
35,42,7
23,73,50
2,2,0
2,3,1
2,2,0
5,5,0
2,16,14
2,2,0
2,2,0
3,3,0
3,3,0
2,23,21
2,2,0
1,6,5
2,2,0
3,3,0
2,4,2
12,12,0
3,7,4
2,2,0
13,13,0
2,2,0
12,12,0
2,4,2
5,5,0
1,1,0
2,2,0
3,11,8
3,3,0
3,3,0
2,2,0
2,2,0
3,3,0
2,2,0
1,1,0
2,4,2
1,12,11
2,6,4
1,2,1
7,53,46
2,3,1
2,10,8
51,51,0
2,2,0
3,3,0
2,2,0
3,3,0
3,5,2
3,3,0
2,2,0
2,2,0
1,2,1
1,24,23
2,9,7
2,7,5
3,9,6
3,5,2
3,5,2
2,3,1
2,4,2
3,5,2
2,42,40
2,2,0
2,6,4
2,2,0
2,2,0
4,4,0
34,34,0
2,4,2
99,99,0
17,17,0
2,2,0
2,2,0
24,50,26
66,66,0
2,4,2
2,2,0
3,20,17
2,2,0
2,9,7
100,110,10
1,1,0
2,2,0
3,3,0
3,9,6
2,793,791
8,8,0
2,2,0
8,20,12
2,2,0
5,5,0
3,3,0
3,3,0
4,4,0
2,2,0
1,11,10
4,6,2
1,44,43
7,18,11
3,16,13
2,2,0
3,18,15
2,6,4
0,0,0
48,48,0
40,42,2
2,2,0
70,80,10
3,3,0
2,4,2
1,1,0
2,9,7
2,2,0
2,2,0
2,2,0
3,3,0
1,4,3
2,2,0
88,276,188
98,193,95
2,2,0
2,2,0
10,10,0
3,7,4
2,2,0
3,3,0
2,4,2
3,6,3
2,4,2
2,2,0
2,7,5
1,21,20
2,2,0
1,1,0
1,2,1
2,2,0
2,3,1
3,3,0
1,1,0
3,5,2
1,2,1
3,3,0
13,13,0
2,36,34
3,32,29
0,0,0
2,2,0
97,98,1
2,6,4
2,2,0
3,3,0
2,2,0
2,2,0
2,5,3
2,2,0
2,2,0
3,8,5
3,5,2
2,2,0
1,1,0
4,8,4
0,0,0
2,80,78
2,2,0
4,4,0
2,2,0
2,2,0
3,5,2
66,66,0
2,2,0
3,3,0
3,3,0
3,5,2
4,11,7
10,22,12
2,2,0
10,10,0
2,2,0
12,14,2
2,2,0
0,0,0
2,4,2
6,7,1
26,32,6
1,1,0
3,3,0
2,14,12
2,16,14
3,4,1
18,18,0
2,6,4
3,3,0
2,2,0
2,4,2
0,0,0
3,3,0
2,5,3
2,2,0
4,4,0
9,9,0
3,3,0
4,30,26
3,3,0
100,104,4
2,2,0
3,3,0
18,18,0
3,3,0
3,3,0
86,86,0
2,2,0
2,2,0
1,3,2
2,2,0
2,4,2
2,3,1
2,98,96
3,3,0
19,19,0
3,7,4
0,0,0
0,0,0
1,3,2
2,2,0
2,4,2
3,5,2
0,0,0
51,51,0
2,5,3
2,2,0
2,4,2
5,11,6
2,2,0
42,74,32
0,0,0
2,11,9
2,2,0
2,4,2
3,3,0
3,3,0
3,3,0
48,48,0
3,5,2
3,7,4
2,2,0
50,50,0
2,2,0
6,6,0
3,3,0
2,2,0
2,2,0
3,8,5
2,2,0
2,2,0
2,10,8
2,2,0
2,2,0
1,2,1
3,5,2
2,2,0
2,2,0
2,2,0
2,2,0
1,2,1
2,4,2
2,2,0
2,2,0
3,3,0
3,6,3
2,2,0
3,3,0
2,2,0
2,2,0
0,0,0
2,2,0
2,6,4
103,103,0
2,2,0
118,118,0
3,3,0
3,3,0
4,6,2
3,5,2
1,72,71
2,2,0
2,6,4
3,5,2
3,6,3
3,5,2
2,6,4
3,5,2
2,2,0
2,2,0
2,2,0
2,2,0
3,5,2
3,3,0
2,217,215
3,7,4
34,34,0
2,2,0
100,100,0
10,10,0
2,4,2
2,2,0
100,295,195
30,30,0
3,3,0
3,3,0
3,3,0
2,2,0
3,4,1
2,3,1
28,105,77
2,3,1
2,20,18
2,2,0
2,2,0
2,2,0
7,14,7
4,4,0
2,3,1
2,2,0
2,5,3
2,2,0
2,2,0
2,4,2
2,2,0
2,5,3
3,22,19
84,108,24
3,3,0
51,51,0
2,4,2
3,3,0
3,8,5
0,0,0
13,13,0
2,4,2
2,2,0
0,0,0
35,35,0
5,5,0
8,8,0
2,4,2
8,10,2
3,9,6
2,6,4
3,3,0
3,3,0
3,15,12
2,8,6
2,2,0
3,5,2
2,2,0
87,89,2
3,3,0
1,1,0
3,29,26
4,11,7
26,26,0
3,7,4
1,4,3
3,3,0
2,2,0
5,7,2
4,5,1
2,4,2
2,2,0
3,3,0
51,51,0
2,2,0
139,216,77
5,5,0
3,3,0
2,6,4
3,3,0
2,2,0
2,2,0
3,3,0
2,22,20
18,22,4
2,86,84
2,22,20
2,2,0
23,23,0
2,12,10
3,10,7
80,89,9
2,2,0
2,4,2
2,2,0
3,3,0
2,2,0
54,150,96
2,2,0
2,2,0
2,4,2
2,2,0
2,3,1
2,54,52
3,3,0
9,9,0
3,5,2
2,2,0
10,10,0
2,2,0
2,13,11
31,88,57
2,5,3
1,1,0
3,3,0
2,2,0
5,5,0
3,3,0
82,276,194
2,2,0
2,3,1
6,115,109
11,11,0
2,4,2
2,2,0
5,5,0
2,9,7
1,13,12
2,45,43
2,5,3
3,7,4
2,2,0
2,2,0
2,2,0
3,5,2
2,2,0
3,3,0
2,4,2
2,2,0
1,2,1
2,8,6
2,38,36
2,6,4
2,2,0
35,36,1
2,2,0
9,12,3
2,2,0
4,4,0
7,7,0
86,127,41
3,9,6
2,10,8
3,3,0
2,4,2
2,4,2
2,2,0
1,1,0
2,2,0
2,9,7
2,10,8
2,2,0
2,3,1
0,0,0
3,3,0
3,3,0
3,3,0
2,4,2
2,2,0
2,2,0
3,3,0
3,3,0
2,2,0
3,9,6
26,28,2
2,2,0
3,5,2
2,2,0
1,54,53
2,2,0
2,4,2
2,2,0
2,2,0
6,6,0
2,3,1
2,49,47
3,3,0
2,2,0
2,2,0
3,7,4
5,5,0
3,3,0
3,3,0
2,6,4
2,2,0
2,2,0
2,4,2
0,0,0
0,0,0
32,32,0
3,7,4
2,2,0
2,2,0
1,1,0
2,2,0
96,96,0
2,2,0
9,9,0
2,77,75
3,3,0
17,17,0
3,13,10
3,3,0
3,14,11
3,3,0
3,5,2
2,2,0
0,0,0
3,14,11
3,15,12
2,15,13
2,2,0
2,4,2
2,4,2
2,10,8
3,3,0
2,27,25
3,3,0
2,2,0
8,25,17
2,6,4
0,0,0
2,2,0
0,0,0
0,0,0
1,4,3
0,0,0
3,3,0
10,12,2
2,2,0
2,8,6
406,417,11
2,4,2
2,2,0
2,2,0
2,2,0
1,2,1
1,2,1
3,3,0
3,3,0
54,131,77
3,11,8
3,3,0
3,7,4
2,2,0
35,35,0
37,108,71
1,46,45
2,2,0
2,14,12
1,2,1
83,83,0
3,9,6
2,2,0
2,2,0
2,2,0
7,7,0
2,2,0
72,72,0
81,83,2
40,40,0
2,4,2
2,2,0
3,3,0
3,3,0
2,2,0
2,2,0
2,4,2
99,152,53
6,7,1
8,8,0
2,2,0
3,3,0
3,5,2
2,2,0
9,9,0
2,2,0
12,12,0
4,4,0
3,3,0
3,3,0
23,23,0
7,7,0
2,2,0
2,9,7
2,4,2
2,2,0
5,21,16
3,4,1
2,5,3
2,4,2
2,12,10
2,2,0
2,52,50
3,3,0
10,18,8
7,7,0
1,3,2
1,4,3
14,15,1
83,83,0
2,2,0
10,10,0
2,2,0
2,2,0
4,4,0
0,0,0
2,2,0
53,120,67
3,4,1
2,2,0
1,3,2
1,4,3
2,2,0
1,1,0
2,2,0
3,3,0
3,5,2
6,6,0
0,0,0
71,71,0
2,17,15
2,2,0
2,2,0
1,2,1
3,5,2
2,2,0
18,23,5
2,90,88
0,0,0
2,2,0
1,1,0
2,4,2
2,5,3
2,2,0
15,15,0
2,4,2
2,2,0
2,2,0
4,4,0
2,4,2
2,22,20
3,16,13
2,7,5
3,3,0
2,2,0
91,94,3
2,2,0
42,125,83
2,5,3
3,16,13
0,0,0
2,13,11
2,4,2
2,2,0
1,8,7
3,3,0
0,0,0
3,11,8
2,13,11
3,5,2
2,2,0
1,2,1
3,3,0
2,2,0
3,3,0
4,7,3
2,5,3
10,10,0
2,2,0
52,55,3
2,2,0
3,5,2
2,4,2
3,5,2
11,31,20
2,2,0
8,11,3
2,2,0
2,4,2
42,109,67
3,3,0
2,2,0
2,22,20
2,2,0
37,86,49
2,2,0
52,52,0
3,5,2
0,0,0
2,9,7
11,11,0
10,10,0
2,2,0
3,5,2
2,7,5
2,6,4
2,2,0
2,2,0
3,28,25
2,4,2
2,2,0
2,4,2
2,34,32
3,6,3
3,6,3
2,2,0
2,2,0
2,2,0
2,2,0
3,5,2
0,0,0
2,2,0
2,80,78
2,2,0
2,2,0
3,3,0
7,7,0
3,7,4
2,80,78
2,2,0
2,2,0
2,2,0
24,25,1
2,2,0
2,82,80
2,2,0
3,17,14
2,2,0
2,4,2
2,6,4
2,2,0
27,27,0
48,48,0
3,3,0
2,2,0
2,4,2
2,3,1
2,2,0
34,34,0
2,2,0
2,6,4
3,6,3
36,36,0
3,3,0
8,16,8
2,84,82
18,18,0
2,2,0
0,0,0
2,2,0
3,5,2
4,4,0
2,2,0
2,2,0
3,3,0
3,35,32
1,6,5
2,2,0
51,51,0
2,2,0
0,0,0
10,10,0
2,2,0
3,3,0
3,3,0
13,15,2
3,3,0
4,6,2
2,17,15
3,3,0
2,3,1
2,2,0
2,2,0
2,2,0
0,0,0
2,82,80
2,2,0
2,2,0
6,6,0
2,4,2
2,4,2
2,2,0
2,22,20
1,96,95
6,6,0
2,2,0
5,7,2
7,7,0
100,200,100
2,2,0
3,5,2
2,6,4
4,6,2
2,2,0
406,417,11
2,2,0
1,1,0
3,3,0
2,2,0
2,18,16
6,6,0
2,2,0
2,18,16
3,5,2
2,2,0
2,4,2
3,5,2
3,3,0
2,2,0
3,3,0
3,5,2
2,2,0
81,138,57
3,5,2
2,6,4
3,10,7
20,20,0
2,2,0
2,2,0
66,77,11
2,10,8
3,3,0
3,8,5
42,44,2
66,66,0
66,68,2
2,4,2
2,2,0
2,4,2
2,11,9
2,4,2
1,2,1
3,3,0
2,2,0
2,4,2
2,72,70
4,4,0
3,4,1
3,3,0
2,2,0
3,3,0
3,46,43
3,3,0
2,2,0
3,3,0
2,7,5
2,2,0
35,35,0
2,4,2
4,4,0
2,2,0
1,5,4
3,5,2
2,2,0
2,4,2
2,5,3
6,6,0
3,7,4
3,3,0
2,11,9
1,20,19
2,2,0
2,2,0
15,15,0
13,13,0
1,1,0
2,2,0
1,1,0
2,2,0
2,2,0
2,2,0
0,0,0
2,2,0
3,3,0
2,4,2
2,2,0
3,6,3
3,3,0
0,0,0
2,2,0
2,8,6
12,12,0
2,4,2
7,12,5
2,2,0
1,2,1
2,2,0
2,2,0
3,3,0
3,7,4
2,17,15
2,2,0
15,15,0
3,5,2
3,3,0
2,2,0
3,3,0
2,2,0
3,3,0
2,2,0
2,2,0
3,5,2
2,80,78
70,76,6
4,6,2
2,2,0
3,3,0
2,2,0
2,2,0
0,0,0
2,2,0
2,2,0
3,3,0
11,13,2
2,44,42
1,2,1
13,31,18
3,3,0
2,2,0
2,2,0
3,9,6
2,4,2
2,2,0
2,2,0
2,2,0
2,6,4
2,2,0
2,4,2
0,0,0
2,2,0
3,3,0
97,141,44
3,7,4
3,4,1
8,8,0
2,2,0
3,7,4
3,3,0
3,3,0
8,8,0
2,2,0
3,3,0
2,6,4
7,7,0
2,2,0
2,2,0
0,0,0
1,1,0
35,56,21
3,3,0
3,5,2
11,15,4
2,2,0
2,2,0
2,2,0
3,3,0
2,15,13
0,0,0
34,34,0
2,8,6
2,4,2
2,2,0
2,5,3
88,321,233
1,5,4
3,12,9
0,0,0
2,2,0
2,2,0
3,3,0
3,3,0
47,49,2
8,10,2
2,2,0
2,2,0
3,5,2
488,880,392
3,3,0
36,36,0
0,0,0
2,3,1
3,19,16
2,4,2
1,2,1
3,13,10
3,3,0
2,3,1
6,11,5
6,6,0
2,28,26
2,5,3
46,54,8
2,5,3
4,8,4
4,7,3
3,3,0
14,14,0
2,3,1
2,2,0
3,13,10
2,2,0
3,3,0
3,10,7
2,2,0
3,5,2
2,2,0
2,5,3
2,4,2
3,7,4
2,2,0
2,4,2
1,1,0
3,7,4
2,2,0
1,5,4
66,66,0
20,20,0
3,7,4
0,0,0
2,2,0
2,2,0
0,0,0
3,3,0
1,1,0
2,7,5
0,0,0
0,0,0
74,237,163
20,20,0
2,2,0
3,5,2
3,4,1
100,217,117
3,7,4
2,6,4
2,2,0
1,1,0
51,51,0
3,6,3
2,2,0
2,2,0
4,16,12
1,1,0
2,2,0
2,10,8
2,2,0
2,3,1
2,15,13
2,2,0
2,10,8
2,2,0
2,2,0
5,5,0
5,5,0
2,2,0
0,0,0
2,37,35
2,4,2
1,3,2
0,0,0
3,3,0
2,2,0
2,2,0
9,9,0
2,2,0
2,2,0
2,2,0
102,102,0
0,0,0
69,70,1
2,2,0
1,1,0
2,2,0
2,8,6
87,89,2
3,3,0
3,3,0
2,9,7
6,6,0
2,19,17
2,2,0
2,7,5
2,2,0
7,11,4
2,2,0
2,2,0
3,3,0
2,2,0
2,2,0
2,5,3
6,6,0
2,116,114
3,6,3
42,42,0
3,4,1
5,6,1
3,14,11
3,3,0
2,2,0
3,3,0
4,4,0
2,2,0
0,0,0
3,5,2
1,216,215
1,57,56
3,4,1
2,2,0
59,59,0
2,2,0
10,10,0
0,0,0
10,452,442
2,2,0
3,4,1
2,2,0
2,2,0
5,5,0
3,3,0
2,8,6
0,0,0
2,8,6
2,2,0
2,4,2
0,0,0
2,2,0
3,3,0
2,3,1
1,3,2
3,3,0
1,1,0
2,8,6
3,20,17
2,4,2
2,10,8
2,2,0
8,8,0
88,88,0
3,6,3
2,2,0
2,2,0
1,2,1
3,3,0
3,3,0
2,2,0
2,16,14
1,1,0
2,11,9
117,117,0
6,6,0
7,7,0
1,1,0
2,2,0
2,2,0
2,2,0
3,5,2
3,7,4
2,2,0
23,34,11
2,2,0
3,18,15
2,4,2
1,30,29
2,2,0
2,2,0
2,2,0
2,2,0
1,39,38
1,5,4
2,2,0
2,2,0
1,20,19
3,16,13
2,2,0
2,4,2
2,2,0
2,5,3
2,2,0
4,19,15
2,4,2
2,3,1
6,6,0
2,2,0
3,3,0
3,3,0
3,7,4
2,4,2
1,1,0
3,3,0
3,3,0
3,6,3
7,9,2
2,4,2
3,5,2
2,2,0
3,3,0
2,3,1
2,2,0
3,3,0
2,82,80
4,4,0
3,3,0
3,6,3
100,102,2
2,2,0
0,0,0
2,2,0
2,36,34
2,11,9
94,94,0
3,3,0
2,2,0
2,2,0
6,36,30
3,3,0
24,24,0
2,2,0
3,3,0
3,3,0
7,16,9
12,26,14
3,6,3
3,7,4
2,2,0
2,2,0
2,2,0
2,2,0
3,5,2
2,2,0
2,6,4
2,2,0
2,2,0
3,5,2
2,2,0
1,1,0
8,16,8
2,2,0
3,3,0
2,2,0
3,4,1
6,6,0
1,2,1
14,14,0
9,9,0
2,4,2
2,3,1
3,6,3
3,55,52
3,3,0
8,8,0
3,3,0
2,2,0
3,10,7
2,2,0
3,5,2
2,9,7
100,200,100
2,2,0
11,14,3
0,0,0
6,6,0
2,4,2
11,17,6
1,3,2
2,4,2
2,2,0
2,4,2
2,3,1
2,2,0
2,2,0
3,10,7
3,3,0
2,4,2
2,2,0
3,3,0
2,7,5
1,1,0
3,3,0
1,2,1
3,4,1
3,3,0
2,3,1
2,2,0
2,2,0
3,3,0
2,2,0
2,2,0
1,1,0
2,4,2
2,2,0
2,4,2
3,3,0
3,3,0
2,16,14
2,100,98
2,2,0
10,10,0
3,8,5
3,3,0
2,2,0
1,1,0
3,4,1
3,7,4
2,4,2
2,2,0
1,22,21
3,81,78
0,0,0
3,3,0
6,12,6
38,38,0
2,2,0
58,58,0
2,4,2
2,2,0
1,5,4
2,4,2
2,13,11
3,3,0
3,4,1
21,35,14
2,3,1
2,4,2
1,11,10
2,3,1
4,7,3
12,20,8
2,4,2
2,2,0
2,2,0
2,2,0
3,7,4
3,3,0
5,5,0
2,2,0
2,3,1
2,4,2
2,7,5
2,2,0
2,2,0
1,4,3
3,3,0
8,11,3
2,2,0
1,2,1
4,20,16
0,0,0
2,2,0
2,2,0
1,8,7
3,3,0
3,5,2
2,2,0
2,2,0
2,2,0
2,2,0
2,4,2
2,2,0
2,2,0
20,20,0
2,2,0
2,2,0
2,2,0
2,4,2
2,4,2
4,4,0
2,2,0
2,4,2
2,2,0
2,2,0
2,2,0
1,5,4
2,2,0
9,11,2
2,12,10
3,7,4
1,72,71
2,2,0
2,2,0
4,4,0
0,0,0
2,2,0
1,2,1
2,4,2
2,2,0
2,2,0
3,5,2
100,100,0
3,7,4
2,7,5
16,29,13
3,3,0
2,16,14
2,2,0
2,3,1
3,9,6
2,2,0
3,6,3
75,76,1
8,8,0
2,2,0
26,26,0
1,28,27
2,2,0
2,2,0
1,4,3
3,3,0
3,8,5
2,2,0
3,3,0
3,3,0
2,4,2
2,2,0
3,3,0
3,3,0
1,2,1
1,1,0
3,3,0
8,10,2
2,2,0
2,2,0
3,5,2
2,2,0
0,0,0
2,2,0
3,9,6
1,1,0
2,4,2
3,7,4
2,4,2
3,5,2
3,5,2
3,5,2
4,4,0
3,3,0
2,3,1
0,0,0
3,6,3
2,2,0
2,2,0
2,2,0
2,4,2
3,5,2
3,5,2
6,8,2
2,2,0
3,3,0
2,4,2
2,2,0
1,2,1
2,2,0
1,1,0
2,2,0
3,5,2
2,2,0
3,3,0
1,1,0
2,2,0
3,3,0
3,3,0
2,13,11
2,2,0
3,4,1
2,2,0
0,0,0
3,171,168
17,24,7
2,10,8
21,23,2
0,0,0
2,80,78
1,1,0
2,4,2
2,2,0
3,9,6
4,6,2
2,3,1
4,4,0
2,2,0
2,2,0
3,5,2
2,6,4
3,7,4
2,2,0
10,15,5
10,10,0
0,0,0
0,0,0
2,21,19
3,17,14
2,2,0
2,3,1
2,4,2
6,35,29
3,3,0
11,18,7
3,3,0
2,4,2
3,30,27
2,15,13
1,1,0
2,4,2
6,6,0
2,2,0
4,4,0
3,5,2
7,8,1
9,9,0
3,21,18
3,3,0
1,2,1
3,3,0
3,3,0
3,3,0
3,9,6
2,2,0
3,3,0
2,2,0
2,2,0
2,19,17
2,2,0
2,33,31
2,2,0
3,3,0
2,4,2
3,3,0
2,2,0
2,11,9
2,2,0
2,2,0
3,3,0
3,8,5
3,3,0
2,2,0
14,64,50
2,2,0
1,1,0
3,13,10
46,54,8
2,2,0
2,2,0
21,22,1
2,79,77
2,4,2
2,4,2
20,20,0
3,10,7
2,2,0
3,3,0
58,58,0
2,4,2
2,2,0
2,2,0
3,9,6
5,5,0
3,21,18
2,9,7
4,4,0
2,2,0
2,8,6
3,7,4
0,0,0
2,2,0
1,2,1
2,4,2
2,3,1
2,2,0
2,2,0
10,10,0
2,2,0
2,2,0
0,0,0
2,11,9
2,2,0
77,156,79
6,6,0
3,7,4
3,3,0
100,109,9
2,4,2
44,123,79
0,0,0
23,54,31
2,2,0
2,2,0
2,2,0
3,16,13
3,11,8
3,3,0
3,3,0
2,2,0
3,18,15
1,1,0
2,2,0
1,3,2
3,3,0
2,2,0
3,3,0
10,211,201
1,1,0
2,2,0
2,3,1
0,0,0
51,51,0
24,67,43
1,2,1
2,2,0
2,2,0
55,56,1
2,8,6
147,147,0
2,4,2
2,2,0
2,6,4
5,5,0
3,6,3
16,18,2
2,2,0
3,3,0
3,3,0
2,4,2
0,0,0
3,5,2
2,2,0
0,0,0
2,2,0
2,2,0
2,2,0
2,38,36
2,4,2
2,6,4
36,113,77
3,3,0
2,4,2
2,6,4
2,2,0
2,6,4
2,2,0
9,11,2
3,7,4
5,25,20
2,2,0
3,3,0
2,10,8
2,10,8
2,11,9
138,245,107
2,4,2
2,2,0
2,11,9
2,2,0
2,2,0
3,3,0
2,2,0
2,2,0
2,2,0
94,282,188
9,9,0
2,2,0
2,2,0
19,19,0
3,3,0
2,2,0
0,0,0
3,3,0
2,2,0
1,1,0
2,7,5
5,10,5
3,5,2
0,0,0
1,2,1
50,50,0
12,20,8
2,4,2
21,21,0
1,2,1
28,30,2
3,7,4
2,2,0
0,0,0
58,58,0
3,47,44
3,9,6
2,4,2
2,3,1
2,2,0
3,5,2
2,6,4
3,4,1
2,2,0
2,2,0
2,9,7
3,9,6
0,0,0
1,73,72
2,3,1
2,51,49
3,3,0
2,2,0
2,2,0
6,9,3
98,109,11
3,3,0
2,2,0
32,32,0
2,2,0
2,2,0
2,2,0
26,26,0
3,3,0
2,8,6
2,2,0
2,2,0
2,2,0
2,49,47
1,18,17
3,4,1
2,2,0
3,9,6
101,101,0
2,2,0
2,12,10
0,0,0
3,8,5
8,8,0
3,3,0
3,3,0
1,2,1
2,12,10
2,2,0
3,9,6
2,14,12
2,7,5
3,5,2
0,0,0
2,2,0
2,2,0
2,2,0
2,2,0
4,4,0
2,2,0
2,2,0
3,6,3
0,0,0
3,3,0
1,12,11
2,2,0
2,4,2
3,3,0
2,2,0
8,8,0
2,2,0
2,2,0
2,8,6
3,3,0
3,3,0
3,3,0
1,2,1
3,5,2
3,3,0
2,3,1
1,3,2
3,7,4
2,2,0
9,9,0
45,45,0
51,94,43
2,2,0
3,3,0
8,8,0
90,300,210
3,5,2
2,2,0
9,36,27
0,0,0
3,14,11
2,2,0
1,3,2
2,2,0
12,18,6
2,4,2
2,2,0
2,2,0
3,3,0
2,4,2
119,119,0
1,14,13
2,6,4
2,2,0
3,3,0
3,5,2
2,3,1
8,16,8
2,2,0
3,9,6
2,2,0
2,2,0
2,2,0
2,2,0
3,3,0
9,9,0
2,2,0
2,4,2
24,24,0
3,3,0
28,42,14
22,22,0
2,2,0
2,2,0
3,9,6
0,0,0
5,5,0
5,5,0
3,5,2
2,2,0
3,5,2
1,1,0
2,17,15
3,3,0
3,5,2
2,2,0
3,3,0
3,3,0
1,2,1
2,2,0
9,9,0
3,3,0
1,24,23
2,2,0
2,2,0
0,0,0
3,3,0
3,7,4
3,5,2
2,41,39
2,2,0
3,7,4
4,4,0
16,16,0
2,4,2
2,2,0
2,4,2
4,4,0
81,90,9
3,3,0
3,12,9
2,2,0
2,4,2
14,14,0
2,2,0
51,51,0
2,3,1
3,3,0
3,4,1
2,2,0
2,8,6
3,5,2
2,4,2
2,5,3
3,3,0
3,3,0
3,3,0
2,2,0
3,11,8
3,6,3
1,22,21
3,7,4
3,3,0
2,2,0
1,41,40
2,2,0
2,4,2
2,3,1
3,13,10
2,2,0
6,6,0
2,4,2
2,2,0
0,0,0
2,2,0
0,0,0
2,2,0
2,2,0
2,2,0
2,6,4
2,2,0
2,2,0
3,5,2
3,3,0
3,5,2
2,3,1
0,0,0
1,2,1
20,20,0
3,3,0
2,8,6
3,3,0
1,1,0
2,2,0
3,5,2
2,23,21
3,3,0
3,3,0
2,2,0
2,2,0
2,5,3
2,2,0
2,4,2
2,7,5
4,4,0
56,56,0
2,4,2
2,2,0
2,2,0
2,2,0
140,140,0
3,11,8
3,31,28
3,3,0
1,1,0
2,2,0
3,7,4
1,1,0
98,233,135
0,0,0
2,2,0
3,3,0
2,2,0
2,2,0
1,3,2
2,6,4
3,8,5
48,48,0
2,2,0
3,3,0
6,9,3
21,23,2
2,2,0
3,5,2
3,27,24
0,0,0
52,57,5
3,24,21
3,3,0
3,3,0
2,3,1
2,2,0
2,2,0
9,9,0
2,45,43
2,2,0
2,2,0
3,44,41
3,3,0
2,2,0
0,0,0
0,0,0
2,4,2
3,3,0
1,4,3
3,3,0
2,2,0
1,4,3
2,2,0
2,2,0
2,4,2
3,5,2
6,37,31
7,7,0
3,5,2
1,2,1
0,0,0
1,2,1
3,12,9
2,2,0
3,3,0
192,192,0
0,0,0
1,61,60
98,99,1
3,3,0
2,2,0
4,15,11
2,2,0
2,2,0
2,2,0
6,6,0
2,2,0
8,10,2
1,1,0
23,70,47
8,25,17
3,3,0
3,3,0
2,2,0
2,2,0
2,2,0
3,3,0
3,3,0
1,2,1
2,2,0
2,2,0
3,9,6
0,0,0
3,9,6
2,2,0
2,2,0
2,2,0
19,19,0
2,2,0
1,3,2
2,51,49
3,4,1
2,2,0
2,2,0
1,2,1
52,52,0
2,9,7
98,109,11
1,2,1
2,6,4
3,3,0
0,0,0
9,9,0
2,2,0
3,3,0
2,2,0
25,25,0
3,3,0
2,2,0
3,3,0
2,8,6
2,7,5
3,5,2
2,2,0
3,3,0
2,5,3
1,1,0
2,8,6
3,6,3
0,0,0
4,7,3
3,6,3
2,3,1
2,7,5
78,78,0
2,2,0
2,2,0
1,95,94
2,2,0
2,2,0
47,49,2
3,3,0
8,8,0
2,3,1
2,2,0
2,2,0
2,11,9
2,2,0
7,27,20
2,4,2
2,4,2
4,45,41
2,2,0
3,7,4
2,47,45
3,5,2
1,4,3
2,2,0
2,80,78
4,4,0
3,3,0
2,2,0
2,2,0
3,7,4
2,2,0
3,3,0
3,7,4
2,5,3
3,5,2
1,1,0
3,6,3
15,15,0
2,2,0
3,3,0
3,3,0
3,5,2
7,7,0
10,10,0
3,5,2
16,16,0
2,2,0
2,2,0
2,2,0
8,8,0
2,2,0
3,3,0
2,2,0
3,5,2
2,2,0
1,2,1
1,1,0
2,4,2
2,2,0
2,2,0
2,2,0
1,3,2
2,2,0
2,2,0
2,16,14
5,28,23
2,12,10
2,2,0
63,67,4
1,2,1
3,5,2
2,55,53
0,0,0
1,11,10
6,6,0
3,7,4
2,4,2
2,2,0
1,1,0
2,2,0
3,9,6
4,73,69
2,4,2
2,8,6
1,2,1
36,36,0
1,1,0
3,3,0
2,4,2
2,5,3
2,3,1
11,11,0
3,6,3
6,6,0
3,5,2
2,2,0
2,2,0
2,18,16
3,6,3
2,2,0
2,2,0
2,2,0
0,0,0
1,3,2
2,2,0
3,7,4
2,5,3
51,51,0
9,9,0
2,2,0
1,76,75
3,3,0
1,3,2
2,2,0
2,11,9
2,2,0
2,2,0
0,0,0
6,18,12
1,1,0
3,5,2
3,3,0
3,7,4
1,1,0
3,3,0
3,3,0
9,20,11
2,6,4
2,7,5
2,3,1
1,2,1
2,4,2
3,3,0
3,16,13
3,5,2
2,2,0
2,2,0
8,8,0
1,2,1
3,3,0
4,4,0
3,5,2
2,2,0
1,22,21
2,22,20
4,20,16
2,2,0
3,3,0
3,3,0
2,2,0
1,1,0
3,3,0
2,4,2
3,5,2
1,1,0
2,2,0
3,3,0
53,122,69
0,0,0
34,100,66
54,54,0
2,2,0
0,0,0
3,17,14
2,3,1
3,3,0
21,21,0
3,63,60
3,3,0
0,0,0
62,305,243
3,3,0
6,6,0
3,5,2
3,5,2
2,4,2
2,2,0
2,2,0
1,2,1
2,2,0
406,417,11
32,32,0
8,20,12
3,3,0
2,2,0
2,2,0
3,9,6
2,6,4
3,5,2
1,21,20
2,4,2
2,2,0
0,0,0
3,3,0
2,2,0
2,2,0
3,5,2
2,13,11
2,2,0
2,2,0
2,4,2
2,2,0
2,6,4
3,11,8
3,3,0
2,2,0
2,13,11
3,8,5
6,6,0
3,3,0
88,261,173
2,2,0
3,5,2
2,2,0
2,7,5
0,0,0
2,16,14
69,69,0
2,13,11
3,5,2
2,2,0
3,11,8
2,2,0
2,100,98
3,3,0
3,5,2
3,3,0
2,4,2
1,4,3
2,2,0
3,3,0
2,2,0
6,37,31
2,2,0
3,75,72
1,10,9
3,5,2
2,2,0
3,3,0
2,5,3
3,5,2
3,20,17
1,4,3
2,7,5
2,2,0
3,3,0
3,8,5
0,0,0
8,8,0
1,1,0
3,3,0
3,6,3
2,2,0
2,2,0
2,6,4
7,7,0
1,2,1
7,7,0
3,13,10
2,27,25
2,2,0
2,2,0
3,5,2
2,2,0
4,4,0
3,5,2
3,3,0
2,2,0
2,2,0
3,5,2
1,20,19
3,3,0
2,11,9
1,21,20
1,2,1
3,4,1
1,45,44
57,57,0
2,2,0
2,2,0
5,5,0
2,4,2
2,2,0
2,2,0
2,2,0
3,3,0
0,0,0
3,3,0
2,10,8
3,3,0
2,2,0
3,6,3
2,2,0
3,3,0
2,10,8
1,1,0
2,5,3
17,21,4
2,5,3
2,2,0
3,3,0
3,7,4
1,1,0
1,8,7
2,2,0
2,2,0
2,2,0
3,3,0
3,5,2
3,3,0
2,2,0
12,12,0
2,2,0
2,6,4
3,3,0
9,9,0
2,6,4
2,6,4
2,2,0
2,2,0
7,7,0
2,4,2
2,2,0
14,15,1
3,5,2
2,2,0
2,110,108
2,2,0
3,8,5
2,2,0
2,2,0
1,3,2
2,2,0
2,10,8
0,0,0
2,2,0
6,36,30
2,2,0
3,5,2
9,11,2
3,3,0
2,2,0
27,27,0
1,3,2
6,50,44
2,6,4
3,3,0
2,4,2
50,80,30
2,17,15
2,2,0
8,8,0
3,40,37
2,4,2
2,2,0
0,0,0
0,0,0
2,2,0
3,13,10
2,4,2
2,2,0
1,4,3
2,2,0
2,6,4
2,2,0
2,5,3
2,2,0
0,0,0
2,4,2
18,62,44
1,1,0
3,18,15
2,4,2
1,25,24
1,5,4
4,4,0
3,3,0
7,7,0
2,2,0
0,0,0
4,4,0
2,6,4
16,16,0
2,2,0
2,5,3
2,2,0
0,0,0
1,4,3
2,2,0
7,11,4
2,2,0
2,2,0
2,2,0
4,4,0
0,0,0
2,15,13
2,2,0
2,2,0
3,3,0
1,1,0
2,2,0
2,2,0
2,5,3
2,2,0
3,19,16
2,2,0
3,3,0
1,4,3
2,2,0
2,2,0
3,3,0
1,1,0
60,60,0
1,1,0
2,2,0
1,1,0
2,2,0
3,3,0
3,4,1
3,5,2
0,0,0
4,6,2
2,2,0
2,994,992
2,80,78
1,2,1
2,2,0
2,3,1
2,9,7
21,21,0
0,0,0
1,1,0
2,5,3
2,80,78
2,10,8
2,2,0
2,2,0
3,5,2
2,2,0
0,0,0
3,3,0
3,3,0
1,1,0
3,3,0
3,3,0
10,12,2
349,446,97
2,6,4
9,9,0
0,0,0
2,4,2
2,4,2
10,12,2
5,5,0
60,60,0
2,4,2
18,19,1
6,6,0
1,1,0
3,12,9
10,36,26
3,3,0
2,6,4
9,9,0
1,2,1
3,5,2
3,3,0
3,3,0
2,2,0
2,2,0
2,4,2
2,2,0
19,19,0
2,4,2
3,3,0
38,38,0
2,2,0
2,5,3
2,2,0
10,18,8
2,35,33
3,3,0
134,134,0
2,2,0
2,3,1
2,2,0
1,1,0
6,6,0
3,3,0
2,2,0
5,5,0
8,8,0
2,2,0
3,3,0
2,2,0
2,100,98
3,3,0
2,2,0
3,9,6
4,4,0
3,4,1
1,1,0
2,2,0
2,23,21
2,2,0
2,2,0
2,119,117
2,13,11
3,3,0
2,4,2
2,2,0
11,18,7
2,2,0
2,8,6
27,43,16
0,0,0
1,4,3
3,5,2
2,2,0
2,2,0
2,5,3
2,2,0
2,2,0
2,37,35
3,5,2
3,3,0
2,2,0
2,3,1
3,3,0
40,45,5
2,2,0
6,10,4
2,2,0
3,3,0
9,27,18
22,58,36
4,4,0
2,5,3
0,0,0
7,7,0
3,18,15
3,5,2
1,2,1
3,4,1
2,2,0
2,2,0
1,1,0
2,2,0
2,2,0
23,31,8
2,4,2
66,149,83
2,2,0
1,1,0
1,1,0
2,4,2
2,7,5
40,49,9
3,87,84
3,7,4
2,5,3
2,2,0
3,3,0
3,3,0
2,2,0
0,0,0
3,3,0
3,5,2
2,2,0
3,9,6
2,2,0
2,2,0
2,9,7
2,2,0
94,94,0
1,1,0
2,2,0
2,2,0
2,4,2
2,2,0
3,3,0
18,29,11
3,11,8
20,20,0
2,2,0
2,2,0
10,92,82
2,2,0
2,2,0
2,2,0
27,27,0
2,4,2
8,17,9
3,5,2
10,10,0
2,6,4
3,3,0
2,2,0
59,59,0
0,0,0
3,3,0
1,7,6
2,2,0
3,12,9
7,10,3
1,11,10
1,1,0
33,90,57
2,9,7
4,4,0
3,3,0
2,4,2
2,8,6
2,8,6
2,2,0
2,23,21
16,16,0
2,2,0
1,4,3
8,35,27
9,9,0
0,0,0
3,3,0
8,8,0
2,2,0
2,9,7
2,2,0
1,1,0
3,3,0
1,1,0
2,4,2
3,3,0
2,2,0
3,3,0
8,8,0
2,2,0
44,44,0
3,3,0
2,7,5
3,5,2
3,5,2
71,71,0
2,2,0
3,5,2
3,3,0
2,2,0
2,6,4
6,6,0
3,15,12
1,1,0
1,3,2
10,13,3
2,4,2
2,2,0
2,45,43
3,5,2
1,2,1
42,42,0
42,42,0
2,2,0
2,2,0
105,379,274
1,1,0
11,11,0
3,3,0
2,3,1
2,2,0
3,5,2
3,3,0
3,3,0
2,12,10
2,2,0
2,2,0
80,82,2
5,5,0
2,2,0
20,20,0
3,3,0
19,19,0
3,10,7
81,81,0
2,3,1
2,4,2
3,3,0
3,3,0
1,14,13
1,1,0
2,2,0
2,2,0
2,4,2
1,3,2
2,4,2
2,2,0
3,5,2
0,0,0
2,2,0
3,5,2
0,0,0
3,4,1
2,2,0
2,2,0
3,6,3
3,5,2
79,143,64
2,8,6
4,4,0
2,5,3
3,6,3
2,2,0
18,18,0
2,2,0
3,14,11
2,98,96
1,1,0
1,1,0
2,92,90
3,3,0
2,2,0
2,80,78
11,12,1
2,2,0
36,36,0
2,4,2
2,2,0
3,3,0
2,2,0
2,4,2
2,2,0
27,27,0
3,5,2
51,51,0
3,6,3
2,2,0
3,5,2
0,0,0
2,2,0
2,2,0
2,3,1
3,3,0
2,2,0
14,23,9
3,3,0
2,4,2
33,38,5
2,4,2
2,2,0
2,2,0
2,2,0
5,5,0
2,13,11
3,3,0
2,2,0
2,5,3
100,104,4
2,4,2
1,1,0
34,34,0
14,14,0
1,2,1
2,2,0
1,6,5
1,2,1
2,4,2
2,2,0
2,2,0
3,10,7
2,2,0
2,2,0
10,10,0
1,1,0
100,102,2
1,4,3
2,2,0
3,3,0
2,2,0
3,11,8
48,49,1
2,2,0
2,2,0
1,2,1
3,8,5
2,3,1
5,5,0
3,3,0
2,45,43
79,79,0
65,81,16
3,3,0
2,4,2
1,20,19
3,3,0
3,3,0
3,3,0
3,18,15
3,3,0
3,3,0
90,183,93
3,3,0
0,0,0
2,2,0
3,3,0
1,1,0
3,5,2
2,11,9
3,39,36
2,6,4
3,5,2
2,2,0
3,24,21
2,45,43
2,2,0
2,2,0
0,0,0
2,2,0
3,3,0
2,3,1
9,9,0
2,2,0
22,22,0
2,17,15
3,10,7
13,15,2
2,2,0
2,2,0
0,0,0
2,8,6
89,94,5
2,2,0
2,2,0
9,9,0
1,1,0
2,2,0
2,2,0
2,2,0
2,5,3
2,4,2
2,2,0
2,2,0
2,5,3
16,19,3
2,42,40
2,3,1
3,10,7
2,4,2
2,2,0
3,3,0
4,4,0
2,13,11
2,3,1
2,2,0
2,2,0
2,2,0
0,0,0
2,13,11
2,4,2
3,3,0
1,1,0
0,0,0
2,57,55
3,5,2
2,14,12
2,2,0
3,3,0
2,2,0
2,4,2
3,3,0
3,3,0
3,7,4
2,4,2
2,2,0
1,1,0
0,0,0
2,2,0
5,13,8
9,21,12
2,2,0
3,9,6
2,2,0
22,70,48
8,8,0
0,0,0
9,36,27
3,10,7
3,3,0
1,1,0
2,2,0
3,3,0
3,13,10
3,5,2
2,2,0
2,2,0
2,4,2
2,11,9
2,10,8
3,3,0
2,2,0
1,2,1
3,5,2
6,6,0
3,9,6
3,5,2
3,7,4
135,140,5
2,2,0
3,3,0
2,2,0
2,2,0
2,2,0
9,9,0
54,149,95
2,2,0
2,2,0
3,3,0
2,5,3
3,3,0
1,27,26
18,18,0
3,5,2
2,2,0
3,3,0
2,3,1
2,28,26
2,4,2
2,2,0
3,3,0
2,6,4
1,2,1
2,2,0
2,2,0
1,1,0
3,5,2
2,2,0
48,50,2
2,2,0
3,3,0
3,5,2
2,3,1
2,2,0
3,5,2
2,2,0
3,5,2
14,21,7
3,10,7
2,2,0
1,7,6
1,6,5
2,2,0
3,3,0
2,2,0
3,3,0
117,122,5
2,10,8
3,3,0
10,10,0
2,6,4
114,114,0
3,6,3
2,9,7
2,4,2
3,5,2
2,26,24
3,3,0
4,6,2
3,3,0
4,4,0
2,3,1
3,5,2
3,3,0
3,5,2
1,3,2
2,2,0
8,10,2
3,5,2
2,2,0
1,23,22
2,2,0
2,7,5
59,136,77
9,9,0
2,2,0
2,7,5
3,5,2
2,4,2
2,6,4
2,2,0
2,2,0
2,2,0
2,4,2
2,4,2
2,2,0
3,5,2
2,80,78
0,0,0
3,3,0
2,12,10
3,6,3
2,8,6
3,3,0
3,9,6
2,2,0
2,3,1
0,0,0
1,1,0
2,2,0
107,107,0
20,32,12
2,10,8
1,2,1
2,2,0
3,3,0
2,2,0
1,1,0
0,0,0
0,0,0
2,39,37
2,4,2
1,1,0
0,0,0
3,3,0
1,1,0
2,27,25
2,2,0
1,1,0
2,2,0
3,3,0
3,3,0
2,2,0
2,2,0
2,2,0
2,2,0
3,21,18
2,4,2
3,3,0
2,2,0
4,6,2
3,5,2
2,2,0
2,2,0
2,4,2
2,19,17
4,4,0
2,2,0
3,9,6
2,2,0
2,3,1
3,3,0
0,0,0
3,9,6
3,5,2
11,11,0
3,4,1
3,3,0
0,0,0
3,6,3
2,2,0
0,0,0
2,2,0
98,101,3
3,15,12
1,1,0
3,3,0
2,2,0
2,4,2
10,10,0
2,4,2
2,2,0
1,2,1
2,5,3
3,5,2
2,2,0
17,32,15
1,1,0
4,6,2
2,3,1
3,3,0
2,2,0
3,3,0
2,2,0
3,3,0
3,5,2
2,4,2
2,2,0
2,2,0
2,2,0
2,3,1
2,16,14
3,3,0
4,13,9
2,6,4
8,9,1
2,2,0
3,5,2
2,2,0
3,3,0
48,49,1
2,2,0
3,3,0
2,2,0
5,5,0
2,2,0
3,5,2
100,101,1
2,3,1
2,2,0
54,54,0
2,2,0
2,2,0
2,2,0
2,2,0
0,0,0
2,2,0
1,22,21
3,3,0
2,4,2
3,24,21
2,55,53
3,5,2
33,33,0
2,2,0
2,2,0
1,4,3
2,6,4
3,3,0
24,179,155
4,7,3
9,9,0
2,2,0
2,2,0
3,5,2
84,188,104
2,2,0
3,3,0
2,2,0
77,77,0
2,4,2
3,7,4
3,16,13
1,1,0
2,4,2
2,4,2
2,4,2
2,4,2
2,2,0
2,2,0
8,32,24
24,24,0
3,15,12
102,152,50
3,3,0
2,17,15
1,1,0
1,1,0
2,2,0
3,7,4
3,14,11
1,3,2
2,84,82
7,94,87
9,33,24
1,1,0
2,2,0
2,2,0
3,22,19
2,4,2
2,2,0
2,4,2
3,7,4
2,4,2
0,0,0
2,2,0
2,2,0
3,3,0
3,3,0
83,83,0
12,12,0
3,3,0
2,2,0
3,17,14
3,6,3
2,2,0
2,2,0
8,8,0
2,14,12
2,2,0
54,65,11
6,13,7
2,2,0
2,2,0
139,216,77
3,3,0
3,3,0
2,2,0
2,2,0
3,5,2
2,2,0
3,10,7
2,2,0
2,8,6
3,3,0
2,15,13
2,11,9
2,2,0
3,5,2
4,9,5
9,99,90
3,3,0
2,7,5
3,3,0
2,2,0
33,33,0
3,3,0
3,7,4
2,2,0
28,122,94
3,3,0
1,2,1
2,2,0
2,4,2
2,2,0
2,2,0
2,2,0
1,1,0
3,3,0
40,144,104
1,1,0
98,109,11
2,7,5
3,9,6
2,2,0
3,5,2
2,4,2
2,7,5
3,3,0
3,3,0
3,3,0
0,0,0
2,4,2
0,0,0
2,2,0
11,11,0
3,3,0
2,2,0
3,5,2
3,3,0
6,6,0
3,6,3
2,2,0
2,2,0
26,117,91
0,0,0
2,2,0
2,2,0
3,13,10
2,2,0
2,2,0
1,4,3
1,1,0
2,3,1
49,49,0
3,5,2
3,3,0
3,9,6
2,2,0
2,2,0
0,0,0
2,2,0
2,7,5
2,2,0
2,2,0
2,2,0
7,7,0
3,3,0
2,3,1
63,63,0
0,0,0
2,8,6
1,4,3
2,2,0
2,2,0
2,2,0
2,2,0
2,4,2
6,106,100
5,7,2
2,2,0
2,3,1
2,2,0
3,5,2
0,0,0
6,6,0
2,8,6
3,3,0
3,3,0
2,9,7
2,2,0
2,2,0
0,0,0
2,2,0
3,12,9
1,2,1
2,2,0
3,3,0
7,7,0
2,2,0
3,5,2
2,2,0
2,4,2
3,5,2
2,2,0
0,0,0
2,2,0
7,7,0
2,2,0
2,2,0
3,5,2
1,1,0
3,10,7
2,4,2
1,45,44
2,2,0
0,0,0
2,5,3
2,2,0
4,4,0
3,5,2
26,26,0
8,8,0
2,2,0
2,2,0
5,7,2
2,10,8
3,3,0
3,9,6
6,22,16
2,4,2
3,5,2
2,2,0
2,2,0
2,2,0
2,2,0
1,144,143
2,2,0
2,6,4
3,8,5
2,2,0
2,7,5
2,2,0
2,15,13
3,3,0
4,8,4
2,4,2
2,2,0
2,2,0
7,46,39
3,3,0
2,2,0
2,2,0
0,0,0
0,0,0
2,4,2
2,2,0
2,3,1
53,70,17
2,2,0
2,2,0
2,2,0
4,4,0
3,4,1
3,3,0
1,7,6
3,3,0
1,1,0
9,16,7
3,9,6
2,2,0
8,8,0
3,3,0
1,1,0
5,5,0
2,2,0
3,7,4
1,1,0
4,5,1
1,1,0
2,2,0
2,11,9
8,8,0
51,51,0
40,42,2
2,2,0
2,3,1
2,2,0
2,2,0
1,1,0
3,5,2
2,26,24
4,6,2
8,8,0
3,7,4
2,2,0
2,2,0
4,4,0
2,7,5
2,2,0
24,24,0
2,9,7
3,5,2
6,6,0
2,2,0
139,139,0
2,8,6
3,3,0
3,7,4
2,2,0
2,2,0
3,5,2
2,2,0
1,6,5
2,3,1
9,9,0
2,21,19
14,28,14
3,7,4
10,10,0
3,5,2
4,4,0
2,9,7
2,2,0
2,2,0
2,10,8
1,2,1
3,5,2
2,2,0
2,4,2
90,308,218
2,2,0
2,2,0
147,147,0
2,2,0
2,2,0
3,22,19
2,99,97
2,4,2
0,0,0
2,2,0
2,40,38
9,9,0
2,2,0
3,3,0
3,3,0
1,1,0
3,3,0
2,2,0
94,94,0
3,3,0
2,4,2
2,2,0
2,2,0
2,18,16
0,0,0
27,27,0
1,1,0
2,2,0
2,8,6
3,8,5
3,5,2
2,2,0
2,2,0
6,6,0
1,29,28
38,41,3
3,5,2
3,3,0
2,2,0
2,2,0
18,18,0
1,1,0
3,7,4
2,2,0
2,21,19
3,13,10
2,2,0
2,2,0
9,9,0
2,8,6
3,5,2
20,20,0
137,286,149
23,23,0
3,3,0
3,3,0
2,2,0
0,0,0
8,8,0
2,5,3
1,1,0
3,3,0
4,6,2
8,16,8
3,4,1
0,0,0
1,2,1
2,2,0
8,8,0
2,2,0
33,33,0
2,76,74
2,6,4
2,2,0
3,7,4
1,2,1
3,3,0
2,7,5
2,9,7
2,2,0
1,18,17
88,88,0
0,0,0
2,2,0
3,5,2
2,2,0
17,274,257
2,2,0
6,27,21
3,3,0
3,3,0
2,8,6
3,8,5
97,98,1
97,135,38
2,2,0
2,2,0
2,9,7
32,32,0
0,0,0
73,73,0
10,10,0
2,2,0
2,2,0
1,2,1
3,3,0
0,0,0
8,8,0
3,3,0
4,4,0
2,2,0
3,3,0
2,2,0
2,2,0
3,10,7
3,11,8
60,60,0
2,2,0
0,0,0
7,10,3
2,2,0
3,5,2
3,3,0
2,2,0
3,7,4
2,10,8
2,4,2
1,1,0
3,3,0
4,4,0
2,2,0
2,2,0
2,5,3
2,3,1
20,20,0
3,8,5
3,3,0
1,1,0
1,2,1
77,77,0
2,2,0
80,101,21
2,2,0
8,14,6
2,3,1
77,77,0
2,2,0
11,55,44
2,2,0
2,8,6
2,2,0
3,3,0
2,6,4
22,22,0
2,2,0
2,2,0
4,4,0
3,12,9
2,2,0
4,4,0
2,2,0
2,2,0
2,2,0
3,23,20
3,4,1
4,4,0
1,1,0
2,4,2
2,2,0
4,10,6
1,2,1
2,2,0
3,3,0
7,11,4
2,2,0
2,2,0
0,0,0
19,19,0
3,3,0
2,2,0
3,3,0
2,4,2
1,23,22
2,7,5
2,4,2
3,7,4
2,2,0
3,5,2
2,2,0
3,3,0
2,4,2
2,2,0
2,3,1
35,36,1
1,1,0
3,3,0
3,3,0
4,4,0
2,2,0
2,2,0
100,100,0
6,6,0
3,3,0
2,2,0
4,36,32
3,5,2
2,2,0
2,2,0
3,6,3
2,5,3
2,20,18
2,6,4
2,2,0
3,5,2
2,5,3
3,9,6
3,3,0
9,9,0
3,3,0
3,3,0
4,5,1
2,19,17
2,2,0
52,156,104
83,83,0
7,7,0
3,3,0
2,2,0
8,8,0
3,7,4
1,2,1
3,3,0
2,2,0
3,7,4
2,6,4
2,2,0
2,2,0
2,2,0
3,3,0
2,19,17
3,6,3
2,4,2
2,2,0
2,10,8
10,11,1
2,3,1
3,7,4
2,2,0
0,0,0
2,2,0
3,3,0
3,7,4
2,6,4
2,13,11
1,2,1
0,0,0
2,4,2
1,5,4
3,5,2
3,7,4
3,3,0
2,2,0
2,2,0
2,4,2
2,4,2
2,2,0
2,6,4
2,6,4
3,6,3
3,5,2
3,3,0
34,34,0
2,2,0
2,2,0
2,2,0
3,3,0
2,2,0
2,2,0
0,0,0
0,0,0
2,2,0
2,2,0
20,20,0
1,2,1
2,2,0
3,6,3
4,35,31
14,14,0
2,2,0
2,2,0
3,8,5
3,6,3
3,3,0
2,2,0
2,6,4
2,7,5
2,28,26
3,52,49
3,3,0
3,3,0
1,2,1
12,12,0
2,2,0
16,54,38
39,43,4
2,2,0
0,0,0
2,4,2
10,10,0
3,4,1
3,3,0
51,58,7
1,25,24
3,5,2
3,3,0
3,3,0
3,3,0
1,2,1
8,8,0
2,2,0
2,2,0
2,2,0
2,2,0
12,12,0
2,4,2
107,107,0
3,3,0
2,7,5
103,113,10
3,5,2
2,2,0
3,9,6
1,4,3
2,4,2
3,3,0
2,2,0
0,0,0
3,16,13
4,6,2
1,2,1
3,3,0
3,3,0
2,2,0
2,16,14
2,2,0
2,2,0
38,40,2
3,5,2
14,14,0
2,2,0
1,1,0
3,3,0
1,2,1
2,2,0
0,0,0
3,3,0
2,2,0
0,0,0
4,12,8
3,6,3
5,5,0
1,1,0
1,10,9
0,0,0
12,12,0
2,2,0
406,417,11
2,4,2
2,2,0
3,8,5
2,2,0
8,10,2
0,0,0
0,0,0
33,33,0
3,3,0
3,6,3
2,2,0
3,10,7
2,6,4
4,5,1
2,2,0
1,4,3
3,3,0
2,3,1
3,3,0
1,2,1
2,2,0
9,9,0
1,2,1
3,7,4
1,30,29
2,17,15
3,3,0
3,5,2
2,2,0
37,40,3
13,13,0
4,4,0
2,19,17
1,12,11
2,2,0
3,9,6
2,4,2
2,15,13
2,13,11
2,4,2
4,4,0
8,8,0
3,5,2
10,10,0
0,0,0
100,100,0
16,34,18
5,6,1
2,2,0
2,14,12
3,3,0
3,5,2
3,11,8
2,4,2
2,2,0
3,5,2
2,2,0
2,4,2
2,17,15
2,2,0
1,1,0
2,2,0
2,6,4
2,22,20
1,5,4
3,3,0
2,2,0
3,5,2
2,10,8
2,2,0
0,0,0
50,149,99
4,10,6
3,3,0
1,2,1
2,2,0
2,2,0
2,2,0
2,2,0
0,0,0
2,4,2
2,4,2
3,3,0
2,5,3
78,158,80
2,2,0
3,4,1
3,3,0
2,3,1
2,2,0
2,4,2
3,3,0
1,2,1
2,2,0
7,7,0
2,2,0
17,17,0
2,4,2
2,2,0
2,2,0
2,2,0
57,57,0
138,138,0
2,2,0
1,74,73
2,4,2
2,2,0
2,23,21
5,5,0
2,4,2
75,108,33
2,10,8
6,35,29
9,9,0
3,5,2
3,3,0
3,5,2
2,2,0
2,2,0
1,103,102
2,2,0
3,8,5
0,0,0
0,0,0
2,2,0
3,4,1
3,3,0
2,2,0
2,3,1
4,11,7
2,72,70
1,13,12
2,2,0
2,10,8
2,2,0
12,12,0
3,4,1
2,10,8
1,2,1
23,73,50
2,2,0
2,2,0
3,7,4
1,1,0
100,100,0
3,3,0
3,3,0
2,2,0
16,18,2
2,2,0
3,3,0
8,8,0
2,7,5
0,0,0
2,6,4
2,2,0
2,2,0
3,5,2
2,6,4
2,7,5
3,7,4
1,1,0
2,3,1
3,3,0
20,20,0
2,2,0
2,2,0
3,3,0
2,4,2
2,2,0
2,2,0
3,5,2
3,4,1
121,121,0
1,2,1
1,2,1
1,26,25
2,2,0
2,2,0
72,82,10
2,2,0
3,3,0
2,4,2
3,3,0
2,2,0
2,2,0
2,2,0
4,4,0
1,2,1
2,6,4
3,3,0
4,4,0
3,5,2
2,3,1
3,5,2
35,53,18
3,3,0
4,22,18
9,11,2
28,42,14
2,14,12
3,5,2
0,0,0
2,10,8
1,2,1
2,4,2
2,9,7
6,6,0
2,8,6
3,5,2
6,7,1
2,10,8
2,9,7
2,3,1
2,2,0
3,5,2
3,9,6
2,5,3
2,2,0
3,10,7
1,1,0
3,5,2
11,11,0
2,2,0
2,24,22
18,22,4
2,4,2
22,22,0
3,3,0
2,2,0
2,2,0
0,0,0
97,98,1
3,9,6
3,9,6
3,3,0
1,1,0
2,2,0
2,4,2
0,0,0
0,0,0
3,3,0
2,2,0
1,2,1
3,5,2
4,4,0
2,2,0
2,4,2
2,8,6
1,20,19
0,0,0
11,11,0
3,5,2
2,3,1
2,3,1
3,11,8
2,2,0
2,8,6
2,4,2
2,2,0
2,6,4
2,8,6
2,10,8
2,2,0
2,5,3
11,13,2
10,10,0
3,5,2
3,5,2
3,3,0
2,4,2
3,3,0
2,2,0
47,47,0
2,2,0
2,2,0
1,2,1
1,1,0
2,80,78
2,2,0
2,4,2
2,4,2
2,2,0
3,3,0
2,2,0
0,0,0
3,3,0
109,109,0
3,3,0
2,5,3
2,9,7
2,2,0
2,2,0
2,14,12
61,118,57
3,7,4
1,15,14
3,8,5
3,5,2
1,1,0
2,6,4
0,0,0
6,11,5
3,9,6
10,20,10
3,3,0
3,3,0
2,4,2
3,3,0
2,2,0
0,0,0
2,8,6
2,2,0
1,1,0
2,2,0
2,2,0
77,112,35
3,4,1
2,16,14
3,5,2
3,5,2
5,14,9
2,2,0
2,2,0
2,2,0
3,3,0
4,4,0
3,9,6
2,13,11
0,0,0
3,3,0
2,9,7
2,2,0
2,2,0
2,2,0
2,2,0
0,0,0
2,6,4
2,3,1
0,0,0
2,103,101
2,101,99
3,3,0
2,7,5
3,5,2
2,5,3
7,16,9
2,14,12
1,1,0
3,71,68
2,3,1
2,2,0
1,3,2
14,14,0
33,184,151
12,12,0
2,2,0
2,2,0
6,84,78
3,5,2
2,2,0
3,13,10
2,3,1
2,19,17
3,3,0
2,2,0
2,2,0
2,2,0
3,26,23
2,3,1
3,3,0
2,9,7
2,2,0
2,2,0
406,417,11
6,6,0
2,2,0
2,3,1
1,48,47
2,2,0
1,1,0
2,2,0
1,1,0
2,55,53
1,3,2
2,2,0
3,3,0
2,2,0
2,2,0
3,11,8
3,3,0
2,2,0
42,43,1
2,8,6
2,2,0
2,4,2
2,82,80
2,2,0
2,2,0
1,1,0
1,2,1
2,2,0
4,7,3
0,0,0
3,3,0
8,10,2
54,73,19
2,2,0
6,8,2
3,3,0
2,2,0
3,3,0
2,80,78
1,3,2
2,2,0
2,2,0
2,4,2
3,5,2
11,11,0
2,2,0
2,2,0
11,11,0
2,2,0
2,2,0
3,5,2
24,24,0
0,0,0
0,0,0
3,3,0
3,13,10
0,0,0
2,2,0
2,2,0
2,2,0
2,8,6
2,7,5
3,3,0
3,3,0
240,240,0
8,19,11
3,3,0
8,8,0
2,2,0
2,2,0
3,5,2
2,2,0
2,7,5
8,8,0
3,5,2
5,5,0
3,3,0
2,4,2
12,14,2
3,3,0
2,2,0
0,0,0
2,2,0
3,3,0
2,7,5
21,68,47
3,3,0
3,5,2
3,5,2
100,109,9
2,12,10
5,5,0
2,2,0
2,23,21
2,2,0
3,3,0
8,24,16
2,2,0
2,11,9
2,2,0
10,10,0
3,4,1
3,75,72
3,3,0
2,15,13
10,12,2
9,9,0
6,15,9
2,2,0
2,4,2
3,7,4
2,2,0
2,6,4
6,10,4
1,1,0
3,3,0
14,25,11
22,22,0
0,0,0
2,7,5
406,417,11
3,5,2
2,2,0
3,3,0
2,2,0
3,3,0
2,5,3
2,3,1
1,1,0
51,51,0
3,5,2
2,4,2
2,2,0
2,3,1
3,4,1
2,2,0
3,3,0
2,22,20
2,2,0
1,1,0
2,2,0
2,2,0
23,73,50
35,35,0
2,10,8
44,58,14
2,2,0
3,3,0
1,1,0
4,8,4
3,3,0
2,7,5
2,2,0
0,0,0
2,2,0
406,417,11
3,3,0
2,3,1
2,2,0
1,1,0
2,12,10
3,3,0
8,11,3
3,10,7
2,2,0
13,13,0
1,3,2
10,36,26
2,2,0
2,111,109
2,4,2
2,2,0
2,2,0
2,4,2
4,6,2
14,14,0
3,3,0
10,19,9
0,0,0
2,2,0
2,17,15
2,24,22
3,3,0
1,3,2
2,3,1
8,8,0
3,5,2
2,2,0
2,2,0
2,39,37
1,56,55
2,4,2
4,4,0
2,2,0
2,2,0
3,10,7
2,3,1
2,2,0
2,4,2
8,8,0
0,0,0
121,206,85
2,2,0
2,2,0
3,5,2
2,8,6
2,6,4
2,2,0
11,22,11
2,2,0
0,0,0
2,5,3
36,41,5
4,8,4
2,11,9
3,5,2
2,2,0
2,2,0
2,4,2
3,6,3
3,4,1
3,4,1
147,147,0
2,4,2
2,2,0
3,5,2
2,4,2
2,2,0
11,20,9
2,2,0
82,82,0
2,2,0
3,98,95
2,2,0
2,2,0
3,3,0
2,2,0
3,10,7
2,2,0
3,3,0
2,6,4
3,18,15
0,0,0
2,11,9
40,40,0
2,2,0
2,4,2
11,11,0
3,3,0
11,22,11
0,0,0
3,5,2
9,9,0
2,6,4
3,3,0
0,0,0
2,4,2
2,4,2
3,3,0
10,88,78
2,2,0
3,20,17
2,26,24
3,3,0
0,0,0
2,4,2
2,2,0
2,7,5
2,2,0
2,2,0
3,3,0
3,4,1
2,2,0
2,5,3
2,4,2
2,6,4
2,2,0
5,5,0
3,5,2
2,6,4
4,16,12
2,2,0
2,2,0
2,4,2
3,3,0
2,2,0
2,4,2
2,2,0
2,2,0
2,7,5
2,99,97
4,7,3
2,2,0
3,3,0
2,25,23
3,3,0
3,7,4
1,2,1
1,2,1
12,20,8
2,3,1
1,1,0
2,2,0
3,5,2
1,2,1
2,15,13
1,4,3
2,2,0
3,7,4
3,5,2
2,8,6
3,3,0
2,4,2
2,4,2
2,4,2
2,2,0
6,6,0
1,3,2
2,2,0
3,5,2
9,21,12
2,2,0
2,2,0
3,5,2
38,43,5
34,35,1
3,3,0
56,61,5
8,8,0
3,3,0
3,4,1
14,28,14
1,2,1
3,3,0
17,44,27
1,1,0
3,4,1
2,4,2
0,0,0
2,2,0
3,5,2
2,2,0
3,3,0
2,2,0
2,2,0
1,2,1
4,9,5
2,2,0
2,2,0
1,26,25
2,2,0
2,2,0
2,5,3
26,26,0
2,11,9
1,2,1
0,0,0
2,4,2
10,10,0
2,2,0
1,25,24
1,1,0
2,3,1
2,2,0
113,238,125
3,4,1
1,2,1
5,5,0
2,2,0
3,3,0
2,2,0
3,3,0
1,1,0
2,4,2
5,9,4
2,8,6
1,4,3
2,2,0
2,2,0
2,2,0
21,21,0
1,6,5
3,3,0
2,4,2
8,8,0
3,21,18
4,4,0
2,2,0
1,2,1
2,3,1
3,7,4
2,2,0
2,2,0
2,2,0
2,2,0
1,1,0
75,75,0
3,3,0
3,3,0
2,14,12
2,2,0
1,2,1
50,85,35
2,2,0
3,3,0
2,2,0
2,16,14
2,3,1
3,5,2
0,0,0
0,0,0
2,2,0
3,3,0
1,1,0
406,417,11
2,2,0
2,2,0
3,3,0
3,8,5
2,2,0
6,6,0
0,0,0
3,6,3
0,0,0
9,9,0
2,2,0
2,2,0
2,2,0
3,13,10
2,2,0
33,33,0
6,6,0
2,2,0
2,2,0
3,3,0
2,4,2
3,3,0
3,3,0
3,3,0
2,2,0
2,8,6
2,3,1
2,3,1
3,14,11
2,10,8
30,30,0
2,2,0
3,3,0
5,5,0
1,9,8
2,4,2
1,2,1
4,21,17
3,3,0
2,2,0
0,0,0
2,2,0
3,3,0
2,8,6
2,4,2
2,2,0
1,4,3
54,54,0
3,30,27
1,1,0
2,2,0
4,6,2
2,3,1
1,1,0
3,29,26
3,9,6
2,2,0
2,4,2
2,2,0
2,2,0
1,1,0
2,2,0
3,3,0
233,1517,1284
2,2,0
3,5,2
2,2,0
2,4,2
2,4,2
2,4,2
2,2,0
2,2,0
51,51,0
2,4,2
1,1,0
3,4,1
2,2,0
3,7,4
17,36,19
46,54,8
2,5,3
2,2,0
1,3,2
1,63,62
2,5,3
1,2,1
2,3,1
4,6,2
2,8,6
0,0,0
0,0,0
2,2,0
2,2,0
5,5,0
2,2,0
7,9,2
0,0,0
3,3,0
2,11,9
48,50,2
3,3,0
2,2,0
3,6,3
2,2,0
3,3,0
2,2,0
39,39,0
0,0,0
3,7,4
2,2,0
3,3,0
0,0,0
3,3,0
3,6,3
3,5,2
6,92,86
3,5,2
2,8,6
0,0,0
2,2,0
2,10,8
2,2,0
2,3,1
2,2,0
1,60,59
2,19,17
2,2,0
3,13,10
3,3,0
5,7,2
1,1,0
1,1,0
2,2,0
1,1,0
12,12,0
3,3,0
2,2,0
2,10,8
2,2,0
3,3,0
2,6,4
2,4,2
2,2,0
2,2,0
2,10,8
2,2,0
3,5,2
150,169,19
3,3,0
3,7,4
3,3,0
2,2,0
5,11,6
2,2,0
54,54,0
2,45,43
2,2,0
12,12,0
0,0,0
3,5,2
2,2,0
2,9,7
0,0,0
0,0,0
1,4,3
1,4,3
3,8,5
2,18,16
3,3,0
2,2,0
2,2,0
6,6,0
3,6,3
2,16,14
3,8,5
0,0,0
2,2,0
1,2,1
2,6,4
100,109,9
2,2,0
2,2,0
3,6,3
2,4,2
2,2,0
2,2,0
2,2,0
2,2,0
2,2,0
0,0,0
8,8,0
2,2,0
2,10,8
107,107,0
2,4,2
2,6,4
1,1,0
2,5,3
3,9,6
3,3,0
2,2,0
100,102,2
2,2,0
3,3,0
13,13,0
3,5,2
2,2,0
3,7,4
2,45,43
16,16,0
2,12,10
7,7,0
2,4,2
2,16,14
2,2,0
2,2,0
2,2,0
81,81,0
1,45,44
2,13,11
2,2,0
1,1,0
3,3,0
3,20,17
2,14,12
2,2,0
2,36,34
1,5,4
2,11,9
56,56,0
3,3,0
3,8,5
3,7,4
95,95,0
3,3,0
2,22,20
2,3,1
2,2,0
2,2,0
2,2,0
2,3,1
1,4,3
2,2,0
2,2,0
3,3,0
2,2,0
1,1,0
2,2,0
2,80,78
3,11,8
3,3,0
3,12,9
3,5,2
2,2,0
2,2,0
4,15,11
1,2,1
406,417,11
4,4,0
2,2,0
3,8,5
2,2,0
2,6,4
2,2,0
1,3,2
3,12,9
2,2,0
3,3,0
2,2,0
1,2,1
2,4,2
2,6,4
3,3,0
3,3,0
1,4,3
2,2,0
2,2,0
2,2,0
2,2,0
3,6,3
2,4,2
2,80,78
2,3,1
2,2,0
22,22,0
2,4,2
73,73,0
2,2,0
2,2,0
9,9,0
2,2,0
10,10,0
3,8,5
2,10,8
3,4,1
2,2,0
2,2,0
3,3,0
2,2,0
3,3,0
3,3,0
3,14,11
3,4,1
2,2,0
2,2,0
2,2,0
2,3,1
2,7,5
1,1,0
3,3,0
2,13,11
2,2,0
3,3,0
2,11,9
88,88,0
5,5,0
2,2,0
3,9,6
2,2,0
2,2,0
2,2,0
3,3,0
3,3,0
0,0,0
2,2,0
2,2,0
2,2,0
3,3,0
2,2,0
1,1,0
3,5,2
2,2,0
3,5,2
6,72,66
13,15,2
3,7,4
2,5,3
2,2,0
11,11,0
9,12,3
2,14,12
12,18,6
8,8,0
1,2,1
4,16,12
0,0,0
2,2,0
1,2,1
3,3,0
2,2,0
3,11,8
3,3,0
2,2,0
3,15,12
0,0,0
4,14,10
6,7,1
3,3,0
3,3,0
3,3,0
2,2,0
2,2,0
5,7,2
1,1,0
2,4,2
2,4,2
2,3,1
3,3,0
33,33,0
9,9,0
3,3,0
2,2,0
6,12,6
3,3,0
8,8,0
0,0,0
2,2,0
3,3,0
2,2,0
3,16,13
8,8,0
2,36,34
3,5,2
10,10,0
2,8,6
3,7,4
12,23,11
8,8,0
2,2,0
1,1,0
2,5,3
3,3,0
2,2,0
66,77,11
2,4,2
2,2,0
0,0,0
2,14,12
1,1,0
2,2,0
1,1,0
2,2,0
1,7,6
2,2,0
9,9,0
1,1,0
2,2,0
2,19,17
2,9,7
2,2,0
38,38,0
3,3,0
2,2,0
23,25,2
3,3,0
2,2,0
2,4,2
2,4,2
3,5,2
3,3,0
3,3,0
0,0,0
2,3,1
2,4,2
2,4,2
2,3,1
2,11,9
2,2,0
3,3,0
5,5,0
3,3,0
2,2,0
2,6,4
3,3,0
2,6,4
4,7,3
2,2,0
1,7,6
2,13,11
3,3,0
3,3,0
1,4,3
3,3,0
5,14,9
2,2,0
22,22,0
1,9,8
45,61,16
95,95,0
10,10,0
2,7,5
2,2,0
2,2,0
11,13,2
2,2,0
2,2,0
8,8,0
1,6,5
2,2,0
1,1,0
2,2,0
5,5,0
3,5,2
2,2,0
3,5,2
3,5,2
3,3,0
2,2,0
2,4,2
2,4,2
2,2,0
2,2,0
2,2,0
3,6,3
3,25,22
3,3,0
171,171,0
3,3,0
3,7,4
2,2,0
0,0,0
11,11,0
6,8,2
2,2,0
2,2,0
1,6,5
3,12,9
1,1,0
2,2,0
2,2,0
2,30,28
2,2,0
2,2,0
3,8,5
2,2,0
3,3,0
21,33,12
5,5,0
7,7,0
2,2,0
14,14,0
2,2,0
2,2,0
2,2,0
3,3,0
2,7,5
2,6,4
0,0,0
2,33,31
2,6,4
3,3,0
3,13,10
22,23,1
2,6,4
2,4,2
2,47,45
2,6,4
1,2,1
2,6,4
2,6,4
0,0,0
96,96,0
2,2,0
2,4,2
1,1,0
3,10,7
3,3,0
2,2,0
3,5,2
0,0,0
34,34,0
2,47,45
6,123,117
3,3,0
3,4,1
2,6,4
18,19,1
2,2,0
3,5,2
3,5,2
3,3,0
2,18,16
3,16,13
2,2,0
2,4,2
22,68,46
2,2,0
3,12,9
2,2,0
3,5,2
2,5,3
3,5,2
2,2,0
2,4,2
2,2,0
2,8,6
11,11,0
0,0,0
2,2,0
2,4,2
3,45,42
3,11,8
1,5,4
3,3,0
3,5,2
4,4,0
2,6,4
3,3,0
1,1,0
2,2,0
2,5,3
2,2,0
3,55,52
2,2,0
2,2,0
2,2,0
9,9,0
8,16,8
33,33,0
2,4,2
0,0,0
2,2,0
3,6,3
2,2,0
2,10,8
3,5,2
2,2,0
11,11,0
8,8,0
3,7,4
1,102,101
14,17,3
3,4,1
2,2,0
2,23,21
4,4,0
4,4,0
1,2,1
3,4,1
12,12,0
2,8,6
3,5,2
3,4,1
2,2,0
2,2,0
2,4,2
6,14,8
88,414,326
4,4,0
1,2,1
1,2,1
3,3,0
2,52,50
1,22,21
2,2,0
4,4,0
2,2,0
2,2,0
3,7,4
2,2,0
1,1,0
2,2,0
2,2,0
2,37,35
2,2,0
5,5,0
1,1,0
2,13,11
3,3,0
2,2,0
2,6,4
2,2,0
2,4,2
2,2,0
2,2,0
3,3,0
66,66,0
2,2,0
2,4,2
2,2,0
9,9,0
2,69,67
2,2,0
3,3,0
2,2,0
37,40,3
2,2,0
2,2,0
2,2,0
2,2,0
1,1,0
0,0,0
3,3,0
1,11,10
3,3,0
1,1,0
1,25,24
97,146,49
1,1,0
3,3,0
3,5,2
27,27,0
0,0,0
2,132,130
3,6,3
1,1,0
67,67,0
37,37,0
2,2,0
1,4,3
3,3,0
3,7,4
2,12,10
1,2,1
2,2,0
2,2,0
3,12,9
8,8,0
2,5,3
2,2,0
1,1,0
2,7,5
0,0,0
10,107,97
5,5,0
2,2,0
2,2,0
3,8,5
2,2,0
2,16,14
2,14,12
2,2,0
9,9,0
2,2,0
2,4,2
2,4,2
1,16,15
2,2,0
100,194,94
3,21,18
48,128,80
3,3,0
2,9,7
3,3,0
1,2,1
34,55,21
2,2,0
3,3,0
2,2,0
3,3,0
2,2,0
2,2,0
3,5,2
0,0,0
2,2,0
22,27,5
194,194,0
2,10,8
2,8,6
2,2,0
3,3,0
3,6,3
2,4,2
2,2,0
98,233,135
2,2,0
2,4,2
2,2,0
3,3,0
2,2,0
3,9,6
2,2,0
2,9,7
150,150,0
2,2,0
2,2,0
2,2,0
2,12,10
3,3,0
0,0,0
2,2,0
4,4,0
2,6,4
8,9,1
3,5,2
2,3,1
1,2,1
1,1,0
2,48,46
10,10,0
2,2,0
2,2,0
2,4,2
0,0,0
2,6,4
3,10,7
2,2,0
2,7,5
7,7,0
2,2,0
1,1,0
102,102,0
2,2,0
2,2,0
2,2,0
2,22,20
2,9,7
2,2,0
9,9,0
2,2,0
3,6,3
7,7,0
3,3,0
3,3,0
2,2,0
3,5,2
0,0,0
2,2,0
2,2,0
47,50,3
2,2,0
2,44,42
3,3,0
2,12,10
2,4,2
0,0,0
1,1,0
2,2,0
34,34,0
2,2,0
3,5,2
3,3,0
1,8,7
2,2,0
0,0,0
1,4,3
3,3,0
6,14,8
2,2,0
109,265,156
2,4,2
4,6,2
16,20,4
1,68,67
2,2,0
2,2,0
2,2,0
2,2,0
2,2,0
2,6,4
8,12,4
3,9,6
3,3,0
0,0,0
2,2,0
3,3,0
2,8,6
3,5,2
3,3,0
2,4,2
2,2,0
2,2,0
34,34,0
3,5,2
12,12,0
3,3,0
2,6,4
30,30,0
3,3,0
2,2,0
1,1,0
3,3,0
39,39,0
2,2,0
0,0,0
5,6,1
1,6,5
2,8,6
2,2,0
54,54,0
2,2,0
2,5,3
4,4,0
3,7,4
2,3,1
2,2,0
1,1,0
2,2,0
2,4,2
3,3,0
2,2,0
62,131,69
1,9,8
3,9,6
2,2,0
2,5,3
0,0,0
3,3,0
2,4,2
4,7,3
2,5,3
1,1,0
3,7,4
4,4,0
2,2,0
17,71,54
11,15,4
4,4,0
3,3,0
1,1,0
2,2,0
0,0,0
2,2,0
2,8,6
5,9,4
2,2,0
3,11,8
0,0,0
2,2,0
0,0,0
1,20,19
10,16,6
2,4,2
3,5,2
2,2,0
1,2,1
2,8,6
0,0,0
2,2,0
2,10,8
3,6,3
2,59,57
3,3,0
1,1,0
3,9,6
1,3,2
1,3,2
2,4,2
3,5,2
2,2,0
83,83,0
9,9,0
2,7,5
2,2,0
2,12,10
3,6,3
20,20,0
3,3,0
150,152,2
1,38,37
3,3,0
2,2,0
4,31,27
2,13,11
2,6,4
2,37,35
2,2,0
2,2,0
3,7,4
2,76,74
2,10,8
7,7,0
3,3,0
3,5,2
2,2,0
1,1,0
3,3,0
2,4,2
2,2,0
2,2,0
2,6,4
54,54,0
2,37,35
3,3,0
2,8,6
2,14,12
2,4,2
2,2,0
3,3,0
2,2,0
94,194,100
2,2,0
2,2,0
1,1,0
2,2,0
3,3,0
3,5,2
3,5,2
3,7,4
2,7,5
3,8,5
19,19,0
3,3,0
3,7,4
3,6,3
36,36,0
2,2,0
2,2,0
2,4,2
1,1,0
2,2,0
2,2,0
2,2,0
2,4,2
2,2,0
2,4,2
2,8,6
2,2,0
0,0,0
2,49,47
2,4,2
2,5,3
3,9,6
2,2,0
2,2,0
3,6,3
2,6,4
0,0,0
2,12,10
2,2,0
2,3,1
2,2,0
1,10,9
2,2,0
2,3,1
3,13,10
68,68,0
2,4,2
2,3,1
107,107,0
26,26,0
3,5,2
2,8,6
2,2,0
67,69,2
2,2,0
3,16,13
3,7,4
2,5,3
3,3,0
3,4,1
2,6,4
2,2,0
8,10,2
0,0,0
2,2,0
2,2,0
2,2,0
1,5,4
2,4,2
2,4,2
2,2,0
2,2,0
2,4,2
1,1,0
3,3,0
2,2,0
2,2,0
10,24,14
21,23,2
2,2,0
2,2,0
2,4,2
1,1,0
2,18,16
3,4,1
3,5,2
3,13,10
3,3,0
2,4,2
2,2,0
2,11,9
2,4,2
2,5,3
2,8,6
104,187,83
2,2,0
3,3,0
2,47,45
3,9,6
26,27,1
4,22,18
2,2,0
2,2,0
2,3,1
3,5,2
3,3,0
3,3,0
26,42,16
2,2,0
2,2,0
2,9,7
9,9,0
2,2,0
3,5,2
10,10,0
3,3,0
2,2,0
2,2,0
3,11,8
2,2,0
2,2,0
2,2,0
2,2,0
3,5,2
2,2,0
2,6,4
2,2,0
1,1,0
1,2,1
9,9,0
2,3,1
1,1,0
2,2,0
2,2,0
2,29,27
0,0,0
3,5,2
1,2,1
1,7,6
3,4,1
3,3,0
3,5,2
2,60,58
2,23,21
2,2,0
42,63,21
11,11,0
3,9,6
0,0,0
0,0,0
3,3,0
2,2,0
2,41,39
23,23,0
0,0,0
3,23,20
2,2,0
2,2,0
2,2,0
2,2,0
3,5,2
1,4,3
0,0,0
2,2,0
2,2,0
0,0,0
2,2,0
3,3,0
4,4,0
2,2,0
10,10,0
2,3,1
3,5,2
3,4,1
2,4,2
94,94,0
2,2,0
2,2,0
9,9,0
2,7,5
2,3,1
1,1,0
2,2,0
2,2,0
3,3,0
2,2,0
3,3,0
3,3,0
2,2,0
2,46,44
2,4,2
62,130,68
1,2,1
3,3,0
3,13,10
2,6,4
3,5,2
2,8,6
2,2,0
2,2,0
3,3,0
1,1,0
1,2,1
9,9,0
3,8,5
3,21,18
2,2,0
2,15,13
1,1,0
3,5,2
2,2,0
2,2,0
2,128,126
2,16,14
2,10,8
3,6,3
2,2,0
9,9,0
3,3,0
2,2,0
4,6,2
12,12,0
2,5,3
4,4,0
2,23,21
13,15,2
3,6,3
10,16,6
9,9,0
1,1,0
1,1,0
40,853,813
2,2,0
2,10,8
3,5,2
2,4,2
2,2,0
3,10,7
2,4,2
105,105,0
1,1,0
2,10,8
2,19,17
42,42,0
3,4,1
2,3,1
3,3,0
3,24,21
2,6,4
183,183,0
20,20,0
3,3,0
2,4,2
17,24,7
1,2,1
2,2,0
2,3,1
2,3,1
3,5,2
3,3,0
2,5,3
60,87,27
2,2,0
2,2,0
3,3,0
13,22,9
2,4,2
2,27,25
4,4,0
3,3,0
3,8,5
2,3,1
3,4,1
18,18,0
3,4,1
3,3,0
3,5,2
1,7,6
2,2,0
2,2,0
2,4,2
2,6,4
2,4,2
2,2,0
2,2,0
3,7,4
2,2,0
12,17,5
2,2,0
3,4,1
3,4,1
9,30,21
2,10,8
12,12,0
0,0,0
2,15,13
28,34,6
6,6,0
2,2,0
0,0,0
2,7,5
4,19,15
2,2,0
2,2,0
3,3,0
4,14,10
2,6,4
9,9,0
0,0,0
2,2,0
9,9,0
2,2,0
1,3,2
3,5,2
2,7,5
10,31,21
3,3,0
94,94,0
10,10,0
3,3,0
2,9,7
2,2,0
2,2,0
2,2,0
2,2,0
2,2,0
11,34,23
2,4,2
16,16,0
3,6,3
2,2,0
24,24,0
2,4,2
1,1,0
139,216,77
2,2,0
5,6,1
8,8,0
3,3,0
3,5,2
2,2,0
5,14,9
2,16,14
3,5,2
9,9,0
1,10,9
2,5,3
2,4,2
1,11,10
6,8,2
2,4,2
2,2,0
3,4,1
3,3,0
2,4,2
15,59,44
406,417,11
3,3,0
21,32,11
0,0,0
3,5,2
1,2,1
64,195,131
2,2,0
9,9,0
62,66,4
2,2,0
2,2,0
2,2,0
2,2,0
5,7,2
2,2,0
3,6,3
3,5,2
3,4,1
2,8,6
8,8,0
2,2,0
2,2,0
3,20,17
2,2,0
2,2,0
2,2,0
3,5,2
24,33,9
2,2,0
0,0,0
2,2,0
2,2,0
2,2,0
51,57,6
2,2,0
6,22,16
2,7,5
3,3,0
2,2,0
6,9,3
2,2,0
3,3,0
3,13,10
139,216,77
2,2,0
3,3,0
2,2,0
4,4,0
2,2,0
3,3,0
3,3,0
2,51,49
0,0,0
2,4,2
2,9,7
6,22,16
5,5,0
0,0,0
2,2,0
5,17,12
3,3,0
0,0,0
0,0,0
4,5,1
2,4,2
2,2,0
77,78,1
2,2,0
2,2,0
2,2,0
51,51,0
1,1,0
3,4,1
2,2,0
0,0,0
2,2,0
5,16,11
1,50,49
3,3,0
2,3,1
2,2,0
98,98,0
1,1,0
2,3,1
2,2,0
2,2,0
1,1,0
1,1,0
3,3,0
3,6,3
2,2,0
2,2,0
2,5,3
2,2,0
2,2,0
2,2,0
8,8,0
2,17,15
2,2,0
2,7,5
3,3,0
2,82,80
3,3,0
3,4,1
2,2,0
9,9,0
0,0,0
0,0,0
2,2,0
3,4,1
0,0,0
0,0,0
8,8,0
3,5,2
5,5,0
235,347,112
3,3,0
3,4,1
17,17,0
2,7,5
2,2,0
1,3,2
2,4,2
0,0,0
2,9,7
2,2,0
5,5,0
2,2,0
2,10,8
3,3,0
3,3,0
1,2,1
14,17,3
2,2,0
2,2,0
2,5,3
1,12,11
3,3,0
3,3,0
3,12,9
1,1,0
2,2,0
3,14,11
2,5,3
3,6,3
5,7,2
6,37,31
6,8,2
1,1,0
2,2,0
2,13,11
31,39,8
2,2,0
3,7,4
10,126,116
2,2,0
2,6,4
2,2,0
2,6,4
2,6,4
2,4,2
9,9,0
1,5,4
3,7,4
28,105,77
3,7,4
2,2,0
3,3,0
2,2,0
2,2,0
9,9,0
3,3,0
6,13,7
4,4,0
0,0,0
406,417,11
3,3,0
2,4,2
3,5,2
2,2,0
3,3,0
2,5,3
4,7,3
2,2,0
2,2,0
2,4,2
1,31,30
9,9,0
0,0,0
3,4,1
2,2,0
3,5,2
0,0,0
2,2,0
2,83,81
8,18,10
2,7,5
2,2,0
0,0,0
11,13,2
3,9,6
47,47,0
3,11,8
2,5,3
4,4,0
2,6,4
2,2,0
2,6,4
3,11,8
2,10,8
2,2,0
2,2,0
2,7,5
2,3,1
2,2,0
2,56,54
5,5,0
2,25,23
3,3,0
3,5,2
3,6,3
2,2,0
9,20,11
3,6,3
3,11,8
2,2,0
2,2,0
7,15,8
3,3,0
2,2,0
15,15,0
2,7,5
2,82,80
2,2,0
2,2,0
1,1,0
2,2,0
92,227,135
2,2,0
3,11,8
9,9,0
3,5,2
2,6,4
0,0,0
2,5,3
0,0,0
2,2,0
2,2,0
1,5,4
3,5,2
4,9,5
2,10,8
5,5,0
2,6,4
2,4,2
2,2,0
2,53,51
3,3,0
2,2,0
2,2,0
9,9,0
2,4,2
2,2,0
2,2,0
8,8,0
2,4,2
3,3,0
2,2,0
3,11,8
1,1,0
9,10,1
100,162,62
2,4,2
2,2,0
139,216,77
3,5,2
1,2,1
3,3,0
101,105,4
2,2,0
2,7,5
0,0,0
13,14,1
2,12,10
8,8,0
3,4,1
2,105,103
2,2,0
6,9,3
2,2,0
0,0,0
3,3,0
2,4,2
1,3,2
2,2,0
3,3,0
2,6,4
2,2,0
1,23,22
3,12,9
0,0,0
2,2,0
2,3,1
2,4,2
2,8,6
2,6,4
98,109,11
11,11,0
46,100,54
3,5,2
27,29,2
2,2,0
2,6,4
1,66,65
3,3,0
2,40,38
3,3,0
3,3,0
2,4,2
7,7,0
2,8,6
3,26,23
2,2,0
1,1,0
4,4,0
3,3,0
3,3,0
3,5,2
4,7,3
2,2,0
2,26,24
2,6,4
2,16,14
1,4,3
3,8,5
3,3,0
3,3,0
0,0,0
9,18,9
2,2,0
2,2,0
2,5,3
2,2,0
1,2,1
2,2,0
17,30,13
3,3,0
80,80,0
2,2,0
2,3,1
2,2,0
2,2,0
2,3,1
0,0,0
81,96,15
0,0,0
0,0,0
2,2,0
3,429,426
2,4,2
2,2,0
1,2,1
1,10,9
4,12,8
2,2,0
2,2,0
2,2,0
3,3,0
8,8,0
1,1,0
2,4,2
2,3,1
2,4,2
2,2,0
1,1,0
1,3,2
0,0,0
1,1,0
0,0,0
2,20,18
2,2,0
2,23,21
20,20,0
3,4,1
1,1,0
15,105,90
2,2,0
3,14,11
0,0,0
66,66,0
2,2,0
2,6,4
58,58,0
2,101,99
3,3,0
3,3,0
77,165,88
2,22,20
2,3,1
2,3,1
2,4,2
2,2,0
2,2,0
0,0,0
8,8,0
3,3,0
2,48,46
1,13,12
3,7,4
3,3,0
2,2,0
6,6,0
3,3,0
3,7,4
2,2,0
2,4,2
2,2,0
2,2,0
2,2,0
2,4,2
2,2,0
37,37,0
15,58,43
2,2,0
5,28,23
3,6,3
3,3,0
8,8,0
3,21,18
2,2,0
2,4,2
2,2,0
2,2,0
2,2,0
87,284,197
2,101,99
5,9,4
2,2,0
2,4,2
2,2,0
3,3,0
4,6,2
3,3,0
2,2,0
2,8,6
2,2,0
1,13,12
2,6,4
71,101,30
16,32,16
1,2,1
23,23,0
2,4,2
3,3,0
2,2,0
2,2,0
3,3,0
2,4,2
2,2,0
3,7,4
40,40,0
6,6,0
2,13,11
0,0,0
3,3,0
2,2,0
3,3,0
3,10,7
2,2,0
2,2,0
3,7,4
3,3,0
3,21,18
2,2,0
1,11,10
2,4,2
2,2,0
44,44,0
1,2,1
3,7,4
2,2,0
2,2,0
3,6,3
6,39,33
3,3,0
2,3,1
2,10,8
2,2,0
3,7,4
1,3,2
51,51,0
3,6,3
2,2,0
3,5,2
3,3,0
3,7,4
89,172,83
3,3,0
9,9,0
3,5,2
3,5,2
2,2,0
2,14,12
3,5,2
2,2,0
2,2,0
3,7,4
3,5,2
2,4,2
8,8,0
4,4,0
2,2,0
1,1,0
0,0,0
2,10,8
2,2,0
3,3,0
3,3,0
3,7,4
3,3,0
2,2,0
0,0,0
0,0,0
1,1,0
2,2,0
2,5,3
6,27,21
3,7,4
0,0,0
3,7,4
2,2,0
2,10,8
3,5,2
0,0,0
2,2,0
2,2,0
2,44,42
5,5,0
8,10,2
3,3,0
1,23,22
3,4,1
5,5,0
2,2,0
2,2,0
0,0,0
2,2,0
3,12,9
2,2,0
2,2,0
12,42,30
12,13,1
1,60,59
0,0,0
3,7,4
1,7,6
3,8,5
3,3,0
2,2,0
0,0,0
45,46,1
138,245,107
147,147,0
3,11,8
2,3,1
2,2,0
3,21,18
2,2,0
2,2,0
57,153,96
7,13,6
4,4,0
3,7,4
2,6,4
2,2,0
100,104,4
2,2,0
0,0,0
2,2,0
3,3,0
2,2,0
2,2,0
2,4,2
0,0,0
2,2,0
2,2,0
2,3,1
3,5,2
1,2,1
0,0,0
3,7,4
2,2,0
3,5,2
3,9,6
3,18,15
2,2,0
3,11,8
3,3,0
3,3,0
1,22,21
3,3,0
0,0,0
47,148,101
0,0,0
2,77,75
64,257,193
2,2,0
2,6,4
3,4,1
2,2,0
3,5,2
8,9,1
2,6,4
3,5,2
2,2,0
2,2,0
2,2,0
8,12,4
3,10,7
1,2,1
1,1,0
3,3,0
1,10,9
17,17,0
3,3,0
2,2,0
3,8,5
3,3,0
56,56,0
5,25,20
9,9,0
0,0,0
3,3,0
2,2,0
3,5,2
2,4,2
3,8,5
2,2,0
30,31,1
3,3,0
1,1,0
2,2,0
4,12,8
13,30,17
2,2,0
2,2,0
2,2,0
2,7,5
1,2,1
4,4,0
2,82,80
99,236,137
18,21,3
2,2,0
6,22,16
0,0,0
3,5,2
2,13,11
3,9,6
2,4,2
2,5,3
3,3,0
2,2,0
2,2,0
4,13,9
9,9,0
1,1,0
3,7,4
2,2,0
2,2,0
2,2,0
2,2,0
3,3,0
2,4,2
8,16,8
1,5,4
4,19,15
9,9,0
2,2,0
6,7,1
1,1,0
2,2,0
3,3,0
1,2,1
2,2,0
2,2,0
3,5,2
2,2,0
2,8,6
2,6,4
3,5,2
3,11,8
2,4,2
2,7,5
3,3,0
3,3,0
14,14,0
3,3,0
3,14,11
3,6,3
2,2,0
4,4,0
3,16,13
107,107,0
3,13,10
8,14,6
1,22,21
3,3,0
3,5,2
6,8,2
0,0,0
2,7,5
6,6,0
2,4,2
2,4,2
3,6,3
2,12,10
0,0,0
2,4,2
2,2,0
3,3,0
0,0,0
3,9,6
30,32,2
3,3,0
2,2,0
24,24,0
74,74,0
2,2,0
2,2,0
2,2,0
3,3,0
2,2,0
2,10,8
2,2,0
2,2,0
0,0,0
2,2,0
0,0,0
100,227,127
2,82,80
10,20,10
94,123,29
2,15,13
5,5,0
6,10,4
2,2,0
3,5,2
2,4,2
18,18,0
2,2,0
2,2,0
3,3,0
13,13,0
2,14,12
50,57,7
2,2,0
7,17,10
2,2,0
100,100,0
3,5,2
2,2,0
2,4,2
2,4,2
4,4,0
3,5,2
16,18,2
2,2,0
2,2,0
3,3,0
0,0,0
17,17,0
2,2,0
1,1,0
3,3,0
3,28,25
2,2,0
2,8,6
4,4,0
2,4,2
4,4,0
43,43,0
1,4,3
2,7,5
2,3,1
3,3,0
2,2,0
2,2,0
5,5,0
16,50,34
2,2,0
2,3,1
2,2,0
2,4,2
2,2,0
33,33,0
0,0,0
51,58,7
3,5,2
20,20,0
3,3,0
11,31,20
3,3,0
81,95,14
2,2,0
10,24,14
5,30,25
3,5,2
3,10,7
1,1,0
3,4,1
11,18,7
3,3,0
5,5,0
1,2,1
3,3,0
2,2,0
3,3,0
44,44,0
2,2,0
0,0,0
1,1,0
3,3,0
3,3,0
1,3,2
33,33,0
1,1,0
2,2,0
3,6,3
2,21,19
21,90,69
2,2,0
0,0,0
2,2,0
100,100,0
107,275,168
2,16,14
2,2,0
105,379,274
0,0,0
1,1,0
2,2,0
2,4,2
2,2,0
2,2,0
16,16,0
3,3,0
1,2,1
3,3,0
2,2,0
2,3,1
2,8,6
3,9,6
3,3,0
2,2,0
3,3,0
2,2,0
2,2,0
2,2,0
3,3,0
5,7,2
8,8,0
4,4,0
3,5,2
2,6,4
2,2,0
2,2,0
10,12,2
2,2,0
3,4,1
2,8,6
2,10,8
2,2,0
2,2,0
2,4,2
2,2,0
0,0,0
3,3,0
8,9,1
3,5,2
2,3,1
3,5,2
3,3,0
0,0,0
3,3,0
0,0,0
3,3,0
1,2,1
3,4,1
1,2,1
2,8,6
3,8,5
8,8,0
2,4,2
1,1,0
89,147,58
2,2,0
1,3,2
2,2,0
2,2,0
2,2,0
2,16,14
5,5,0
3,3,0
2,2,0
3,14,11
3,3,0
235,260,25
3,46,43
2,2,0
51,57,6
8,8,0
2,2,0
2,4,2
5,37,32
2,2,0
3,5,2
2,2,0
3,4,1
2,2,0
2,5,3
2,2,0
2,6,4
57,57,0
3,3,0
1,6,5
1,5,4
4,4,0
2,6,4
2,2,0
39,62,23
10,11,1
0,0,0
2,5,3
1,1,0
1,1,0
1,15,14
2,4,2
23,23,0
66,77,11
3,3,0
2,2,0
2,2,0
2,2,0
2,2,0
2,2,0
3,9,6
3,3,0
19,25,6
2,3,1
3,4,1
3,8,5
2,2,0
58,58,0
8,11,3
39,39,0
2,2,0
2,4,2
2,2,0
2,2,0
2,9,7
2,2,0
2,2,0
5,5,0
6,9,3
2,2,0
3,3,0
2,2,0
3,3,0
135,135,0
3,3,0
3,10,7
2,2,0
2,4,2
39,39,0
2,3,1
2,2,0
3,6,3
2,6,4
31,36,5
2,2,0
2,2,0
3,5,2
28,124,96
6,37,31
3,3,0
89,91,2
3,9,6
2,2,0
2,4,2
2,2,0
2,4,2
2,4,2
26,26,0
2,3,1
2,8,6
2,2,0
16,17,1
3,3,0
48,48,0
3,20,17
6,6,0
83,83,0
2,5,3
2,2,0
3,12,9
2,2,0
100,100,0
37,44,7
3,10,7
8,8,0
103,107,4
1,5,4
99,109,10
80,80,0
0,0,0
0,0,0
2,2,0
2,2,0
9,9,0
2,2,0
2,10,8
0,0,0
4,6,2
19,41,22
2,11,9
7,10,3
33,137,104
3,24,21
2,4,2
2,80,78
3,4,1
3,3,0
6,15,9
61,71,10
3,3,0
3,3,0
15,15,0
2,2,0
3,35,32
1,1,0
3,3,0
2,2,0
1,1,0
2,2,0
3,3,0
1,3,2
3,3,0
3,5,2
21,28,7
3,24,21
8,8,0
3,69,66
2,2,0
0,0,0
3,3,0
5,5,0
3,14,11
3,3,0
3,3,0
2,2,0
3,6,3
3,3,0
3,5,2
0,0,0
22,22,0
2,78,76
1,47,46
1,1,0
2,6,4
2,3,1
7,7,0
3,9,6
2,2,0
1,30,29
9,17,8
4,4,0
2,6,4
2,2,0
2,2,0
1,3,2
2,5,3
3,3,0
10,16,6
3,26,23
2,2,0
2,2,0
2,2,0
2,6,4
2,48,46
2,2,0
22,33,11
3,3,0
3,5,2
2,2,0
3,3,0
2,12,10
2,6,4
3,3,0
0,0,0
2,4,2
0,0,0
3,7,4
3,3,0
2,4,2
3,3,0
0,0,0
2,5,3
2,4,2
2,2,0
2,2,0
3,3,0
2,2,0
2,2,0
2,2,0
3,5,2
2,6,4
4,12,8
2,2,0
2,2,0
20,36,16
2,4,2
2,4,2
3,3,0
2,2,0
2,4,2
1,23,22
3,3,0
0,0,0
3,6,3
3,7,4
2,2,0
1,1,0
2,4,2
2,755,753
2,2,0
2,2,0
1,11,10
2,7,5
3,12,9
3,5,2
3,5,2
2,8,6
1,4,3
22,22,0
6,39,33
3,5,2
2,2,0
8,8,0
2,2,0
4,5,1
0,0,0
0,0,0
13,13,0
3,8,5
10,81,71
1,3,2
2,2,0
3,5,2
2,2,0
2,2,0
3,3,0
2,2,0
3,5,2
3,3,0
5,5,0
2,2,0
0,0,0
3,7,4
2,4,2
2,2,0
5,5,0
2,2,0
9,9,0
2,2,0
2,2,0
3,3,0
2,2,0
2,2,0
2,2,0
0,0,0
2,10,8
3,3,0
2,2,0
3,3,0
2,2,0
5,5,0
1,14,13
2,4,2
35,37,2
2,6,4
3,4,1
2,2,0
150,150,0
4,4,0
2,5,3
3,3,0
2,2,0
1,1,0
41,43,2
3,3,0
42,42,0
125,185,60
8,10,2
16,25,9
3,3,0
21,68,47
3,5,2
1,4,3
76,76,0
3,5,2
2,2,0
3,3,0
2,2,0
2,2,0
9,11,2
3,5,2
51,51,0
2,2,0
2,2,0
1,1,0
2,2,0
5,5,0
3,7,4
3,13,10
3,6,3
2,2,0
2,2,0
3,9,6
2,2,0
2,3,1
2,2,0
4,5,1
3,3,0
3,6,3
2,2,0
15,15,0
2,2,0
3,3,0
1,2,1
2,2,0
4,5,1
8,8,0
3,3,0
2,4,2
2,2,0
19,19,0
7,7,0
100,200,100
0,0,0
2,2,0
3,4,1
1,1,0
2,13,11
2,2,0
2,2,0
2,2,0
2,2,0
2,2,0
2,2,0
4,9,5
4,73,69
2,2,0
74,81,7
2,2,0
6,6,0
2,2,0
3,3,0
2,2,0
2,39,37
2,2,0
1,1,0
139,216,77
2,2,0
42,42,0
12,14,2
2,2,0
3,3,0
140,140,0
3,3,0
66,66,0
0,0,0
2,2,0
3,8,5
11,42,31
2,2,0
2,2,0
8,8,0
7,7,0
4,16,12
2,6,4
1,2,1
2,4,2
3,3,0
2,6,4
3,3,0
2,2,0
2,3,1
31,31,0
95,127,32
58,67,9
0,0,0
2,2,0
2,6,4
1,143,142
3,3,0
3,3,0
2,3,1
3,3,0
2,2,0
2,2,0
2,2,0
3,13,10
19,19,0
2,2,0
1,1,0
3,5,2
2,2,0
3,6,3
2,2,0
20,20,0
28,55,27
2,2,0
2,2,0
2,7,5
2,2,0
2,2,0
4,4,0
2,2,0
8,8,0
1,2,1
3,3,0
3,5,2
3,8,5
2,5,3
3,8,5
0,0,0
4,90,86
1,5,4
2,2,0
2,2,0
3,7,4
3,3,0
12,14,2
2,2,0
1,1,0
3,5,2
4,27,23
0,0,0
2,2,0
2,2,0
138,245,107
2,2,0
3,3,0
1,6,5
2,5,3
3,19,16
3,8,5
3,14,11
0,0,0
2,2,0
2,2,0
5,5,0
3,3,0
0,0,0
2,41,39
4,11,7
1,4,3
2,9,7
2,4,2
4,4,0
2,2,0
3,5,2
3,3,0
3,5,2
3,30,27
60,126,66
2,3,1
51,51,0
3,5,2
0,0,0
3,6,3
2,2,0
8,8,0
2,82,80
8,8,0
2,5,3
0,0,0
3,8,5
60,60,0
2,2,0
3,11,8
3,7,4
42,45,3
2,2,0
3,3,0
2,5,3
2,2,0
3,7,4
3,3,0
3,7,4
3,3,0
6,15,9
3,3,0
0,0,0
2,2,0
0,0,0
2,2,0
6,10,4
3,3,0
1,1,0
1,2,1
13,16,3
2,2,0
2,2,0
45,46,1
3,3,0
2,2,0
3,3,0
2,2,0
2,4,2
23,25,2
2,11,9
5,8,3
8,8,0
2,2,0
3,5,2
87,95,8
3,4,1
2,2,0
3,5,2
1,5,4
2,2,0
2,5,3
3,3,0
2,2,0
2,2,0
0,0,0
2,2,0
1,1,0
2,2,0
2,2,0
3,5,2
0,0,0
3,5,2
2,5,3
3,7,4
1,6,5
2,32,30
1,60,59
4,72,68
2,2,0
2,2,0
1,5,4
2,4,2
21,21,0
2,6,4
2,4,2
2,2,0
2,2,0
23,23,0
32,34,2
4,4,0
2,2,0
1,2,1
8,8,0
3,3,0
2,2,0
2,2,0
3,7,4
4,4,0
3,7,4
2,3,1
2,2,0
2,4,2
3,3,0
2,13,11
103,112,9
2,9,7
2,2,0
0,0,0
3,5,2
2,3,1
50,51,1
3,7,4
2,2,0
22,22,0
2,7,5
5,13,8
2,29,27
2,4,2
3,7,4
3,3,0
2,2,0
3,4,1
2,2,0
2,2,0
2,2,0
14,14,0
2,2,0
6,8,2
3,3,0
2,34,32
3,9,6
2,2,0
3,3,0
3,6,3
2,11,9
2,4,2
1,1,0
3,3,0
0,0,0
2,2,0
3,7,4
2,6,4
2,5,3
1,3,2
3,5,2
45,61,16
2,12,10
2,3,1
1,3,2
8,27,19
2,3,1
1,1,0
1,2,1
3,3,0
2,9,7
3,3,0
0,0,0
2,2,0
3,5,2
2,6,4
2,2,0
2,2,0
3,3,0
23,26,3
2,2,0
2,2,0
2,2,0
2,2,0
26,35,9
2,2,0
2,2,0
2,25,23
3,6,3
2,7,5
4,51,47
1,1,0
1,4,3
0,0,0
2,2,0
0,0,0
2,2,0
2,2,0
2,2,0
2,2,0
3,5,2
2,4,2
51,57,6
2,2,0
3,3,0
2,11,9
3,3,0
2,2,0
13,17,4
3,20,17
3,14,11
2,2,0
2,4,2
3,5,2
1,1,0
3,3,0
107,107,0
11,11,0
0,0,0
0,0,0
3,3,0
1,2,1
6,6,0
0,0,0
3,3,0
3,3,0
37,112,75
2,4,2
2,2,0
2,4,2
11,11,0
2,2,0
3,3,0
4,7,3
0,0,0
12,22,10
2,6,4
5,5,0
2,2,0
2,4,2
3,3,0
3,3,0
22,43,21
2,2,0
3,3,0
15,15,0
29,111,82
1,2,1
2,2,0
8,9,1
1,3,2
0,0,0
9,9,0
3,5,2
1,1,0
2,23,21
1,2,1
3,9,6
3,9,6
2,2,0
1,1,0
3,5,2
235,349,114
1,1,0
1,1,0
2,29,27
2,5,3
3,5,2
22,22,0
1,27,26
8,8,0
2,2,0
3,5,2
8,8,0
2,2,0
73,75,2
2,2,0
2,2,0
2,2,0
2,2,0
6,6,0
2,6,4
3,5,2
2,12,10
2,4,2
1,1,0
4,4,0
3,3,0
3,3,0
2,2,0
2,4,2
2,2,0
2,3,1
2,2,0
1,1,0
2,2,0
2,2,0
2,2,0
12,12,0
17,17,0
1,1,0
2,7,5
2,2,0
2,2,0
9,9,0
2,2,0
2,2,0
2,2,0
1,1,0
2,2,0
3,12,9
2,2,0
2,25,23
6,6,0
3,26,23
1,1,0
6,25,19
2,10,8
7,7,0
1,1,0
2,7,5
3,3,0
3,11,8
2,3,1
2,59,57
2,2,0
2,2,0
3,5,2
2,50,48
2,7,5
2,2,0
72,72,0
3,5,2
3,5,2
8,8,0
2,2,0
3,3,0
2,2,0
4,15,11
2,2,0
2,2,0
0,0,0
2,2,0
2,2,0
74,75,1
2,9,7
77,121,44
2,2,0
2,2,0
4,4,0
3,3,0
3,15,12
2,4,2
2,2,0
0,0,0
59,62,3
4,11,7
97,141,44
2,19,17
2,19,17
2,14,12
1,2,1
2,2,0
0,0,0
3,9,6
2,16,14
2,4,2
2,4,2
0,0,0
2,2,0
2,5,3
2,5,3
2,5,3
2,2,0
3,5,2
3,5,2
2,2,0
3,3,0
2,13,11
2,2,0
2,2,0
83,120,37
3,12,9
29,87,58
2,2,0
2,2,0
1,1,0
3,3,0
2,2,0
2,2,0
1,7,6
11,12,1
2,4,2
3,3,0
3,13,10
3,4,1
3,5,2
2,82,80
2,2,0
0,0,0
2,2,0
3,9,6
5,15,10
5,5,0
2,2,0
70,70,0
7,26,19
3,3,0
2,4,2
3,3,0
2,2,0
13,34,21
2,2,0
1,1,0
3,5,2
2,2,0
2,2,0
1,12,11
2,2,0
1,4,3
2,2,0
2,2,0
2,45,43
2,2,0
2,2,0
13,13,0
3,3,0
3,3,0
12,26,14
4,14,10
3,3,0
2,16,14
1,1,0
2,13,11
0,0,0
3,3,0
2,2,0
3,8,5
2,2,0
2,2,0
3,3,0
3,13,10
6,13,7
6,6,0
3,3,0
3,3,0
0,0,0
4,6,2
1,1,0
3,5,2
2,10,8
1,3,2
2,4,2
4,4,0
2,2,0
2,2,0
2,2,0
45,45,0
0,0,0
2,2,0
3,3,0
0,0,0
1,1,0
2,2,0
2,2,0
2,82,80
8,8,0
2,20,18
2,2,0
25,27,2
3,6,3
35,39,4
2,2,0
2,2,0
0,0,0
15,16,1
2,5,3
8,10,2
1,1,0
1,1,0
1,1,0
3,3,0
2,7,5
12,12,0
3,6,3
2,2,0
2,19,17
2,2,0
1,1,0
4,4,0
2,2,0
2,4,2
2,2,0
2,2,0
6,100,94
3,4,1
2,4,2
3,3,0
2,2,0
3,5,2
3,3,0
2,2,0
2,12,10
3,5,2
2,2,0
154,154,0
2,3,1
3,3,0
8,8,0
0,0,0
8,10,2
4,4,0
3,3,0
3,3,0
0,0,0
2,2,0
3,12,9
2,2,0
3,7,4
3,19,16
2,2,0
2,6,4
2,7,5
62,62,0
8,103,95
0,0,0
3,5,2
2,8,6
0,0,0
4,7,3
53,53,0
2,2,0
3,7,4
2,16,14
2,6,4
3,20,17
1,1,0
3,3,0
2,4,2
3,3,0
1,1,0
3,10,7
2,2,0
406,406,0
75,75,0
2,2,0
2,2,0
3,70,67
3,3,0
0,0,0
4,9,5
6,73,67
3,10,7
3,3,0
9,9,0
0,0,0
56,177,121
2,6,4
1,2,1
90,105,15
2,2,0
1,1,0
22,22,0
2,2,0
2,3,1
18,26,8
3,5,2
2,2,0
2,2,0
2,5,3
3,3,0
2,3,1
2,2,0
3,7,4
3,3,0
2,5,3
3,9,6
2,2,0
2,2,0
3,3,0
3,5,2
8,8,0
1,4,3
2,2,0
3,10,7
2,5,3
3,6,3
0,0,0
2,2,0
2,2,0
2,43,41
3,3,0
1,2,1
6,6,0
2,4,2
2,3,1
2,2,0
2,2,0
3,3,0
3,5,2
2,4,2
2,2,0
3,8,5
2,3,1
9,12,3
2,2,0
46,47,1
3,3,0
6,34,28
2,2,0
2,2,0
6,14,8
2,18,16
93,98,5
2,2,0
8,8,0
2,4,2
3,3,0
8,8,0
1,4,3
1,5,4
3,3,0
3,5,2
3,5,2
2,5,3
3,5,2
2,7,5
0,0,0
3,5,2
3,4,1
2,4,2
100,129,29
3,3,0
3,3,0
4,4,0
3,4,1
2,17,15
2,12,10
2,2,0
2,2,0
3,7,4
2,2,0
2,11,9
2,3,1
3,9,6
1,2,1
2,2,0
3,5,2
2,2,0
406,417,11
3,6,3
3,3,0
2,7,5
2,2,0
3,6,3
3,3,0
2,6,4
2,2,0
2,2,0
1,2,1
2,2,0
2,21,19
68,72,4
4,4,0
3,3,0
2,2,0
3,9,6
8,8,0
7,7,0
2,2,0
3,6,3
2,50,48
2,2,0
10,10,0
9,9,0
2,2,0
2,2,0
1,3,2
2,20,18
3,13,10
0,0,0
4,6,2
2,2,0
2,2,0
2,4,2
1,2,1
2,2,0
1,1,0
2,2,0
6,6,0
1,3,2
56,172,116
2,2,0
3,3,0
2,2,0
3,3,0
3,3,0
2,2,0
2,2,0
2,86,84
0,0,0
3,3,0
2,2,0
3,3,0
3,3,0
3,6,3
3,13,10
1,1,0
1,1,0
4,7,3
2,2,0
3,3,0
2,2,0
3,3,0
2,2,0
2,2,0
2,2,0
2,2,0
2,2,0
2,2,0
3,3,0
2,38,36
23,26,3
10,18,8
1,3,2
3,3,0
2,29,27
2,2,0
2,2,0
9,9,0
2,2,0
0,0,0
96,96,0
2,2,0
2,9,7
4,6,2
3,5,2
3,10,7
2,5,3
3,3,0
62,62,0
2,6,4
2,2,0
0,0,0
4,6,2
3,3,0
2,2,0
2,4,2
2,19,17
8,8,0
21,25,4
3,3,0
5,5,0
2,20,18
56,56,0
3,4,1
0,0,0
2,15,13
3,3,0
0,0,0
2,35,33
100,100,0
2,16,14
20,20,0
3,5,2
2,2,0
2,24,22
4,5,1
2,2,0
2,2,0
3,3,0
3,3,0
2,4,2
2,2,0
5,5,0
2,2,0
19,20,1
2,2,0
2,4,2
1,22,21
2,7,5
3,3,0
1,1,0
2,2,0
2,2,0
3,15,12
3,3,0
3,3,0
2,2,0
2,4,2
2,2,0
56,56,0
2,2,0
2,2,0
1,2,1
48,48,0
2,2,0
1,1,0
1,1,0
2,6,4
3,10,7
2,11,9
2,2,0
2,2,0
29,29,0
4,4,0
2,2,0
2,6,4
63,68,5
1,1,0
2,2,0
2,2,0
2,80,78
2,7,5
2,2,0
0,0,0
6,6,0
8,28,20
3,3,0
2,2,0
7,12,5
0,0,0
3,7,4
3,5,2
2,2,0
4,5,1
3,5,2
3,4,1
3,3,0
3,3,0
2,82,80
2,2,0
2,2,0
2,2,0
4,43,39
3,5,2
2,4,2
3,4,1
2,2,0
2,2,0
1,2,1
2,3,1
3,3,0
40,40,0
3,7,4
2,5,3
3,6,3
2,2,0
2,2,0
6,10,4
2,2,0
2,2,0
3,4,1
0,0,0
2,3,1
43,43,0
2,2,0
44,86,42
3,16,13
2,11,9
2,6,4
3,3,0
4,9,5
22,65,43
2,16,14
1,2,1
2,2,0
3,6,3
2,2,0
15,39,24
2,15,13
2,2,0
5,5,0
2,2,0
15,15,0
2,2,0
16,16,0
1,2,1
2,5,3
2,11,9
3,5,2
2,2,0
2,4,2
2,2,0
2,2,0
3,9,6
3,3,0
2,2,0
2,4,2
1,1,0
2,6,4
3,4,1
2,3,1
8,8,0
3,3,0
3,3,0
3,3,0
1,3,2
2,4,2
9,9,0
2,2,0
2,15,13
8,21,13
1,1,0
9,9,0
6,6,0
2,2,0
50,52,2
2,2,0
3,3,0
3,3,0
2,8,6
1,1,0
3,5,2
2,18,16
2,2,0
0,0,0
3,3,0
3,3,0
3,7,4
2,49,47
3,3,0
88,102,14
3,3,0
90,167,77
0,0,0
2,2,0
8,8,0
3,3,0
2,12,10
2,6,4
8,8,0
2,2,0
3,3,0
5,5,0
2,2,0
34,37,3
12,12,0
2,2,0
2,2,0
2,5,3
2,2,0
1,1,0
3,3,0
2,2,0
2,2,0
8,8,0
3,3,0
2,2,0
3,5,2
2,4,2
2,3,1
2,6,4
2,2,0
2,2,0
1,1,0
3,3,0
3,7,4
1,100,99
7,7,0
2,2,0
18,18,0
3,5,2
2,2,0
2,2,0
3,8,5
2,2,0
2,2,0
3,5,2
2,2,0
1,50,49
1,5,4
6,11,5
2,2,0
2,2,0
3,3,0
1,11,10
1,1,0
2,6,4
2,4,2
2,10,8
3,3,0
2,2,0
1,20,19
97,154,57
2,2,0
2,4,2
2,2,0
3,3,0
2,27,25
50,80,30
3,22,19
2,2,0
0,0,0
2,2,0
2,14,12
3,3,0
7,11,4
2,2,0
3,3,0
1,3,2
4,37,33
2,2,0
15,20,5
3,3,0
3,22,19
2,2,0
2,2,0
2,2,0
3,3,0
2,2,0
2,2,0
0,0,0
2,2,0
4,11,7
2,17,15
2,2,0
3,5,2
8,8,0
2,2,0
2,2,0
2,2,0
0,0,0
3,4,1
5,5,0
2,15,13
8,8,0
0,0,0
2,2,0
2,2,0
2,2,0
2,2,0
2,2,0
2,2,0
3,3,0
97,98,1
1,3,2
2,10,8
3,20,17
3,3,0
2,2,0
1,1,0
2,108,106
3,3,0
11,14,3
0,0,0
2,5,3
2,16,14
3,3,0
2,2,0
1,1,0
3,7,4
3,7,4
2,2,0
2,21,19
2,15,13
0,0,0
2,2,0
3,3,0
3,3,0
2,7,5
4,4,0
2,2,0
4,53,49
2,2,0
3,3,0
13,13,0
11,15,4
2,13,11
2,4,2
9,9,0
3,11,8
2,2,0
2,2,0
2,2,0
2,6,4
2,2,0
0,0,0
2,5,3
249,249,0
3,7,4
2,2,0
6,6,0
2,6,4
3,3,0
2,2,0
2,2,0
2,4,2
2,2,0
3,3,0
2,2,0
2,3,1
2,2,0
1,1,0
36,36,0
3,25,22
2,2,0
3,8,5
2,2,0
0,0,0
8,8,0
2,2,0
3,5,2
2,12,10
2,2,0
2,4,2
46,54,8
3,3,0
2,8,6
2,2,0
0,0,0
3,3,0
2,2,0
3,3,0
3,3,0
2,2,0
6,26,20
2,2,0
74,200,126
3,5,2
2,2,0
2,4,2
3,3,0
2,2,0
2,2,0
3,9,6
3,3,0
141,153,12
4,4,0
0,0,0
1,6,5
0,0,0
4,4,0
3,3,0
3,3,0
3,5,2
1,7,6
2,2,0
2,2,0
7,7,0
3,3,0
2,2,0
8,8,0
2,2,0
2,2,0
2,2,0
7,14,7
55,55,0
0,0,0
3,8,5
2,2,0
2,2,0
0,0,0
1,1,0
3,5,2
70,79,9
3,3,0
2,6,4
17,17,0
2,2,0
2,9,7
17,17,0
2,2,0
4,4,0
2,4,2
107,107,0
1,1,0
2,4,2
3,3,0
15,23,8
2,9,7
50,50,0
3,8,5
2,3,1
2,2,0
2,2,0
97,146,49
2,2,0
3,3,0
2,3,1
2,4,2
4,13,9
5,5,0
1,2,1
2,2,0
2,2,0
9,9,0
2,3,1
1,1,0
2,4,2
3,8,5
1,2,1
2,2,0
2,2,0
2,8,6
4,4,0
2,8,6
2,6,4
3,10,7
2,10,8
2,2,0
2,9,7
3,7,4
12,13,1
2,9,7
2,10,8
2,2,0
3,3,0
3,3,0
0,0,0
2,4,2
2,2,0
2,2,0
2,2,0
2,2,0
2,2,0
4,5,1
4,8,4
2,6,4
54,54,0
2,3,1
2,2,0
2,2,0
3,3,0
88,167,79
1,2,1
45,48,3
3,5,2
1,2,1
2,4,2
2,10,8
2,2,0
3,5,2
4,26,22
2,9,7
2,2,0
2,2,0
2,4,2
2,2,0
2,2,0
3,42,39
3,7,4
3,7,4
2,2,0
2,2,0
2,5,3
3,3,0
34,34,0
3,3,0
0,0,0
2,2,0
2,2,0
2,2,0
67,67,0
2,2,0
2,2,0
3,3,0
0,0,0
2,2,0
2,2,0
89,172,83
2,3,1
2,2,0
2,4,2
3,5,2
30,30,0
1,38,37
2,2,0
54,54,0
2,2,0
8,8,0
34,36,2
3,9,6
2,2,0
1,1,0
19,41,22
2,2,0
3,3,0
84,84,0
6,6,0
3,15,12
2,2,0
3,4,1
2,6,4
2,2,0
2,4,2
41,49,8
0,0,0
3,3,0
8,19,11
2,2,0
2,2,0
3,3,0
3,3,0
3,12,9
2,2,0
1,2,1
2,2,0
6,8,2
2,2,0
2,2,0
1,1,0
2,2,0
2,27,25
2,4,2
5,11,6
70,83,13
4,15,11
26,26,0
3,3,0
2,2,0
2,2,0
2,2,0
2,2,0
70,75,5
99,99,0
2,3,1
14,18,4
2,2,0
6,11,5
0,0,0
2,2,0
2,8,6
2,2,0
2,2,0
6,6,0
57,118,61
4,4,0
112,202,90
2,2,0
3,16,13
2,74,72
3,7,4
3,10,7
3,5,2
2,2,0
2,2,0
3,3,0
0,0,0
1,2,1
3,3,0
1,2,1
2,80,78
2,7,5
1,12,11
3,5,2
10,14,4
3,6,3
2,2,0
8,16,8
0,0,0
2,2,0
5,10,5
3,5,2
100,190,90
2,2,0
0,0,0
3,6,3
2,2,0
7,7,0
2,16,14
0,0,0
5,7,2
6,8,2
3,3,0
8,8,0
3,3,0
2,2,0
2,10,8
2,2,0
3,11,8
2,4,2
3,5,2
16,16,0
3,71,68
3,5,2
2,2,0
2,2,0
13,15,2
2,89,87
10,32,22
2,4,2
0,0,0
9,9,0
4,4,0
2,4,2
2,8,6
0,0,0
6,6,0
1,2,1
2,2,0
2,2,0
2,2,0
224,224,0
1,3,2
3,3,0
0,0,0
22,22,0
7,9,2
2,29,27
3,3,0
27,27,0
2,4,2
6,6,0
2,8,6
1,6,5
1,2,1
1,3,2
2,3,1
3,8,5
3,3,0
2,6,4
2,4,2
2,2,0
2,2,0
2,7,5
2,2,0
2,2,0
3,7,4
0,0,0
1,1,0
3,3,0
0,0,0
0,0,0
2,2,0
3,5,2
1,1,0
2,2,0
4,8,4
3,3,0
2,46,44
3,5,2
2,4,2
2,2,0
3,3,0
3,9,6
2,4,2
2,3,1
73,73,0
0,0,0
2,2,0
2,2,0
3,3,0
4,4,0
2,6,4
3,16,13
3,6,3
2,2,0
3,3,0
2,2,0
2,7,5
0,0,0
1,2,1
10,12,2
0,0,0
7,17,10
406,417,11
2,4,2
81,205,124
2,11,9
81,210,129
6,8,2
0,0,0
12,12,0
2,2,0
2,4,2
1,1,0
2,2,0
2,2,0
2,2,0
3,3,0
3,7,4
2,5,3
36,36,0
3,3,0
2,2,0
98,109,11
2,4,2
4,4,0
2,2,0
10,10,0
2,2,0
3,3,0
7,8,1
3,3,0
3,3,0
2,3,1
1,4,3
1,1,0
3,3,0
3,3,0
24,65,41
2,2,0
2,2,0
3,3,0
3,7,4
2,2,0
3,7,4
2,39,37
2,4,2
2,2,0
1,1,0
3,9,6
3,3,0
0,0,0
2,2,0
2,2,0
3,3,0
2,2,0
2,2,0
86,94,8
2,2,0
2,2,0
2,8,6
1,5,4
2,4,2
0,0,0
0,0,0
3,3,0
2,3,1
2,4,2
3,3,0
2,9,7
2,2,0
4,17,13
3,12,9
2,2,0
49,52,3
3,3,0
5,5,0
2,4,2
2,4,2
3,3,0
2,2,0
2,2,0
2,4,2
1,1,0
3,10,7
3,5,2
3,4,1
2,45,43
4,12,8
1,1,0
2,2,0
2,18,16
2,7,5
2,2,0
6,14,8
52,63,11
2,2,0
2,2,0
1,6,5
9,9,0
3,3,0
3,5,2
98,161,63
3,3,0
85,85,0
0,0,0
8,17,9
3,5,2
3,7,4
6,7,1
3,3,0
3,7,4
2,2,0
56,83,27
3,3,0
2,2,0
1,1,0
2,2,0
3,3,0
2,2,0
2,6,4
15,15,0
2,6,4
5,7,2
2,93,91
2,3,1
3,12,9
6,14,8
3,3,0
3,8,5
2,2,0
12,12,0
2,10,8
2,2,0
2,2,0
2,2,0
2,2,0
406,417,11
129,236,107
32,32,0
2,2,0
0,0,0
2,3,1
2,2,0
2,2,0
3,3,0
2,4,2
2,71,69
3,3,0
47,47,0
3,5,2
37,108,71
3,4,1
2,6,4
2,2,0
2,2,0
3,3,0
45,45,0
2,2,0
8,8,0
3,9,6
2,2,0
2,2,0
42,42,0
2,3,1
30,33,3
2,2,0
1,2,1
2,2,0
2,2,0
2,2,0
2,4,2
3,5,2
2,2,0
2,2,0
2,2,0
2,3,1
2,2,0
2,2,0
2,2,0
2,2,0
17,17,0
2,2,0
1,10,9
3,5,2
17,17,0
2,17,15
406,417,11
2,12,10
1,2,1
3,3,0
2,4,2
2,2,0
3,3,0
2,2,0
3,5,2
2,2,0
2,2,0
2,2,0
3,5,2
0,0,0
2,2,0
2,2,0
2,2,0
2,2,0
5,5,0
6,8,2
4,6,2
1,4,3
2,27,25
0,0,0
1,1,0
2,7,5
3,3,0
15,15,0
81,81,0
1,3,2
2,2,0
3,5,2
1,28,27
2,8,6
8,86,78
1,12,11
2,3,1
0,0,0
2,2,0
2,2,0
2,2,0
0,0,0
4,68,64
12,104,92
3,5,2
1,3,2
2,4,2
3,3,0
3,3,0
1,1,0
2,25,23
3,16,13
3,5,2
3,12,9
1,3,2
3,3,0
3,5,2
2,8,6
1,8,7
1,2,1
3,9,6
3,3,0
2,2,0
2,2,0
10,12,2
89,89,0
1,6,5
3,5,2
3,11,8
2,2,0
4,4,0
2,20,18
2,2,0
3,6,3
2,4,2
2,2,0
14,14,0
3,3,0
3,18,15
2,2,0
2,2,0
1,11,10
6,7,1
2,2,0
3,3,0
1,1,0
2,3,1
2,2,0
0,0,0
0,0,0
3,5,2
2,2,0
1,5,4
2,2,0
84,84,0
2,2,0
107,107,0
2,4,2
2,2,0
3,3,0
3,5,2
1,1,0
3,5,2
1,1,0
2,97,95
1,3,2
1,2,1
7,7,0
3,5,2
3,5,2
17,17,0
3,26,23
1,1,0
3,6,3
8,8,0
1,1,0
2,2,0
3,3,0
2,8,6
2,2,0
1,1,0
3,19,16
6,6,0
7,7,0
3,3,0
3,3,0
2,6,4
2,2,0
2,2,0
3,8,5
2,12,10
8,8,0
2,2,0
8,13,5
3,4,1
3,7,4
2,2,0
2,2,0
3,3,0
3,3,0
2,6,4
1,1,0
2,15,13
2,2,0
0,0,0
1,3,2
2,4,2
2,6,4
0,0,0
3,8,5
3,4,1
2,6,4
2,2,0
19,19,0
100,100,0
2,2,0
1,2,1
3,3,0
2,4,2
1,3,2
2,2,0
2,81,79
35,35,0
3,10,7
132,182,50
2,2,0
2,6,4
3,3,0
3,5,2
2,2,0
17,17,0
2,6,4
2,85,83
3,3,0
0,0,0
2,25,23
3,9,6
2,9,7
2,3,1
3,3,0
1,1,0
2,2,0
2,2,0
2,2,0
3,9,6
206,230,24
3,6,3
3,3,0
2,2,0
2,4,2
2,2,0
2,3,1
2,2,0
2,2,0
34,43,9
2,4,2
2,2,0
17,19,2
2,2,0
2,6,4
109,109,0
1,2,1
3,3,0
3,3,0
100,100,0
3,3,0
2,5,3
0,0,0
3,3,0
2,25,23
2,9,7
2,2,0
3,13,10
2,2,0
2,2,0
6,12,6
1,3,2
2,3,1
2,2,0
2,2,0
2,2,0
2,2,0
3,3,0
2,2,0
3,3,0
2,2,0
16,16,0
3,10,7
2,6,4
2,2,0
138,245,107
2,2,0
2,4,2
2,2,0
2,2,0
88,306,218
2,13,11
3,3,0
3,4,1
90,304,214
2,4,2
2,2,0
2,2,0
2,2,0
2,2,0
78,158,80
2,2,0
3,5,2
2,2,0
2,2,0
4,8,4
3,3,0
1,11,10
2,6,4
3,3,0
3,14,11
3,4,1
2,2,0
0,0,0
3,3,0
3,3,0
2,191,189
3,3,0
2,4,2
2,6,4
4,7,3
1,1,0
1,2,1
0,0,0
10,10,0
2,60,58
1,1,0
3,3,0
2,2,0
5,5,0
2,7,5
3,3,0
2,2,0
2,2,0
2,5,3
3,3,0
4,8,4
3,3,0
3,3,0
6,6,0
8,8,0
4,4,0
2,8,6
100,100,0
8,8,0
1,5,4
2,2,0
2,2,0
2,2,0
2,4,2
3,3,0
2,2,0
3,3,0
1,2,1
2,2,0
2,3,1
2,2,0
2,9,7
2,6,4
2,3,1
2,2,0
3,3,0
4,4,0
101,101,0
2,2,0
2,2,0
2,2,0
2,2,0
1,2,1
2,6,4
2,2,0
2,2,0
3,3,0
3,5,2
3,7,4
2,2,0
7,7,0
2,28,26
3,21,18
7,7,0
0,0,0
3,22,19
3,3,0
6,8,2
2,2,0
3,7,4
0,0,0
3,5,2
48,50,2
3,3,0
2,2,0
2,2,0
2,2,0
2,10,8
2,3,1
2,2,0
2,2,0
1,2,1
3,3,0
2,6,4
2,2,0
3,7,4
2,2,0
11,11,0
0,0,0
2,2,0
3,5,2
60,145,85
0,0,0
6,6,0
2,2,0
2,2,0
9,9,0
3,3,0
2,7,5
16,16,0
2,6,4
2,2,0
3,11,8
0,0,0
11,11,0
2,4,2
3,3,0
8,52,44
0,0,0
2,2,0
2,6,4
2,3,1
5,12,7
2,2,0
2,2,0
2,2,0
2,2,0
2,8,6
2,2,0
7,105,98
2,2,0
3,11,8
3,3,0
2,2,0
2,2,0
2,2,0
2,3,1
78,78,0
2,2,0
3,3,0
2,2,0
3,8,5
3,5,2
2,2,0
2,4,2
0,0,0
3,7,4
0,0,0
0,0,0
2,2,0
2,2,0
2,4,2
1,1,0
2,2,0
9,26,17
22,22,0
2,6,4
2,2,0
3,3,0
2,2,0
1,10,9
10,10,0
0,0,0
2,2,0
3,5,2
2,2,0
1,5,4
3,3,0
48,144,96
3,5,2
0,0,0
3,3,0
3,7,4
2,58,56
8,8,0
2,2,0
3,5,2
2,2,0
55,55,0
3,3,0
2,2,0
7,9,2
10,32,22
2,2,0
2,5,3
2,2,0
2,2,0
15,21,6
2,2,0
3,5,2
2,3,1
3,6,3
2,3,1
3,3,0
3,11,8
3,9,6
46,54,8
3,3,0
11,11,0
3,6,3
8,8,0
1,4,3
3,12,9
2,2,0
1,23,22
2,3,1
3,13,10
2,16,14
6,13,7
3,3,0
3,5,2
2,6,4
2,2,0
2,2,0
2,2,0
0,0,0
1,2,1
10,12,2
3,6,3
10,19,9
8,8,0
2,2,0
2,2,0
3,9,6
1,2,1
2,2,0
3,7,4
3,3,0
1,1,0
2,2,0
3,3,0
9,9,0
2,80,78
2,2,0
2,2,0
2,10,8
0,0,0
2,2,0
1,1,0
0,0,0
2,2,0
85,107,22
3,6,3
2,2,0
3,8,5
2,2,0
79,79,0
3,3,0
3,5,2
2,2,0
3,5,2
98,109,11
12,12,0
9,9,0
2,2,0
3,5,2
1,1,0
3,4,1
2,2,0
8,8,0
3,14,11
2,2,0
3,3,0
2,2,0
2,10,8
2,2,0
3,3,0
2,2,0
2,4,2
2,2,0
102,247,145
2,4,2
2,2,0
3,5,2
3,5,2
4,4,0
2,4,2
3,3,0
2,6,4
3,13,10
5,5,0
2,2,0
1,3,2
2,78,76
2,4,2
4,6,2
2,4,2
6,12,6
2,2,0
3,5,2
5,5,0
2,2,0
0,0,0
3,8,5
83,83,0
3,9,6
2,2,0
3,7,4
3,13,10
1,2,1
2,6,4
2,2,0
12,12,0
2,3,1
2,2,0
2,2,0
3,4,1
13,31,18
0,0,0
2,4,2
2,2,0
3,3,0
42,42,0
2,2,0
21,90,69
2,4,2
0,0,0
2,2,0
4,8,4
3,3,0
3,3,0
9,9,0
0,0,0
2,2,0
6,6,0
2,2,0
2,2,0
48,53,5
3,3,0
2,2,0
2,4,2
4,6,2
1,1,0
2,4,2
3,3,0
2,2,0
2,2,0
2,2,0
2,2,0
2,4,2
3,5,2
2,2,0
2,2,0
1,1,0
3,3,0
3,5,2
11,11,0
3,3,0
8,15,7
2,49,47
3,10,7
80,80,0
3,3,0
406,417,11
0,0,0
2,12,10
8,8,0
3,3,0
51,70,19
1,4,3
3,3,0
3,3,0
2,2,0
3,3,0
2,2,0
45,61,16
2,6,4
3,5,2
3,5,2
2,4,2
18,34,16
37,108,71
3,23,20
2,2,0
0,0,0
3,7,4
2,2,0
2,8,6
2,2,0
2,10,8
4,6,2
1,2,1
2,8,6
2,2,0
3,3,0
2,2,0
1,1,0
3,3,0
2,2,0
3,14,11
2,2,0
2,2,0
3,6,3
1,25,24
2,3,1
2,2,0
2,4,2
3,5,2
70,80,10
2,4,2
2,2,0
4,6,2
2,2,0
2,4,2
2,80,78
3,3,0
22,22,0
2,4,2
3,7,4
2,7,5
3,9,6
3,5,2
2,2,0
2,2,0
2,10,8
0,0,0
3,9,6
2,4,2
2,4,2
2,3,1
2,5,3
2,2,0
1,4,3
2,5,3
1,1,0
5,7,2
3,14,11
2,3,1
2,4,2
2,2,0
2,2,0
2,2,0
2,15,13
2,2,0
2,2,0
406,417,11
0,0,0
2,2,0
2,6,4
1,1,0
2,2,0
2,2,0
3,3,0
2,4,2
2,2,0
7,7,0
2,2,0
3,5,2
3,4,1
2,4,2
3,3,0
2,2,0
2,2,0
12,12,0
3,3,0
2,2,0
3,5,2
8,9,1
2,3,1
3,13,10
2,2,0
2,2,0
6,8,2
2,14,12
2,2,0
23,33,10
3,3,0
2,23,21
1,1,0
2,7,5
3,3,0
3,5,2
5,7,2
2,5,3
3,3,0
2,16,14
2,2,0
3,3,0
3,5,2
4,5,1
2,2,0
2,2,0
2,2,0
2,2,0
2,2,0
2,2,0
4,4,0
4,10,6
2,2,0
2,2,0
0,0,0
6,6,0
2,4,2
2,2,0
0,0,0
2,5,3
2,2,0
2,2,0
9,16,7
2,2,0
2,2,0
6,6,0
2,5,3
2,2,0
2,2,0
3,3,0
2,2,0
1,1,0
62,62,0
2,2,0
2,2,0
2,6,4
1,30,29
72,148,76
1,43,42
2,2,0
1,1,0
2,7,5
2,4,2
2,2,0
4,4,0
2,2,0
18,133,115
2,2,0
2,2,0
3,3,0
3,3,0
2,2,0
3,3,0
6,61,55
0,0,0
2,4,2
100,100,0
2,4,2
2,2,0
3,5,2
4,4,0
2,2,0
2,2,0
3,3,0
2,2,0
2,2,0
2,2,0
3,12,9
3,3,0
2,2,0
2,4,2
2,2,0
3,3,0
20,20,0
2,5,3
3,7,4
2,2,0
0,0,0
4,4,0
2,2,0
3,5,2
1,1,0
2,2,0
6,6,0
3,3,0
2,12,10
1,2,1
2,2,0
6,13,7
2,7,5
3,7,4
2,6,4
3,3,0
2,2,0
2,2,0
2,11,9
5,7,2
2,2,0
2,6,4
13,13,0
2,2,0
52,52,0
4,7,3
2,31,29
11,11,0
24,28,4
2,2,0
2,21,19
2,4,2
2,2,0
2,2,0
4,4,0
2,10,8
50,80,30
3,13,10
2,2,0
3,5,2
2,3,1
2,2,0
2,10,8
2,2,0
3,9,6
1,1,0
1,40,39
2,2,0
2,60,58
4,4,0
36,44,8
3,3,0
3,3,0
8,8,0
97,143,46
0,0,0
3,5,2
25,25,0
1,1,0
2,2,0
2,2,0
2,2,0
6,6,0
24,36,12
2,6,4
3,3,0
3,3,0
2,2,0
1,1,0
3,5,2
11,11,0
3,3,0
2,4,2
1,11,10
28,105,77
3,5,2
100,104,4
3,3,0
2,2,0
3,5,2
24,24,0
4,4,0
2,3,1
3,3,0
2,2,0
2,4,2
2,21,19
3,7,4
1,5,4
1,2,1
2,6,4
6,23,17
10,13,3
2,2,0
1,39,38
2,2,0
2,4,2
2,2,0
1,1,0
3,8,5
3,3,0
3,6,3
3,3,0
0,0,0
2,4,2
62,64,2
1,1,0
2,2,0
3,3,0
1,2,1
0,0,0
8,8,0
24,24,0
2,3,1
2,2,0
3,3,0
6,14,8
6,9,3
2,7,5
6,6,0
2,4,2
1,2,1
2,8,6
1,1,0
2,8,6
84,164,80
16,113,97
0,0,0
2,2,0
2,6,4
5,6,1
2,2,0
2,496,494
2,2,0
4,4,0
3,3,0
27,28,1
14,14,0
3,3,0
6,8,2
2,2,0
2,2,0
2,2,0
2,2,0
1,3,2
3,3,0
2,2,0
2,4,2
2,2,0
2,7,5
2,8,6
4,8,4
3,4,1
0,0,0
3,3,0
2,17,15
2,2,0
5,6,1
3,3,0
14,25,11
2,4,2
1,2,1
7,11,4
3,3,0
2,2,0
2,6,4
2,2,0
2,13,11
46,173,127
2,2,0
2,2,0
2,2,0
8,8,0
2,6,4
2,2,0
0,0,0
0,0,0
8,9,1
1,2,1
0,0,0
2,92,90
4,4,0
3,5,2
3,3,0
1,4,3
2,2,0
0,0,0
1,2,1
2,3,1
3,3,0
7,9,2
0,0,0
2,4,2
1,1,0
2,2,0
2,4,2
2,13,11
2,37,35
0,0,0
1,1,0
2,2,0
2,4,2
3,5,2
3,3,0
51,51,0
3,5,2
3,3,0
3,3,0
2,2,0
5,88,83
2,2,0
2,8,6
2,27,25
3,3,0
2,2,0
2,2,0
2,10,8
2,8,6
1,2,1
2,2,0
26,26,0
3,3,0
8,13,5
3,9,6
14,14,0
2,2,0
21,21,0
2,2,0
6,6,0
2,12,10
3,3,0
2,2,0
3,3,0
2,2,0
3,19,16
3,5,2
2,27,25
2,96,94
2,2,0
2,48,46
1,63,62
3,10,7
2,15,13
2,2,0
2,111,109
2,2,0
2,6,4
3,3,0
1,3,2
100,100,0
2,7,5
3,3,0
3,4,1
3,3,0
2,2,0
7,13,6
2,2,0
2,6,4
3,3,0
2,2,0
2,2,0
3,3,0
2,2,0
8,9,1
3,4,1
2,2,0
2,2,0
1,1,0
4,4,0
2,7,5
2,5,3
2,41,39
2,2,0
3,3,0
1,2,1
3,5,2
2,6,4
2,2,0
83,83,0
75,96,21
2,2,0
251,264,13
3,6,3
2,2,0
3,3,0
3,5,2
3,4,1
1,1,0
0,0,0
2,4,2
2,91,89
0,0,0
8,8,0
3,3,0
2,2,0
2,3,1
1,5,4
2,2,0
36,36,0
2,97,95
2,2,0
3,5,2
2,2,0
2,2,0
0,0,0
3,3,0
2,4,2
6,6,0
0,0,0
1,21,20
2,2,0
3,3,0
3,3,0
1,1,0
2,80,78
0,0,0
3,3,0
1,2,1
3,13,10
2,2,0
2,4,2
2,2,0
3,7,4
45,48,3
3,3,0
1,4,3
4,4,0
2,16,14
13,16,3
81,206,125
3,3,0
0,0,0
1,22,21
2,6,4
2,25,23
2,2,0
3,7,4
3,3,0
2,2,0
3,7,4
1,2,1
2,2,0
5,5,0
2,4,2
2,2,0
2,6,4
3,3,0
36,237,201
2,2,0
139,216,77
2,2,0
2,2,0
3,3,0
2,2,0
3,3,0
3,10,7
2,2,0
2,2,0
2,5,3
2,2,0
10,10,0
1,2,1
3,13,10
89,95,6
56,156,100
3,6,3
9,9,0
3,3,0
132,132,0
147,147,0
0,0,0
0,0,0
1,11,10
2,42,40
1,1,0
42,42,0
5,5,0
9,9,0
2,2,0
2,2,0
2,6,4
2,8,6
13,36,23
4,7,3
2,2,0
3,7,4
2,14,12
3,8,5
2,6,4
2,5,3
0,0,0
3,4,1
2,4,2
2,2,0
3,3,0
1,40,39
3,3,0
2,2,0
5,5,0
17,17,0
2,2,0
3,13,10
4,6,2
2,2,0
2,2,0
2,4,2
3,3,0
2,5,3
2,2,0
2,8,6
2,2,0
3,3,0
2,2,0
2,2,0
2,5,3
8,8,0
2,2,0
29,87,58
3,7,4
2,2,0
3,9,6
4,4,0
2,4,2
2,2,0
2,2,0
3,5,2
2,2,0
1,1,0
2,2,0
3,3,0
2,2,0
2,2,0
2,2,0
2,7,5
2,84,82
0,0,0
1,1,0
2,12,10
3,5,2
56,56,0
2,2,0
2,2,0
8,8,0
100,102,2
2,4,2
3,3,0
90,90,0
2,3,1
2,2,0
2,4,2
2,2,0
2,10,8
2,11,9
2,2,0
2,4,2
2,4,2
3,3,0
1,2,1
2,2,0
2,2,0
3,3,0
3,3,0
3,3,0
2,5,3
2,23,21
2,7,5
46,46,0
2,2,0
9,9,0
3,7,4
2,3,1
2,2,0
2,2,0
3,3,0
2,8,6
51,60,9
4,6,2
3,8,5
3,9,6
0,0,0
12,15,3
3,3,0
40,83,43
3,3,0
3,3,0
5,29,24
2,3,1
2,2,0
2,5,3
2,2,0
2,62,60
2,15,13
2,4,2
2,2,0
2,4,2
3,6,3
1,29,28
3,3,0
2,3,1
2,3,1
2,2,0
2,2,0
3,3,0
2,2,0
2,2,0
2,2,0
3,4,1
3,3,0
3,5,2
3,3,0
2,2,0
4,4,0
3,15,12
3,11,8
156,156,0
98,98,0
2,4,2
2,7,5
0,0,0
88,88,0
2,2,0
2,2,0
2,2,0
0,0,0
2,2,0
2,2,0
1,2,1
3,9,6
2,2,0
0,0,0
2,2,0
2,2,0
6,22,16
3,13,10
2,10,8
3,3,0
67,171,104
6,37,31
2,4,2
3,3,0
4,4,0
2,4,2
2,2,0
2,2,0
2,4,2
2,2,0
1,42,41
3,7,4
2,2,0
2,2,0
3,5,2
2,6,4
1,2,1
3,3,0
2,2,0
2,58,56
2,2,0
2,2,0
2,2,0
3,3,0
8,8,0
3,3,0
3,3,0
2,6,4
3,5,2
3,3,0
2,2,0
3,5,2
3,9,6
2,2,0
1,1,0
2,2,0
2,2,0
1,23,22
2,2,0
3,3,0
2,2,0
2,2,0
2,2,0
2,16,14
49,49,0
33,33,0
3,3,0
2,2,0
2,2,0
1,9,8
2,2,0
2,2,0
63,88,25
2,26,24
3,3,0
1,3,2
6,6,0
0,0,0
2,2,0
2,5,3
3,3,0
2,2,0
3,7,4
2,2,0
2,5,3
2,6,4
9,23,14
2,2,0
3,3,0
2,7,5
2,4,2
2,2,0
20,81,61
3,3,0
2,2,0
3,3,0
0,0,0
2,2,0
1,33,32
0,0,0
3,3,0
3,10,7
2,2,0
2,2,0
6,6,0
2,4,2
3,16,13
17,26,9
2,2,0
2,10,8
7,7,0
1,1,0
2,2,0
2,2,0
3,3,0
2,2,0
4,6,2
3,3,0
3,3,0
2,2,0
2,5,3
3,7,4
2,2,0
1,1,0
2,2,0
2,21,19
0,0,0
8,12,4
1,7,6
27,27,0
2,2,0
3,5,2
2,2,0
2,4,2
2,2,0
3,3,0
3,3,0
3,3,0
3,3,0
2,8,6
3,5,2
3,3,0
2,2,0
0,0,0
2,4,2
75,75,0
3,3,0
2,2,0
3,5,2
2,4,2
3,9,6
73,173,100
2,2,0
3,6,3
0,0,0
3,9,6
2,24,22
3,3,0
1,6,5
7,7,0
3,3,0
2,2,0
3,3,0
2,4,2
11,11,0
2,2,0
2,2,0
2,2,0
3,5,2
2,2,0
2,60,58
3,3,0
3,7,4
2,2,0
2,55,53
2,2,0
3,3,0
3,3,0
26,38,12
3,3,0
100,200,100
100,117,17
3,3,0
2,2,0
8,10,2
2,2,0
2,2,0
3,7,4
3,8,5
2,4,2
2,2,0
3,3,0
2,4,2
0,0,0
2,10,8
2,2,0
2,4,2
5,5,0
1,44,43
2,2,0
87,87,0
2,2,0
1,1,0
2,2,0
2,2,0
0,0,0
0,0,0
70,80,10
2,2,0
3,7,4
2,2,0
14,14,0
1,1,0
2,2,0
1,6,5
16,16,0
3,3,0
2,6,4
168,220,52
2,2,0
2,2,0
3,8,5
2,2,0
2,2,0
3,6,3
2,2,0
3,3,0
2,24,22
2,2,0
2,4,2
3,3,0
3,3,0
2,8,6
2,10,8
3,3,0
2,33,31
2,6,4
2,2,0
2,2,0
4,10,6
2,2,0
406,417,11
2,48,46
1,1,0
2,2,0
9,9,0
21,21,0
1,1,0
2,4,2
1,2,1
2,10,8
2,2,0
2,2,0
2,2,0
3,3,0
9,9,0
3,3,0
1,22,21
2,2,0
2,4,2
3,3,0
6,16,10
2,4,2
2,9,7
5,5,0
2,2,0
2,4,2
2,35,33
3,3,0
2,2,0
2,2,0
4,6,2
2,2,0
20,20,0
6,6,0
2,2,0
2,4,2
2,6,4
3,3,0
2,2,0
3,3,0
2,33,31
2,15,13
3,9,6
3,3,0
12,12,0
46,54,8
3,3,0
2,2,0
20,20,0
4,4,0
2,2,0
0,0,0
11,11,0
2,2,0
2,2,0
3,3,0
0,0,0
2,2,0
2,4,2
2,2,0
2,22,20
2,2,0
6,35,29
4,10,6
3,13,10
109,109,0
2,2,0
2,5,3
3,3,0
2,6,4
3,15,12
4,4,0
2,2,0
1,2,1
14,14,0
2,86,84
3,6,3
3,3,0
2,4,2
3,5,2
9,9,0
3,3,0
2,3,1
3,3,0
3,5,2
9,9,0
3,16,13
2,2,0
2,6,4
2,5,3
13,17,4
2,2,0
2,2,0
4,4,0
2,2,0
2,2,0
4,9,5
9,9,0
2,2,0
2,7,5
2,2,0
2,3,1
2,2,0
2,2,0
1,5,4
2,2,0
3,3,0
2,14,12
2,8,6
3,3,0
3,3,0
3,3,0
2,2,0
1,2,1
3,5,2
2,2,0
2,2,0
2,7,5
2,2,0
2,2,0
2,2,0
16,16,0
20,20,0
2,6,4
3,12,9
2,2,0
3,5,2
1,1,0
2,6,4
232,234,2
2,2,0
3,14,11
55,138,83
2,2,0
2,2,0
3,6,3
8,9,1
1,2,1
18,18,0
2,2,0
2,2,0
2,2,0
3,3,0
10,22,12
2,2,0
2,4,2
2,7,5
2,13,11
2,2,0
3,3,0
2,8,6
66,77,11
2,2,0
3,5,2
31,31,0
0,0,0
19,59,40
6,6,0
2,6,4
3,3,0
90,244,154
66,77,11
2,2,0
28,28,0
3,5,2
3,7,4
8,8,0
2,4,2
3,15,12
3,5,2
3,5,2
3,3,0
3,5,2
2,2,0
2,4,2
3,3,0
9,41,32
2,2,0
3,7,4
3,3,0
1,52,51
3,8,5
0,0,0
11,84,73
3,3,0
2,2,0
2,2,0
1,2,1
100,100,0
1,2,1
70,79,9
1,1,0
2,4,2
4,4,0
51,58,7
2,11,9
0,0,0
2,2,0
2,4,2
2,4,2
50,50,0
3,6,3
74,324,250
4,4,0
3,3,0
2,2,0
2,2,0
1,9,8
0,0,0
1,2,1
2,2,0
2,5,3
0,0,0
2,13,11
3,93,90
2,2,0
3,3,0
2,4,2
2,2,0
1,1,0
3,3,0
3,3,0
2,2,0
3,3,0
0,0,0
2,2,0
2,4,2
2,9,7
2,2,0
2,2,0
2,2,0
3,3,0
5,5,0
2,2,0
2,2,0
2,2,0
3,4,1
2,2,0
12,108,96
1,2,1
2,2,0
3,17,14
0,0,0
0,0,0
2,9,7
0,0,0
76,79,3
100,100,0
3,3,0
2,2,0
2,2,0
3,8,5
6,6,0
3,3,0
2,4,2
12,16,4
2,2,0
24,66,42
0,0,0
3,3,0
2,2,0
1,2,1
2,2,0
2,4,2
2,2,0
4,6,2
2,2,0
2,2,0
8,8,0
4,4,0
2,3,1
2,2,0
3,4,1
2,2,0
2,6,4
2,2,0
406,417,11
2,2,0
3,41,38
1,14,13
2,2,0
2,2,0
3,3,0
2,2,0
2,92,90
13,57,44
1,2,1
2,2,0
0,0,0
2,2,0
2,2,0
9,9,0
0,0,0
0,0,0
3,3,0
3,3,0
2,18,16
10,17,7
2,2,0
3,12,9
42,45,3
3,13,10
0,0,0
3,3,0
1,1,0
2,5,3
2,3,1
2,2,0
7,7,0
2,2,0
2,2,0
3,5,2
2,2,0
3,3,0
2,2,0
2,16,14
2,2,0
10,10,0
2,2,0
13,13,0
2,4,2
2,2,0
2,2,0
2,73,71
0,0,0
59,135,76
2,4,2
1,3,2
1,18,17
2,2,0
2,2,0
2,2,0
2,2,0
51,51,0
2,2,0
1,1,0
72,124,52
2,2,0
2,2,0
3,9,6
2,3,1
2,2,0
8,8,0
0,0,0
1,1,0
2,2,0
2,2,0
2,2,0
2,2,0
3,3,0
1,13,12
11,11,0
3,3,0
51,51,0
2,2,0
406,417,11
3,5,2
3,3,0
1,4,3
3,3,0
2,4,2
8,8,0
2,2,0
1,1,0
2,2,0
0,0,0
2,5,3
1,2,1
14,14,0
13,19,6
2,2,0
3,3,0
3,3,0
3,3,0
13,13,0
2,2,0
0,0,0
2,2,0
2,2,0
2,2,0
129,236,107
1,7,6
1,1,0
0,0,0
16,18,2
3,3,0
2,3,1
40,40,0
0,0,0
3,3,0
2,2,0
3,5,2
3,3,0
1,3,2
3,9,6
3,11,8
3,3,0
2,2,0
0,0,0
3,3,0
123,159,36
2,82,80
2,2,0
5,29,24
2,22,20
3,5,2
2,2,0
2,2,0
2,2,0
406,406,0
2,2,0
2,2,0
2,12,10
5,19,14
2,7,5
2,2,0
1,3,2
2,2,0
3,6,3
4,15,11
2,13,11
2,6,4
1,1,0
2,2,0
8,13,5
3,3,0
3,26,23
2,2,0
2,2,0
2,2,0
2,6,4
4,4,0
2,9,7
1,3,2
1,2,1
3,5,2
3,3,0
3,3,0
2,2,0
1,1,0
2,2,0
3,6,3
26,26,0
2,10,8
3,3,0
1,2,1
68,72,4
3,3,0
2,10,8
2,2,0
3,5,2
3,3,0
59,134,75
3,7,4
1,1,0
2,2,0
2,4,2
3,3,0
9,9,0
9,9,0
3,7,4
3,12,9
3,3,0
2,4,2
3,3,0
3,3,0
2,13,11
1,1,0
2,80,78
2,2,0
3,3,0
3,3,0
2,7,5
8,9,1
2,6,4
2,2,0
2,2,0
4,4,0
2,2,0
1,1,0
4,71,67
4,6,2
47,49,2
62,305,243
2,4,2
6,6,0
2,2,0
2,2,0
3,3,0
3,28,25
2,2,0
2,4,2
2,2,0
2,2,0
2,2,0
2,2,0
2,2,0
2,3,1
27,27,0
1,6,5
3,4,1
3,59,56
0,0,0
3,3,0
3,3,0
15,15,0
2,4,2
3,13,10
26,30,4
8,8,0
3,5,2
3,9,6
3,5,2
36,79,43
2,55,53
2,2,0
0,0,0
2,2,0
6,6,0
119,120,1
2,2,0
2,3,1
3,3,0
8,9,1
2,4,2
2,6,4
2,2,0
1,1,0
66,66,0
1,3,2
2,2,0
3,6,3
1,3,2
2,2,0
2,7,5
2,5,3
0,0,0
2,4,2
34,42,8
3,11,8
2,2,0
2,2,0
2,2,0
2,6,4
2,4,2
2,2,0
0,0,0
9,9,0
2,5,3
2,4,2
8,8,0
3,3,0
3,13,10
62,360,298
2,2,0
2,2,0
3,3,0
19,19,0
3,3,0
2,2,0
2,4,2
6,211,205
3,5,2
2,2,0
2,2,0
2,2,0
1,4,3
3,8,5
3,3,0
3,3,0
5,7,2
2,4,2
2,2,0
2,2,0
31,31,0
7,7,0
3,9,6
2,2,0
1,3,2
0,0,0
3,6,3
6,34,28
3,3,0
3,3,0
2,3,1
6,11,5
2,2,0
3,3,0
3,7,4
8,12,4
68,68,0
3,5,2
17,48,31
9,9,0
20,20,0
100,100,0
2,4,2
2,48,46
4,4,0
2,2,0
7,17,10
59,131,72
1,1,0
8,10,2
2,2,0
2,24,22
1,28,27
89,89,0
2,23,21
2,2,0
2,6,4
2,2,0
2,2,0
0,0,0
0,0,0
2,2,0
3,5,2
42,46,4
3,3,0
3,3,0
16,17,1
0,0,0
0,0,0
2,10,8
6,6,0
3,3,0
2,5,3
10,13,3
2,2,0
2,2,0
3,10,7
2,8,6
1,2,1
1,20,19
3,5,2
2,4,2
2,2,0
3,3,0
2,3,1
2,3,1
2,4,2
5,5,0
53,53,0
0,0,0
2,2,0
2,2,0
3,28,25
2,2,0
4,23,19
0,0,0
3,3,0
1,6,5
2,2,0
3,6,3
16,16,0
2,2,0
2,2,0
3,3,0
3,3,0
2,2,0
1,2,1
2,14,12
2,2,0
2,4,2
2,3,1
7,9,2
3,3,0
2,2,0
1,2,1
2,2,0
3,5,2
2,2,0
1,1,0
2,4,2
3,3,0
3,7,4
2,2,0
0,0,0
2,2,0
2,2,0
3,3,0
3,21,18
2,2,0
3,12,9
3,3,0
0,0,0
2,4,2
3,3,0
0,0,0
2,2,0
2,2,0
3,3,0
2,2,0
21,21,0
2,2,0
3,3,0
8,8,0
3,11,8
2,4,2
2,2,0
0,0,0
0,0,0
3,3,0
3,3,0
3,7,4
116,116,0
1,1,0
3,3,0
1,81,80
51,101,50
99,152,53
2,5,3
3,3,0
3,3,0
2,6,4
3,28,25
1,2,1
2,3,1
2,2,0
2,2,0
1,1,0
139,139,0
3,5,2
2,2,0
3,6,3
2,2,0
2,2,0
2,2,0
3,17,14
2,4,2
2,6,4
2,4,2
2,16,14
3,3,0
3,3,0
3,3,0
2,2,0
1,1,0
2,3,1
3,5,2
2,23,21
15,15,0
0,0,0
3,3,0
2,6,4
2,2,0
2,4,2
4,4,0
84,110,26
3,3,0
0,0,0
4,99,95
1,5,4
2,2,0
2,2,0
22,70,48
4,7,3
3,4,1
0,0,0
0,0,0
11,11,0
1,11,10
3,7,4
1,1,0
2,10,8
3,11,8
2,2,0
2,2,0
2,2,0
3,3,0
2,2,0
2,2,0
2,2,0
2,3,1
3,11,8
6,8,2
3,3,0
7,26,19
2,5,3
2,4,2
2,37,35
3,9,6
2,5,3
1,4,3
2,2,0
2,4,2
9,9,0
3,3,0
2,6,4
6,6,0
3,3,0
0,0,0
2,2,0
3,5,2
2,2,0
100,173,73
3,3,0
74,74,0
2,4,2
2,2,0
2,2,0
2,2,0
147,147,0
81,207,126
3,9,6
2,8,6
2,2,0
2,15,13
4,7,3
6,8,2
3,7,4
2,2,0
4,8,4
131,131,0
2,6,4
2,6,4
2,2,0
2,8,6
2,2,0
74,200,126
3,4,1
3,5,2
3,3,0
3,5,2
2,2,0
3,3,0
2,2,0
2,5,3
2,6,4
3,6,3
3,22,19
3,10,7
1,36,35
2,4,2
2,2,0
90,96,6
3,3,0
2,15,13
3,5,2
3,11,8
3,3,0
0,0,0
2,2,0
1,8,7
8,12,4
0,0,0
9,9,0
2,71,69
2,3,1
2,4,2
7,10,3
9,9,0
3,7,4
3,3,0
1,5,4
9,9,0
3,3,0
2,82,80
2,2,0
6,22,16
2,6,4
16,16,0
1,2,1
100,300,200
349,463,114
51,51,0
51,153,102
0,0,0
3,5,2
68,68,0
1,25,24
2,3,1
129,236,107
3,13,10
3,3,0
102,143,41
2,4,2
43,43,0
2,2,0
2,2,0
2,2,0
3,3,0
3,3,0
2,21,19
1,3,2
5,7,2
2,4,2
2,2,0
3,3,0
1,1,0
2,4,2
6,7,1
2,2,0
2,2,0
2,2,0
2,2,0
60,60,0
3,6,3
21,21,0
90,173,83
2,2,0
2,2,0
2,2,0
139,216,77
1,2,1
3,3,0
3,5,2
2,2,0
3,3,0
2,2,0
9,9,0
44,45,1
3,11,8
3,3,0
2,2,0
3,7,4
33,33,0
2,24,22
3,3,0
2,4,2
2,2,0
87,91,4
100,109,9
3,16,13
3,18,15
2,24,22
2,5,3
2,2,0
3,10,7
2,5,3
2,2,0
3,20,17
2,2,0
5,6,1
2,76,74
22,42,20
3,3,0
3,3,0
2,2,0
9,9,0
3,3,0
2,2,0
3,5,2
2,2,0
3,3,0
2,2,0
2,2,0
0,0,0
2,8,6
2,2,0
2,12,10
3,3,0
2,82,80
3,5,2
2,2,0
5,7,2
42,42,0
3,5,2
0,0,0
6,37,31
3,5,2
2,2,0
2,2,0
2,9,7
2,2,0
3,29,26
1,15,14
2,2,0
3,3,0
1,1,0
2,2,0
3,5,2
2,2,0
60,84,24
0,0,0
3,5,2
4,4,0
6,7,1
2,2,0
2,6,4
2,2,0
12,12,0
54,54,0
2,4,2
2,2,0
0,0,0
4,4,0
0,0,0
3,3,0
3,3,0
2,2,0
1,1,0
3,6,3
34,36,2
2,2,0
3,5,2
1,1,0
2,2,0
5,7,2
21,23,2
2,22,20
2,2,0
3,3,0
3,3,0
1,3,2
3,3,0
4,39,35
3,12,9
2,7,5
100,104,4
2,2,0
3,5,2
3,5,2
2,2,0
2,2,0
2,2,0
2,8,6
1,2,1
3,3,0
51,54,3
2,2,0
2,10,8
2,2,0
338,338,0
3,3,0
2,2,0
2,2,0
3,9,6
2,2,0
2,100,98
0,0,0
2,8,6
3,22,19
52,52,0
3,5,2
2,2,0
160,160,0
3,9,6
2,2,0
2,9,7
2,2,0
3,5,2
3,6,3
23,27,4
2,4,2
2,2,0
0,0,0
2,2,0
5,32,27
3,7,4
3,12,9
81,206,125
4,6,2
6,6,0
3,3,0
2,16,14
2,2,0
2,4,2
3,6,3
2,16,14
3,3,0
3,3,0
1,2,1
3,4,1
2,2,0
4,4,0
3,11,8
2,4,2
2,4,2
3,3,0
3,6,3
3,3,0
3,5,2
2,2,0
9,9,0
3,3,0
42,44,2
3,5,2
3,3,0
3,3,0
3,3,0
2,2,0
3,7,4
2,2,0
6,11,5
7,7,0
3,3,0
45,61,16
2,2,0
2,2,0
2,2,0
3,3,0
2,5,3
2,4,2
2,2,0
2,2,0
3,9,6
3,5,2
3,3,0
3,3,0
2,2,0
1,1,0
3,5,2
2,2,0
2,52,50
1,1,0
3,3,0
2,7,5
10,10,0
2,6,4
2,43,41
2,8,6
3,3,0
7,7,0
2,2,0
2,4,2
1,21,20
18,18,0
2,2,0
2,2,0
3,5,2
3,13,10
2,4,2
2,2,0
2,2,0
2,2,0
2,4,2
1,1,0
2,4,2
3,3,0
2,2,0
2,25,23
2,23,21
2,2,0
2,20,18
2,13,11
98,195,97
6,6,0
1,2,1
3,3,0
100,102,2
4,4,0
3,3,0
2,2,0
2,6,4
3,3,0
2,2,0
4,4,0
2,4,2
3,7,4
3,3,0
3,5,2
14,16,2
2,2,0
2,77,75
2,2,0
2,23,21
2,2,0
3,4,1
100,100,0
3,5,2
2,5,3
406,417,11
2,2,0
1,4,3
8,9,1
98,109,11
2,6,4
3,11,8
11,11,0
100,100,0
2,2,0
2,2,0
3,3,0
3,3,0
2,2,0
1,1,0
3,11,8
3,5,2
1,1,0
2,2,0
9,9,0
3,3,0
3,10,7
3,5,2
3,5,2
2,4,2
2,2,0
2,2,0
3,5,2
2,4,2
2,2,0
2,2,0
0,0,0
2,6,4
12,12,0
8,16,8
3,3,0
1,1,0
2,2,0
70,149,79
2,13,11
3,5,2
2,3,1
1,2,1
2,7,5
2,6,4
1,28,27
2,2,0
7,28,21
2,15,13
2,2,0
3,3,0
12,12,0
3,3,0
2,2,0
2,2,0
3,16,13
2,2,0
2,18,16
12,12,0
2,2,0
37,112,75
2,6,4
4,30,26
2,4,2
2,2,0
0,0,0
2,4,2
2,2,0
0,0,0
2,4,2
9,9,0
3,3,0
1,2,1
2,2,0
1,2,1
1,3,2
2,4,2
2,4,2
2,4,2
4,47,43
3,5,2
0,0,0
2,8,6
2,2,0
2,2,0
87,122,35
3,5,2
3,3,0
4,8,4
8,8,0
2,2,0
3,16,13
3,7,4
3,3,0
2,2,0
2,5,3
2,2,0
2,2,0
4,4,0
0,0,0
3,3,0
2,7,5
2,2,0
2,4,2
2,2,0
2,6,4
2,2,0
2,2,0
2,2,0
7,7,0
2,7,5
3,3,0
2,10,8
2,2,0
2,34,32
36,36,0
2,2,0
2,2,0
3,5,2
2,6,4
2,2,0
6,10,4
2,2,0
1,2,1
23,23,0
2,23,21
2,2,0
2,7,5
1,2,1
7,7,0
13,13,0
1,23,22
0,0,0
17,17,0
100,106,6
1,1,0
1,12,11
43,140,97
2,2,0
0,0,0
2,6,4
10,11,1
2,2,0
3,3,0
0,0,0
14,14,0
29,87,58
2,2,0
3,5,2
1,7,6
2,2,0
2,2,0
0,0,0
1,1,0
0,0,0
0,0,0
1,1,0
11,11,0
3,5,2
6,10,4
2,2,0
3,3,0
3,3,0
2,6,4
26,27,1
3,8,5
2,2,0
0,0,0
1,2,1
2,2,0
3,3,0
2,2,0
2,13,11
4,4,0
3,5,2
3,7,4
2,2,0
3,21,18
3,3,0
4,4,0
3,10,7
4,10,6
3,5,2
2,2,0
4,45,41
2,2,0
3,6,3
2,4,2
3,19,16
3,13,10
2,11,9
2,2,0
2,2,0
64,67,3
1,1,0
3,3,0
2,71,69
2,8,6
4,5,1
2,7,5
2,10,8
3,3,0
3,3,0
2,2,0
2,2,0
1,2,1
3,3,0
2,2,0
2,8,6
3,3,0
3,3,0
2,2,0
2,6,4
12,12,0
2,2,0
2,11,9
1,7,6
2,12,10
5,6,1
46,46,0
2,5,3
1,2,1
3,3,0
1,1,0
9,9,0
2,11,9
2,2,0
0,0,0
3,6,3
2,4,2
3,5,2
3,10,7
2,40,38
4,4,0
0,0,0
4,5,1
2,2,0
8,8,0
1,4,3
2,2,0
2,2,0
2,2,0
2,2,0
3,4,1
1,1,0
3,6,3
2,2,0
4,5,1
2,5,3
2,2,0
2,2,0
3,11,8
0,0,0
3,6,3
3,6,3
3,7,4
2,8,6
2,2,0
2,2,0
34,50,16
2,82,80
2,2,0
2,33,31
2,2,0
3,3,0
3,3,0
3,3,0
2,2,0
93,110,17
1,1,0
2,4,2
4,4,0
2,45,43
2,13,11
4,4,0
2,2,0
2,2,0
2,2,0
2,2,0
4,6,2
2,2,0
3,3,0
2,3,1
2,2,0
3,5,2
18,18,0
3,3,0
2,6,4
3,5,2
2,4,2
2,2,0
6,8,2
3,6,3
2,2,0
37,39,2
2,2,0
2,3,1
3,3,0
9,9,0
2,2,0
2,10,8
8,8,0
5,7,2
2,6,4
2,24,22
2,84,82
2,2,0
50,50,0
51,51,0
3,3,0
2,3,1
2,2,0
3,3,0
1,1,0
3,3,0
2,2,0
2,2,0
2,17,15
2,2,0
2,3,1
3,5,2
3,7,4
3,7,4
2,2,0
2,2,0
2,4,2
3,3,0
1,2,1
100,100,0
3,4,1
3,7,4
2,2,0
2,2,0
2,2,0
0,0,0
25,25,0
1,85,84
2,2,0
3,3,0
1,9,8
10,10,0
0,0,0
3,5,2
3,3,0
59,137,78
2,4,2
30,30,0
20,21,1
5,5,0
74,77,3
8,9,1
2,3,1
2,2,0
3,9,6
3,20,17
94,94,0
8,8,0
3,7,4
2,162,160
2,21,19
1,5,4
3,3,0
8,8,0
406,417,11
3,5,2
0,0,0
5,5,0
3,6,3
4,6,2
2,73,71
2,2,0
2,2,0
3,11,8
40,61,21
2,2,0
0,0,0
2,4,2
4,6,2
0,0,0
2,2,0
2,2,0
4,4,0
3,4,1
3,5,2
2,2,0
2,2,0
3,3,0
2,2,0
2,2,0
2,4,2
3,3,0
2,2,0
2,3,1
3,5,2
3,5,2
2,4,2
2,58,56
1,11,10
3,5,2
0,0,0
8,8,0
2,2,0
3,3,0
3,7,4
111,113,2
10,10,0
1,2,1
0,0,0
2,2,0
2,46,44
4,4,0
4,4,0
2,2,0
2,2,0
1,1,0
7,7,0
8,8,0
3,3,0
22,22,0
2,8,6
3,3,0
3,3,0
3,3,0
56,56,0
1,1,0
3,4,1
3,3,0
2,15,13
3,3,0
4,15,11
2,2,0
2,2,0
12,92,80
3,78,75
41,41,0
2,4,2
36,36,0
3,14,11
3,7,4
2,28,26
2,2,0
2,4,2
3,3,0
2,2,0
1,1,0
2,2,0
3,7,4
0,0,0
30,30,0
3,3,0
2,2,0
2,2,0
2,2,0
3,3,0
2,2,0
2,2,0
16,16,0
81,205,124
2,4,2
44,49,5
2,3,1
3,3,0
100,306,206
2,9,7
4,4,0
9,12,3
3,3,0
3,3,0
2,14,12
14,14,0
3,5,2
3,3,0
3,3,0
2,2,0
2,2,0
2,2,0
3,3,0
1,3,2
1,1,0
0,0,0
2,3,1
2,2,0
2,2,0
5,8,3
2,2,0
22,25,3
2,2,0
3,3,0
2,2,0
2,5,3
1,1,0
2,7,5
2,2,0
1,2,1
1,1,0
2,2,0
60,151,91
3,3,0
2,2,0
2,6,4
26,26,0
9,9,0
2,2,0
237,237,0
4,4,0
12,12,0
3,7,4
1,1,0
2,2,0
2,5,3
2,2,0
2,2,0
2,2,0
2,2,0
3,3,0
2,2,0
2,13,11
0,0,0
2,2,0
3,6,3
2,12,10
1,6,5
2,4,2
2,2,0
99,99,0
3,6,3
2,2,0
2,2,0
2,4,2
51,57,6
9,9,0
3,3,0
2,2,0
16,33,17
2,4,2
2,2,0
3,5,2
2,80,78
2,5,3
3,3,0
2,2,0
3,3,0
3,3,0
2,2,0
2,11,9
1,2,1
5,8,3
12,16,4
2,2,0
1,1,0
1,1,0
2,2,0
2,4,2
1,2,1
14,37,23
2,2,0
24,24,0
3,5,2
2,12,10
3,27,24
2,2,0
8,8,0
2,2,0
3,3,0
1,1,0
125,125,0
2,2,0
2,5,3
3,14,11
3,14,11
5,5,0
3,3,0
3,23,20
2,2,0
2,2,0
3,3,0
3,13,10
42,43,1
1,20,19
2,23,21
2,6,4
5,7,2
5,5,0
3,4,1
3,7,4
2,4,2
0,0,0
2,26,24
53,161,108
36,36,0
2,4,2
9,9,0
1,1,0
2,2,0
2,2,0
3,3,0
3,7,4
2,2,0
2,9,7
3,3,0
3,3,0
2,4,2
7,10,3
2,2,0
36,45,9
3,14,11
100,100,0
0,0,0
2,2,0
2,2,0
2,2,0
2,2,0
2,4,2
0,0,0
1,2,1
2,2,0
40,41,1
2,6,4
3,3,0
3,10,7
2,2,0
3,3,0
2,2,0
2,2,0
2,3,1
2,4,2
2,2,0
2,11,9
2,2,0
3,5,2
2,2,0
2,2,0
1,2,1
2,2,0
2,32,30
2,2,0
2,2,0
3,9,6
1,1,0
9,9,0
1,57,56
1,65,64
2,2,0
2,2,0
2,2,0
2,2,0
3,3,0
3,3,0
1,3,2
1,1,0
2,2,0
4,4,0
2,2,0
9,9,0
2,3,1
0,0,0
2,2,0
2,4,2
2,6,4
2,2,0
4,24,20
2,80,78
3,29,26
2,3,1
2,42,40
0,0,0
3,3,0
3,5,2
3,3,0
3,8,5
3,5,2
15,15,0
2,2,0
1,1,0
2,4,2
98,266,168
3,5,2
3,3,0
2,2,0
2,2,0
1,2,1
1,7,6
1,1,0
7,7,0
2,6,4
2,2,0
2,2,0
3,5,2
3,3,0
2,2,0
2,2,0
12,12,0
3,3,0
3,7,4
88,89,1
1,2,1
2,21,19
2,2,0
2,5,3
3,5,2
2,2,0
13,13,0
9,9,0
3,8,5
2,2,0
42,42,0
3,7,4
8,8,0
2,13,11
100,109,9
4,31,27
2,2,0
7,7,0
2,2,0
3,3,0
4,4,0
3,3,0
2,4,2
3,6,3
83,83,0
3,3,0
2,2,0
2,3,1
3,3,0
3,9,6
3,3,0
2,6,4
1,1,0
2,4,2
15,16,1
2,2,0
3,8,5
10,10,0
3,3,0
3,5,2
2,48,46
2,2,0
3,11,8
19,19,0
2,2,0
2,4,2
2,33,31
2,23,21
13,13,0
2,4,2
3,6,3
2,6,4
2,6,4
3,3,0
3,3,0
2,3,1
7,27,20
3,5,2
3,3,0
2,2,0
36,36,0
3,5,2
3,3,0
3,9,6
2,4,2
2,3,1
2,6,4
2,26,24
2,3,1
3,8,5
2,2,0
14,14,0
2,2,0
2,2,0
5,25,20
2,2,0
2,3,1
2,3,1
3,3,0
3,5,2
2,7,5
20,20,0
2,19,17
8,8,0
2,45,43
1,2,1
3,3,0
2,2,0
0,0,0
28,28,0
2,2,0
3,3,0
3,3,0
11,11,0
2,15,13
3,3,0
3,8,5
2,6,4
2,2,0
2,2,0
2,5,3
3,5,2
3,8,5
2,2,0
0,0,0
3,3,0
4,4,0
36,44,8
2,2,0
2,2,0
4,79,75
18,22,4
3,3,0
2,2,0
0,0,0
2,4,2
2,6,4
2,2,0
2,2,0
3,13,10
2,4,2
2,2,0
3,3,0
3,9,6
2,2,0
2,2,0
2,2,0
2,5,3
2,2,0
3,7,4
1,1,0
0,0,0
12,12,0
1,1,0
3,5,2
3,3,0
3,5,2
2,3,1
2,2,0
11,11,0
2,2,0
2,2,0
3,41,38
2,12,10
3,5,2
91,91,0
3,3,0
8,8,0
2,4,2
2,2,0
0,0,0
2,5,3
3,6,3
4,6,2
2,4,2
50,95,45
6,13,7
0,0,0
2,2,0
2,2,0
2,4,2
2,2,0
3,9,6
3,3,0
2,2,0
1,1,0
3,3,0
100,209,109
2,2,0
3,3,0
1,2,1
3,3,0
3,4,1
2,2,0
8,17,9
2,2,0
35,35,0
3,3,0
2,2,0
0,0,0
2,4,2
2,2,0
2,2,0
3,3,0
11,11,0
2,7,5
8,8,0
0,0,0
3,5,2
2,2,0
3,7,4
4,26,22
2,2,0
18,18,0
3,3,0
2,5,3
3,16,13
2,2,0
2,28,26
3,3,0
2,2,0
3,3,0
2,2,0
2,2,0
3,21,18
2,2,0
2,5,3
5,5,0
2,16,14
1,2,1
2,2,0
2,2,0
2,2,0
2,6,4
3,3,0
1,3,2
1,5,4
1,8,7
18,18,0
28,122,94
0,0,0
2,12,10
2,2,0
2,4,2
1,2,1
8,8,0
1,1,0
3,3,0
4,6,2
2,2,0
3,5,2
3,5,2
3,3,0
2,2,0
2,2,0
3,5,2
2,2,0
3,3,0
2,2,0
6,12,6
0,0,0
2,2,0
2,2,0
1,1,0
114,114,0
3,3,0
3,12,9
38,41,3
0,0,0
0,0,0
2,2,0
2,2,0
1,3,2
3,3,0
0,0,0
3,5,2
2,3,1
10,15,5
2,4,2
22,22,0
2,4,2
3,7,4
2,2,0
4,6,2
2,2,0
2,16,14
5,25,20
1,58,57
2,2,0
0,0,0
10,10,0
9,9,0
3,5,2
1,4,3
1,10,9
2,3,1
3,9,6
2,2,0
3,3,0
3,5,2
8,8,0
4,4,0
2,4,2
3,9,6
2,2,0
3,5,2
27,27,0
1,1,0
2,2,0
3,8,5
3,9,6
1,1,0
2,5,3
2,2,0
2,2,0
1,15,14
2,2,0
3,5,2
27,155,128
3,3,0
43,43,0
2,2,0
3,3,0
3,5,2
2,80,78
10,42,32
1,2,1
3,3,0
2,2,0
13,32,19
2,2,0
0,0,0
3,12,9
1,6,5
1,2,1
2,8,6
1,2,1
3,3,0
3,5,2
2,2,0
2,2,0
1,16,15
1,1,0
1,1,0
2,4,2
2,2,0
2,2,0
3,7,4
2,2,0
2,2,0
98,98,0
2,2,0
3,3,0
11,11,0
1,20,19
3,5,2
2,7,5
3,13,10
2,4,2
3,3,0
3,6,3
38,41,3
1,5,4
0,0,0
3,3,0
2,8,6
1,1,0
2,8,6
2,2,0
4,4,0
3,3,0
2,2,0
2,2,0
1,8,7
1,10,9
2,4,2
84,85,1
2,2,0
2,4,2
2,2,0
2,2,0
2,24,22
4,9,5
1,23,22
3,7,4
2,2,0
3,5,2
2,3,1
2,7,5
47,47,0
2,23,21
5,17,12
2,3,1
0,0,0
2,2,0
0,0,0
1,3,2
2,2,0
2,2,0
17,17,0
2,2,0
3,5,2
2,2,0
2,2,0
3,3,0
1,6,5
4,4,0
2,2,0
3,11,8
9,9,0
2,2,0
2,6,4
3,9,6
3,3,0
2,2,0
1,21,20
3,8,5
2,2,0
15,16,1
5,24,19
4,4,0
17,18,1
2,10,8
4,4,0
2,2,0
50,75,25
3,6,3
1,3,2
0,0,0
3,15,12
2,2,0
2,2,0
2,12,10
2,5,3
3,5,2
2,2,0
3,3,0
2,9,7
2,2,0
2,73,71
2,2,0
2,2,0
11,21,10
16,17,1
2,2,0
0,0,0
2,3,1
2,4,2
3,3,0
1,1,0
3,3,0
3,3,0
4,4,0
2,2,0
2,2,0
2,3,1
2,2,0
4,5,1
3,3,0
28,28,0
2,2,0
2,2,0
7,7,0
2,2,0
2,4,2
3,3,0
0,0,0
1,76,75
100,104,4
1,1,0
3,4,1
2,4,2
3,7,4
3,6,3
2,4,2
150,167,17
43,43,0
28,122,94
1,188,187
4,23,19
2,2,0
5,5,0
406,417,11
3,3,0
3,9,6
2,49,47
2,4,2
2,2,0
3,5,2
2,2,0
1,3,2
123,219,96
3,3,0
8,16,8
0,0,0
3,10,7
2,2,0
5,5,0
1,4,3
3,12,9
0,0,0
12,12,0
2,2,0
3,3,0
2,3,1
2,2,0
1,1,0
3,6,3
0,0,0
2,4,2
1,14,13
24,57,33
2,2,0
12,12,0
3,3,0
6,6,0
3,5,2
3,7,4
2,2,0
34,34,0
10,11,1
3,10,7
3,3,0
1,1,0
2,2,0
2,2,0
13,13,0
2,2,0
3,3,0
2,4,2
1,1,0
1,1,0
1,1,0
9,9,0
2,2,0
3,3,0
3,3,0
10,10,0
0,0,0
2,2,0
2,5,3
2,2,0
3,6,3
2,2,0
0,0,0
3,3,0
8,8,0
4,6,2
3,3,0
1,2,1
3,3,0
3,3,0
2,8,6
3,8,5
2,4,2
3,6,3
3,3,0
2,2,0
0,0,0
1,1,0
33,45,12
3,3,0
2,4,2
2,2,0
10,10,0
2,2,0
2,2,0
3,5,2
5,101,96
2,2,0
0,0,0
3,5,2
1,4,3
2,12,10
2,10,8
2,4,2
2,13,11
2,2,0
20,143,123
6,16,10
3,45,42
3,3,0
2,2,0
2,2,0
2,2,0
0,0,0
3,3,0
1,1,0
2,2,0
2,2,0
83,83,0
2,5,3
45,45,0
3,6,3
2,2,0
3,3,0
2,19,17
3,3,0
3,8,5
2,3,1
127,127,0
0,0,0
105,105,0
9,9,0
2,7,5
68,68,0
3,3,0
3,3,0
2,2,0
3,8,5
0,0,0
2,2,0
10,10,0
1,5,4
2,11,9
12,12,0
2,2,0
3,5,2
2,17,15
1,2,1
3,3,0
2,2,0
3,3,0
66,66,0
3,3,0
22,70,48
3,79,76
2,2,0
2,2,0
2,4,2
2,172,170
3,5,2
24,44,20
3,3,0
3,3,0
2,4,2
2,2,0
2,2,0
2,2,0
3,3,0
3,5,2
2,6,4
3,5,2
2,4,2
2,2,0
0,0,0
0,0,0
3,3,0
4,26,22
1,3,2
10,30,20
22,73,51
10,21,11
0,0,0
2,2,0
4,6,2
100,104,4
2,2,0
3,17,14
3,5,2
2,2,0
2,4,2
3,7,4
2,2,0
1,5,4
2,2,0
4,4,0
3,14,11
2,4,2
0,0,0
20,20,0
2,12,10
2,4,2
72,130,58
2,2,0
1,1,0
2,4,2
3,5,2
0,0,0
3,3,0
2,2,0
2,2,0
18,18,0
1,2,1
2,2,0
3,3,0
3,7,4
2,4,2
5,28,23
100,200,100
3,8,5
2,2,0
0,0,0
14,14,0
3,3,0
2,5,3
2,2,0
2,8,6
2,2,0
25,27,2
2,10,8
3,3,0
2,10,8
2,2,0
2,8,6
3,7,4
2,2,0
4,14,10
3,5,2
2,2,0
3,9,6
10,10,0
2,4,2
2,16,14
3,4,1
2,2,0
3,5,2
2,2,0
2,7,5
1,1,0
3,3,0
1,1,0
1,11,10
3,3,0
0,0,0
2,2,0
2,2,0
15,32,17
1,23,22
3,3,0
2,80,78
14,14,0
3,4,1
2,2,0
3,3,0
32,37,5
2,2,0
0,0,0
2,10,8
2,2,0
2,2,0
2,2,0
2,2,0
1,188,187
2,3,1
2,2,0
2,2,0
6,9,3
2,2,0
2,2,0
3,6,3
1,1,0
2,50,48
3,5,2
2,5,3
10,10,0
2,2,0
2,2,0
96,96,0
0,0,0
2,4,2
2,12,10
2,2,0
2,3,1
2,7,5
8,8,0
3,3,0
0,0,0
40,40,0
2,4,2
77,77,0
2,2,0
89,95,6
3,3,0
2,2,0
2,2,0
2,20,18
3,5,2
7,7,0
9,9,0
3,11,8
2,2,0
2,2,0
2,2,0
0,0,0
2,2,0
2,17,15
100,133,33
2,2,0
2,8,6
3,6,3
3,5,2
2,8,6
3,4,1
2,4,2
0,0,0
18,44,26
2,2,0
1,1,0
2,2,0
0,0,0
33,33,0
2,2,0
68,68,0
57,59,2
2,2,0
3,7,4
2,2,0
2,4,2
2,2,0
7,7,0
2,2,0
2,4,2
2,6,4
56,56,0
3,7,4
5,8,3
3,3,0
2,4,2
2,2,0
2,8,6
3,6,3
3,3,0
3,3,0
1,1,0
3,10,7
2,2,0
2,6,4
2,2,0
1,3,2
2,2,0
2,2,0
0,0,0
2,2,0
2,19,17
2,2,0
4,18,14
2,2,0
2,4,2
1,2,1
2,4,2
2,2,0
2,37,35
2,2,0
3,3,0
3,3,0
3,4,1
2,2,0
3,5,2
46,49,3
2,2,0
2,2,0
3,13,10
2,6,4
6,12,6
2,2,0
8,8,0
3,5,2
3,3,0
2,2,0
25,25,0
3,5,2
10,12,2
2,2,0
1,12,11
2,2,0
2,2,0
1,29,28
1,1,0
68,68,0
8,8,0
6,29,23
1,1,0
2,40,38
2,2,0
2,2,0
3,3,0
3,5,2
13,13,0
2,8,6
2,2,0
11,11,0
2,55,53
2,4,2
3,3,0
4,27,23
2,2,0
15,25,10
3,14,11
10,10,0
1,1,0
4,4,0
2,4,2
9,32,23
2,2,0
2,2,0
2,4,2
1,2,1
2,5,3
3,6,3
0,0,0
3,3,0
2,16,14
6,6,0
59,60,1
2,2,0
1,4,3
2,4,2
1,1,0
3,5,2
87,90,3
1,2,1
3,3,0
41,42,1
3,3,0
1,26,25
133,135,2
2,7,5
2,2,0
2,2,0
3,6,3
2,2,0
4,8,4
3,5,2
2,2,0
14,55,41
44,44,0
3,9,6
2,2,0
3,3,0
0,0,0
46,54,8
12,14,2
2,2,0
3,19,16
2,2,0
83,183,100
0,0,0
2,6,4
2,2,0
60,60,0
3,5,2
2,2,0
97,154,57
10,12,2
1,2,1
3,7,4
2,6,4
79,173,94
3,3,0
1,8,7
1,1,0
2,2,0
0,0,0
0,0,0
2,2,0
2,2,0
2,2,0
236,236,0
3,3,0
2,6,4
2,4,2
3,3,0
16,16,0
8,8,0
3,7,4
3,3,0
2,2,0
17,34,17
1,1,0
2,6,4
3,16,13
3,3,0
2,2,0
5,5,0
2,2,0
2,2,0
4,4,0
3,7,4
2,2,0
2,2,0
2,2,0
2,3,1
2,2,0
2,48,46
1,2,1
8,8,0
2,2,0
3,6,3
6,6,0
3,9,6
1,18,17
2,2,0
2,11,9
2,2,0
3,4,1
2,12,10
3,12,9
3,3,0
2,4,2
140,197,57
4,6,2
3,10,7
2,2,0
13,13,0
3,5,2
21,32,11
7,7,0
89,95,6
3,5,2
14,20,6
4,4,0
3,3,0
2,3,1
3,8,5
2,3,1
9,9,0
3,9,6
2,23,21
1,4,3
1,2,1
2,2,0
2,2,0
87,257,170
2,4,2
41,41,0
7,10,3
2,2,0
0,0,0
3,11,8
2,4,2
9,9,0
1,2,1
3,6,3
2,2,0
2,2,0
2,3,1
2,36,34
3,9,6
2,2,0
3,10,7
1,2,1
3,3,0
17,17,0
0,0,0
3,5,2
2,2,0
3,3,0
2,4,2
2,2,0
80,80,0
24,24,0
2,3,1
2,2,0
2,2,0
2,14,12
2,7,5
3,3,0
2,2,0
3,3,0
3,3,0
3,3,0
3,3,0
2,3,1
100,192,92
1,3,2
3,5,2
3,5,2
51,51,0
1,1,0
2,5,3
2,2,0
1,108,107
2,4,2
2,2,0
3,5,2
2,2,0
1,1,0
42,43,1
2,2,0
63,63,0
2,2,0
129,236,107
2,2,0
2,16,14
3,11,8
1,8,7
4,4,0
2,2,0
0,0,0
2,2,0
2,2,0
2,4,2
1,2,1
19,32,13
1,1,0
2,2,0
3,3,0
3,3,0
4,5,1
3,3,0
2,6,4
2,2,0
63,63,0
100,104,4
6,6,0
2,2,0
11,11,0
1,3,2
2,8,6
81,89,8
2,2,0
2,4,2
3,3,0
2,2,0
4,7,3
2,3,1
68,68,0
2,2,0
2,2,0
3,4,1
2,4,2
3,3,0
3,5,2
3,14,11
3,9,6
4,5,1
0,0,0
0,0,0
1,15,14
2,4,2
3,5,2
2,2,0
2,2,0
2,2,0
3,14,11
2,2,0
2,2,0
2,2,0
3,5,2
4,4,0
2,4,2
0,0,0
13,19,6
0,0,0
2,2,0
2,2,0
1,1,0
2,6,4
18,18,0
3,3,0
5,5,0
12,12,0
2,16,14
2,2,0
2,4,2
2,2,0
2,11,9
12,12,0
3,11,8
1,3,2
2,2,0
2,21,19
2,2,0
2,19,17
10,10,0
3,7,4
3,3,0
2,69,67
3,3,0
2,2,0
2,31,29
2,2,0
2,2,0
2,2,0
2,14,12
2,2,0
2,2,0
3,3,0
3,5,2
5,5,0
3,7,4
4,70,66
17,17,0
3,5,2
3,5,2
2,2,0
2,2,0
2,23,21
13,40,27
1,24,23
3,8,5
2,4,2
2,2,0
2,2,0
2,4,2
8,8,0
2,2,0
2,2,0
5,5,0
2,4,2
2,2,0
3,8,5
2,2,0
2,94,92
2,2,0
0,0,0
3,3,0
2,2,0
2,2,0
3,3,0
2,2,0
3,3,0
2,2,0
30,31,1
2,2,0
24,24,0
2,4,2
3,5,2
1,31,30
2,2,0
2,2,0
2,2,0
51,64,13
2,2,0
3,5,2
2,31,29
2,2,0
2,2,0
2,2,0
1,2,1
2,6,4
2,2,0
3,3,0
2,2,0
2,6,4
1,1,0
8,8,0
3,19,16
3,3,0
2,4,2
2,2,0
17,17,0
0,0,0
3,3,0
2,2,0
8,12,4
4,4,0
3,9,6
1,3,2
37,37,0
3,9,6
0,0,0
2,2,0
3,3,0
1,7,6
2,2,0
3,3,0
2,80,78
3,16,13
2,3,1
10,12,2
3,3,0
3,8,5
3,3,0
8,31,23
2,7,5
43,43,0
2,2,0
2,3,1
3,7,4
37,37,0
3,3,0
2,4,2
3,3,0
2,4,2
3,3,0
2,3,1
2,2,0
2,2,0
2,2,0
3,3,0
2,7,5
2,104,102
2,2,0
2,2,0
2,2,0
3,3,0
2,2,0
2,2,0
3,5,2
1,2,1
2,5,3
2,8,6
7,10,3
61,61,0
51,54,3
2,21,19
3,3,0
4,8,4
2,2,0
8,8,0
2,6,4
3,3,0
2,2,0
87,87,0
2,4,2
2,7,5
7,30,23
2,2,0
2,37,35
0,0,0
3,7,4
2,78,76
3,3,0
3,3,0
3,3,0
0,0,0
3,4,1
3,3,0
2,13,11
1,84,83
3,3,0
8,8,0
29,87,58
18,18,0
2,2,0
2,2,0
2,2,0
2,20,18
2,4,2
2,2,0
2,2,0
3,9,6
3,9,6
2,2,0
1,7,6
2,2,0
2,2,0
2,4,2
2,4,2
0,0,0
3,7,4
2,4,2
3,7,4
2,2,0
4,4,0
3,23,20
2,6,4
2,2,0
22,24,2
4,4,0
4,4,0
5,5,0
2,8,6
2,2,0
3,3,0
2,2,0
2,8,6
8,9,1
1,2,1
1,2,1
2,2,0
0,0,0
87,89,2
2,2,0
4,4,0
0,0,0
235,376,141
2,3,1
3,3,0
2,6,4
99,209,110
2,8,6
2,14,12
2,2,0
15,15,0
3,3,0
2,2,0
2,2,0
1,2,1
2,2,0
2,2,0
2,2,0
2,2,0
3,9,6
2,8,6
3,6,3
3,3,0
2,2,0
9,9,0
3,3,0
3,3,0
8,8,0
37,37,0
2,2,0
3,22,19
6,14,8
8,8,0
16,16,0
2,8,6
2,8,6
3,3,0
3,3,0
2,4,2
3,3,0
1,2,1
2,2,0
3,3,0
1,3,2
3,3,0
0,0,0
2,13,11
2,3,1
2,2,0
2,80,78
2,5,3
2,16,14
2,2,0
1,2,1
3,5,2
3,5,2
2,2,0
2,4,2
2,2,0
2,2,0
1,25,24
3,4,1
3,3,0
1,11,10
20,20,0
0,0,0
2,3,1
3,14,11
2,3,1
3,5,2
2,4,2
3,3,0
0,0,0
9,9,0
2,2,0
0,0,0
15,15,0
2,2,0
8,8,0
2,4,2
2,6,4
6,6,0
3,6,3
17,17,0
4,4,0
1,1,0
2,10,8
2,2,0
2,2,0
4,4,0
2,9,7
2,2,0
3,3,0
2,4,2
2,2,0
1,2,1
2,2,0
1,1,0
3,5,2
3,3,0
2,2,0
0,0,0
2,2,0
3,3,0
4,8,4
3,3,0
1,2,1
2,2,0
14,15,1
2,2,0
2,6,4
2,2,0
2,2,0
0,0,0
2,2,0
2,19,17
15,15,0
2,2,0
3,14,11
3,3,0
7,7,0
1,1,0
2,4,2
1,1,0
0,0,0
3,3,0
2,2,0
2,87,85
2,2,0
2,2,0
2,2,0
2,6,4
3,4,1
1,2,1
2,2,0
1,1,0
2,2,0
1,1,0
2,2,0
2,2,0
2,4,2
2,2,0
2,2,0
57,147,90
3,3,0
81,224,143
2,10,8
2,2,0
6,36,30
2,2,0
2,2,0
0,0,0
9,18,9
2,2,0
2,2,0
1,1,0
2,2,0
2,2,0
2,2,0
2,2,0
4,7,3
2,2,0
1,1,0
2,2,0
2,2,0
3,3,0
3,5,2
2,2,0
0,0,0
0,0,0
14,16,2
2,4,2
3,9,6
1,17,16
3,9,6
3,5,2
4,6,2
2,2,0
0,0,0
3,5,2
2,2,0
1,1,0
2,2,0
3,3,0
2,2,0
2,6,4
11,11,0
1,1,0
3,5,2
2,2,0
2,5,3
3,3,0
3,14,11
3,3,0
100,100,0
2,2,0
3,3,0
2,2,0
2,8,6
1,2,1
3,4,1
2,6,4
2,9,7
2,26,24
2,4,2
3,10,7
3,3,0
2,4,2
2,2,0
2,2,0
3,16,13
12,12,0
32,32,0
3,5,2
3,19,16
3,7,4
1,69,68
2,2,0
0,0,0
11,11,0
3,3,0
3,7,4
2,4,2
3,3,0
60,60,0
2,2,0
1,2,1
42,42,0
0,0,0
2,2,0
3,25,22
1,1,0
3,25,22
2,2,0
0,0,0
2,2,0
3,6,3
2,2,0
1,4,3
1,1,0
4,4,0
3,5,2
2,2,0
2,2,0
3,7,4
0,0,0
3,3,0
11,33,22
3,4,1
3,6,3
2,4,2
3,8,5
3,3,0
1,1,0
2,6,4
2,2,0
2,4,2
0,0,0
2,2,0
10,10,0
1,7,6
2,2,0
2,4,2
2,2,0
2,8,6
2,10,8
35,35,0
2,2,0
2,2,0
4,4,0
3,9,6
1,2,1
3,3,0
21,21,0
1,8,7
2,2,0
1,6,5
3,3,0
2,4,2
1,2,1
3,7,4
2,4,2
4,4,0
2,2,0
2,2,0
2,2,0
2,4,2
1,2,1
2,2,0
2,2,0
3,3,0
2,4,2
3,3,0
2,15,13
3,3,0
2,3,1
0,0,0
3,3,0
53,53,0
3,3,0
3,4,1
56,58,2
2,2,0
12,32,20
3,3,0
3,9,6
97,98,1
2,5,3
4,7,3
2,32,30
2,2,0
3,3,0
3,5,2
2,84,82
2,6,4
9,9,0
2,4,2
3,6,3
2,3,1
3,3,0
2,5,3
2,2,0
3,3,0
2,4,2
3,4,1
2,2,0
2,2,0
3,3,0
147,147,0
1,2,1
3,3,0
0,0,0
3,3,0
2,4,2
6,6,0
2,7,5
2,36,34
2,2,0
1,1,0
3,9,6
2,2,0
3,3,0
3,6,3
2,4,2
3,5,2
2,2,0
1,1,0
20,81,61
2,2,0
2,3,1
3,22,19
3,11,8
223,223,0
2,2,0
248,248,0
2,2,0
37,42,5
3,3,0
2,6,4
2,3,1
2,2,0
3,7,4
3,3,0
1,2,1
2,6,4
3,3,0
1,3,2
0,0,0
2,2,0
6,6,0
2,2,0
3,20,17
2,2,0
3,5,2
3,8,5
2,10,8
2,3,1
2,4,2
2,2,0
3,3,0
6,6,0
2,49,47
2,4,2
2,2,0
3,6,3
3,12,9
1,23,22
2,2,0
1,1,0
1,255,254
2,2,0
1,2,1
2,2,0
10,10,0
3,3,0
2,2,0
2,6,4
3,4,1
2,4,2
5,6,1
3,3,0
2,6,4
2,10,8
12,12,0
4,4,0
3,3,0
8,8,0
0,0,0
3,5,2
85,178,93
2,2,0
4,4,0
3,4,1
2,2,0
0,0,0
3,4,1
0,0,0
2,2,0
2,2,0
3,3,0
3,3,0
0,0,0
0,0,0
4,4,0
2,2,0
2,2,0
3,3,0
17,17,0
3,14,11
3,3,0
101,159,58
2,2,0
3,5,2
5,5,0
2,2,0
2,4,2
14,14,0
3,5,2
26,26,0
2,23,21
1,2,1
1,5,4
2,4,2
1,3,2
2,2,0
2,5,3
3,3,0
2,2,0
2,2,0
3,3,0
1,1,0
2,2,0
3,3,0
4,10,6
3,3,0
2,2,0
83,95,12
3,3,0
2,2,0
2,2,0
2,19,17
2,2,0
3,3,0
3,3,0
12,15,3
3,3,0
2,3,1
6,6,0
2,2,0
3,4,1
2,2,0
3,13,10
4,4,0
3,19,16
2,4,2
2,2,0
1,2,1
3,3,0
3,3,0
2,2,0
2,2,0
45,52,7
2,4,2
0,0,0
5,8,3
4,4,0
40,64,24
3,3,0
2,4,2
3,3,0
2,2,0
2,2,0
2,8,6
153,153,0
3,5,2
2,2,0
2,4,2
2,2,0
2,2,0
2,2,0
1,52,51
3,3,0
2,2,0
3,9,6
4,4,0
0,0,0
41,144,103
51,74,23
5,5,0
6,6,0
2,80,78
2,2,0
2,2,0
0,0,0
2,3,1
2,2,0
2,2,0
22,70,48
2,2,0
3,16,13
2,4,2
2,2,0
1,2,1
2,80,78
3,3,0
1,2,1
2,2,0
8,8,0
2,2,0
2,2,0
2,2,0
2,4,2
96,96,0
77,77,0
2,2,0
2,2,0
2,2,0
2,2,0
2,4,2
1,1,0
2,2,0
40,61,21
3,3,0
3,5,2
3,3,0
2,4,2
9,9,0
1,1,0
2,2,0
2,2,0
0,0,0
2,2,0
2,2,0
2,9,7
2,38,36
3,11,8
2,2,0
2,2,0
2,4,2
2,2,0
7,27,20
2,2,0
3,7,4
2,2,0
2,2,0
3,11,8
2,2,0
2,2,0
2,2,0
2,2,0
2,2,0
3,4,1
4,10,6
8,8,0
2,2,0
3,14,11
5,6,1
3,3,0
2,4,2
2,2,0
1,3,2
5,11,6
3,6,3
3,3,0
3,5,2
2,2,0
6,6,0
2,2,0
2,2,0
3,3,0
3,11,8
2,2,0
2,3,1
1,9,8
3,3,0
3,16,13
1,2,1
2,2,0
3,7,4
2,2,0
2,5,3
5,5,0
2,2,0
2,4,2
2,4,2
2,2,0
6,35,29
2,2,0
2,8,6
3,3,0
2,2,0
77,156,79
3,3,0
3,3,0
3,22,19
46,54,8
4,32,28
2,21,19
8,8,0
2,2,0
76,76,0
2,2,0
2,2,0
0,0,0
2,12,10
23,23,0
3,6,3
2,6,4
2,2,0
2,2,0
2,2,0
2,7,5
2,2,0
9,9,0
1,2,1
3,5,2
3,13,10
3,3,0
2,15,13
2,2,0
1,1,0
3,3,0
2,2,0
8,8,0
3,3,0
80,91,11
4,106,102
3,5,2
0,0,0
7,104,97
2,2,0
2,2,0
3,3,0
43,43,0
2,2,0
3,3,0
2,4,2
10,10,0
2,6,4
2,4,2
5,5,0
2,2,0
2,7,5
2,2,0
2,6,4
2,7,5
3,10,7
2,4,2
1,1,0
98,98,0
2,3,1
3,6,3
2,2,0
0,0,0
3,9,6
488,1770,1282
2,28,26
2,4,2
2,2,0
2,2,0
2,4,2
2,2,0
1,3,2
2,4,2
3,5,2
2,7,5
3,3,0
2,2,0
2,12,10
2,2,0
3,3,0
2,2,0
2,4,2
2,2,0
2,4,2
2,2,0
3,5,2
2,6,4
3,3,0
2,2,0
3,3,0
2,2,0
2,3,1
2,2,0
2,9,7
2,2,0
406,417,11
2,2,0
8,11,3
2,2,0
2,2,0
2,2,0
4,4,0
3,3,0
3,5,2
1,1,0
3,3,0
2,2,0
4,4,0
1,5,4
2,2,0
2,12,10
3,3,0
2,8,6
18,18,0
2,2,0
3,13,10
2,2,0
91,91,0
3,7,4
2,56,54
3,5,2
2,2,0
3,3,0
46,46,0
2,4,2
59,136,77
2,2,0
1,3,2
2,6,4
60,90,30
2,5,3
0,0,0
3,5,2
3,5,2
2,2,0
2,8,6
3,21,18
6,6,0
1,2,1
3,9,6
3,5,2
2,2,0
2,2,0
2,13,11
3,5,2
2,2,0
2,2,0
0,0,0
3,3,0
2,2,0
2,2,0
7,7,0
2,2,0
5,5,0
2,4,2
40,40,0
2,2,0
3,5,2
3,3,0
2,5,3
2,2,0
7,31,24
2,2,0
2,2,0
3,3,0
2,3,1
2,9,7
2,17,15
3,3,0
16,16,0
2,2,0
21,21,0
2,11,9
2,6,4
10,10,0
2,6,4
2,4,2
4,48,44
2,6,4
3,4,1
3,3,0
2,2,0
1,17,16
87,87,0
2,4,2
2,2,0
2,2,0
2,2,0
2,2,0
2,2,0
2,4,2
17,17,0
2,2,0
2,2,0
2,69,67
2,2,0
2,2,0
2,2,0
3,3,0
3,10,7
2,2,0
6,8,2
2,3,1
3,3,0
3,20,17
2,2,0
2,2,0
3,3,0
7,10,3
2,2,0
3,3,0
3,3,0
2,2,0
2,2,0
2,2,0
2,2,0
2,2,0
2,2,0
2,2,0
2,2,0
3,5,2
2,2,0
10,10,0
2,2,0
85,85,0
1,2,1
3,16,13
2,4,2
3,3,0
0,0,0
2,8,6
0,0,0
4,9,5
42,42,0
2,2,0
3,12,9
2,2,0
2,27,25
3,3,0
8,8,0
3,8,5
2,10,8
0,0,0
2,8,6
12,12,0
2,9,7
2,2,0
3,3,0
3,3,0
2,2,0
2,2,0
3,3,0
1,2,1
2,3,1
2,2,0
2,2,0
3,3,0
0,0,0
1,2,1
3,7,4
12,18,6
3,18,15
2,3,1
0,0,0
2,2,0
3,3,0
6,25,19
2,3,1
2,2,0
1,2,1
6,6,0
2,2,0
5,5,0
2,2,0
3,3,0
2,2,0
2,5,3
16,34,18
3,3,0
6,7,1
4,9,5
2,2,0
2,2,0
3,3,0
1,1,0
2,9,7
115,115,0
22,22,0
2,2,0
2,3,1
3,6,3
2,2,0
1,3,2
2,2,0
3,3,0
8,8,0
2,2,0
100,106,6
2,2,0
2,9,7
3,3,0
2,30,28
2,2,0
3,11,8
3,12,9
2,2,0
2,2,0
3,3,0
3,3,0
2,3,1
0,0,0
2,4,2
0,0,0
3,3,0
3,5,2
3,3,0
2,2,0
3,5,2
27,27,0
3,3,0
2,2,0
2,80,78
2,2,0
2,2,0
2,2,0
2,2,0
2,7,5
3,4,1
2,2,0
16,18,2
2,2,0
3,5,2
10,10,0
4,28,24
1,9,8
2,4,2
3,27,24
20,20,0
90,90,0
3,5,2
32,32,0
3,14,11
0,0,0
2,5,3
2,2,0
1,1,0
0,0,0
2,2,0
8,8,0
8,8,0
2,2,0
2,2,0
3,4,1
2,2,0
100,106,6
55,55,0
46,47,1
3,4,1
0,0,0
2,2,0
2,2,0
2,7,5
2,14,12
2,2,0
3,3,0
2,6,4
3,7,4
8,8,0
2,5,3
2,4,2
8,8,0
2,2,0
3,6,3
2,4,2
3,4,1
3,7,4
2,3,1
2,2,0
1,1,0
2,8,6
6,11,5
2,6,4
2,2,0
2,2,0
2,28,26
2,15,13
2,2,0
2,112,110
0,0,0
2,23,21
1,1,0
2,6,4
2,9,7
2,2,0
3,3,0
9,9,0
1,1,0
80,80,0
3,5,2
0,0,0
0,0,0
2,2,0
0,0,0
39,39,0
1,2,1
80,80,0
3,9,6
2,13,11
1,1,0
2,16,14
59,136,77
3,3,0
0,0,0
3,3,0
2,2,0
3,3,0
3,7,4
2,2,0
3,10,7
3,5,2
2,2,0
2,2,0
2,6,4
90,296,206
2,3,1
1,1,0
2,2,0
2,4,2
2,2,0
0,0,0
2,7,5
3,3,0
3,5,2
2,4,2
100,100,0
1,1,0
5,6,1
2,2,0
3,3,0
1,10,9
140,197,57
18,18,0
47,47,0
2,2,0
68,68,0
2,2,0
3,8,5
138,245,107
0,0,0
1,25,24
3,5,2
2,4,2
4,6,2
2,2,0
2,2,0
19,19,0
4,73,69
2,2,0
1,2,1
2,4,2
305,305,0
3,3,0
6,6,0
2,2,0
2,23,21
3,6,3
63,67,4
8,8,0
3,3,0
3,16,13
2,9,7
2,2,0
2,2,0
2,2,0
2,18,16
0,0,0
3,5,2
2,2,0
3,12,9
2,4,2
2,8,6
2,3,1
7,8,1
8,13,5
2,2,0
1,2,1
3,4,1
0,0,0
2,2,0
3,5,2
3,13,10
3,3,0
4,14,10
1,2,1
2,76,74
1,8,7
2,4,2
1,1,0
8,8,0
2,2,0
6,6,0
1,1,0
2,4,2
4,4,0
3,13,10
12,12,0
1,1,0
2,2,0
2,4,2
2,2,0
0,0,0
2,2,0
3,7,4
3,5,2
2,2,0
2,2,0
2,2,0
3,3,0
2,8,6
3,3,0
2,4,2
60,123,63
2,2,0
7,9,2
0,0,0
2,4,2
2,2,0
9,12,3
3,3,0
3,10,7
93,94,1
74,74,0
20,194,174
3,5,2
20,20,0
3,3,0
2,2,0
3,4,1
3,9,6
2,2,0
3,3,0
2,2,0
3,7,4
2,2,0
1,2,1
0,0,0
4,6,2
2,6,4
1,46,45
3,3,0
3,7,4
2,16,14
0,0,0
1,1,0
2,2,0
2,2,0
24,35,11
5,5,0
4,4,0
13,22,9
8,70,62
5,8,3
3,3,0
2,2,0
0,0,0
4,4,0
2,4,2
2,2,0
1,1,0
0,0,0
6,9,3
3,4,1
2,2,0
3,3,0
6,6,0
1,2,1
3,3,0
2,8,6
2,2,0
2,2,0
2,2,0
3,12,9
2,6,4
2,153,151
2,7,5
2,2,0
3,3,0
3,5,2
3,3,0
4,4,0
0,0,0
74,77,3
2,2,0
2,2,0
6,6,0
2,4,2
2,9,7
2,4,2
1,1,0
0,0,0
2,80,78
2,2,0
1,2,1
2,3,1
3,8,5
0,0,0
6,6,0
25,25,0
2,2,0
3,3,0
2,2,0
4,4,0
7,7,0
2,5,3
17,17,0
3,5,2
3,8,5
1,2,1
2,4,2
2,4,2
2,2,0
3,3,0
2,2,0
2,2,0
3,3,0
2,3,1
3,6,3
2,2,0
8,13,5
2,4,2
2,5,3
2,2,0
2,8,6
3,3,0
0,0,0
3,3,0
1,1,0
2,2,0
3,7,4
2,2,0
2,2,0
2,2,0
37,37,0
2,12,10
8,8,0
2,2,0
3,3,0
2,2,0
87,88,1
2,2,0
13,13,0
2,2,0
2,2,0
3,3,0
1,2,1
3,5,2
7,7,0
2,8,6
51,81,30
91,91,0
3,11,8
2,4,2
3,3,0
2,2,0
2,2,0
3,3,0
2,2,0
3,3,0
2,2,0
64,64,0
2,2,0
3,7,4
2,2,0
3,3,0
3,11,8
1,6,5
3,18,15
4,4,0
3,4,1
2,2,0
2,12,10
2,2,0
2,2,0
2,2,0
8,17,9
3,3,0
4,4,0
2,5,3
2,3,1
2,2,0
42,43,1
2,8,6
3,16,13
2,2,0
4,8,4
2,82,80
2,9,7
2,80,78
0,0,0
13,13,0
2,2,0
0,0,0
3,9,6
2,2,0
9,9,0
2,2,0
3,8,5
2,4,2
1,1,0
0,0,0
3,7,4
3,9,6
0,0,0
4,4,0
2,2,0
2,2,0
3,6,3
3,11,8
2,4,2
3,3,0
1,113,112
3,6,3
2,2,0
8,10,2
3,3,0
6,11,5
2,6,4
8,9,1
3,3,0
2,2,0
2,2,0
2,4,2
0,0,0
3,5,2
2,4,2
2,2,0
2,2,0
10,18,8
2,2,0
3,7,4
2,9,7
4,4,0
2,2,0
2,2,0
2,18,16
2,2,0
6,6,0
10,10,0
2,2,0
2,2,0
100,127,27
2,16,14
3,3,0
43,44,1
3,3,0
2,2,0
5,5,0
3,4,1
2,2,0
2,2,0
2,2,0
1,1,0
3,3,0
3,3,0
3,7,4
3,3,0
1,1,0
18,22,4
0,0,0
4,4,0
10,19,9
3,8,5
2,2,0
1,1,0
1,1,0
2,2,0
1,1,0
3,5,2
2,2,0
2,3,1
2,2,0
2,2,0
3,206,203
2,2,0
406,417,11
3,5,2
2,3,1
3,3,0
2,2,0
100,109,9
3,9,6
14,14,0
4,10,6
72,125,53
3,5,2
3,19,16
3,7,4
1,1,0
0,0,0
5,5,0
3,3,0
3,4,1
100,102,2
3,9,6
2,9,7
1,2,1
2,4,2
2,2,0
2,2,0
2,2,0
8,14,6
2,8,6
3,3,0
20,154,134
8,8,0
1,3,2
3,4,1
2,2,0
1,10,9
2,2,0
2,3,1
3,3,0
2,2,0
3,5,2
2,4,2
2,8,6
2,2,0
4,4,0
1,1,0
4,10,6
3,3,0
2,26,24
2,2,0
1,7,6
3,5,2
3,3,0
2,2,0
0,0,0
1,12,11
2,3,1
0,0,0
0,0,0
3,10,7
3,9,6
2,2,0
2,2,0
2,2,0
2,2,0
2,5,3
3,3,0
1,1,0
2,2,0
3,3,0
2,2,0
2,25,23
2,2,0
2,2,0
3,8,5
4,4,0
2,4,2
60,60,0
2,4,2
2,2,0
3,3,0
2,16,14
3,3,0
2,2,0
3,6,3
2,2,0
4,4,0
2,2,0
2,2,0
0,0,0
2,2,0
2,2,0
2,2,0
15,15,0
2,2,0
3,3,0
1,4,3
1,6,5
3,3,0
2,2,0
2,2,0
2,6,4
42,42,0
2,2,0
2,2,0
3,3,0
2,2,0
2,24,22
2,50,48
3,13,10
12,32,20
0,0,0
3,4,1
3,3,0
3,5,2
2,2,0
2,2,0
2,2,0
13,19,6
4,4,0
0,0,0
2,2,0
2,2,0
3,3,0
17,17,0
2,2,0
3,3,0
3,7,4
8,8,0
1,1,0
3,18,15
1,27,26
3,3,0
2,2,0
30,30,0
2,3,1
2,2,0
2,2,0
27,121,94
3,3,0
2,6,4
2,5,3
2,4,2
2,2,0
3,3,0
3,3,0
2,2,0
3,5,2
2,5,3
3,10,7
3,3,0
4,4,0
2,10,8
2,2,0
3,8,5
2,2,0
3,3,0
1,5,4
3,11,8
20,20,0
3,3,0
2,2,0
2,2,0
2,4,2
2,2,0
1,2,1
17,17,0
2,2,0
3,3,0
2,2,0
2,2,0
0,0,0
2,5,3
0,0,0
2,2,0
12,12,0
3,10,7
3,3,0
476,490,14
2,2,0
3,3,0
0,0,0
74,82,8
12,67,55
3,3,0
3,8,5
2,2,0
2,2,0
1,62,61
2,119,117
2,13,11
2,2,0
1,1,0
6,9,3
3,3,0
2,2,0
2,2,0
3,5,2
3,3,0
3,9,6
2,3,1
3,4,1
0,0,0
2,2,0
3,43,40
0,0,0
9,9,0
2,2,0
3,3,0
2,2,0
20,20,0
3,29,26
1,2,1
4,19,15
1,2,1
27,27,0
2,8,6
1,2,1
100,300,200
52,156,104
2,50,48
2,4,2
2,2,0
2,5,3
1,1,0
2,2,0
50,80,30
2,7,5
2,4,2
2,2,0
2,2,0
100,100,0
2,7,5
3,3,0
2,2,0
2,2,0
2,6,4
1,1,0
3,23,20
2,2,0
2,2,0
40,40,0
2,2,0
3,7,4
5,5,0
2,4,2
1,1,0
2,4,2
3,3,0
20,20,0
1,2,1
3,3,0
2,5,3
3,9,6
20,20,0
2,6,4
2,4,2
2,2,0
2,3,1
3,5,2
2,2,0
2,80,78
1,2,1
2,3,1
2,2,0
3,13,10
3,3,0
2,2,0
3,3,0
4,22,18
70,161,91
2,2,0
1,1,0
0,0,0
1,1,0
12,12,0
2,4,2
2,11,9
2,2,0
2,82,80
1,23,22
88,434,346
20,20,0
0,0,0
2,4,2
6,34,28
38,40,2
2,3,1
3,7,4
2,2,0
2,2,0
2,34,32
2,2,0
1,2,1
2,2,0
2,2,0
3,3,0
3,3,0
2,8,6
0,0,0
3,26,23
1,4,3
2,2,0
4,4,0
2,44,42
2,3,1
1,7,6
3,3,0
2,98,96
25,25,0
2,2,0
3,26,23
2,11,9
3,9,6
6,8,2
2,42,40
3,7,4
76,79,3
2,2,0
2,2,0
23,23,0
0,0,0
2,2,0
6,33,27
3,3,0
2,4,2
2,2,0
2,2,0
3,3,0
127,284,157
36,46,10
3,5,2
2,2,0
6,6,0
3,3,0
2,2,0
3,3,0
3,3,0
3,21,18
3,3,0
1,2,1
2,2,0
1,7,6
3,3,0
3,5,2
3,3,0
3,3,0
2,2,0
3,10,7
3,3,0
2,4,2
3,9,6
2,2,0
3,5,2
2,2,0
3,3,0
6,23,17
2,2,0
3,3,0
2,2,0
2,2,0
3,3,0
6,6,0
2,4,2
2,82,80
2,27,25
3,3,0
2,2,0
2,2,0
2,13,11
1,2,1
2,6,4
2,2,0
1,3,2
1,1,0
3,3,0
3,3,0
3,3,0
2,2,0
0,0,0
2,2,0
2,5,3
3,3,0
3,10,7
3,9,6
2,2,0
1,2,1
109,109,0
2,2,0
2,5,3
3,3,0
3,9,6
3,3,0
1,2,1
24,24,0
3,3,0
2,2,0
3,5,2
11,11,0
2,4,2
7,41,34
23,50,27
9,9,0
2,6,4
3,5,2
3,3,0
2,3,1
3,17,14
3,3,0
3,5,2
2,3,1
3,3,0
3,3,0
8,8,0
2,2,0
2,2,0
10,10,0
3,10,7
1,1,0
3,4,1
5,7,2
7,43,36
2,112,110
2,8,6
2,4,2
2,4,2
2,2,0
2,80,78
2,4,2
2,2,0
1,1,0
3,3,0
10,10,0
47,47,0
2,2,0
2,2,0
0,0,0
4,4,0
9,9,0
2,2,0
3,6,3
2,8,6
3,3,0
3,3,0
3,5,2
2,2,0
3,5,2
2,4,2
83,83,0
2,2,0
50,80,30
4,4,0
4,7,3
2,2,0
3,14,11
2,2,0
2,19,17
72,124,52
7,35,28
2,2,0
2,2,0
3,7,4
2,2,0
3,4,1
100,102,2
2,2,0
2,3,1
3,3,0
4,4,0
9,9,0
2,2,0
1,2,1
2,6,4
2,2,0
3,5,2
2,2,0
3,7,4
87,98,11
3,6,3
2,2,0
2,2,0
2,2,0
5,5,0
2,2,0
100,190,90
2,2,0
3,3,0
2,2,0
2,2,0
2,4,2
2,5,3
2,2,0
1,7,6
1,8,7
3,3,0
2,2,0
3,3,0
2,2,0
2,2,0
54,54,0
3,3,0
3,7,4
3,6,3
3,3,0
0,0,0
2,10,8
3,4,1
2,7,5
3,4,1
2,2,0
2,2,0
2,4,2
3,3,0
2,2,0
46,70,24
6,7,1
2,2,0
2,2,0
2,2,0
2,2,0
2,2,0
4,4,0
6,6,0
40,40,0
3,3,0
2,2,0
2,8,6
8,8,0
2,82,80
0,0,0
0,0,0
2,2,0
2,23,21
2,4,2
5,8,3
2,2,0
2,4,2
3,8,5
2,2,0
3,18,15
0,0,0
3,5,2
0,0,0
2,2,0
3,6,3
2,2,0
0,0,0
2,2,0
2,2,0
2,3,1
0,0,0
3,4,1
2,2,0
4,27,23
2,2,0
3,6,3
2,2,0
1,2,1
9,9,0
2,2,0
7,7,0
1,2,1
100,117,17
3,21,18
2,86,84
2,4,2
3,3,0
62,62,0
2,4,2
2,2,0
3,3,0
2,3,1
3,8,5
3,21,18
2,14,12
4,4,0
4,4,0
3,3,0
29,29,0
2,2,0
2,2,0
2,2,0
3,8,5
45,119,74
3,3,0
3,3,0
2,4,2
3,5,2
2,2,0
2,2,0
2,2,0
2,4,2
3,3,0
2,2,0
2,2,0
3,5,2
3,6,3
2,3,1
2,2,0
2,2,0
6,12,6
2,2,0
82,82,0
2,2,0
3,7,4
3,3,0
28,44,16
2,2,0
3,5,2
3,5,2
3,4,1
0,0,0
1,1,0
2,2,0
44,46,2
3,3,0
3,11,8
3,5,2
0,0,0
2,2,0
2,2,0
7,15,8
2,31,29
0,0,0
3,8,5
3,3,0
3,3,0
59,112,53
125,125,0
4,6,2
2,4,2
2,2,0
6,6,0
8,10,2
1,2,1
3,3,0
2,4,2
48,227,179
3,5,2
2,2,0
2,7,5
2,6,4
5,5,0
2,2,0
2,6,4
3,39,36
8,8,0
4,4,0
2,2,0
2,2,0
1,3,2
2,2,0
90,288,198
5,5,0
2,2,0
3,11,8
0,0,0
3,3,0
2,6,4
22,22,0
5,5,0
3,5,2
2,2,0
2,10,8
2,2,0
3,3,0
2,2,0
1,1,0
2,67,65
3,3,0
3,3,0
2,4,2
36,49,13
2,45,43
3,5,2
3,3,0
3,3,0
2,2,0
59,136,77
41,41,0
11,11,0
2,2,0
2,3,1
24,24,0
1,1,0
2,6,4
2,2,0
4,4,0
2,5,3
8,8,0
3,13,10
45,45,0
1,2,1
2,2,0
3,5,2
3,5,2
150,169,19
2,2,0
3,3,0
3,5,2
3,3,0
98,195,97
22,22,0
50,80,30
2,4,2
90,186,96
3,4,1
2,2,0
3,3,0
2,5,3
3,3,0
2,3,1
20,26,6
2,2,0
2,2,0
2,9,7
3,12,9
3,3,0
1,1,0
288,288,0
2,2,0
3,3,0
2,4,2
79,79,0
2,2,0
3,3,0
1,3,2
2,2,0
2,2,0
2,6,4
2,2,0
2,22,20
2,2,0
2,2,0
3,5,2
0,0,0
2,2,0
7,7,0
3,3,0
32,32,0
29,87,58
3,3,0
67,93,26
3,3,0
3,3,0
9,9,0
7,27,20
2,5,3
3,21,18
97,98,1
2,2,0
3,3,0
3,3,0
5,5,0
36,45,9
2,2,0
40,40,0
2,3,1
2,2,0
2,2,0
3,3,0
1,3,2
8,19,11
100,100,0
1,10,9
3,5,2
2,2,0
3,3,0
147,148,1
2,2,0
2,9,7
94,94,0
0,0,0
2,2,0
2,29,27
2,2,0
1,22,21
2,4,2
2,2,0
2,2,0
65,65,0
2,6,4
2,2,0
2,2,0
3,3,0
3,5,2
2,2,0
2,11,9
6,76,70
1,2,1
3,5,2
9,9,0
0,0,0
2,21,19
2,4,2
2,2,0
1,2,1
74,85,11
3,11,8
2,6,4
4,4,0
3,3,0
2,2,0
3,3,0
3,3,0
2,16,14
2,19,17
3,19,16
2,2,0
2,5,3
2,2,0
1,2,1
2,6,4
2,2,0
66,122,56
2,6,4
2,3,1
2,81,79
2,2,0
2,2,0
3,4,1
2,7,5
2,2,0
2,2,0
1,4,3
2,2,0
2,2,0
2,4,2
8,9,1
2,2,0
2,8,6
3,3,0
0,0,0
3,3,0
2,2,0
2,2,0
51,74,23
3,5,2
1,4,3
4,18,14
3,3,0
2,2,0
2,2,0
3,3,0
2,2,0
2,2,0
32,32,0
2,2,0
11,11,0
1,1,0
2,26,24
4,4,0
50,80,30
3,5,2
2,2,0
2,4,2
2,8,6
2,2,0
3,4,1
2,2,0
4,6,2
2,4,2
6,33,27
17,18,1
3,5,2
11,11,0
2,2,0
2,7,5
50,50,0
3,4,1
2,12,10
16,34,18
2,2,0
3,3,0
18,92,74
2,2,0
2,7,5
3,5,2
3,3,0
2,2,0
2,2,0
19,24,5
2,4,2
2,2,0
3,3,0
3,3,0
2,19,17
2,2,0
3,9,6
1,1,0
2,2,0
3,3,0
2,2,0
3,4,1
0,0,0
2,4,2
3,3,0
5,5,0
2,4,2
2,2,0
3,5,2
2,3,1
3,3,0
0,0,0
3,3,0
2,4,2
2,13,11
15,15,0
2,4,2
78,78,0
9,9,0
3,5,2
2,2,0
2,2,0
2,2,0
2,4,2
2,2,0
2,2,0
2,86,84
7,8,1
2,4,2
0,0,0
9,9,0
2,2,0
3,5,2
3,3,0
2,2,0
2,2,0
9,32,23
79,79,0
1,2,1
3,3,0
2,8,6
2,2,0
2,2,0
48,48,0
0,0,0
1,11,10
2,2,0
3,3,0
4,9,5
2,2,0
2,2,0
10,23,13
2,2,0
2,2,0
7,10,3
22,22,0
3,9,6
3,3,0
2,2,0
83,166,83
3,4,1
2,2,0
2,2,0
2,2,0
2,2,0
2,82,80
3,4,1
2,2,0
2,2,0
0,0,0
1,4,3
2,2,0
98,98,0
3,5,2
5,7,2
2,2,0
2,119,117
3,76,73
2,80,78
3,3,0
6,8,2
2,5,3
147,147,0
2,2,0
2,2,0
3,3,0
2,2,0
3,3,0
2,2,0
3,3,0
23,23,0
2,2,0
3,3,0
2,12,10
8,8,0
2,72,70
3,5,2
3,8,5
3,3,0
2,3,1
3,3,0
0,0,0
3,11,8
6,35,29
13,16,3
2,2,0
2,2,0
5,6,1
9,9,0
2,2,0
2,2,0
1,1,0
2,2,0
8,8,0
8,13,5
2,2,0
12,19,7
2,2,0
2,2,0
2,10,8
2,2,0
2,2,0
3,4,1
73,75,2
4,17,13
2,2,0
1,24,23
2,3,1
3,3,0
2,114,112
2,7,5
3,3,0
1,2,1
2,3,1
2,27,25
2,4,2
2,5,3
36,105,69
2,2,0
3,3,0
2,2,0
0,0,0
1,3,2
2,2,0
3,5,2
3,3,0
10,12,2
194,196,2
406,417,11
2,2,0
2,2,0
2,2,0
15,15,0
2,2,0
2,4,2
2,2,0
2,25,23
3,7,4
109,308,199
3,4,1
2,2,0
3,3,0
2,2,0
0,0,0
2,2,0
2,4,2
3,3,0
2,8,6
2,2,0
2,6,4
2,13,11
19,37,18
2,18,16
3,3,0
1,2,1
77,110,33
3,3,0
2,19,17
3,12,9
3,10,7
3,3,0
8,8,0
3,3,0
3,7,4
1,2,1
2,5,3
2,7,5
3,5,2
5,5,0
2,2,0
2,7,5
2,2,0
2,9,7
3,3,0
3,3,0
3,5,2
2,21,19
30,30,0
3,3,0
2,2,0
2,10,8
100,217,117
3,3,0
8,8,0
3,7,4
2,2,0
0,0,0
19,19,0
3,3,0
3,3,0
3,5,2
2,4,2
4,4,0
0,0,0
3,3,0
1,2,1
28,28,0
3,4,1
2,36,34
2,8,6
2,27,25
3,6,3
4,4,0
2,3,1
1,3,2
2,2,0
9,9,0
2,2,0
17,17,0
2,2,0
488,821,333
2,2,0
1,1,0
2,2,0
2,4,2
0,0,0
2,2,0
1,1,0
3,5,2
0,0,0
2,2,0
4,30,26
66,68,2
3,6,3
8,10,2
2,4,2
2,2,0
0,0,0
3,5,2
2,6,4
3,5,2
3,3,0
3,5,2
2,2,0
2,2,0
2,2,0
3,3,0
2,2,0
2,2,0
2,2,0
3,5,2
3,3,0
5,9,4
2,2,0
2,8,6
3,9,6
2,43,41
3,13,10
2,2,0
100,109,9
1,3,2
3,3,0
32,34,2
0,0,0
3,3,0
2,2,0
2,4,2
2,2,0
2,2,0
2,10,8
2,2,0
2,5,3
3,3,0
2,2,0
2,2,0
2,9,7
2,2,0
3,5,2
8,8,0
2,2,0
2,2,0
5,5,0
2,2,0
51,52,1
8,8,0
3,5,2
2,2,0
2,8,6
12,21,9
2,4,2
3,3,0
2,2,0
10,10,0
0,0,0
2,2,0
6,12,6
11,11,0
3,3,0
2,2,0
2,2,0
3,3,0
2,2,0
2,10,8
2,2,0
3,3,0
2,4,2
8,8,0
2,2,0
3,10,7
3,5,2
2,4,2
2,2,0
102,144,42
3,5,2
16,16,0
2,2,0
2,3,1
0,0,0
5,5,0
3,4,1
2,2,0
88,91,3
3,5,2
3,3,0
10,10,0
2,2,0
2,2,0
3,3,0
8,8,0
2,2,0
2,2,0
75,77,2
5,7,2
6,8,2
2,8,6
2,2,0
3,3,0
2,2,0
3,3,0
0,0,0
3,3,0
2,2,0
0,0,0
3,3,0
9,9,0
2,2,0
2,5,3
0,0,0
2,2,0
3,5,2
2,2,0
3,6,3
3,5,2
2,4,2
2,2,0
3,3,0
2,2,0
16,25,9
2,6,4
3,3,0
3,3,0
5,6,1
3,5,2
2,9,7
0,0,0
2,2,0
3,3,0
2,2,0
2,2,0
3,5,2
57,57,0
2,2,0
2,2,0
22,22,0
1,10,9
2,9,7
94,94,0
0,0,0
3,3,0
0,0,0
2,2,0
3,3,0
9,11,2
34,34,0
2,16,14
3,22,19
2,8,6
2,2,0
2,2,0
8,8,0
6,10,4
2,2,0
1,1,0
2,16,14
2,3,1
3,4,1
1,3,2
2,9,7
3,16,13
2,9,7
3,3,0
2,2,0
1,2,1
2,12,10
2,14,12
9,12,3
2,80,78
2,2,0
1,40,39
6,8,2
1,1,0
2,2,0
2,8,6
2,2,0
3,5,2
2,2,0
2,10,8
34,34,0
2,2,0
2,2,0
2,4,2
3,3,0
2,5,3
2,2,0
2,28,26
2,18,16
3,3,0
3,3,0
3,4,1
2,2,0
2,2,0
1,8,7
2,2,0
2,2,0
2,3,1
10,20,10
2,5,3
2,5,3
2,9,7
3,3,0
6,6,0
4,61,57
2,2,0
3,3,0
2,2,0
3,3,0
2,2,0
3,3,0
3,12,9
2,4,2
20,20,0
2,5,3
2,2,0
0,0,0
2,4,2
2,2,0
3,11,8
2,2,0
3,9,6
0,0,0
2,3,1
2,2,0
1,3,2
2,2,0
2,2,0
2,2,0
3,7,4
2,2,0
2,2,0
3,3,0
4,8,4
3,7,4
0,0,0
0,0,0
3,5,2
2,2,0
83,83,0
3,3,0
2,4,2
23,130,107
1,158,157
2,2,0
2,2,0
3,3,0
3,11,8
2,28,26
2,2,0
2,2,0
3,5,2
6,6,0
6,18,12
2,4,2
2,2,0
2,2,0
2,8,6
3,7,4
2,2,0
1,32,31
2,8,6
3,13,10
2,4,2
2,2,0
3,3,0
2,25,23
2,2,0
2,2,0
2,3,1
1,2,1
0,0,0
2,5,3
98,98,0
3,3,0
2,2,0
11,12,1
2,3,1
3,3,0
1,2,1
3,3,0
2,2,0
2,2,0
3,3,0
3,7,4
0,0,0
10,12,2
1,16,15
1,1,0
3,5,2
2,2,0
2,8,6
2,2,0
9,9,0
2,2,0
3,35,32
1,7,6
1,2,1
3,3,0
3,6,3
2,2,0
2,2,0
3,4,1
2,2,0
2,50,48
5,32,27
2,2,0
3,3,0
2,2,0
2,2,0
5,5,0
2,12,10
1,4,3
3,3,0
7,7,0
10,10,0
8,9,1
1,1,0
3,11,8
2,2,0
2,2,0
24,28,4
2,2,0
2,4,2
9,9,0
2,2,0
3,3,0
2,2,0
2,10,8
0,0,0
2,2,0
1,1,0
1,3,2
2,2,0
2,2,0
2,2,0
1,3,2
8,8,0
3,12,9
2,12,10
2,2,0
15,15,0
5,15,10
3,3,0
2,2,0
2,2,0
16,16,0
1,25,24
3,7,4
2,2,0
2,7,5
1,8,7
6,8,2
3,5,2
2,2,0
107,107,0
34,34,0
2,37,35
3,4,1
2,2,0
2,2,0
1,1,0
2,4,2
2,6,4
2,2,0
2,2,0
3,4,1
1,3,2
2,4,2
2,2,0
3,5,2
2,4,2
1,2,1
56,172,116
3,3,0
2,4,2
3,3,0
2,2,0
0,0,0
2,12,10
2,2,0
2,4,2
2,4,2
0,0,0
2,2,0
3,3,0
3,3,0
97,97,0
1,4,3
2,4,2
49,49,0
1,1,0
2,4,2
2,2,0
80,80,0
1,1,0
2,2,0
1,1,0
2,2,0
51,101,50
100,101,1
3,10,7
3,3,0
3,3,0
3,3,0
4,4,0
3,4,1
1,3,2
2,2,0
2,71,69
2,2,0
4,12,8
2,2,0
3,7,4
2,2,0
2,2,0
16,19,3
2,9,7
2,8,6
2,2,0
3,11,8
2,2,0
2,2,0
1,52,51
51,51,0
2,2,0
1,8,7
3,3,0
1,1,0
235,282,47
3,5,2
3,3,0
1,2,1
9,9,0
2,2,0
2,15,13
2,2,0
0,0,0
2,6,4
3,3,0
2,5,3
2,2,0
2,20,18
6,10,4
2,2,0
3,3,0
5,5,0
2,2,0
87,132,45
2,2,0
3,3,0
0,0,0
2,9,7
2,2,0
2,2,0
2,2,0
2,4,2
2,2,0
2,2,0
3,3,0
2,2,0
0,0,0
59,61,2
10,12,2
3,3,0
1,2,1
1,3,2
10,10,0
3,3,0
3,9,6
3,3,0
3,5,2
2,10,8
3,3,0
2,2,0
2,2,0
2,16,14
2,2,0
3,7,4
2,2,0
2,26,24
2,2,0
1,4,3
2,4,2
2,10,8
3,5,2
1,8,7
2,2,0
0,0,0
46,54,8
2,20,18
2,4,2
7,17,10
2,45,43
2,2,0
3,5,2
2,3,1
1,1,0
88,99,11
5,5,0
2,6,4
2,45,43
14,14,0
3,3,0
2,35,33
3,28,25
0,0,0
1,13,12
3,3,0
2,2,0
3,5,2
2,7,5
2,2,0
72,186,114
160,162,2
2,2,0
62,62,0
2,2,0
6,6,0
2,15,13
3,3,0
9,9,0
42,42,0
1,6,5
3,6,3
15,15,0
3,19,16
2,2,0
3,3,0
2,2,0
2,4,2
2,4,2
4,6,2
2,2,0
1,27,26
2,2,0
3,3,0
2,2,0
4,4,0
3,3,0
3,5,2
2,2,0
3,6,3
9,9,0
2,2,0
2,6,4
3,4,1
2,2,0
1,25,24
3,5,2
3,3,0
3,5,2
2,2,0
2,2,0
1,22,21
0,0,0
6,6,0
3,3,0
2,2,0
1,1,0
2,2,0
3,6,3
4,27,23
12,12,0
2,2,0
3,3,0
2,2,0
1,8,7
2,2,0
2,106,104
2,2,0
16,24,8
2,4,2
3,5,2
2,2,0
1,18,17
2,4,2
10,10,0
2,7,5
2,12,10
58,58,0
2,12,10
2,2,0
1,54,53
1,2,1
3,5,2
3,5,2
2,2,0
1,2,1
3,12,9
3,4,1
100,100,0
1,6,5
2,2,0
2,8,6
2,4,2
2,41,39
24,53,29
1,12,11
3,3,0
4,30,26
3,3,0
20,20,0
2,2,0
2,4,2
3,3,0
3,3,0
2,6,4
2,2,0
2,2,0
6,84,78
79,79,0
1,2,1
3,8,5
1,1,0
2,2,0
22,22,0
85,85,0
2,2,0
17,17,0
2,6,4
8,9,1
3,3,0
2,2,0
3,3,0
2,2,0
2,2,0
6,10,4
3,3,0
2,2,0
36,36,0
87,89,2
2,2,0
2,11,9
0,0,0
2,2,0
0,0,0
2,2,0
2,2,0
4,8,4
2,5,3
3,3,0
2,2,0
2,2,0
2,21,19
1,2,1
1,1,0
6,10,4
2,16,14
3,3,0
2,2,0
2,2,0
0,0,0
2,4,2
3,3,0
2,6,4
2,2,0
3,21,18
2,2,0
94,103,9
2,4,2
2,2,0
0,0,0
3,7,4
3,3,0
4,5,1
0,0,0
2,2,0
3,3,0
100,190,90
5,5,0
2,2,0
3,3,0
2,2,0
2,4,2
0,0,0
2,4,2
1,2,1
1,2,1
3,13,10
3,3,0
0,0,0
1,1,0
58,58,0
2,2,0
2,2,0
3,3,0
5,5,0
2,9,7
3,5,2
21,21,0
3,3,0
2,2,0
100,100,0
6,35,29
2,2,0
8,8,0
2,10,8
6,36,30
2,4,2
2,2,0
4,4,0
2,2,0
2,2,0
1,1,0
2,2,0
2,2,0
97,154,57
2,4,2
2,2,0
3,5,2
2,2,0
3,5,2
2,3,1
2,25,23
1,1,0
1,24,23
3,13,10
2,14,12
2,5,3
3,8,5
2,2,0
1,9,8
2,2,0
3,13,10
3,7,4
2,2,0
3,3,0
3,3,0
60,60,0
2,2,0
2,4,2
2,2,0
2,2,0
2,15,13
2,2,0
60,60,0
2,4,2
2,12,10
2,2,0
2,6,4
62,62,0
3,6,3
1,4,3
2,2,0
3,3,0
2,4,2
2,4,2
4,4,0
3,3,0
406,423,17
2,2,0
2,2,0
3,3,0
2,2,0
18,24,6
3,3,0
3,3,0
2,28,26
0,0,0
3,3,0
2,4,2
12,12,0
2,2,0
4,4,0
2,4,2
8,8,0
3,3,0
2,4,2
69,69,0
46,46,0
2,2,0
3,3,0
2,2,0
3,3,0
2,6,4
3,3,0
2,4,2
2,2,0
2,5,3
2,2,0
3,5,2
2,12,10
3,3,0
2,2,0
51,51,0
28,38,10
2,12,10
3,3,0
7,37,30
3,6,3
2,80,78
2,2,0
3,3,0
3,3,0
2,2,0
2,2,0
2,2,0
21,23,2
3,3,0
3,5,2
2,2,0
25,25,0
2,8,6
2,4,2
2,2,0
3,9,6
37,40,3
0,0,0
3,5,2
3,3,0
2,6,4
2,2,0
1,1,0
2,2,0
3,3,0
2,2,0
2,2,0
2,2,0
2,2,0
66,66,0
1,1,0
2,82,80
2,2,0
2,2,0
0,0,0
0,0,0
2,2,0
2,56,54
0,0,0
4,6,2
1,2,1
98,218,120
3,3,0
2,2,0
2,2,0
2,2,0
1,1,0
2,2,0
2,2,0
2,23,21
54,54,0
3,3,0
9,9,0
3,3,0
4,6,2
2,2,0
3,5,2
3,3,0
4,4,0
2,2,0
1,3,2
0,0,0
1,1,0
3,3,0
10,37,27
6,10,4
2,2,0
4,4,0
2,2,0
3,3,0
2,2,0
3,3,0
1,1,0
68,68,0
2,2,0
3,16,13
39,39,0
2,2,0
675,678,3
7,12,5
2,7,5
81,81,0
0,0,0
20,20,0
2,8,6
80,93,13
2,2,0
6,122,116
2,2,0
1,1,0
3,5,2
2,38,36
2,3,1
89,91,2
2,2,0
3,3,0
2,2,0
1,1,0
1,25,24
2,4,2
10,12,2
2,2,0
8,8,0
2,2,0
2,6,4
1,15,14
8,8,0
3,23,20
98,98,0
4,6,2
3,3,0
3,7,4
3,3,0
3,10,7
2,2,0
2,4,2
2,3,1
2,3,1
12,12,0
3,3,0
3,9,6
3,5,2
2,2,0
80,80,0
2,2,0
1,8,7
0,0,0
1,3,2
3,6,3
2,2,0
8,8,0
3,5,2
2,4,2
1,1,0
51,53,2
2,2,0
3,5,2
2,3,1
3,3,0
2,11,9
2,70,68
3,3,0
2,2,0
5,5,0
3,3,0
3,3,0
2,2,0
2,3,1
74,74,0
3,3,0
2,2,0
100,100,0
2,2,0
2,6,4
3,6,3
2,4,2
2,3,1
2,2,0
2,2,0
2,4,2
2,6,4
2,2,0
3,7,4
3,7,4
98,204,106
59,134,75
2,4,2
3,6,3
2,2,0
2,4,2
2,11,9
2,2,0
9,9,0
3,3,0
3,5,2
2,2,0
3,3,0
20,20,0
3,4,1
2,2,0
2,80,78
113,113,0
3,3,0
2,16,14
3,10,7
3,3,0
2,2,0
2,19,17
3,4,1
6,11,5
2,6,4
2,2,0
250,252,2
2,2,0
3,3,0
2,2,0
2,2,0
1,7,6
3,5,2
2,2,0
3,7,4
3,3,0
3,3,0
1,11,10
3,5,2
3,8,5
2,2,0
3,3,0
2,2,0
73,73,0
8,24,16
2,2,0
1,2,1
5,5,0
2,2,0
46,61,15
2,2,0
3,3,0
1,2,1
3,3,0
2,23,21
2,80,78
14,14,0
1,1,0
2,2,0
2,2,0
2,4,2
3,7,4
3,5,2
4,8,4
10,10,0
2,5,3
2,4,2
4,4,0
3,3,0
2,2,0
3,3,0
3,14,11
2,2,0
2,2,0
2,2,0
2,2,0
3,3,0
2,2,0
3,3,0
2,2,0
6,6,0
1,2,1
1,2,1
1,7,6
1,3,2
4,5,1
2,2,0
3,5,2
2,2,0
5,5,0
2,2,0
2,2,0
6,6,0
3,3,0
2,14,12
3,3,0
2,2,0
5,6,1
2,2,0
2,7,5
5,5,0
0,0,0
3,3,0
3,7,4
6,18,12
0,0,0
8,8,0
2,3,1
3,5,2
1,2,1
2,2,0
2,26,24
3,46,43
2,2,0
38,80,42
3,5,2
2,2,0
3,3,0
2,2,0
3,13,10
8,8,0
2,2,0
2,2,0
2,77,75
3,3,0
3,3,0
2,2,0
7,8,1
0,0,0
3,3,0
1,2,1
4,5,1
2,2,0
1,3,2
3,3,0
2,6,4
2,2,0
2,24,22
2,60,58
3,3,0
2,11,9
3,3,0
2,2,0
2,2,0
3,3,0
9,9,0
2,4,2
2,10,8
2,2,0
3,16,13
2,2,0
3,77,74
2,3,1
2,2,0
1,2,1
2,4,2
0,0,0
3,5,2
3,3,0
2,22,20
3,6,3
4,4,0
2,2,0
5,5,0
3,6,3
2,13,11
66,77,11
1,2,1
3,3,0
23,44,21
21,23,2
23,25,2
2,4,2
2,22,20
3,11,8
1,9,8
2,4,2
0,0,0
2,2,0
3,3,0
2,4,2
2,2,0
2,9,7
3,3,0
2,2,0
0,0,0
2,2,0
2,2,0
3,7,4
0,0,0
3,5,2
2,2,0
2,2,0
3,3,0
2,6,4
12,23,11
2,10,8
2,4,2
2,4,2
2,2,0
2,2,0
2,2,0
2,2,0
0,0,0
2,8,6
80,84,4
2,119,117
2,2,0
1,25,24
5,14,9
3,3,0
98,109,11
2,2,0
52,52,0
3,5,2
2,2,0
6,6,0
2,2,0
3,11,8
2,2,0
0,0,0
3,9,6
4,4,0
2,4,2
2,2,0
2,2,0
2,114,112
50,51,1
2,2,0
3,5,2
3,4,1
2,4,2
2,8,6
1,3,2
2,2,0
2,4,2
2,2,0
474,1022,548
2,2,0
3,3,0
3,3,0
74,75,1
3,3,0
2,3,1
2,4,2
2,4,2
43,43,0
2,6,4
3,4,1
2,2,0
3,5,2
5,5,0
3,3,0
3,7,4
2,2,0
2,4,2
2,2,0
2,2,0
4,10,6
3,5,2
3,3,0
2,2,0
3,8,5
2,4,2
47,97,50
0,0,0
2,2,0
2,2,0
2,2,0
3,3,0
2,2,0
2,2,0
98,109,11
2,2,0
3,3,0
3,9,6
0,0,0
2,34,32
10,16,6
18,18,0
2,15,13
2,4,2
2,2,0
4,4,0
1,2,1
3,3,0
2,2,0
2,2,0
1,3,2
2,2,0
15,24,9
2,2,0
2,4,2
9,9,0
36,49,13
3,18,15
147,147,0
2,2,0
13,13,0
1,3,2
2,7,5
2,2,0
3,3,0
2,4,2
2,2,0
2,9,7
2,61,59
3,3,0
2,16,14
2,2,0
2,2,0
2,4,2
3,7,4
9,9,0
2,2,0
3,5,2
2,2,0
2,4,2
2,2,0
2,3,1
2,4,2
2,3,1
2,2,0
2,2,0
3,20,17
3,3,0
3,11,8
2,2,0
2,2,0
2,5,3
2,2,0
3,3,0
10,10,0
2,2,0
0,0,0
2,9,7
2,3,1
3,3,0
10,10,0
2,2,0
2,6,4
2,16,14
4,9,5
5,7,2
0,0,0
2,2,0
1,4,3
0,0,0
6,35,29
8,220,212
2,4,2
2,6,4
3,10,7
10,10,0
3,3,0
0,0,0
3,3,0
2,2,0
2,2,0
2,2,0
3,3,0
2,2,0
2,2,0
2,7,5
2,2,0
2,2,0
3,5,2
2,5,3
2,2,0
3,3,0
2,2,0
3,3,0
1,27,26
2,2,0
2,2,0
2,2,0
2,2,0
1,4,3
2,2,0
0,0,0
1,2,1
2,27,25
2,2,0
13,14,1
1,23,22
2,4,2
2,2,0
2,2,0
2,4,2
0,0,0
2,2,0
2,3,1
2,5,3
2,80,78
2,3,1
2,4,2
0,0,0
106,106,0
2,4,2
1,3,2
3,7,4
2,2,0
3,3,0
2,2,0
106,109,3
6,6,0
46,46,0
2,4,2
2,2,0
3,3,0
9,18,9
51,51,0
2,2,0
3,9,6
2,4,2
3,5,2
3,8,5
2,6,4
2,6,4
40,61,21
2,2,0
3,3,0
2,4,2
2,4,2
2,6,4
0,0,0
3,5,2
0,0,0
240,241,1
2,11,9
2,2,0
2,45,43
3,4,1
2,2,0
3,6,3
89,176,87
75,126,51
2,2,0
3,5,2
4,6,2
2,4,2
2,3,1
3,3,0
0,0,0
2,2,0
3,3,0
2,2,0
3,3,0
0,0,0
2,2,0
2,2,0
2,2,0
1,4,3
3,3,0
2,8,6
1,2,1
2,2,0
2,2,0
8,9,1
3,5,2
2,2,0
2,4,2
9,9,0
2,2,0
1,2,1
2,2,0
2,2,0
4,6,2
3,3,0
2,5,3
4,4,0
3,3,0
3,5,2
3,23,20
2,12,10
3,4,1
0,0,0
2,2,0
3,10,7
3,5,2
2,2,0
17,17,0
6,15,9
3,5,2
4,4,0
1,66,65
2,4,2
4,15,11
3,3,0
2,4,2
2,4,2
2,4,2
90,271,181
2,4,2
2,2,0
2,2,0
2,2,0
12,12,0
3,4,1
3,7,4
3,11,8
3,5,2
3,3,0
3,9,6
85,85,0
7,7,0
2,97,95
3,7,4
3,3,0
14,14,0
3,5,2
2,2,0
20,85,65
3,3,0
8,16,8
2,2,0
2,2,0
3,3,0
2,2,0
11,11,0
3,5,2
2,5,3
2,2,0
58,67,9
2,2,0
2,2,0
3,6,3
3,5,2
65,65,0
3,3,0
3,5,2
1,2,1
2,2,0
2,2,0
2,2,0
406,417,11
2,2,0
2,84,82
42,42,0
3,3,0
2,2,0
3,3,0
3,4,1
2,2,0
2,2,0
2,4,2
3,3,0
0,0,0
4,4,0
2,2,0
0,0,0
1,85,84
2,4,2
3,7,4
1,44,43
2,4,2
2,4,2
3,3,0
2,2,0
2,12,10
3,9,6
4,6,2
2,2,0
2,2,0
11,13,2
4,4,0
3,9,6
3,3,0
2,4,2
3,3,0
3,10,7
3,3,0
2,2,0
3,12,9
3,7,4
2,2,0
2,2,0
9,9,0
14,14,0
3,3,0
3,11,8
2,2,0
3,11,8
2,2,0
2,18,16
27,31,4
3,3,0
2,2,0
2,2,0
3,11,8
3,3,0
3,3,0
2,12,10
4,13,9
2,4,2
1,1,0
2,2,0
2,16,14
9,21,12
3,5,2
3,9,6
0,0,0
2,2,0
2,4,2
51,53,2
2,4,2
3,3,0
1,2,1
2,136,134
2,2,0
2,2,0
3,5,2
3,5,2
1,19,18
2,22,20
2,4,2
3,3,0
2,19,17
3,10,7
3,3,0
147,147,0
2,15,13
3,3,0
100,100,0
3,3,0
5,83,78
0,0,0
2,2,0
2,4,2
89,89,0
1,3,2
3,3,0
2,2,0
2,2,0
2,2,0
2,3,1
2,4,2
3,9,6
28,30,2
3,8,5
0,0,0
2,8,6
2,5,3
2,2,0
2,2,0
2,2,0
2,2,0
2,11,9
3,5,2
2,2,0
3,3,0
9,9,0
2,5,3
2,6,4
2,2,0
62,360,298
6,6,0
2,2,0
8,8,0
2,3,1
3,3,0
0,0,0
3,12,9
2,4,2
2,5,3
2,2,0
2,2,0
3,3,0
3,3,0
10,22,12
3,3,0
2,2,0
3,7,4
3,9,6
2,2,0
3,3,0
2,2,0
2,2,0
6,6,0
2,8,6
1,4,3
2,2,0
1,4,3
2,4,2
2,2,0
8,8,0
2,2,0
0,0,0
0,0,0
12,16,4
2,2,0
3,10,7
2,62,60
62,62,0
3,3,0
0,0,0
1,7,6
2,2,0
2,5,3
2,2,0
3,5,2
2,2,0
2,8,6
2,2,0
2,2,0
2,2,0
2,16,14
24,28,4
3,7,4
2,2,0
3,3,0
1,2,1
2,2,0
3,3,0
2,2,0
6,7,1
3,3,0
2,45,43
2,2,0
21,21,0
2,2,0
2,2,0
4,5,1
3,3,0
48,53,5
3,3,0
80,84,4
0,0,0
2,2,0
11,11,0
80,84,4
2,38,36
2,4,2
3,3,0
2,2,0
3,5,2
3,4,1
53,122,69
0,0,0
3,5,2
19,19,0
2,4,2
3,15,12
3,3,0
0,0,0
3,3,0
40,45,5
2,4,2
2,2,0
0,0,0
3,19,16
2,2,0
2,2,0
2,2,0
4,4,0
47,47,0
24,51,27
3,3,0
2,3,1
3,21,18
29,29,0
3,7,4
2,3,1
5,6,1
139,216,77
2,36,34
4,34,30
12,20,8
1,2,1
2,2,0
2,3,1
4,4,0
2,7,5
2,4,2
3,3,0
3,7,4
6,6,0
2,2,0
107,107,0
0,0,0
2,2,0
3,5,2
2,2,0
2,9,7
2,12,10
2,2,0
0,0,0
2,3,1
2,2,0
2,10,8
2,5,3
2,8,6
2,8,6
2,4,2
3,5,2
1,1,0
3,3,0
3,10,7
0,0,0
1,1,0
2,2,0
2,23,21
1,3,2
2,4,2
0,0,0
4,4,0
3,7,4
3,3,0
2,2,0
2,2,0
6,18,12
3,9,6
2,2,0
1,1,0
3,5,2
2,2,0
3,3,0
2,2,0
5,8,3
2,26,24
1,2,1
2,2,0
2,7,5
2,2,0
3,3,0
2,2,0
2,2,0
2,2,0
3,28,25
8,8,0
2,4,2
0,0,0
3,3,0
2,2,0
3,6,3
2,4,2
51,51,0
2,2,0
2,15,13
2,2,0
3,20,17
2,4,2
87,87,0
5,7,2
6,7,1
2,2,0
2,2,0
1,1,0
1,1,0
3,3,0
2,10,8
3,3,0
3,11,8
3,3,0
2,2,0
0,0,0
1,1,0
1,1,0
8,8,0
9,9,0
2,2,0
1,2,1
2,3,1
1,1,0
7,7,0
3,3,0
3,3,0
2,3,1
3,8,5
2,5,3
2,2,0
6,12,6
0,0,0
9,30,21
2,2,0
3,14,11
2,2,0
2,2,0
3,7,4
3,9,6
3,7,4
2,2,0
2,2,0
2,2,0
2,2,0
2,4,2
5,9,4
3,3,0
3,5,2
50,80,30
3,3,0
2,16,14
2,3,1
3,5,2
10,10,0
3,3,0
1,2,1
2,2,0
2,2,0
2,2,0
1,2,1
3,5,2
2,3,1
45,46,1
3,5,2
3,6,3
3,3,0
2,16,14
0,0,0
0,0,0
2,2,0
3,3,0
2,2,0
1,6,5
3,6,3
4,4,0
1,245,244
147,147,0
2,2,0
1,2,1
2,5,3
1,2,1
33,33,0
0,0,0
3,3,0
2,5,3
22,22,0
62,130,68
3,3,0
3,3,0
2,14,12
2,6,4
2,4,2
0,0,0
9,9,0
91,100,9
2,2,0
2,4,2
6,12,6
2,2,0
3,9,6
1,1,0
0,0,0
2,4,2
2,2,0
3,3,0
1,7,6
2,2,0
1,3,2
2,2,0
2,2,0
2,6,4
2,2,0
406,417,11
5,5,0
3,3,0
2,2,0
2,2,0
3,4,1
2,4,2
2,2,0
3,3,0
2,2,0
2,2,0
6,8,2
2,2,0
2,16,14
4,9,5
3,3,0
19,19,0
3,7,4
9,23,14
10,10,0
2,2,0
2,4,2
0,0,0
2,2,0
3,3,0
2,2,0
3,3,0
3,5,2
3,3,0
9,9,0
2,2,0
3,7,4
2,2,0
3,3,0
2,2,0
2,8,6
3,35,32
1,2,1
10,10,0
0,0,0
3,3,0
2,2,0
0,0,0
2,6,4
3,5,2
0,0,0
1,3,2
2,4,2
2,21,19
2,2,0
2,3,1
1,3,2
2,34,32
2,4,2
43,43,0
3,3,0
2,2,0
106,202,96
3,3,0
1,1,0
2,207,205
2,2,0
1,2,1
2,2,0
2,85,83
3,7,4
2,2,0
3,12,9
2,4,2
3,5,2
2,2,0
2,2,0
2,2,0
2,2,0
2,26,24
2,6,4
1,1,0
28,56,28
2,2,0
1,2,1
2,4,2
2,2,0
0,0,0
3,3,0
0,0,0
3,3,0
25,25,0
2,2,0
27,27,0
2,3,1
2,2,0
3,15,12
68,68,0
3,3,0
1,1,0
81,205,124
2,2,0
1,3,2
2,2,0
1,11,10
2,5,3
3,9,6
2,2,0
2,3,1
2,4,2
3,3,0
2,2,0
2,2,0
3,10,7
1,1,0
3,3,0
2,2,0
0,0,0
3,3,0
1,4,3
2,2,0
2,2,0
0,0,0
2,2,0
2,2,0
2,2,0
3,14,11
2,3,1
77,77,0
3,3,0
154,157,3
2,4,2
8,8,0
2,6,4
2,2,0
1,28,27
2,5,3
2,2,0
2,2,0
3,3,0
2,2,0
0,0,0
72,72,0
2,2,0
3,3,0
28,28,0
0,0,0
2,4,2
3,3,0
2,2,0
1,2,1
1,3,2
105,379,274
2,4,2
2,3,1
3,3,0
4,13,9
0,0,0
93,110,17
3,3,0
0,0,0
2,3,1
2,2,0
2,2,0
2,3,1
2,22,20
13,35,22
3,3,0
19,19,0
2,2,0
2,2,0
12,13,1
3,3,0
2,2,0
3,3,0
2,2,0
2,24,22
22,28,6
1,1,0
2,2,0
3,4,1
3,4,1
3,4,1
2,2,0
2,2,0
0,0,0
2,2,0
2,2,0
3,3,0
0,0,0
2,2,0
2,2,0
2,6,4
3,5,2
2,11,9
2,2,0
2,4,2
2,47,45
0,0,0
3,3,0
2,4,2
3,3,0
3,3,0
2,37,35
2,2,0
3,20,17
2,2,0
2,9,7
0,0,0
4,5,1
3,3,0
2,2,0
2,2,0
2,2,0
3,3,0
2,2,0
2,2,0
2,4,2
3,10,7
1,9,8
8,10,2
3,3,0
2,2,0
100,147,47
98,234,136
2,4,2
1,7,6
2,2,0
2,6,4
0,0,0
2,5,3
4,8,4
3,24,21
4,26,22
2,2,0
2,146,144
2,6,4
2,2,0
1,1,0
3,7,4
2,2,0
2,90,88
1,5,4
2,10,8
2,2,0
3,3,0
0,0,0
5,5,0
1,3,2
2,2,0
2,6,4
2,3,1
2,4,2
2,2,0
3,14,11
45,61,16
2,4,2
2,3,1
2,5,3
2,2,0
3,3,0
2,2,0
2,2,0
22,23,1
96,134,38
2,2,0
2,2,0
2,2,0
3,3,0
1,2,1
2,2,0
2,6,4
0,0,0
7,7,0
2,4,2
2,2,0
4,4,0
2,14,12
2,2,0
3,11,8
3,3,0
2,2,0
2,2,0
2,2,0
1,8,7
16,16,0
2,2,0
2,4,2
2,2,0
2,2,0
2,2,0
9,12,3
2,2,0
3,3,0
90,100,10
3,3,0
2,2,0
2,4,2
2,13,11
2,2,0
3,5,2
3,3,0
2,2,0
1,26,25
2,8,6
3,3,0
3,5,2
6,6,0
2,2,0
3,3,0
3,3,0
2,2,0
2,4,2
2,5,3
17,31,14
3,3,0
2,2,0
100,177,77
2,3,1
3,3,0
2,2,0
23,73,50
8,8,0
2,2,0
2,4,2
3,7,4
2,3,1
3,3,0
2,2,0
406,417,11
1,2,1
0,0,0
2,2,0
2,2,0
2,2,0
2,21,19
2,2,0
2,74,72
0,0,0
2,2,0
2,10,8
5,5,0
3,3,0
2,2,0
2,3,1
2,2,0
2,2,0
2,2,0
2,2,0
2,3,1
1,7,6
2,2,0
2,3,1
7,13,6
2,15,13
54,54,0
3,3,0
2,5,3
3,3,0
3,34,31
2,2,0
3,19,16
18,18,0
2,4,2
2,5,3
2,2,0
91,91,0
3,3,0
3,9,6
2,2,0
52,144,92
0,0,0
2,2,0
135,140,5
2,6,4
100,104,4
3,3,0
4,4,0
1,1,0
1,14,13
3,3,0
4,4,0
2,8,6
2,2,0
49,49,0
2,27,25
10,10,0
49,49,0
9,9,0
2,2,0
2,4,2
2,73,71
2,2,0
2,2,0
0,0,0
20,20,0
2,2,0
2,2,0
3,3,0
16,16,0
3,3,0
78,158,80
3,5,2
3,43,40
2,4,2
2,15,13
0,0,0
2,12,10
4,4,0
1,5,4
2,9,7
2,7,5
8,8,0
0,0,0
2,2,0
3,3,0
7,7,0
1,1,0
3,5,2
81,81,0
3,5,2
13,13,0
0,0,0
0,0,0
0,0,0
3,3,0
2,9,7
2,3,1
21,21,0
3,3,0
8,12,4
3,5,2
1,3,2
2,2,0
3,3,0
3,3,0
3,5,2
3,9,6
0,0,0
3,4,1
2,2,0
1,1,0
2,2,0
2,2,0
2,2,0
2,2,0
2,4,2
3,5,2
0,0,0
1,1,0
2,6,4
1,6,5
2,2,0
2,4,2
64,64,0
3,13,10
81,81,0
3,3,0
3,3,0
76,166,90
2,124,122
3,7,4
2,2,0
3,3,0
9,12,3
2,2,0
2,2,0
1,1,0
0,0,0
2,2,0
3,3,0
1,3,2
1,2,1
3,8,5
3,3,0
1,6,5
3,5,2
4,4,0
2,2,0
2,3,1
3,3,0
98,98,0
2,2,0
2,2,0
2,2,0
2,4,2
3,7,4
1,2,1
3,5,2
3,18,15
2,2,0
2,2,0
28,35,7
2,2,0
2,2,0
66,66,0
7,7,0
10,19,9
3,6,3
1,1,0
2,4,2
2,29,27
14,14,0
2,2,0
3,7,4
1,78,77
17,18,1
0,0,0
3,3,0
1,4,3
2,2,0
2,17,15
2,2,0
2,3,1
1,1,0
3,4,1
9,9,0
2,5,3
3,3,0
2,10,8
0,0,0
2,3,1
2,2,0
3,3,0
3,3,0
8,8,0
10,10,0
1,3,2
474,1761,1287
2,2,0
3,5,2
2,3,1
2,4,2
9,9,0
3,5,2
1,21,20
2,2,0
2,2,0
57,73,16
0,0,0
39,43,4
2,4,2
2,28,26
0,0,0
4,12,8
28,28,0
3,9,6
2,2,0
8,24,16
2,22,20
2,2,0
2,2,0
3,5,2
3,3,0
3,3,0
9,9,0
2,2,0
2,2,0
30,30,0
1,60,59
2,4,2
2,2,0
2,5,3
2,32,30
2,2,0
2,2,0
1,6,5
3,3,0
3,11,8
2,8,6
1,16,15
3,5,2
2,8,6
1,1,0
2,2,0
3,5,2
2,2,0
2,2,0
60,82,22
56,56,0
74,357,283
1,1,0
2,2,0
2,2,0
0,0,0
1,2,1
3,3,0
3,7,4
2,2,0
2,2,0
5,12,7
11,11,0
3,17,14
10,10,0
2,8,6
2,5,3
2,21,19
3,3,0
1,1,0
2,6,4
3,3,0
3,5,2
4,42,38
2,2,0
2,2,0
2,2,0
6,12,6
12,12,0
1,11,10
118,213,95
91,99,8
3,3,0
3,17,14
6,6,0
2,16,14
2,2,0
3,3,0
10,21,11
2,2,0
3,5,2
3,3,0
5,14,9
26,106,80
3,3,0
3,3,0
2,40,38
2,2,0
2,2,0
2,8,6
2,2,0
2,2,0
3,4,1
2,2,0
2,3,1
77,77,0
2,2,0
2,2,0
3,3,0
3,3,0
2,3,1
9,9,0
2,6,4
2,3,1
0,0,0
4,4,0
32,32,0
4,4,0
63,64,1
0,0,0
1,3,2
2,4,2
19,19,0
2,34,32
0,0,0
3,20,17
3,9,6
2,2,0
2,4,2
3,3,0
3,3,0
1,1,0
2,2,0
3,4,1
0,0,0
2,2,0
2,2,0
2,35,33
4,4,0
1,3,2
3,5,2
2,2,0
2,2,0
3,9,6
2,2,0
4,4,0
4,4,0
2,2,0
2,2,0
2,8,6
2,4,2
2,2,0
2,2,0
2,2,0
57,57,0
2,7,5
3,4,1
2,5,3
46,47,1
2,2,0
2,2,0
2,2,0
3,9,6
2,17,15
22,22,0
3,9,6
2,2,0
3,3,0
3,7,4
3,8,5
2,2,0
1,25,24
2,16,14
0,0,0
2,2,0
2,2,0
99,170,71
2,2,0
3,3,0
3,12,9
2,2,0
1,6,5
3,3,0
0,0,0
2,2,0
2,2,0
18,18,0
2,2,0
2,2,0
2,4,2
8,8,0
3,3,0
3,3,0
3,5,2
2,2,0
3,3,0
2,6,4
0,0,0
2,2,0
2,2,0
4,10,6
4,6,2
2,2,0
3,3,0
4,35,31
2,2,0
42,42,0
2,10,8
3,7,4
2,4,2
5,7,2
3,6,3
2,2,0
2,2,0
2,4,2
3,7,4
23,23,0
0,0,0
8,16,8
2,6,4
2,11,9
2,2,0
1,2,1
2,7,5
40,42,2
0,0,0
2,4,2
12,12,0
2,2,0
1,2,1
9,9,0
2,2,0
2,2,0
7,7,0
2,2,0
3,3,0
3,5,2
3,6,3
3,7,4
2,2,0
8,8,0
2,6,4
2,2,0
2,4,2
3,6,3
2,2,0
4,5,1
2,2,0
2,2,0
14,21,7
2,6,4
7,32,25
3,3,0
9,9,0
0,0,0
2,2,0
2,2,0
2,23,21
3,3,0
2,10,8
2,2,0
2,2,0
2,2,0
3,7,4
1,3,2
2,2,0
3,5,2
2,2,0
3,3,0
7,7,0
6,6,0
3,8,5
2,2,0
3,13,10
2,2,0
1,1,0
3,3,0
3,4,1
2,2,0
3,3,0
2,2,0
2,6,4
3,5,2
14,14,0
0,0,0
2,2,0
2,5,3
2,11,9
2,2,0
3,3,0
3,3,0
2,2,0
2,2,0
2,5,3
2,2,0
2,2,0
3,3,0
2,26,24
2,2,0
1,9,8
6,6,0
2,2,0
0,0,0
2,15,13
3,7,4
2,2,0
12,13,1
3,3,0
2,2,0
0,0,0
3,3,0
3,3,0
2,2,0
2,13,11
2,2,0
0,0,0
3,5,2
2,2,0
2,2,0
2,2,0
0,0,0
0,0,0
2,2,0
3,3,0
2,10,8
2,5,3
2,2,0
2,2,0
3,5,2
2,7,5
3,3,0
2,4,2
2,2,0
3,8,5
2,2,0
2,4,2
2,2,0
2,2,0
8,9,1
2,2,0
2,6,4
2,2,0
2,2,0
66,66,0
3,11,8
3,3,0
3,3,0
3,5,2
97,98,1
3,7,4
1,29,28
2,9,7
3,3,0
2,2,0
4,4,0
2,2,0
2,6,4
9,19,10
2,2,0
2,2,0
3,3,0
9,9,0
0,0,0
4,11,7
93,94,1
3,3,0
2,2,0
3,3,0
25,25,0
2,2,0
2,2,0
2,2,0
2,4,2
3,3,0
2,2,0
2,2,0
2,4,2
3,3,0
3,29,26
1,6,5
4,4,0
14,16,2
5,5,0
83,83,0
0,0,0
6,7,1
11,11,0
3,9,6
2,2,0
3,3,0
2,14,12
1,1,0
8,11,3
2,2,0
3,22,19
2,2,0
3,3,0
2,26,24
2,2,0
1,1,0
3,3,0
3,3,0
57,73,16
2,2,0
3,24,21
2,4,2
2,2,0
3,7,4
2,3,1
2,2,0
3,3,0
2,2,0
3,5,2
2,2,0
0,0,0
3,11,8
2,61,59
2,2,0
0,0,0
2,17,15
9,9,0
4,4,0
3,7,4
2,4,2
2,10,8
2,2,0
2,2,0
2,2,0
32,32,0
2,2,0
2,2,0
2,4,2
2,2,0
7,51,44
2,2,0
2,2,0
2,4,2
2,2,0
20,20,0
3,3,0
20,20,0
2,2,0
3,3,0
2,2,0
3,4,1
11,11,0
2,53,51
2,2,0
0,0,0
3,3,0
0,0,0
2,16,14
2,65,63
26,98,72
2,2,0
22,22,0
2,2,0
2,4,2
2,3,1
2,6,4
2,13,11
2,2,0
3,11,8
2,5,3
2,47,45
2,6,4
10,12,2
3,3,0
2,2,0
2,2,0
2,2,0
3,9,6
3,3,0
2,2,0
2,4,2
2,2,0
2,2,0
2,6,4
1,39,38
3,7,4
2,8,6
2,2,0
6,6,0
2,12,10
2,2,0
1,2,1
3,9,6
2,4,2
4,56,52
4,4,0
2,2,0
9,9,0
2,4,2
2,4,2
0,0,0
2,2,0
2,2,0
2,6,4
2,10,8
2,2,0
1,1,0
2,2,0
0,0,0
2,2,0
2,2,0
2,2,0
2,53,51
3,3,0
1,1,0
3,13,10
2,2,0
3,10,7
3,3,0
0,0,0
3,12,9
3,5,2
37,45,8
2,2,0
2,2,0
3,3,0
2,4,2
1,1,0
2,2,0
3,3,0
2,2,0
3,4,1
3,6,3
2,6,4
7,7,0
2,5,3
27,27,0
8,8,0
8,8,0
2,11,9
0,0,0
4,4,0
3,3,0
232,251,19
66,77,11
3,3,0
2,2,0
3,5,2
2,4,2
3,3,0
2,2,0
3,3,0
2,37,35
3,3,0
2,2,0
2,4,2
0,0,0
3,7,4
2,2,0
0,0,0
2,2,0
2,2,0
2,8,6
0,0,0
3,7,4
2,6,4
6,6,0
2,2,0
0,0,0
3,3,0
1,1,0
2,3,1
2,2,0
2,4,2
3,10,7
2,4,2
3,9,6
2,2,0
2,2,0
2,4,2
4,16,12
2,3,1
4,4,0
2,2,0
0,0,0
2,79,77
2,80,78
2,2,0
100,103,3
2,2,0
2,2,0
8,33,25
2,2,0
3,3,0
2,6,4
2,4,2
3,3,0
2,2,0
2,2,0
3,5,2
2,2,0
0,0,0
3,3,0
3,6,3
1,93,92
1,2,1
7,7,0
2,2,0
2,9,7
6,7,1
3,3,0
2,2,0
3,3,0
10,16,6
98,109,11
2,2,0
2,4,2
0,0,0
2,2,0
4,4,0
58,58,0
2,2,0
2,3,1
3,3,0
3,12,9
0,0,0
3,10,7
3,3,0
2,2,0
3,3,0
2,6,4
2,20,18
2,2,0
2,7,5
2,4,2
3,21,18
2,2,0
2,4,2
2,2,0
2,7,5
1,1,0
16,17,1
0,0,0
30,31,1
2,2,0
6,15,9
2,2,0
2,2,0
3,5,2
2,6,4
2,4,2
2,3,1
2,4,2
0,0,0
3,5,2
3,3,0
15,17,2
3,3,0
3,5,2
3,10,7
4,6,2
3,3,0
5,7,2
6,15,9
3,3,0
100,109,9
2,84,82
2,2,0
8,8,0
2,2,0
1,1,0
8,8,0
3,7,4
3,5,2
2,2,0
2,2,0
3,6,3
2,2,0
2,3,1
0,0,0
7,16,9
22,22,0
1,1,0
2,4,2
2,2,0
3,7,4
1,23,22
1,3,2
8,8,0
2,4,2
3,4,1
8,8,0
2,7,5
3,3,0
4,6,2
1,1,0
46,48,2
2,2,0
1,16,15
1,2,1
61,61,0
1,2,1
2,14,12
41,41,0
3,3,0
2,3,1
4,9,5
2,2,0
4,7,3
2,2,0
2,6,4
2,2,0
2,10,8
3,3,0
2,4,2
3,3,0
2,2,0
2,2,0
6,6,0
2,4,2
3,3,0
2,2,0
3,5,2
5,5,0
3,8,5
3,6,3
6,93,87
2,6,4
23,23,0
2,2,0
2,50,48
2,4,2
3,3,0
1,2,1
3,7,4
3,3,0
134,134,0
0,0,0
2,18,16
2,2,0
1,1,0
3,3,0
2,2,0
100,100,0
0,0,0
1,27,26
2,2,0
2,2,0
100,100,0
3,3,0
43,77,34
2,6,4
4,7,3
3,3,0
3,3,0
138,245,107
5,15,10
4,5,1
7,12,5
2,6,4
2,2,0
2,3,1
2,2,0
3,3,0
2,2,0
2,2,0
2,2,0
1,2,1
2,19,17
2,6,4
4,4,0
3,5,2
3,3,0
3,5,2
4,6,2
2,2,0
2,2,0
2,4,2
2,2,0
8,8,0
2,2,0
3,8,5
42,42,0
3,3,0
2,4,2
3,3,0
2,2,0
3,7,4
2,152,150
2,5,3
3,3,0
8,51,43
4,4,0
2,2,0
2,4,2
2,4,2
2,2,0
1,1,0
2,2,0
3,7,4
136,166,30
2,29,27
3,5,2
3,3,0
3,3,0
3,7,4
22,22,0
3,5,2
4,9,5
2,2,0
2,6,4
3,3,0
3,5,2
0,0,0
3,5,2
1,9,8
3,13,10
2,2,0
43,46,3
2,2,0
2,2,0
2,2,0
2,2,0
3,6,3
2,2,0
2,4,2
4,4,0
2,2,0
5,7,2
3,5,2
8,8,0
4,4,0
2,2,0
2,8,6
1,2,1
3,8,5
2,2,0
3,5,2
3,9,6
2,2,0
3,3,0
3,3,0
2,2,0
166,168,2
55,57,2
2,4,2
2,2,0
34,34,0
100,178,78
9,24,15
2,2,0
8,12,4
2,2,0
4,4,0
2,3,1
2,3,1
3,7,4
3,3,0
1,1,0
2,2,0
55,72,17
1,1,0
2,6,4
3,31,28
2,2,0
3,9,6
9,9,0
2,2,0
2,2,0
100,127,27
3,6,3
4,4,0
2,2,0
5,5,0
3,7,4
3,4,1
2,2,0
2,4,2
0,0,0
1,1,0
2,4,2
1,2,1
0,0,0
2,4,2
3,7,4
3,9,6
2,2,0
2,3,1
8,8,0
2,2,0
2,2,0
2,7,5
1,40,39
2,6,4
2,2,0
3,3,0
2,3,1
2,5,3
2,2,0
2,4,2
3,5,2
25,25,0
2,2,0
103,103,0
2,2,0
4,4,0
75,75,0
1,1,0
2,4,2
2,2,0
3,6,3
10,10,0
3,5,2
4,6,2
2,2,0
3,3,0
4,4,0
3,18,15
20,22,2
3,3,0
3,5,2
6,15,9
3,3,0
2,2,0
2,2,0
2,8,6
2,19,17
3,6,3
2,6,4
3,3,0
3,4,1
2,23,21
9,9,0
2,4,2
2,20,18
3,14,11
2,4,2
87,92,5
1,2,1
2,2,0
0,0,0
0,0,0
3,11,8
1,61,60
2,2,0
3,3,0
3,3,0
3,3,0
2,10,8
2,28,26
2,2,0
3,5,2
2,2,0
1,5,4
2,3,1
3,8,5
22,22,0
2,11,9
17,17,0
2,2,0
0,0,0
4,22,18
2,2,0
1,70,69
0,0,0
2,2,0
2,2,0
2,4,2
5,5,0
10,10,0
2,2,0
2,2,0
2,2,0
2,2,0
8,10,2
2,6,4
3,5,2
2,2,0
2,2,0
3,6,3
14,64,50
2,3,1
0,0,0
2,9,7
2,9,7
4,4,0
2,2,0
1,4,3
1,49,48
4,9,5
2,7,5
2,3,1
3,17,14
3,3,0
100,106,6
2,9,7
1,2,1
133,135,2
2,4,2
2,11,9
2,2,0
1,1,0
3,10,7
63,64,1
2,4,2
2,2,0
4,4,0
3,12,9
2,20,18
2,2,0
2,35,33
4,4,0
4,28,24
2,3,1
6,8,2
2,2,0
3,3,0
16,20,4
3,5,2
3,7,4
2,8,6
2,5,3
3,10,7
1,2,1
1,2,1
1,2,1
2,2,0
2,3,1
2,2,0
2,2,0
6,6,0
2,2,0
2,9,7
0,0,0
3,4,1
1,4,3
51,51,0
17,33,16
4,4,0
4,22,18
3,3,0
7,7,0
2,2,0
3,5,2
8,25,17
6,6,0
2,16,14
2,80,78
2,4,2
3,14,11
2,6,4
2,2,0
3,3,0
4,4,0
2,3,1
3,5,2
3,4,1
2,4,2
3,7,4
2,2,0
2,2,0
2,2,0
99,170,71
1,1,0
2,2,0
3,3,0
2,2,0
3,6,3
32,32,0
2,4,2
2,2,0
2,6,4
2,4,2
2,2,0
2,5,3
6,6,0
3,13,10
8,9,1
2,2,0
4,4,0
1,4,3
1,17,16
6,6,0
0,0,0
2,4,2
1,11,10
2,2,0
3,27,24
8,8,0
3,9,6
2,2,0
10,10,0
6,6,0
1,3,2
2,2,0
18,22,4
3,3,0
11,11,0
3,3,0
3,11,8
2,2,0
3,5,2
3,64,61
3,8,5
2,2,0
2,2,0
2,5,3
2,2,0
3,3,0
4,7,3
0,0,0
45,45,0
2,3,1
2,2,0
3,3,0
2,2,0
29,40,11
2,4,2
1,2,1
3,9,6
0,0,0
2,2,0
1,4,3
3,3,0
1,2,1
2,2,0
1,2,1
8,11,3
3,3,0
5,5,0
0,0,0
2,3,1
3,3,0
2,2,0
2,2,0
6,10,4
2,2,0
2,2,0
7,7,0
3,3,0
3,3,0
3,13,10
2,8,6
51,163,112
2,6,4
3,3,0
3,19,16
4,4,0
0,0,0
6,7,1
3,13,10
8,8,0
3,19,16
2,2,0
2,2,0
2,2,0
3,7,4
9,9,0
3,3,0
2,2,0
3,5,2
10,10,0
8,10,2
2,4,2
2,2,0
3,5,2
2,2,0
3,3,0
1,2,1
2,3,1
2,4,2
11,25,14
24,24,0
2,2,0
67,67,0
9,9,0
2,4,2
6,6,0
3,6,3
8,8,0
3,4,1
77,112,35
2,2,0
3,3,0
2,6,4
51,121,70
10,11,1
1,156,155
0,0,0
3,21,18
61,61,0
7,7,0
2,2,0
0,0,0
2,2,0
81,207,126
2,2,0
3,5,2
2,2,0
2,4,2
1,2,1
2,6,4
3,3,0
2,2,0
2,2,0
3,3,0
15,16,1
3,5,2
3,3,0
0,0,0
2,11,9
12,12,0
2,2,0
3,3,0
2,2,0
8,16,8
3,3,0
8,8,0
2,4,2
2,2,0
3,3,0
2,22,20
5,5,0
3,5,2
46,48,2
2,2,0
3,3,0
3,7,4
2,19,17
3,3,0
3,3,0
1,1,0
2,2,0
9,11,2
3,3,0
0,0,0
3,7,4
3,3,0
2,8,6
2,2,0
3,3,0
70,102,32
2,4,2
1,7,6
36,36,0
2,4,2
9,9,0
4,18,14
3,3,0
9,9,0
91,91,0
2,2,0
3,7,4
56,163,107
1,7,6
2,4,2
9,9,0
2,2,0
2,2,0
2,6,4
2,2,0
2,4,2
2,35,33
2,2,0
2,16,14
3,3,0
1,1,0
3,10,7
1,21,20
2,4,2
3,19,16
107,107,0
2,2,0
2,2,0
2,2,0
2,2,0
2,2,0
3,3,0
1,6,5
3,10,7
38,38,0
3,3,0
3,12,9
2,2,0
2,2,0
6,6,0
0,0,0
2,2,0
3,8,5
22,24,2
2,4,2
3,5,2
3,11,8
2,7,5
3,3,0
2,2,0
2,2,0
3,5,2
2,2,0
2,2,0
23,27,4
2,2,0
9,13,4
3,24,21
3,3,0
2,2,0
4,4,0
0,0,0
2,2,0
2,2,0
3,8,5
2,3,1
2,2,0
2,4,2
10,15,5
3,3,0
2,2,0
2,21,19
2,2,0
3,5,2
38,38,0
0,0,0
2,2,0
3,8,5
2,2,0
2,2,0
2,2,0
3,3,0
20,20,0
80,86,6
2,4,2
2,4,2
3,8,5
2,2,0
2,2,0
6,6,0
2,43,41
50,52,2
2,2,0
4,4,0
3,3,0
2,21,19
0,0,0
3,3,0
2,2,0
12,12,0
3,3,0
1,2,1
2,2,0
2,4,2
0,0,0
2,6,4
2,2,0
5,5,0
3,3,0
2,2,0
3,3,0
2,2,0
2,2,0
2,23,21
1,1,0
2,4,2
1,8,7
2,28,26
100,109,9
13,13,0
0,0,0
2,82,80
3,5,2
2,2,0
3,3,0
3,3,0
2,2,0
1,2,1
2,40,38
17,19,2
2,13,11
2,6,4
3,3,0
4,73,69
2,2,0
2,2,0
3,17,14
3,3,0
3,5,2
54,94,40
2,4,2
2,2,0
0,0,0
3,3,0
2,2,0
58,59,1
0,0,0
1,1,0
1,1,0
2,2,0
2,2,0
2,2,0
1,1,0
2,2,0
10,10,0
3,3,0
2,4,2
2,2,0
7,7,0
2,2,0
10,28,18
2,2,0
3,3,0
2,74,72
3,3,0
2,2,0
3,4,1
3,25,22
2,2,0
2,3,1
3,3,0
0,0,0
2,4,2
3,3,0
2,2,0
2,2,0
3,3,0
3,3,0
2,20,18
2,2,0
2,4,2
2,2,0
129,129,0
1,1,0
1,1,0
4,4,0
5,5,0
2,2,0
2,2,0
17,17,0
138,245,107
3,3,0
20,20,0
9,10,1
3,5,2
3,3,0
4,4,0
2,4,2
3,8,5
10,10,0
2,2,0
3,3,0
2,2,0
1,1,0
2,2,0
5,5,0
52,69,17
3,3,0
2,2,0
2,2,0
2,2,0
3,7,4
0,0,0
2,2,0
3,7,4
12,25,13
3,6,3
0,0,0
3,3,0
2,2,0
2,2,0
2,34,32
3,3,0
2,6,4
3,29,26
2,2,0
34,213,179
3,5,2
2,2,0
2,3,1
6,6,0
3,21,18
3,5,2
2,16,14
3,6,3
2,2,0
2,2,0
2,2,0
2,2,0
2,4,2
3,5,2
3,3,0
3,5,2
8,8,0
0,0,0
3,5,2
3,3,0
4,18,14
1,1,0
3,9,6
2,3,1
7,7,0
2,4,2
3,7,4
3,5,2
5,5,0
0,0,0
4,4,0
2,26,24
2,2,0
9,9,0
3,3,0
3,10,7
3,3,0
2,2,0
2,2,0
4,4,0
0,0,0
2,2,0
0,0,0
2,2,0
0,0,0
2,6,4
3,6,3
1,3,2
2,2,0
2,7,5
2,2,0
2,2,0
4,4,0
3,3,0
1,5,4
3,3,0
2,3,1
2,3,1
1,1,0
3,22,19
2,2,0
4,39,35
0,0,0
2,2,0
3,7,4
3,3,0
2,9,7
2,2,0
2,2,0
2,55,53
2,4,2
0,0,0
2,6,4
3,4,1
2,2,0
0,0,0
2,2,0
2,61,59
2,4,2
3,5,2
45,61,16
16,29,13
6,6,0
22,22,0
0,0,0
3,3,0
2,2,0
2,24,22
2,12,10
87,95,8
2,2,0
48,56,8
2,2,0
2,2,0
139,139,0
2,2,0
3,4,1
10,14,4
2,2,0
2,2,0
2,3,1
0,0,0
1,1,0
2,2,0
2,12,10
2,2,0
13,101,88
2,2,0
2,2,0
8,12,4
1,1,0
1,21,20
2,26,24
2,2,0
2,2,0
3,3,0
2,2,0
1,13,12
3,8,5
3,5,2
2,2,0
1,2,1
52,52,0
2,2,0
2,2,0
43,43,0
26,32,6
2,2,0
3,5,2
2,2,0
3,3,0
2,29,27
90,321,231
135,135,0
3,3,0
5,7,2
2,4,2
3,3,0
2,2,0
1,28,27
4,4,0
4,20,16
3,3,0
2,2,0
3,14,11
11,11,0
2,2,0
0,0,0
3,3,0
3,13,10
2,4,2
2,2,0
3,6,3
2,4,2
2,19,17
2,2,0
11,15,4
2,2,0
8,8,0
2,4,2
2,2,0
3,9,6
2,2,0
2,2,0
3,5,2
2,2,0
2,12,10
2,2,0
3,3,0
2,2,0
2,6,4
2,2,0
2,2,0
2,2,0
2,2,0
3,4,1
26,35,9
1,1,0
3,7,4
3,6,3
2,2,0
3,3,0
17,30,13
2,2,0
1,1,0
2,76,74
66,385,319
2,2,0
2,7,5
18,21,3
5,5,0
2,2,0
2,2,0
6,6,0
2,4,2
1,1,0
6,6,0
2,88,86
2,61,59
3,16,13
2,4,2
2,6,4
3,5,2
2,2,0
0,0,0
3,3,0
2,4,2
1,2,1
51,60,9
2,6,4
3,5,2
4,4,0
100,104,4
4,8,4
3,8,5
3,3,0
3,3,0
34,34,0
2,2,0
0,0,0
2,7,5
3,4,1
97,154,57
0,0,0
17,17,0
3,6,3
1,2,1
2,2,0
3,13,10
3,3,0
3,9,6
2,4,2
2,2,0
2,2,0
1,1,0
35,36,1
2,8,6
2,2,0
3,3,0
8,16,8
2,2,0
3,5,2
2,2,0
92,198,106
2,4,2
3,5,2
2,2,0
3,3,0
3,12,9
2,2,0
78,82,4
2,2,0
2,2,0
1,1,0
4,8,4
49,49,0
2,2,0
3,4,1
3,4,1
2,2,0
4,4,0
2,2,0
4,6,2
3,3,0
2,26,24
2,2,0
3,6,3
2,2,0
5,5,0
3,3,0
3,3,0
2,2,0
1,2,1
2,4,2
4,51,47
2,4,2
3,17,14
2,2,0
2,5,3
2,4,2
2,4,2
3,7,4
2,2,0
1,12,11
2,2,0
2,2,0
3,3,0
2,2,0
2,2,0
3,3,0
2,2,0
17,17,0
24,25,1
5,8,3
2,2,0
1,1,0
3,5,2
3,7,4
11,11,0
2,6,4
4,6,2
3,3,0
1,84,83
2,2,0
0,0,0
1,1,0
4,4,0
0,0,0
3,3,0
2,2,0
2,4,2
2,2,0
3,3,0
1,2,1
3,3,0
3,3,0
2,2,0
2,2,0
3,3,0
3,10,7
10,10,0
2,2,0
5,8,3
3,3,0
2,54,52
3,8,5
13,13,0
3,7,4
100,100,0
4,18,14
2,7,5
3,3,0
3,3,0
8,8,0
13,13,0
2,2,0
3,3,0
100,217,117
2,2,0
2,2,0
0,0,0
2,2,0
3,3,0
2,2,0
2,2,0
3,3,0
81,81,0
3,3,0
3,3,0
3,28,25
2,45,43
2,2,0
2,8,6
3,7,4
3,9,6
2,2,0
3,7,4
2,2,0
2,5,3
3,3,0
2,69,67
2,5,3
0,0,0
2,5,3
3,6,3
2,25,23
2,2,0
2,2,0
0,0,0
2,2,0
98,234,136
134,134,0
11,45,34
2,6,4
2,2,0
2,2,0
3,3,0
3,3,0
8,8,0
2,4,2
2,10,8
2,2,0
3,11,8
3,3,0
2,28,26
3,7,4
2,2,0
15,19,4
3,3,0
23,40,17
2,7,5
2,12,10
2,2,0
3,9,6
161,161,0
67,140,73
86,86,0
1,2,1
0,0,0
2,2,0
3,3,0
3,3,0
2,2,0
3,3,0
2,2,0
2,2,0
2,2,0
2,2,0
3,3,0
2,14,12
3,7,4
0,0,0
2,3,1
60,60,0
2,2,0
3,3,0
2,2,0
1,2,1
2,2,0
2,2,0
1,1,0
3,3,0
3,3,0
2,9,7
2,6,4
3,3,0
3,3,0
3,8,5
3,9,6
2,2,0
100,123,23
2,2,0
2,6,4
0,0,0
2,2,0
4,4,0
6,6,0
3,3,0
3,3,0
2,2,0
0,0,0
2,2,0
1,16,15
2,2,0
3,3,0
2,2,0
2,41,39
2,2,0
1,1,0
3,3,0
3,3,0
88,188,100
3,7,4
34,62,28
3,7,4
2,2,0
2,8,6
2,11,9
2,2,0
2,2,0
3,5,2
1,1,0
11,25,14
2,4,2
11,11,0
2,96,94
1,2,1
3,3,0
2,4,2
2,7,5
2,2,0
3,7,4
2,80,78
2,14,12
3,16,13
3,8,5
2,2,0
3,28,25
3,7,4
6,6,0
3,5,2
1,2,1
2,3,1
1,2,1
2,5,3
3,15,12
2,2,0
2,11,9
2,4,2
0,0,0
2,2,0
37,37,0
3,6,3
2,2,0
2,2,0
0,0,0
2,2,0
2,2,0
2,2,0
7,7,0
2,83,81
2,23,21
2,2,0
87,87,0
2,2,0
87,87,0
2,2,0
2,3,1
3,6,3
3,12,9
94,94,0
2,82,80
3,5,2
2,3,1
3,3,0
2,2,0
5,32,27
3,12,9
11,12,1
2,10,8
3,7,4
3,5,2
2,63,61
0,0,0
2,6,4
3,9,6
62,62,0
3,5,2
2,8,6
2,13,11
2,2,0
3,3,0
2,4,2
1,1,0
2,2,0
2,2,0
11,11,0
2,2,0
3,7,4
2,2,0
1,1,0
58,58,0
3,3,0
2,23,21
23,23,0
3,3,0
2,2,0
2,4,2
3,3,0
1,1,0
3,5,2
2,2,0
1,2,1
2,4,2
2,2,0
3,3,0
2,2,0
3,7,4
3,5,2
1,43,42
1,1,0
3,3,0
2,13,11
4,4,0
3,3,0
2,8,6
3,4,1
2,13,11
3,3,0
3,3,0
0,0,0
2,2,0
30,33,3
3,5,2
235,235,0
19,25,6
2,2,0
2,5,3
3,3,0
2,2,0
2,4,2
5,5,0
2,2,0
2,2,0
0,0,0
2,4,2
2,2,0
2,80,78
6,11,5
3,3,0
3,3,0
2,12,10
4,4,0
2,2,0
2,2,0
2,6,4
2,3,1
1,13,12
3,5,2
2,6,4
3,3,0
3,3,0
0,0,0
3,3,0
2,2,0
2,8,6
93,247,154
2,80,78
0,0,0
10,46,36
3,3,0
3,4,1
1,1,0
1,2,1
2,2,0
2,2,0
3,4,1
1,4,3
92,190,98
2,2,0
2,2,0
2,4,2
2,4,2
2,27,25
2,7,5
100,109,9
2,2,0
2,2,0
2,31,29
2,2,0
6,12,6
0,0,0
2,2,0
2,26,24
3,5,2
1,1,0
3,3,0
2,6,4
2,2,0
3,6,3
1,1,0
2,2,0
1,10,9
2,2,0
2,2,0
2,5,3
100,100,0
4,15,11
2,5,3
2,6,4
31,37,6
2,2,0
3,3,0
9,38,29
2,2,0
2,2,0
3,8,5
2,2,0
2,4,2
6,6,0
2,9,7
2,4,2
3,3,0
2,2,0
1,82,81
1,1,0
62,305,243
2,2,0
3,10,7
2,2,0
76,139,63
2,4,2
2,2,0
3,3,0
1,1,0
3,3,0
2,4,2
29,40,11
2,2,0
10,13,3
2,2,0
2,2,0
3,5,2
3,3,0
2,36,34
3,5,2
2,7,5
2,2,0
1,6,5
0,0,0
2,2,0
2,12,10
3,4,1
0,0,0
5,5,0
3,19,16
3,5,2
2,14,12
0,0,0
5,5,0
16,16,0
2,2,0
2,4,2
2,8,6
18,18,0
2,4,2
3,5,2
2,2,0
2,7,5
10,10,0
3,4,1
2,10,8
2,2,0
3,3,0
2,2,0
0,0,0
2,2,0
1,1,0
3,3,0
2,2,0
2,2,0
2,6,4
0,0,0
27,27,0
7,10,3
3,21,18
12,14,2
2,2,0
2,2,0
2,2,0
2,2,0
0,0,0
2,2,0
33,33,0
2,2,0
3,3,0
128,128,0
2,38,36
1,2,1
14,14,0
42,44,2
2,2,0
2,2,0
4,5,1
2,5,3
2,2,0
1,1,0
3,10,7
1,2,1
3,7,4
2,2,0
0,0,0
2,4,2
3,5,2
12,12,0
12,12,0
2,2,0
1,4,3
2,2,0
1,1,0
2,6,4
2,4,2
2,6,4
1,2,1
3,3,0
23,73,50
1,1,0
1,1,0
2,10,8
0,0,0
2,2,0
2,2,0
1,1,0
2,2,0
2,4,2
2,4,2
54,54,0
3,3,0
2,4,2
157,163,6
3,3,0
4,71,67
3,4,1
2,2,0
2,97,95
3,3,0
8,8,0
1,1,0
3,5,2
1,1,0
2,2,0
3,5,2
1,3,2
1,1,0
4,15,11
2,2,0
2,2,0
8,8,0
2,82,80
0,0,0
2,2,0
2,2,0
3,4,1
2,2,0
3,3,0
2,2,0
3,6,3
6,36,30
2,2,0
1,1,0
17,17,0
1,4,3
2,6,4
2,2,0
0,0,0
2,2,0
3,3,0
2,2,0
2,2,0
19,20,1
2,2,0
2,2,0
2,11,9
3,7,4
2,2,0
2,2,0
3,9,6
2,2,0
2,2,0
9,9,0
3,7,4
2,2,0
8,8,0
2,2,0
7,7,0
0,0,0
1,103,102
2,2,0
3,6,3
2,2,0
2,2,0
3,37,34
42,43,1
3,3,0
2,2,0
3,5,2
2,9,7
2,10,8
4,4,0
2,2,0
2,2,0
1,5,4
2,2,0
10,12,2
2,2,0
0,0,0
7,18,11
2,2,0
2,4,2
2,2,0
9,9,0
8,9,1
2,2,0
2,10,8
2,2,0
1,2,1
3,3,0
3,3,0
3,5,2
2,2,0
2,2,0
3,3,0
2,8,6
2,4,2
3,5,2
10,35,25
0,0,0
2,2,0
2,2,0
50,80,30
2,5,3
5,6,1
2,4,2
14,16,2
3,3,0
3,9,6
2,26,24
1,21,20
3,3,0
0,0,0
8,9,1
2,2,0
3,3,0
4,5,1
1,2,1
5,5,0
3,5,2
3,3,0
3,3,0
1,2,1
3,3,0
22,28,6
2,6,4
1,3,2
4,6,2
3,3,0
3,5,2
4,4,0
6,19,13
2,2,0
2,2,0
0,0,0
2,2,0
2,2,0
3,3,0
1,2,1
3,3,0
2,2,0
0,0,0
2,2,0
3,3,0
11,11,0
1,2,1
9,9,0
2,2,0
3,5,2
4,4,0
2,7,5
3,3,0
2,5,3
2,2,0
0,0,0
1,2,1
3,5,2
2,2,0
11,11,0
3,5,2
3,3,0
2,8,6
8,8,0
6,53,47
0,0,0
264,264,0
2,27,25
2,4,2
0,0,0
3,9,6
77,77,0
2,2,0
2,110,108
3,6,3
2,2,0
3,5,2
2,2,0
2,13,11
2,2,0
2,12,10
2,2,0
2,9,7
1,26,25
1,8,7
4,4,0
3,3,0
2,70,68
2,4,2
9,9,0
2,2,0
2,4,2
2,4,2
6,6,0
2,45,43
11,11,0
1,1,0
2,2,0
2,6,4
3,3,0
2,2,0
3,9,6
3,7,4
0,0,0
2,3,1
2,8,6
2,2,0
2,2,0
2,4,2
2,3,1
4,6,2
2,9,7
3,7,4
2,2,0
2,2,0
2,8,6
17,17,0
3,3,0
2,2,0
2,5,3
1,1,0
12,12,0
2,2,0
2,2,0
13,17,4
2,2,0
2,2,0
51,52,1
2,2,0
3,7,4
2,2,0
2,2,0
0,0,0
2,4,2
3,3,0
12,12,0
3,3,0
3,3,0
2,7,5
2,2,0
2,2,0
2,4,2
2,4,2
3,5,2
3,5,2
3,3,0
63,67,4
3,3,0
2,2,0
3,10,7
2,2,0
150,150,0
8,28,20
2,2,0
9,9,0
2,2,0
3,3,0
2,2,0
2,2,0
3,3,0
2,9,7
2,2,0
21,94,73
2,2,0
0,0,0
2,2,0
3,3,0
2,2,0
2,2,0
6,9,3
6,11,5
1,3,2
2,2,0
2,2,0
100,100,0
8,8,0
2,3,1
2,5,3
2,10,8
3,12,9
2,13,11
3,3,0
2,2,0
7,7,0
46,54,8
2,2,0
34,34,0
20,65,45
2,26,24
4,4,0
3,3,0
3,3,0
2,2,0
6,6,0
2,2,0
3,3,0
2,2,0
2,2,0
2,2,0
15,17,2
50,50,0
2,2,0
2,2,0
2,2,0
3,3,0
2,2,0
2,2,0
3,5,2
2,2,0
1,4,3
0,0,0
3,3,0
2,2,0
1,8,7
6,101,95
2,2,0
2,19,17
0,0,0
59,59,0
3,24,21
2,2,0
9,34,25
3,5,2
2,2,0
2,2,0
4,18,14
0,0,0
3,3,0
2,13,11
36,38,2
52,60,8
2,2,0
2,2,0
3,8,5
11,11,0
3,3,0
2,2,0
28,122,94
2,6,4
0,0,0
3,5,2
2,2,0
2,7,5
2,3,1
2,2,0
3,3,0
2,2,0
3,5,2
2,6,4
6,6,0
10,12,2
2,3,1
2,8,6
2,4,2
3,3,0
2,2,0
2,2,0
7,7,0
3,3,0
3,3,0
3,3,0
2,3,1
1,1,0
2,2,0
2,2,0
2,12,10
2,4,2
2,2,0
2,4,2
2,4,2
2,2,0
0,0,0
2,2,0
1,1,0
7,7,0
2,2,0
2,6,4
7,7,0
3,7,4
2,4,2
3,5,2
2,2,0
1,58,57
2,82,80
3,5,2
25,25,0
139,216,77
88,160,72
2,2,0
2,4,2
2,3,1
2,2,0
2,2,0
2,2,0
3,7,4
8,8,0
0,0,0
3,10,7
59,134,75
4,15,11
5,5,0
2,2,0
58,58,0
3,3,0
2,2,0
3,3,0
2,4,2
3,4,1
8,8,0
2,3,1
2,2,0
1,10,9
4,12,8
3,3,0
2,2,0
2,2,0
2,2,0
0,0,0
2,2,0
1,2,1
2,2,0
80,80,0
42,46,4
3,9,6
3,3,0
4,10,6
2,6,4
2,7,5
9,31,22
2,3,1
2,2,0
11,34,23
3,3,0
3,3,0
3,3,0
3,5,2
2,4,2
2,2,0
2,2,0
2,7,5
3,3,0
3,3,0
3,5,2
2,2,0
2,2,0
3,7,4
1,2,1
2,2,0
2,2,0
2,2,0
2,2,0
2,2,0
2,2,0
2,2,0
2,5,3
3,5,2
2,80,78
2,4,2
3,7,4
7,10,3
406,417,11
9,11,2
2,2,0
2,2,0
2,2,0
2,114,112
2,22,20
0,0,0
2,4,2
3,9,6
2,7,5
2,2,0
2,2,0
3,6,3
21,21,0
2,3,1
3,4,1
6,35,29
2,2,0
2,2,0
2,36,34
2,2,0
3,5,2
3,9,6
60,60,0
3,8,5
2,2,0
2,5,3
3,3,0
2,2,0
2,4,2
3,5,2
2,2,0
3,3,0
3,4,1
3,3,0
2,4,2
2,3,1
2,2,0
2,6,4
100,100,0
1,1,0
3,7,4
1,2,1
4,6,2
4,6,2
2,2,0
2,4,2
2,2,0
2,7,5
2,2,0
6,37,31
2,4,2
3,3,0
74,98,24
0,0,0
3,5,2
4,14,10
1,1,0
2,8,6
2,10,8
8,8,0
1,1,0
3,4,1
3,3,0
2,2,0
19,19,0
2,2,0
3,3,0
4,4,0
2,2,0
3,5,2
3,3,0
3,3,0
3,7,4
3,8,5
3,8,5
2,16,14
2,4,2
3,3,0
2,2,0
2,2,0
2,2,0
2,39,37
0,0,0
3,5,2
1,1,0
3,3,0
2,2,0
4,4,0
2,6,4
2,7,5
2,18,16
1,1,0
2,4,2
6,6,0
2,2,0
2,9,7
2,4,2
14,14,0
2,2,0
2,2,0
1,4,3
20,21,1
13,13,0
2,3,1
3,7,4
3,4,1
4,4,0
3,3,0
3,4,1
3,14,11
2,2,0
3,10,7
2,5,3
18,66,48
3,7,4
3,3,0
2,3,1
10,10,0
2,2,0
3,4,1
2,5,3
2,6,4
26,30,4
2,8,6
2,3,1
11,11,0
2,2,0
6,6,0
2,4,2
4,4,0
13,206,193
100,102,2
3,6,3
2,8,6
1,1,0
2,9,7
2,2,0
2,2,0
3,3,0
2,8,6
2,3,1
3,17,14
2,10,8
2,2,0
0,0,0
1,1,0
3,9,6
2,2,0
12,25,13
2,8,6
2,2,0
2,2,0
2,2,0
2,2,0
2,4,2
3,6,3
2,2,0
2,2,0
2,3,1
1,1,0
5,16,11
3,75,72
2,2,0
1,2,1
1,8,7
3,9,6
3,7,4
2,4,2
3,3,0
3,7,4
4,4,0
2,2,0
2,2,0
4,4,0
0,0,0
1,9,8
2,2,0
2,2,0
1,107,106
2,2,0
3,3,0
1,2,1
3,6,3
2,4,2
0,0,0
2,4,2
0,0,0
3,8,5
4,4,0
2,4,2
8,56,48
5,5,0
0,0,0
10,11,1
5,5,0
3,5,2
2,4,2
2,2,0
2,2,0
2,2,0
3,8,5
2,2,0
38,38,0
2,2,0
3,5,2
2,2,0
3,7,4
2,6,4
1,1,0
2,2,0
95,95,0
2,2,0
2,2,0
3,3,0
2,24,22
0,0,0
2,53,51
2,2,0
0,0,0
2,2,0
2,2,0
3,3,0
2,2,0
1,2,1
3,5,2
2,2,0
1,9,8
3,5,2
1,18,17
2,2,0
3,3,0
2,2,0
2,2,0
2,2,0
2,4,2
3,3,0
2,2,0
12,24,12
8,8,0
3,3,0
2,2,0
2,2,0
3,9,6
2,10,8
2,2,0
11,11,0
2,2,0
3,3,0
3,3,0
3,5,2
2,4,2
3,13,10
0,0,0
1,4,3
3,3,0
2,2,0
2,2,0
3,3,0
1,2,1
2,2,0
2,5,3
3,5,2
2,2,0
3,3,0
2,2,0
2,2,0
2,2,0
26,32,6
2,2,0
2,2,0
15,21,6
9,9,0
100,109,9
0,0,0
2,21,19
3,3,0
2,4,2
2,4,2
3,4,1
8,12,4
154,154,0
2,2,0
2,2,0
11,17,6
0,0,0
2,2,0
3,40,37
2,2,0
2,2,0
4,88,84
0,0,0
3,3,0
2,6,4
2,4,2
4,4,0
2,4,2
2,2,0
2,2,0
2,2,0
9,20,11
2,2,0
2,2,0
3,3,0
3,3,0
70,79,9
10,17,7
2,2,0
88,413,325
3,3,0
4,68,64
2,9,7
58,63,5
0,0,0
3,4,1
97,98,1
2,5,3
2,5,3
1,1,0
3,5,2
9,9,0
3,3,0
3,5,2
2,16,14
3,6,3
2,2,0
3,3,0
2,2,0
2,2,0
3,3,0
2,2,0
2,2,0
0,0,0
3,3,0
2,2,0
2,18,16
0,0,0
3,3,0
2,2,0
1,2,1
2,2,0
2,5,3
2,6,4
10,10,0
2,2,0
3,3,0
2,2,0
1,1,0
2,2,0
0,0,0
0,0,0
2,2,0
2,21,19
3,3,0
11,19,8
2,3,1
3,28,25
3,3,0
3,3,0
1,1,0
2,2,0
38,38,0
4,12,8
0,0,0
2,13,11
3,28,25
2,2,0
2,5,3
3,5,2
3,12,9
2,2,0
1,2,1
3,5,2
3,6,3
406,417,11
3,7,4
18,39,21
3,3,0
2,2,0
1,8,7
9,9,0
29,87,58
0,0,0
3,7,4
2,2,0
2,3,1
3,3,0
0,0,0
0,0,0
2,26,24
4,4,0
3,6,3
2,2,0
3,3,0
2,18,16
2,5,3
2,2,0
1,10,9
1,2,1
2,2,0
2,2,0
2,2,0
3,16,13
2,2,0
2,8,6
2,2,0
3,13,10
2,4,2
3,4,1
490,876,386
20,20,0
114,114,0
2,2,0
31,31,0
2,2,0
6,10,4
1,1,0
3,10,7
2,2,0
3,3,0
2,2,0
2,3,1
2,2,0
2,2,0
2,2,0
54,54,0
2,5,3
2,2,0
3,3,0
2,2,0
2,2,0
2,2,0
2,3,1
2,4,2
2,2,0
1,1,0
3,3,0
2,2,0
3,3,0
406,417,11
3,3,0
3,5,2
1,5,4
3,7,4
2,2,0
3,3,0
2,4,2
2,2,0
2,2,0
8,8,0
2,4,2
2,4,2
0,0,0
3,3,0
2,2,0
2,2,0
2,2,0
3,3,0
2,2,0
4,4,0
4,4,0
13,16,3
2,13,11
0,0,0
2,2,0
2,2,0
2,4,2
3,3,0
100,100,0
0,0,0
1,1,0
3,3,0
2,2,0
3,4,1
3,5,2
2,6,4
3,8,5
3,4,1
2,4,2
2,95,93
4,8,4
2,6,4
3,3,0
2,2,0
2,26,24
2,2,0
2,2,0
2,2,0
2,6,4
2,10,8
0,0,0
2,2,0
4,9,5
2,2,0
2,3,1
2,3,1
2,4,2
2,4,2
21,23,2
2,2,0
2,6,4
2,2,0
0,0,0
2,2,0
2,2,0
3,3,0
2,38,36
3,3,0
2,2,0
2,3,1
1,24,23
2,4,2
25,26,1
2,4,2
0,0,0
2,2,0
2,4,2
79,79,0
2,6,4
2,2,0
3,7,4
3,3,0
3,16,13
1,1,0
4,4,0
2,82,80
2,2,0
2,3,1
2,2,0
3,3,0
3,5,2
2,2,0
2,2,0
3,3,0
4,4,0
1,2,1
3,3,0
70,92,22
1,2,1
3,3,0
2,2,0
3,5,2
2,2,0
3,17,14
2,2,0
2,6,4
2,2,0
2,3,1
3,5,2
2,9,7
2,13,11
1,2,1
56,56,0
2,2,0
3,3,0
3,3,0
2,4,2
5,6,1
7,7,0
8,8,0
2,6,4
1,2,1
2,2,0
2,2,0
2,2,0
2,2,0
2,2,0
5,5,0
1,2,1
2,2,0
70,79,9
2,5,3
63,63,0
1,1,0
8,8,0
109,109,0
3,8,5
0,0,0
1,2,1
0,0,0
3,15,12
3,3,0
2,2,0
4,4,0
3,5,2
2,2,0
14,16,2
2,2,0
3,3,0
0,0,0
3,6,3
2,2,0
4,4,0
2,2,0
3,5,2
11,14,3
60,60,0
2,2,0
3,3,0
0,0,0
3,3,0
3,8,5
2,2,0
0,0,0
3,3,0
2,42,40
1,2,1
2,2,0
2,2,0
2,4,2
3,3,0
3,9,6
2,4,2
3,3,0
2,2,0
4,6,2
3,6,3
2,2,0
2,2,0
2,6,4
3,3,0
9,9,0
2,2,0
2,2,0
2,2,0
81,207,126
2,7,5
2,2,0
2,4,2
2,8,6
10,10,0
2,2,0
4,4,0
2,2,0
2,3,1
3,3,0
2,2,0
2,2,0
2,2,0
4,10,6
7,7,0
2,8,6
37,37,0
7,33,26
3,5,2
2,2,0
0,0,0
1,1,0
2,2,0
2,2,0
2,4,2
2,4,2
2,5,3
79,79,0
2,24,22
0,0,0
2,9,7
2,2,0
51,51,0
1,2,1
3,3,0
0,0,0
2,2,0
2,4,2
2,2,0
2,2,0
0,0,0
3,3,0
2,80,78
3,3,0
3,17,14
2,2,0
0,0,0
2,2,0
4,4,0
3,12,9
63,455,392
4,4,0
2,12,10
3,3,0
10,10,0
2,2,0
21,21,0
2,2,0
2,17,15
3,3,0
2,2,0
2,3,1
2,4,2
2,2,0
2,2,0
2,4,2
2,3,1
11,11,0
8,13,5
3,3,0
3,3,0
2,4,2
3,5,2
2,2,0
2,2,0
3,6,3
3,15,12
35,127,92
3,6,3
2,7,5
46,54,8
2,2,0
2,2,0
2,3,1
2,4,2
2,4,2
3,4,1
2,15,13
3,3,0
2,2,0
2,5,3
0,0,0
3,3,0
2,4,2
2,2,0
2,15,13
3,5,2
1,1,0
2,6,4
0,0,0
2,7,5
19,141,122
3,7,4
3,5,2
1,2,1
3,5,2
2,80,78
2,2,0
2,4,2
2,2,0
29,29,0
59,61,2
8,8,0
2,2,0
2,2,0
2,2,0
3,5,2
1,5,4
54,54,0
10,10,0
3,3,0
2,5,3
1,1,0
2,4,2
2,2,0
8,8,0
3,3,0
6,8,2
3,3,0
2,34,32
2,2,0
2,7,5
2,8,6
3,3,0
2,4,2
3,3,0
2,2,0
2,2,0
2,31,29
2,2,0
2,2,0
6,6,0
3,3,0
2,79,77
2,2,0
8,8,0
71,99,28
2,2,0
2,2,0
3,9,6
5,5,0
3,3,0
11,13,2
62,305,243
2,2,0
4,5,1
2,13,11
2,4,2
0,0,0
6,6,0
42,44,2
2,2,0
2,2,0
2,2,0
1,1,0
3,7,4
0,0,0
0,0,0
1,1,0
1,4,3
6,6,0
4,5,1
2,2,0
3,3,0
2,2,0
3,3,0
0,0,0
2,2,0
2,2,0
0,0,0
4,4,0
4,51,47
2,2,0
2,4,2
2,2,0
2,6,4
3,5,2
2,2,0
2,2,0
2,6,4
1,23,22
2,5,3
4,4,0
2,4,2
2,11,9
0,0,0
12,14,2
3,3,0
2,2,0
2,2,0
2,4,2
0,0,0
2,2,0
11,236,225
11,11,0
3,9,6
2,2,0
4,71,67
2,10,8
2,2,0
2,2,0
2,4,2
80,80,0
3,7,4
2,2,0
2,2,0
2,13,11
2,2,0
2,4,2
2,2,0
0,0,0
2,2,0
3,5,2
3,3,0
2,2,0
1,2,1
8,8,0
2,2,0
2,2,0
1,1,0
3,5,2
3,5,2
2,2,0
8,8,0
6,6,0
2,16,14
44,47,3
2,4,2
2,2,0
1,1,0
2,23,21
2,6,4
46,104,58
4,70,66
2,4,2
2,24,22
3,5,2
1,1,0
2,2,0
3,3,0
6,34,28
10,10,0
1,19,18
0,0,0
3,3,0
2,2,0
2,17,15
1,1,0
3,5,2
10,10,0
2,2,0
2,3,1
1,1,0
2,2,0
1,1,0
0,0,0
1,1,0
2,2,0
3,5,2
4,7,3
3,3,0
8,8,0
3,3,0
3,3,0
2,2,0
7,7,0
2,2,0
2,2,0
2,2,0
2,17,15
3,3,0
6,6,0
0,0,0
2,4,2
0,0,0
12,12,0
2,2,0
3,7,4
2,8,6
1,32,31
2,2,0
2,2,0
3,3,0
6,22,16
4,7,3
3,3,0
2,2,0
2,2,0
3,3,0
2,2,0
2,8,6
8,8,0
3,6,3
2,2,0
2,5,3
3,3,0
3,4,1
0,0,0
2,2,0
7,14,7
2,6,4
1,1,0
2,2,0
5,5,0
2,4,2
13,13,0
2,4,2
39,39,0
2,4,2
74,78,4
3,24,21
5,5,0
2,2,0
2,25,23
10,28,18
2,7,5
2,2,0
3,5,2
3,3,0
2,2,0
2,2,0
2,5,3
2,5,3
0,0,0
2,93,91
3,3,0
2,2,0
6,81,75
3,14,11
15,15,0
2,2,0
2,2,0
2,2,0
2,2,0
9,9,0
2,2,0
2,2,0
2,2,0
2,78,76
2,2,0
3,12,9
3,3,0
0,0,0
21,21,0
3,5,2
2,2,0
2,2,0
6,6,0
2,2,0
0,0,0
10,11,1
2,2,0
3,3,0
6,6,0
2,2,0
3,5,2
2,10,8
1,5,4
2,2,0
3,3,0
2,2,0
3,3,0
2,21,19
2,2,0
2,2,0
98,98,0
4,5,1
3,3,0
3,3,0
1,1,0
2,2,0
34,35,1
3,7,4
2,4,2
2,2,0
10,14,4
4,4,0
2,2,0
1,1,0
10,30,20
0,0,0
6,34,28
2,2,0
2,2,0
107,107,0
2,2,0
3,7,4
2,82,80
2,2,0
2,2,0
3,3,0
0,0,0
2,2,0
3,3,0
3,5,2
4,9,5
2,2,0
4,5,1
2,11,9
2,8,6
3,3,0
2,2,0
9,9,0
24,24,0
4,15,11
3,5,2
3,3,0
2,7,5
5,30,25
1,1,0
10,10,0
12,19,7
38,40,2
6,11,5
89,95,6
0,0,0
2,2,0
2,3,1
2,2,0
2,2,0
2,2,0
4,4,0
9,9,0
3,3,0
1,55,54
1,2,1
2,5,3
3,12,9
3,3,0
3,3,0
100,109,9
3,7,4
0,0,0
1,1,0
2,7,5
9,9,0
2,4,2
2,4,2
1,3,2
2,2,0
2,2,0
3,5,2
2,2,0
8,8,0
1,2,1
4,4,0
2,2,0
2,2,0
12,19,7
9,9,0
2,2,0
2,2,0
4,4,0
0,0,0
2,47,45
3,3,0
42,50,8
7,7,0
3,3,0
50,56,6
50,52,2
2,4,2
2,2,0
1,1,0
2,6,4
3,3,0
3,3,0
2,2,0
2,2,0
6,8,2
0,0,0
11,11,0
1,1,0
2,6,4
3,3,0
2,120,118
3,13,10
98,98,0
2,2,0
3,3,0
2,2,0
4,7,3
4,13,9
2,2,0
0,0,0
1,40,39
2,14,12
3,4,1
2,2,0
3,5,2
0,0,0
2,2,0
3,13,10
3,5,2
9,9,0
2,2,0
2,2,0
3,3,0
2,37,35
2,2,0
3,4,1
4,5,1
2,4,2
3,7,4
2,8,6
3,10,7
2,2,0
2,2,0
3,3,0
3,13,10
3,5,2
2,2,0
2,2,0
3,7,4
1,21,20
3,3,0
2,2,0
3,3,0
2,10,8
2,51,49
3,3,0
2,2,0
0,0,0
2,2,0
2,2,0
11,11,0
8,8,0
4,6,2
2,2,0
2,8,6
32,32,0
24,24,0
0,0,0
3,13,10
3,10,7
1,1,0
2,2,0
3,3,0
4,6,2
3,7,4
1,9,8
2,2,0
2,2,0
7,7,0
2,5,3
100,100,0
34,38,4
2,2,0
2,2,0
19,19,0
4,4,0
3,3,0
4,6,2
2,2,0
3,8,5
2,2,0
1,216,215
2,2,0
2,2,0
100,100,0
3,5,2
2,6,4
3,3,0
5,5,0
2,2,0
2,5,3
2,2,0
2,2,0
4,4,0
0,0,0
1,1,0
2,2,0
2,2,0
2,4,2
3,3,0
3,11,8
2,2,0
2,2,0
0,0,0
2,2,0
2,2,0
3,3,0
1,1,0
2,2,0
2,2,0
3,5,2
1,4,3
3,5,2
2,2,0
2,2,0
2,2,0
3,3,0
3,5,2
2,2,0
2,4,2
10,10,0
3,3,0
3,95,92
3,5,2
8,8,0
2,2,0
2,82,80
2,2,0
3,3,0
3,3,0
3,3,0
12,17,5
2,14,12
2,2,0
3,3,0
8,8,0
3,3,0
2,6,4
3,3,0
1,10,9
3,3,0
2,2,0
100,100,0
2,2,0
3,3,0
3,3,0
2,2,0
2,2,0
1,3,2
5,11,6
1,1,0
0,0,0
1,1,0
2,2,0
2,3,1
2,2,0
2,4,2
68,70,2
4,6,2
2,2,0
2,6,4
3,11,8
3,3,0
2,3,1
4,4,0
5,7,2
2,6,4
46,54,8
1,9,8
2,2,0
349,427,78
0,0,0
1,1,0
6,17,11
2,2,0
100,100,0
3,7,4
3,3,0
2,2,0
3,16,13
3,30,27
133,135,2
2,2,0
0,0,0
2,6,4
12,22,10
3,3,0
2,4,2
2,8,6
6,23,17
2,4,2
8,8,0
2,2,0
3,6,3
0,0,0
6,6,0
2,2,0
4,8,4
17,21,4
2,2,0
10,10,0
3,3,0
3,10,7
3,7,4
2,2,0
2,4,2
42,49,7
6,6,0
3,3,0
2,5,3
2,4,2
1,2,1
3,5,2
2,2,0
2,2,0
2,2,0
2,2,0
5,5,0
2,2,0
45,72,27
2,3,1
2,2,0
2,8,6
2,2,0
2,2,0
14,14,0
3,3,0
2,2,0
2,2,0
3,3,0
1,1,0
0,0,0
6,10,4
5,5,0
2,2,0
3,5,2
9,14,5
1,2,1
43,43,0
2,2,0
6,6,0
2,2,0
21,23,2
2,3,1
90,182,92
38,38,0
1,9,8
2,5,3
1,2,1
2,2,0
3,3,0
2,2,0
4,8,4
2,8,6
2,5,3
82,115,33
2,2,0
3,3,0
1,1,0
2,2,0
5,9,4
2,6,4
6,106,100
2,2,0
2,6,4
2,2,0
3,3,0
2,47,45
11,11,0
3,9,6
1,4,3
3,3,0
3,3,0
13,18,5
2,2,0
2,2,0
2,2,0
3,5,2
2,2,0
3,5,2
2,4,2
0,0,0
2,7,5
2,3,1
2,2,0
2,2,0
2,2,0
2,2,0
1,1,0
3,4,1
2,2,0
83,83,0
2,2,0
1,1,0
16,16,0
0,0,0
2,4,2
2,2,0
6,6,0
2,108,106
29,40,11
2,2,0
45,45,0
4,4,0
3,3,0
2,2,0
3,3,0
2,2,0
1,20,19
6,35,29
2,2,0
51,51,0
3,3,0
3,4,1
2,2,0
3,5,2
2,27,25
1,27,26
0,0,0
6,6,0
10,10,0
2,4,2
3,3,0
8,10,2
2,4,2
3,3,0
3,15,12
3,3,0
2,2,0
2,4,2
2,4,2
3,3,0
3,3,0
3,3,0
2,4,2
7,28,21
3,9,6
3,14,11
1,1,0
2,32,30
2,2,0
4,4,0
2,2,0
1,2,1
3,3,0
22,22,0
3,3,0
2,2,0
80,84,4
2,2,0
2,12,10
22,79,57
2,2,0
2,2,0
2,2,0
1,98,97
3,5,2
3,3,0
2,2,0
13,73,60
9,9,0
2,2,0
3,15,12
4,4,0
3,3,0
1,6,5
2,3,1
2,2,0
3,22,19
2,2,0
31,31,0
1,1,0
3,3,0
1,2,1
3,7,4
3,4,1
2,2,0
3,7,4
3,3,0
18,18,0
2,9,7
3,5,2
2,2,0
0,0,0
2,12,10
1,1,0
9,9,0
1,3,2
2,5,3
2,10,8
2,2,0
83,83,0
1,17,16
71,171,100
1,2,1
2,4,2
2,2,0
3,3,0
3,3,0
1,1,0
1,1,0
3,3,0
6,9,3
3,7,4
2,3,1
2,2,0
0,0,0
0,0,0
3,3,0
29,40,11
6,6,0
0,0,0
2,80,78
2,5,3
3,7,4
0,0,0
1,2,1
2,4,2
2,5,3
3,9,6
10,10,0
3,3,0
3,9,6
2,2,0
2,4,2
22,22,0
1,3,2
2,2,0
2,2,0
2,4,2
2,2,0
2,2,0
1,6,5
2,2,0
3,3,0
3,3,0
1,1,0
1,2,1
3,3,0
2,2,0
3,3,0
2,2,0
2,10,8
1,1,0
2,3,1
3,23,20
1,3,2
2,2,0
38,41,3
2,2,0
10,13,3
2,14,12
2,17,15
2,2,0
2,2,0
2,2,0
2,2,0
3,12,9
2,24,22
3,6,3
5,5,0
2,2,0
0,0,0
1,7,6
3,6,3
37,37,0
2,2,0
26,30,4
3,3,0
6,17,11
2,6,4
2,2,0
3,3,0
2,2,0
2,3,1
100,109,9
2,2,0
2,2,0
2,2,0
2,2,0
2,6,4
1,16,15
3,10,7
2,2,0
9,20,11
0,0,0
2,4,2
2,120,118
1,1,0
14,14,0
2,4,2
2,2,0
3,6,3
4,4,0
1,2,1
3,3,0
3,7,4
2,2,0
3,3,0
9,9,0
7,7,0
2,10,8
3,8,5
5,5,0
2,4,2
1,2,1
1,1,0
5,20,15
3,3,0
2,2,0
2,2,0
3,16,13
63,349,286
2,2,0
2,2,0
2,4,2
2,16,14
2,4,2
2,2,0
2,6,4
3,9,6
3,3,0
9,22,13
4,82,78
3,5,2
2,5,3
0,0,0
2,2,0
2,2,0
2,2,0
2,2,0
1,1,0
6,15,9
2,26,24
2,2,0
3,3,0
62,307,245
3,3,0
55,124,69
2,2,0
3,3,0
70,79,9
2,2,0
2,2,0
2,67,65
2,2,0
2,25,23
99,133,34
2,2,0
3,5,2
2,4,2
2,43,41
2,2,0
2,2,0
8,17,9
56,189,133
0,0,0
2,2,0
2,2,0
45,61,16
2,38,36
1,2,1
3,3,0
2,17,15
94,98,4
3,3,0
2,2,0
3,8,5
2,2,0
2,2,0
2,2,0
2,2,0
2,6,4
3,3,0
2,2,0
6,6,0
1,11,10
2,2,0
2,2,0
2,2,0
2,2,0
2,8,6
2,12,10
3,4,1
89,91,2
21,27,6
6,6,0
1,3,2
3,3,0
1,21,20
3,9,6
3,9,6
2,2,0
3,3,0
3,5,2
2,9,7
2,2,0
2,13,11
2,2,0
2,2,0
884,886,2
3,3,0
2,2,0
2,2,0
2,4,2
3,3,0
100,109,9
2,6,4
3,3,0
2,2,0
2,4,2
2,2,0
3,3,0
2,4,2
1,3,2
6,6,0
6,35,29
26,32,6
1,2,1
66,66,0
2,4,2
2,2,0
103,103,0
2,4,2
2,2,0
38,38,0
2,14,12
1,2,1
15,16,1
2,2,0
2,19,17
3,5,2
1,4,3
2,2,0
3,3,0
2,2,0
3,7,4
0,0,0
1,2,1
43,43,0
2,2,0
2,40,38
1,2,1
3,3,0
0,0,0
7,7,0
5,5,0
3,3,0
2,2,0
3,12,9
2,4,2
2,2,0
3,3,0
2,80,78
2,2,0
3,3,0
4,4,0
1,4,3
2,4,2
3,3,0
3,5,2
2,2,0
46,54,8
2,2,0
3,3,0
0,0,0
1,1,0
3,3,0
20,22,2
2,4,2
2,4,2
3,15,12
3,3,0
1,24,23
1,2,1
1,1,0
62,305,243
5,5,0
3,3,0
2,70,68
3,3,0
96,101,5
3,3,0
6,10,4
2,2,0
2,2,0
2,2,0
2,2,0
2,4,2
2,2,0
2,2,0
2,2,0
3,10,7
2,2,0
2,2,0
3,7,4
2,2,0
2,7,5
3,16,13
3,3,0
3,5,2
3,8,5
1,1,0
3,4,1
2,79,77
2,8,6
2,2,0
2,17,15
3,12,9
44,86,42
2,2,0
3,5,2
1,2,1
2,21,19
2,6,4
2,2,0
4,8,4
2,2,0
2,2,0
2,2,0
2,13,11
14,34,20
11,11,0
1,2,1
2,2,0
2,19,17
2,4,2
2,2,0
2,2,0
2,2,0
2,4,2
2,6,4
2,2,0
2,2,0
30,31,1
2,2,0
167,209,42
3,3,0
3,4,1
2,2,0
2,47,45
1,2,1
2,2,0
39,39,0
3,3,0
1,1,0
3,8,5
3,3,0
0,0,0
2,2,0
2,2,0
2,2,0
3,9,6
1,2,1
2,2,0
3,9,6
0,0,0
107,275,168
2,5,3
2,4,2
2,2,0
6,6,0
49,49,0
2,16,14
1,1,0
2,4,2
0,0,0
2,2,0
10,10,0
3,3,0
3,3,0
2,2,0
2,2,0
22,22,0
2,2,0
2,2,0
3,3,0
2,2,0
8,8,0
3,5,2
2,2,0
1,36,35
0,0,0
2,2,0
1,5,4
2,2,0
3,3,0
0,0,0
3,3,0
99,99,0
2,21,19
2,2,0
2,31,29
2,2,0
12,12,0
2,2,0
2,4,2
2,2,0
1,2,1
23,25,2
1,30,29
3,5,2
2,2,0
8,15,7
4,9,5
2,2,0
2,3,1
6,7,1
2,4,2
3,7,4
2,52,50
1,26,25
3,10,7
2,8,6
3,6,3
1,4,3
2,4,2
16,16,0
3,8,5
2,15,13
0,0,0
3,3,0
3,5,2
59,134,75
2,7,5
2,4,2
3,5,2
2,2,0
8,13,5
3,3,0
4,4,0
3,5,2
8,8,0
6,14,8
3,6,3
2,2,0
3,3,0
3,3,0
2,2,0
2,13,11
2,3,1
2,2,0
3,24,21
2,4,2
1,2,1
3,3,0
2,2,0
2,2,0
2,2,0
3,6,3
24,24,0
2,2,0
2,2,0
2,2,0
11,11,0
2,4,2
2,25,23
3,3,0
3,46,43
44,54,10
2,2,0
2,80,78
12,14,2
0,0,0
4,8,4
2,15,13
2,2,0
2,2,0
1,4,3
2,2,0
2,3,1
2,5,3
9,9,0
16,17,1
3,3,0
0,0,0
2,2,0
3,6,3
0,0,0
3,3,0
2,8,6
20,21,1
1,2,1
2,2,0
3,5,2
2,2,0
2,2,0
2,84,82
2,4,2
1,1,0
3,5,2
3,3,0
2,27,25
2,2,0
0,0,0
2,118,116
1,2,1
2,8,6
2,2,0
8,8,0
3,3,0
2,2,0
2,2,0
3,3,0
2,2,0
2,3,1
8,8,0
3,3,0
2,68,66
1,1,0
2,7,5
46,46,0
3,6,3
2,2,0
3,5,2
0,0,0
3,3,0
2,2,0
100,106,6
2,2,0
10,10,0
97,97,0
66,66,0
2,4,2
2,2,0
6,6,0
1,1,0
54,54,0
0,0,0
1,2,1
3,5,2
3,73,70
2,2,0
16,35,19
2,3,1
1,2,1
3,3,0
2,12,10
2,18,16
16,34,18
25,25,0
2,82,80
2,3,1
5,5,0
4,4,0
2,2,0
4,4,0
3,5,2
2,30,28
11,11,0
2,6,4
1,1,0
3,3,0
2,21,19
2,4,2
2,2,0
3,12,9
3,3,0
1,1,0
2,7,5
2,5,3
3,3,0
1,1,0
2,11,9
2,2,0
2,2,0
2,32,30
1,4,3
7,7,0
3,3,0
3,3,0
2,9,7
0,0,0
16,16,0
442,442,0
3,3,0
4,4,0
2,2,0
3,3,0
2,2,0
4,9,5
6,6,0
2,3,1
4,12,8
2,4,2
2,4,2
3,11,8
5,6,1
2,12,10
2,2,0
0,0,0
2,2,0
2,2,0
2,2,0
4,4,0
2,2,0
6,6,0
12,15,3
8,10,2
2,6,4
2,2,0
5,5,0
2,2,0
1,1,0
1,3,2
2,2,0
100,102,2
2,16,14
136,166,30
7,13,6
2,6,4
2,11,9
4,4,0
3,3,0
315,513,198
2,3,1
3,3,0
3,6,3
2,2,0
3,3,0
3,3,0
3,5,2
2,2,0
2,2,0
1,19,18
2,2,0
4,19,15
2,30,28
2,8,6
2,2,0
1,1,0
2,2,0
1,2,1
2,4,2
3,3,0
6,6,0
2,2,0
2,5,3
2,2,0
3,3,0
3,3,0
3,3,0
2,9,7
9,12,3
2,2,0
2,2,0
2,3,1
2,2,0
134,134,0
2,2,0
3,3,0
10,20,10
60,62,2
2,2,0
2,2,0
3,3,0
0,0,0
8,8,0
39,41,2
2,2,0
3,3,0
9,9,0
2,2,0
42,46,4
5,5,0
1,26,25
2,2,0
7,7,0
2,2,0
2,2,0
8,16,8
3,5,2
12,23,11
2,82,80
2,4,2
30,31,1
8,8,0
3,3,0
4,7,3
107,107,0
3,3,0
3,3,0
2,4,2
8,8,0
2,8,6
5,5,0
2,2,0
2,2,0
2,2,0
13,18,5
3,5,2
2,2,0
2,2,0
0,0,0
3,3,0
2,4,2
2,8,6
2,2,0
3,3,0
4,4,0
2,4,2
1,2,1
2,2,0
2,2,0
2,4,2
2,4,2
3,3,0
3,3,0
3,3,0
3,3,0
1,8,7
1,1,0
2,4,2
2,100,98
3,3,0
2,2,0
2,4,2
2,13,11
53,62,9
2,2,0
2,45,43
2,2,0
3,3,0
3,7,4
3,3,0
9,9,0
2,2,0
2,2,0
97,98,1
2,2,0
1,61,60
3,9,6
88,88,0
2,2,0
4,4,0
3,6,3
2,2,0
2,2,0
11,11,0
1,1,0
2,2,0
2,128,126
2,4,2
2,6,4
2,2,0
8,8,0
16,16,0
1,26,25
2,2,0
2,2,0
2,5,3
2,6,4
43,94,51
2,12,10
2,2,0
3,7,4
2,2,0
2,2,0
2,7,5
5,14,9
0,0,0
2,2,0
2,2,0
2,2,0
14,14,0
3,9,6
3,5,2
2,2,0
2,22,20
1,3,2
3,6,3
2,2,0
20,21,1
0,0,0
2,2,0
3,5,2
0,0,0
2,2,0
46,46,0
12,12,0
1,1,0
5,5,0
3,5,2
2,2,0
2,2,0
9,9,0
3,9,6
3,15,12
3,6,3
2,7,5
60,64,4
2,2,0
3,3,0
3,5,2
2,2,0
9,9,0
2,4,2
2,2,0
90,90,0
0,0,0
0,0,0
9,9,0
2,2,0
2,4,2
3,3,0
1,1,0
2,2,0
2,2,0
3,5,2
1,6,5
48,50,2
36,135,99
2,14,12
1,1,0
3,8,5
3,3,0
2,4,2
4,4,0
3,10,7
0,0,0
2,2,0
2,2,0
3,6,3
3,8,5
2,5,3
19,19,0
2,4,2
3,7,4
3,5,2
2,4,2
2,2,0
2,2,0
2,2,0
3,3,0
3,4,1
0,0,0
2,2,0
2,2,0
2,5,3
3,4,1
2,40,38
105,105,0
2,12,10
5,19,14
3,7,4
2,2,0
2,4,2
2,2,0
3,3,0
3,3,0
2,4,2
2,2,0
2,2,0
3,18,15
0,0,0
2,4,2
2,2,0
2,2,0
2,2,0
2,2,0
3,3,0
1,2,1
2,11,9
9,9,0
2,2,0
2,2,0
2,2,0
3,7,4
2,2,0
2,2,0
2,2,0
2,2,0
3,3,0
2,2,0
406,417,11
2,40,38
2,5,3
2,2,0
2,5,3
0,0,0
1,1,0
2,8,6
12,21,9
3,3,0
3,7,4
4,4,0
2,4,2
2,2,0
3,11,8
3,3,0
10,13,3
3,4,1
20,85,65
0,0,0
3,3,0
3,6,3
36,44,8
100,100,0
2,4,2
0,0,0
2,3,1
68,68,0
3,5,2
2,14,12
2,3,1
2,4,2
1,2,1
5,5,0
2,6,4
2,2,0
2,4,2
6,6,0
8,12,4
20,20,0
3,6,3
2,2,0
3,3,0
2,2,0
8,26,18
1,2,1
2,2,0
2,15,13
3,3,0
0,0,0
3,3,0
3,5,2
1,1,0
3,8,5
139,222,83
2,2,0
3,3,0
1,1,0
3,5,2
3,7,4
3,10,7
3,3,0
0,0,0
3,3,0
1,1,0
0,0,0
2,2,0
2,3,1
3,5,2
2,2,0
2,4,2
2,2,0
3,28,25
3,9,6
2,3,1
2,2,0
3,3,0
12,13,1
9,9,0
3,7,4
48,48,0
3,4,1
1,8,7
2,8,6
2,18,16
3,17,14
3,3,0
2,4,2
2,4,2
2,2,0
3,4,1
3,3,0
2,7,5
2,2,0
2,2,0
2,4,2
0,0,0
2,2,0
3,3,0
3,15,12
2,2,0
2,2,0
2,2,0
46,54,8
2,2,0
2,2,0
3,3,0
2,3,1
2,2,0
2,2,0
2,4,2
2,7,5
2,4,2
67,140,73
2,2,0
2,11,9
2,16,14
18,23,5
1,1,0
48,48,0
3,5,2
2,3,1
100,109,9
3,3,0
2,3,1
0,0,0
1,4,3
2,2,0
2,3,1
11,26,15
58,67,9
2,2,0
2,22,20
2,2,0
2,5,3
3,3,0
3,12,9
3,9,6
3,3,0
3,3,0
2,2,0
10,12,2
2,4,2
10,10,0
2,2,0
3,11,8
3,3,0
2,4,2
2,2,0
2,6,4
3,3,0
2,2,0
2,2,0
2,2,0
2,2,0
2,2,0
30,32,2
3,7,4
1,3,2
2,2,0
3,3,0
2,2,0
2,25,23
0,0,0
3,5,2
2,2,0
3,5,2
3,7,4
2,7,5
3,5,2
2,2,0
3,11,8
3,3,0
1,3,2
2,3,1
74,437,363
2,16,14
3,3,0
2,2,0
2,2,0
2,9,7
2,2,0
28,29,1
1,36,35
1,4,3
1,1,0
0,0,0
2,4,2
3,3,0
2,35,33
200,364,164
2,2,0
6,11,5
3,6,3
19,27,8
6,15,9
0,0,0
4,9,5
2,6,4
3,4,1
3,7,4
2,2,0
2,15,13
1,16,15
2,2,0
2,2,0
2,2,0
3,3,0
2,2,0
1,1,0
2,6,4
1,8,7
3,3,0
3,5,2
3,3,0
3,43,40
1,3,2
3,5,2
2,2,0
19,20,1
3,3,0
3,5,2
3,5,2
3,3,0
9,11,2
2,2,0
60,60,0
1,2,1
2,2,0
3,5,2
1,3,2
2,2,0
51,51,0
2,19,17
66,74,8
2,2,0
2,2,0
2,10,8
2,5,3
2,2,0
2,3,1
2,2,0
3,16,13
3,7,4
2,4,2
3,3,0
2,16,14
3,5,2
2,2,0
3,3,0
3,4,1
1,2,1
2,3,1
2,2,0
2,5,3
2,2,0
10,65,55
54,54,0
1,1,0
63,63,0
2,2,0
3,3,0
1,1,0
1,26,25
224,224,0
2,2,0
1,8,7
38,41,3
3,6,3
3,6,3
2,4,2
0,0,0
2,4,2
3,20,17
33,34,1
3,3,0
1,2,1
3,9,6
49,110,61
2,2,0
0,0,0
2,4,2
51,51,0
2,2,0
6,6,0
46,54,8
2,4,2
406,417,11
10,10,0
2,4,2
2,2,0
3,3,0
3,3,0
6,12,6
2,11,9
3,3,0
3,3,0
3,3,0
2,16,14
3,5,2
2,2,0
2,2,0
2,2,0
3,3,0
10,11,1
2,16,14
2,4,2
0,0,0
3,3,0
3,3,0
1,5,4
60,92,32
2,80,78
3,4,1
2,2,0
2,2,0
2,8,6
2,2,0
20,41,21
2,16,14
2,4,2
4,13,9
3,4,1
2,2,0
2,6,4
3,7,4
3,3,0
6,6,0
2,2,0
2,2,0
2,2,0
17,17,0
2,2,0
2,2,0
5,12,7
3,3,0
3,3,0
2,5,3
3,3,0
2,2,0
1,1,0
2,2,0
2,14,12
3,3,0
2,5,3
2,2,0
3,6,3
2,6,4
2,4,2
1,11,10
2,4,2
2,3,1
26,26,0
4,10,6
3,3,0
2,2,0
3,3,0
2,2,0
7,7,0
104,104,0
2,2,0
4,12,8
2,2,0
37,37,0
2,2,0
5,5,0
5,5,0
2,2,0
3,11,8
2,2,0
8,18,10
2,4,2
24,26,2
2,2,0
3,25,22
3,5,2
98,98,0
17,21,4
2,4,2
100,200,100
2,2,0
0,0,0
2,2,0
2,2,0
3,3,0
3,9,6
2,3,1
3,3,0
0,0,0
6,6,0
2,6,4
1,1,0
1,23,22
2,2,0
99,109,10
2,4,2
3,3,0
100,109,9
2,7,5
2,2,0
2,2,0
2,2,0
6,10,4
2,2,0
1,1,0
2,11,9
2,2,0
1,4,3
2,2,0
80,103,23
3,4,1
3,6,3
1,1,0
2,2,0
2,2,0
2,2,0
2,5,3
2,2,0
0,0,0
1,1,0
3,3,0
2,2,0
3,6,3
5,6,1
3,3,0
3,3,0
37,37,0
3,5,2
2,4,2
2,2,0
2,150,148
8,8,0
2,6,4
2,2,0
2,2,0
2,3,1
0,0,0
3,4,1
3,3,0
2,2,0
98,98,0
26,28,2
3,5,2
2,6,4
16,34,18
2,2,0
2,4,2
2,2,0
129,129,0
2,7,5
16,16,0
2,6,4
1,185,184
3,3,0
2,11,9
2,2,0
2,2,0
2,2,0
2,2,0
2,3,1
2,2,0
3,3,0
3,3,0
2,20,18
2,37,35
3,3,0
1,1,0
2,2,0
2,17,15
2,2,0
88,166,78
3,6,3
2,2,0
2,4,2
2,2,0
3,7,4
2,2,0
3,5,2
2,2,0
17,71,54
3,3,0
2,2,0
3,3,0
2,2,0
3,5,2
3,3,0
2,4,2
2,2,0
3,5,2
2,2,0
0,0,0
2,6,4
1,23,22
62,64,2
8,8,0
2,2,0
2,4,2
2,2,0
3,6,3
2,2,0
2,2,0
3,3,0
2,2,0
2,4,2
4,6,2
2,2,0
21,21,0
2,2,0
2,4,2
2,2,0
4,6,2
4,4,0
2,6,4
7,7,0
2,2,0
3,9,6
2,2,0
3,9,6
3,10,7
2,2,0
2,2,0
3,3,0
2,2,0
0,0,0
4,4,0
2,2,0
2,2,0
14,14,0
2,2,0
3,3,0
2,14,12
2,2,0
2,2,0
2,3,1
1,12,11
21,21,0
3,3,0
3,13,10
3,3,0
2,2,0
1,1,0
48,48,0
2,2,0
2,2,0
3,3,0
0,0,0
100,109,9
8,8,0
1,1,0
5,10,5
3,5,2
3,3,0
2,2,0
1,1,0
3,3,0
2,6,4
2,14,12
2,2,0
2,2,0
12,12,0
3,3,0
0,0,0
2,2,0
2,2,0
1,3,2
45,119,74
3,3,0
8,8,0
4,4,0
3,3,0
2,2,0
1,2,1
3,5,2
2,4,2
1,1,0
3,3,0
3,3,0
2,4,2
2,2,0
3,7,4
11,11,0
2,2,0
0,0,0
3,3,0
2,2,0
3,3,0
2,60,58
2,15,13
2,2,0
22,22,0
3,3,0
2,2,0
3,4,1
4,4,0
0,0,0
1,4,3
3,3,0
2,3,1
3,3,0
8,29,21
4,8,4
6,35,29
2,6,4
3,3,0
3,3,0
3,3,0
3,4,1
1,2,1
3,5,2
2,2,0
3,3,0
0,0,0
2,2,0
6,6,0
8,8,0
2,2,0
3,3,0
2,2,0
2,2,0
3,3,0
3,3,0
3,3,0
2,6,4
96,96,0
3,6,3
3,3,0
2,10,8
3,3,0
2,2,0
3,5,2
2,6,4
3,3,0
1,1,0
2,4,2
3,9,6
2,2,0
8,8,0
3,7,4
2,2,0
3,3,0
2,6,4
3,3,0
3,10,7
2,4,2
2,2,0
1,2,1
3,46,43
3,6,3
3,3,0
2,2,0
2,2,0
4,4,0
1,4,3
2,2,0
2,5,3
3,3,0
2,111,109
4,5,1
2,19,17
2,8,6
2,2,0
1,1,0
2,2,0
2,4,2
2,48,46
8,54,46
3,13,10
3,3,0
2,18,16
2,6,4
6,6,0
3,9,6
2,3,1
3,3,0
2,2,0
2,2,0
2,4,2
2,2,0
118,118,0
2,2,0
2,2,0
3,5,2
1,1,0
3,8,5
2,2,0
2,15,13
406,417,11
3,7,4
0,0,0
3,22,19
3,3,0
0,0,0
3,7,4
10,10,0
3,3,0
3,3,0
2,24,22
9,11,2
2,4,2
3,3,0
1,1,0
2,5,3
2,2,0
8,16,8
4,18,14
2,2,0
2,4,2
2,2,0
2,2,0
9,9,0
3,3,0
2,4,2
2,2,0
2,2,0
2,2,0
4,4,0
2,11,9
2,6,4
3,6,3
1,6,5
3,9,6
35,35,0
194,196,2
3,7,4
2,2,0
3,3,0
3,10,7
2,6,4
2,4,2
8,8,0
2,2,0
3,3,0
2,2,0
2,2,0
3,10,7
56,56,0
2,2,0
4,12,8
12,12,0
2,2,0
2,5,3
2,2,0
29,29,0
2,2,0
2,12,10
1,5,4
2,13,11
3,3,0
2,2,0
3,20,17
1,2,1
3,15,12
2,2,0
18,18,0
2,5,3
6,11,5
0,0,0
2,2,0
2,2,0
17,17,0
2,2,0
3,3,0
1,2,1
3,4,1
3,5,2
2,2,0
2,2,0
3,3,0
2,2,0
0,0,0
2,2,0
3,3,0
2,2,0
1,1,0
15,24,9
3,3,0
3,3,0
235,312,77
2,2,0
2,8,6
0,0,0
0,0,0
2,3,1
2,2,0
2,2,0
2,2,0
2,2,0
2,29,27
2,6,4
2,2,0
1,14,13
2,3,1
3,3,0
3,3,0
3,5,2
3,3,0
0,0,0
30,32,2
2,11,9
2,2,0
4,4,0
3,8,5
2,4,2
3,76,73
2,3,1
3,21,18
1,11,10
88,176,88
2,2,0
2,2,0
1,1,0
99,99,0
0,0,0
2,2,0
9,9,0
3,9,6
3,3,0
3,3,0
3,3,0
2,65,63
2,2,0
5,5,0
1,87,86
2,2,0
2,2,0
2,2,0
3,5,2
2,4,2
406,417,11
2,5,3
9,12,3
3,3,0
3,6,3
3,5,2
19,141,122
2,21,19
2,2,0
2,2,0
2,16,14
2,8,6
1,1,0
3,3,0
2,2,0
2,2,0
3,3,0
3,3,0
2,2,0
4,4,0
1,1,0
3,11,8
55,62,7
2,4,2
14,14,0
3,26,23
2,5,3
2,4,2
2,2,0
2,2,0
2,2,0
2,153,151
406,406,0
2,2,0
8,8,0
2,3,1
2,4,2
12,12,0
2,4,2
30,30,0
81,207,126
3,29,26
6,35,29
1,1,0
2,6,4
1,5,4
2,8,6
3,3,0
3,3,0
3,14,11
2,2,0
2,11,9
1,1,0
406,417,11
2,2,0
3,3,0
3,3,0
3,3,0
2,2,0
85,181,96
139,216,77
9,9,0
3,11,8
0,0,0
2,2,0
3,3,0
2,21,19
3,6,3
4,6,2
2,2,0
2,2,0
2,2,0
79,79,0
2,2,0
69,69,0
0,0,0
6,17,11
2,4,2
3,3,0
0,0,0
3,3,0
13,68,55
3,3,0
2,2,0
3,5,2
2,4,2
3,3,0
3,3,0
2,4,2
1,69,68
2,2,0
2,4,2
2,2,0
2,4,2
2,2,0
1,107,106
2,2,0
2,2,0
1,2,1
3,3,0
3,7,4
2,2,0
3,5,2
3,5,2
3,50,47
3,7,4
3,3,0
1,10,9
3,3,0
3,3,0
2,9,7
1,2,1
3,3,0
1,1,0
3,7,4
2,2,0
2,6,4
2,2,0
4,10,6
2,4,2
2,2,0
2,3,1
9,12,3
2,2,0
3,3,0
3,3,0
2,2,0
12,12,0
1,1,0
3,7,4
2,4,2
3,14,11
2,12,10
3,3,0
2,2,0
2,123,121
2,9,7
3,3,0
2,6,4
3,3,0
0,0,0
3,3,0
2,2,0
1,7,6
11,11,0
4,11,7
3,3,0
1,1,0
3,3,0
1,8,7
2,4,2
2,2,0
1,2,1
2,2,0
1,72,71
15,15,0
2,2,0
2,4,2
2,3,1
2,2,0
44,44,0
7,15,8
2,16,14
2,2,0
1,2,1
3,8,5
3,3,0
2,2,0
4,5,1
33,399,366
2,2,0
2,4,2
2,2,0
1,2,1
3,3,0
2,17,15
2,2,0
2,2,0
0,0,0
2,2,0
13,15,2
2,11,9
0,0,0
3,3,0
3,5,2
3,3,0
2,2,0
2,82,80
2,2,0
100,109,9
2,2,0
9,9,0
100,100,0
2,4,2
3,3,0
9,17,8
2,2,0
1,4,3
3,7,4
2,2,0
2,4,2
2,2,0
1,2,1
3,3,0
2,4,2
2,2,0
2,10,8
3,3,0
11,11,0
2,2,0
2,2,0
51,60,9
0,0,0
2,2,0
1,1,0
58,58,0
2,2,0
2,2,0
3,5,2
3,9,6
2,4,2
3,6,3
1,3,2
2,3,1
5,5,0
2,5,3
2,8,6
2,2,0
3,9,6
4,7,3
2,2,0
83,83,0
3,3,0
1,1,0
2,2,0
3,3,0
3,7,4
2,4,2
2,2,0
2,2,0
2,2,0
2,6,4
68,68,0
2,4,2
2,2,0
5,5,0
9,9,0
2,2,0
3,3,0
2,2,0
1,1,0
2,17,15
4,7,3
3,3,0
42,44,2
2,2,0
3,3,0
3,3,0
3,5,2
2,2,0
2,2,0
2,6,4
3,3,0
2,2,0
1,9,8
2,2,0
3,3,0
3,3,0
3,8,5
2,4,2
2,4,2
1,3,2
2,2,0
2,8,6
0,0,0
3,3,0
2,4,2
2,2,0
0,0,0
1,21,20
7,7,0
2,5,3
2,4,2
2,2,0
3,41,38
2,2,0
3,3,0
2,2,0
2,26,24
2,2,0
3,3,0
3,3,0
3,3,0
139,216,77
3,3,0
3,3,0
3,3,0
2,2,0
0,0,0
3,11,8
2,6,4
0,0,0
2,2,0
2,2,0
3,3,0
2,2,0
5,12,7
2,2,0
3,3,0
3,5,2
2,2,0
3,3,0
2,2,0
0,0,0
2,3,1
2,2,0
2,2,0
0,0,0
2,4,2
3,5,2
3,3,0
3,12,9
2,2,0
34,34,0
9,9,0
3,3,0
1,2,1
8,8,0
1,1,0
1,2,1
3,3,0
2,2,0
1,1,0
0,0,0
3,19,16
2,2,0
5,5,0
3,5,2
2,4,2
4,4,0
2,2,0
71,99,28
2,2,0
4,4,0
3,10,7
2,2,0
1,2,1
0,0,0
0,0,0
2,8,6
5,5,0
1,1,0
2,2,0
2,8,6
2,11,9
2,8,6
2,3,1
2,2,0
1,1,0
3,17,14
2,3,1
2,2,0
83,83,0
1,1,0
2,2,0
1,1,0
2,2,0
6,6,0
2,2,0
3,3,0
2,22,20
3,3,0
1,4,3
2,2,0
96,96,0
28,51,23
3,9,6
3,3,0
3,9,6
1,2,1
2,79,77
2,2,0
2,2,0
2,4,2
9,9,0
2,2,0
2,15,13
1,4,3
3,11,8
2,2,0
62,62,0
2,2,0
3,3,0
2,59,57
99,99,0
3,5,2
6,17,11
1,1,0
2,2,0
1,8,7
2,3,1
2,2,0
2,2,0
8,8,0
2,2,0
3,10,7
26,26,0
1,2,1
2,2,0
2,4,2
2,2,0
3,3,0
2,6,4
5,5,0
3,3,0
6,8,2
2,2,0
2,2,0
2,3,1
2,5,3
2,13,11
2,16,14
2,2,0
2,8,6
1,7,6
8,8,0
0,0,0
6,6,0
3,3,0
2,2,0
1,25,24
0,0,0
3,4,1
2,2,0
2,2,0
2,2,0
3,3,0
3,3,0
0,0,0
2,2,0
2,17,15
42,46,4
0,0,0
3,25,22
2,2,0
2,3,1
2,2,0
2,11,9
1,1,0
1,2,1
2,2,0
10,10,0
9,40,31
2,2,0
0,0,0
6,59,53
2,23,21
2,2,0
1,4,3
3,3,0
2,19,17
3,3,0
4,4,0
8,8,0
5,5,0
2,23,21
0,0,0
3,3,0
2,8,6
2,2,0
1,1,0
3,20,17
9,20,11
55,119,64
2,8,6
2,2,0
2,10,8
4,4,0
2,2,0
3,3,0
2,2,0
2,2,0
15,15,0
2,2,0
2,2,0
2,2,0
4,9,5
1,12,11
2,2,0
1,1,0
1,2,1
2,2,0
14,19,5
2,2,0
2,2,0
2,4,2
3,3,0
61,118,57
71,71,0
2,4,2
2,2,0
3,3,0
2,13,11
2,5,3
2,2,0
2,4,2
6,6,0
2,2,0
3,3,0
3,7,4
6,6,0
2,2,0
2,4,2
1,1,0
1,1,0
3,29,26
3,3,0
1,3,2
1,1,0
2,6,4
2,2,0
2,198,196
3,3,0
2,2,0
3,15,12
1,1,0
1,4,3
2,4,2
3,3,0
2,2,0
3,16,13
3,5,2
3,5,2
2,13,11
2,2,0
2,2,0
30,33,3
2,2,0
1,2,1
3,6,3
2,4,2
20,20,0
6,17,11
2,3,1
3,5,2
1,3,2
2,2,0
3,3,0
2,10,8
2,2,0
8,8,0
2,2,0
3,10,7
7,7,0
3,3,0
3,3,0
1,1,0
6,6,0
2,10,8
8,8,0
2,2,0
2,7,5
3,3,0
3,11,8
2,2,0
9,9,0
29,29,0
20,20,0
3,12,9
2,2,0
1,75,74
2,7,5
3,3,0
3,3,0
2,24,22
3,7,4
2,2,0
0,0,0
9,111,102
2,2,0
2,3,1
40,40,0
3,3,0
2,4,2
5,20,15
2,2,0
2,2,0
3,5,2
2,2,0
2,3,1
2,2,0
2,4,2
1,1,0
2,2,0
1,2,1
2,2,0
66,66,0
1,4,3
2,2,0
16,16,0
2,2,0
26,37,11
2,11,9
0,0,0
2,2,0
2,28,26
2,2,0
3,11,8
2,2,0
2,4,2
39,44,5
2,2,0
0,0,0
2,2,0
2,2,0
1,2,1
0,0,0
4,5,1
2,4,2
0,0,0
2,2,0
3,3,0
0,0,0
2,2,0
2,2,0
1,3,2
3,3,0
3,9,6
3,9,6
3,5,2
16,16,0
2,2,0
2,2,0
2,4,2
2,2,0
3,5,2
3,3,0
1,1,0
3,3,0
4,12,8
2,2,0
6,6,0
0,0,0
3,5,2
3,11,8
0,0,0
2,3,1
3,3,0
2,26,24
3,3,0
2,4,2
2,2,0
2,2,0
2,19,17
2,4,2
2,2,0
3,3,0
3,3,0
3,12,9
2,2,0
3,3,0
2,80,78
3,3,0
45,61,16
3,21,18
3,10,7
2,2,0
1,2,1
15,15,0
138,245,107
3,13,10
3,3,0
4,6,2
3,3,0
2,2,0
2,4,2
2,2,0
3,9,6
2,4,2
1,28,27
29,87,58
2,2,0
3,15,12
3,7,4
2,2,0
2,2,0
2,2,0
5,14,9
2,2,0
2,2,0
3,3,0
4,4,0
3,5,2
3,7,4
3,3,0
2,2,0
1,2,1
3,6,3
0,0,0
5,5,0
0,0,0
138,245,107
3,3,0
2,2,0
2,16,14
3,3,0
1,1,0
3,3,0
2,9,7
2,2,0
81,81,0
3,7,4
1,2,1
2,2,0
3,3,0
2,4,2
1,3,2
2,4,2
2,10,8
3,3,0
2,2,0
3,5,2
2,4,2
6,8,2
2,2,0
2,8,6
0,0,0
5,5,0
3,3,0
5,5,0
3,5,2
2,4,2
2,17,15
4,5,1
0,0,0
22,78,56
32,33,1
9,9,0
2,4,2
3,3,0
2,2,0
3,3,0
2,4,2
3,3,0
1,4,3
2,10,8
11,11,0
1,2,1
3,3,0
2,2,0
2,3,1
1,5,4
2,4,2
2,31,29
0,0,0
107,107,0
0,0,0
2,2,0
0,0,0
2,2,0
0,0,0
2,2,0
2,2,0
2,4,2
1,2,1
0,0,0
63,159,96
100,109,9
3,6,3
2,2,0
5,5,0
2,2,0
60,114,54
3,10,7
2,2,0
6,6,0
1,23,22
2,2,0
2,2,0
2,2,0
2,2,0
3,4,1
3,3,0
1,8,7
20,20,0
2,2,0
2,2,0
2,2,0
2,2,0
3,7,4
3,11,8
3,3,0
1,2,1
0,0,0
2,14,12
3,3,0
2,2,0
3,3,0
6,14,8
2,18,16
54,54,0
3,3,0
3,3,0
2,21,19
3,3,0
51,51,0
3,5,2
3,17,14
13,34,21
4,6,2
3,3,0
2,2,0
2,25,23
2,22,20
2,7,5
2,2,0
4,4,0
2,2,0
3,5,2
2,3,1
2,10,8
2,4,2
2,2,0
2,2,0
2,6,4
12,12,0
2,12,10
0,0,0
2,2,0
3,4,1
2,2,0
2,3,1
2,8,6
2,6,4
2,2,0
2,2,0
3,3,0
0,0,0
3,3,0
2,5,3
3,11,8
3,5,2
1,2,1
2,4,2
2,2,0
2,2,0
2,18,16
3,5,2
2,2,0
2,2,0
5,5,0
2,2,0
1,2,1
2,25,23
21,37,16
1,1,0
2,2,0
2,2,0
54,56,2
2,2,0
2,2,0
3,12,9
81,150,69
2,5,3
12,78,66
3,4,1
27,35,8
2,87,85
3,5,2
2,2,0
2,2,0
3,3,0
2,2,0
2,2,0
26,27,1
2,16,14
2,2,0
6,6,0
2,15,13
6,15,9
2,2,0
3,16,13
3,66,63
0,0,0
0,0,0
3,3,0
86,86,0
70,77,7
0,0,0
4,9,5
2,5,3
2,2,0
3,3,0
2,2,0
6,6,0
1,2,1
2,2,0
2,14,12
2,2,0
1,7,6
2,2,0
2,4,2
0,0,0
3,3,0
8,8,0
1,2,1
9,9,0
3,3,0
3,3,0
2,2,0
1,1,0
2,2,0
3,3,0
2,2,0
2,2,0
79,79,0
2,2,0
3,3,0
2,2,0
2,2,0
2,2,0
7,8,1
2,2,0
4,10,6
2,6,4
2,4,2
3,3,0
3,3,0
2,2,0
2,10,8
3,9,6
1,1,0
1,2,1
1,1,0
2,2,0
30,30,0
2,2,0
3,3,0
3,3,0
1,4,3
2,2,0
2,2,0
0,0,0
3,5,2
3,3,0
77,156,79
2,4,2
32,32,0
2,2,0
2,2,0
2,41,39
2,2,0
2,2,0
2,3,1
3,8,5
3,3,0
6,35,29
3,3,0
0,0,0
2,6,4
1,2,1
2,2,0
0,0,0
2,6,4
3,3,0
2,2,0
3,7,4
6,8,2
6,6,0
0,0,0
2,4,2
3,4,1
2,2,0
3,3,0
2,2,0
2,2,0
2,2,0
2,4,2
3,3,0
9,62,53
2,2,0
2,2,0
2,2,0
16,16,0
2,8,6
2,2,0
2,2,0
3,22,19
3,7,4
2,2,0
3,7,4
2,2,0
8,8,0
2,5,3
1,2,1
3,16,13
2,2,0
3,3,0
26,26,0
3,3,0
2,4,2
2,2,0
2,2,0
2,2,0
3,3,0
0,0,0
3,14,11
2,2,0
25,27,2
3,3,0
3,4,1
1,1,0
3,3,0
1,3,2
3,5,2
2,4,2
0,0,0
3,12,9
2,2,0
60,60,0
3,3,0
0,0,0
2,5,3
2,2,0
2,2,0
2,2,0
1,11,10
3,12,9
2,2,0
9,9,0
3,3,0
406,417,11
2,2,0
2,7,5
35,50,15
2,2,0
1,1,0
2,3,1
0,0,0
0,0,0
2,4,2
2,4,2
2,4,2
8,8,0
2,4,2
3,3,0
2,4,2
0,0,0
2,2,0
2,2,0
10,10,0
1,6,5
3,5,2
34,35,1
9,13,4
3,3,0
3,3,0
3,7,4
2,2,0
3,5,2
2,2,0
3,4,1
2,2,0
2,10,8
3,3,0
54,54,0
4,7,3
1,1,0
16,16,0
100,100,0
1,8,7
10,10,0
2,4,2
2,2,0
2,25,23
2,6,4
5,5,0
2,2,0
2,2,0
2,2,0
1,1,0
2,2,0
9,9,0
2,3,1
3,7,4
82,87,5
2,2,0
49,49,0
1,4,3
3,3,0
3,3,0
2,2,0
3,3,0
3,3,0
10,10,0
8,8,0
2,2,0
2,39,37
1,3,2
2,2,0
2,9,7
2,2,0
11,11,0
5,5,0
2,4,2
1,2,1
2,2,0
3,5,2
3,3,0
1,14,13
1,5,4
2,4,2
2,9,7
24,24,0
2,8,6
3,5,2
1,2,1
2,6,4
2,2,0
2,19,17
3,3,0
3,13,10
2,2,0
28,56,28
2,2,0
3,3,0
2,2,0
6,6,0
1,2,1
2,2,0
3,5,2
2,2,0
2,4,2
2,8,6
5,5,0
2,26,24
2,2,0
3,3,0
2,4,2
2,2,0
3,3,0
1,2,1
2,2,0
3,3,0
8,8,0
4,6,2
3,11,8
2,5,3
3,7,4
1,1,0
2,2,0
2,4,2
3,3,0
3,5,2
97,116,19
3,5,2
48,69,21
2,5,3
2,2,0
23,23,0
2,2,0
2,2,0
2,88,86
3,7,4
2,2,0
0,0,0
5,9,4
2,4,2
3,6,3
4,8,4
21,21,0
2,2,0
2,2,0
2,8,6
11,11,0
14,14,0
1,2,1
100,100,0
3,7,4
6,6,0
8,8,0
2,4,2
52,53,1
3,3,0
2,2,0
1,1,0
3,3,0
2,6,4
3,17,14
2,2,0
135,135,0
3,7,4
2,3,1
2,2,0
3,3,0
3,8,5
2,2,0
6,20,14
1,3,2
3,3,0
2,2,0
2,2,0
1,1,0
2,4,2
3,12,9
7,91,84
2,2,0
2,2,0
2,5,3
2,2,0
3,3,0
2,2,0
0,0,0
3,4,1
3,6,3
2,4,2
2,2,0
2,2,0
3,7,4
2,2,0
0,0,0
2,2,0
0,0,0
2,20,18
2,2,0
2,3,1
0,0,0
2,2,0
2,2,0
2,2,0
2,2,0
2,2,0
2,4,2
4,12,8
2,8,6
2,4,2
0,0,0
2,4,2
2,2,0
2,3,1
1,1,0
2,2,0
1,4,3
2,4,2
56,56,0
2,4,2
1,5,4
2,3,1
2,3,1
0,0,0
2,4,2
2,4,2
2,2,0
2,2,0
3,9,6
2,2,0
2,2,0
0,0,0
147,147,0
4,4,0
0,0,0
2,8,6
0,0,0
2,11,9
16,18,2
0,0,0
2,2,0
2,11,9
2,2,0
2,37,35
2,4,2
95,98,3
21,21,0
3,9,6
1,2,1
1,1,0
3,3,0
2,2,0
3,3,0
2,4,2
2,4,2
1,2,1
2,7,5
36,45,9
0,0,0
2,2,0
3,3,0
1,4,3
22,23,1
0,0,0
2,16,14
2,4,2
8,8,0
2,2,0
6,7,1
3,6,3
2,2,0
0,0,0
2,4,2
3,15,12
1,2,1
3,3,0
2,13,11
2,6,4
2,2,0
2,12,10
2,2,0
2,2,0
2,2,0
2,5,3
2,2,0
80,93,13
1,2,1
2,10,8
2,2,0
9,12,3
3,3,0
3,5,2
8,8,0
2,13,11
2,2,0
406,417,11
2,2,0
2,2,0
1,3,2
9,9,0
2,2,0
2,24,22
4,4,0
2,12,10
2,9,7
3,16,13
2,2,0
2,4,2
5,5,0
5,16,11
2,2,0
2,2,0
2,7,5
2,2,0
1,2,1
38,133,95
2,2,0
3,4,1
2,2,0
0,0,0
2,24,22
2,2,0
3,3,0
3,5,2
2,2,0
26,41,15
2,4,2
2,2,0
2,2,0
2,2,0
2,2,0
3,5,2
9,9,0
2,7,5
2,8,6
23,23,0
2,19,17
3,3,0
2,82,80
1,1,0
3,5,2
2,6,4
4,6,2
2,76,74
7,7,0
2,2,0
1,6,5
0,0,0
3,9,6
2,3,1
3,3,0
2,2,0
132,132,0
2,2,0
2,2,0
2,6,4
6,51,45
0,0,0
5,5,0
2,2,0
2,62,60
2,2,0
2,2,0
1,3,2
2,27,25
2,6,4
2,2,0
0,0,0
2,2,0
2,2,0
0,0,0
2,5,3
2,2,0
50,51,1
2,2,0
2,2,0
7,8,1
2,2,0
2,2,0
2,4,2
48,71,23
5,5,0
3,3,0
3,7,4
2,5,3
13,13,0
1,1,0
4,4,0
3,3,0
2,2,0
1,1,0
2,22,20
2,8,6
3,9,6
3,6,3
2,2,0
3,3,0
3,6,3
3,5,2
2,2,0
8,8,0
2,2,0
2,2,0
1,2,1
3,3,0
2,4,2
1,3,2
4,4,0
2,6,4
3,3,0
10,18,8
4,7,3
0,0,0
2,4,2
2,2,0
4,23,19
2,6,4
2,2,0
2,2,0
2,2,0
28,41,13
2,2,0
138,245,107
3,9,6
2,2,0
2,6,4
2,2,0
3,5,2
6,6,0
36,36,0
2,2,0
3,13,10
4,4,0
0,0,0
2,2,0
2,2,0
5,7,2
70,70,0
0,0,0
3,5,2
0,0,0
2,2,0
3,5,2
1,72,71
2,4,2
2,2,0
2,2,0
2,22,20
2,4,2
2,4,2
2,109,107
2,2,0
2,2,0
1,1,0
2,2,0
3,9,6
1,2,1
3,5,2
3,3,0
2,2,0
4,21,17
1,3,2
2,2,0
6,12,6
11,11,0
5,5,0
2,2,0
4,10,6
3,7,4
3,6,3
2,2,0
51,51,0
3,3,0
0,0,0
1,2,1
3,3,0
46,50,4
2,2,0
2,2,0
2,2,0
2,3,1
0,0,0
3,7,4
3,3,0
2,2,0
2,25,23
2,5,3
2,2,0
3,7,4
2,2,0
3,3,0
2,3,1
2,2,0
3,3,0
10,10,0
2,2,0
2,2,0
11,11,0
2,11,9
2,2,0
1,1,0
3,3,0
3,22,19
3,8,5
2,2,0
2,2,0
3,7,4
1,7,6
2,2,0
3,3,0
3,3,0
2,2,0
3,3,0
2,7,5
2,2,0
19,25,6
235,260,25
0,0,0
3,3,0
8,13,5
2,2,0
5,5,0
1,1,0
2,3,1
2,2,0
2,2,0
2,4,2
1,2,1
2,5,3
3,3,0
2,2,0
2,2,0
2,3,1
3,3,0
5,5,0
2,2,0
18,18,0
3,3,0
2,23,21
20,20,0
0,0,0
3,5,2
89,95,6
2,3,1
2,2,0
1,3,2
2,2,0
1,1,0
2,2,0
2,2,0
2,2,0
2,2,0
1,2,1
2,2,0
2,2,0
2,2,0
11,11,0
1,2,1
6,10,4
3,10,7
2,17,15
5,6,1
3,9,6
48,53,5
1,1,0
2,9,7
1,2,1
3,3,0
2,7,5
3,3,0
3,4,1
2,4,2
3,5,2
2,2,0
3,3,0
2,2,0
0,0,0
2,4,2
2,2,0
2,2,0
2,2,0
2,2,0
2,4,2
2,2,0
2,2,0
2,2,0
4,4,0
3,8,5
2,20,18
2,2,0
2,2,0
2,2,0
0,0,0
2,2,0
1,5,4
11,11,0
2,2,0
2,2,0
14,14,0
2,7,5
2,2,0
3,5,2
2,2,0
155,185,30
2,4,2
2,4,2
7,18,11
3,4,1
3,3,0
80,93,13
2,3,1
3,18,15
2,2,0
3,3,0
3,5,2
2,4,2
2,4,2
3,4,1
3,20,17
2,2,0
3,5,2
2,2,0
2,2,0
2,2,0
2,2,0
2,2,0
5,6,1
2,22,20
2,6,4
2,2,0
3,5,2
0,0,0
2,2,0
2,7,5
2,2,0
3,4,1
3,3,0
1,25,24
3,9,6
2,2,0
2,2,0
3,6,3
34,34,0
2,2,0
2,2,0
8,8,0
3,16,13
38,41,3
4,7,3
3,3,0
12,86,74
3,3,0
2,2,0
3,3,0
2,4,2
3,9,6
0,0,0
59,59,0
2,4,2
1,2,1
8,13,5
2,2,0
2,20,18
2,15,13
3,3,0
3,7,4
0,0,0
2,2,0
3,3,0
2,2,0
3,20,17
2,2,0
2,2,0
3,3,0
2,2,0
93,119,26
3,5,2
2,2,0
2,4,2
2,33,31
1,2,1
2,2,0
2,2,0
2,2,0
2,37,35
2,4,2
3,39,36
8,8,0
1,11,10
3,3,0
2,26,24
3,3,0
73,173,100
3,5,2
2,2,0
5,5,0
2,6,4
1,1,0
2,2,0
10,18,8
3,3,0
2,2,0
3,10,7
3,12,9
11,28,17
6,6,0
154,154,0
2,2,0
9,9,0
3,3,0
3,3,0
2,3,1
1,23,22
0,0,0
3,5,2
2,2,0
2,2,0
2,2,0
3,3,0
2,2,0
2,18,16
3,3,0
80,80,0
2,4,2
3,5,2
3,4,1
2,4,2
3,3,0
2,2,0
2,2,0
1,25,24
5,5,0
2,2,0
3,3,0
2,3,1
3,15,12
1,1,0
2,2,0
3,3,0
2,2,0
1,2,1
0,0,0
1,1,0
2,4,2
2,2,0
2,2,0
2,6,4
1,1,0
3,3,0
2,4,2
1,1,0
1,1,0
2,3,1
3,24,21
27,30,3
2,2,0
0,0,0
4,7,3
3,3,0
2,2,0
3,5,2
2,2,0
1,1,0
3,7,4
15,15,0
2,2,0
0,0,0
8,8,0
406,417,11
2,2,0
3,5,2
2,2,0
2,2,0
1,1,0
15,23,8
2,2,0
3,8,5
2,2,0
14,14,0
3,42,39
1,1,0
2,2,0
3,3,0
2,2,0
2,2,0
4,61,57
2,2,0
2,2,0
3,3,0
2,4,2
2,4,2
2,2,0
2,2,0
3,17,14
1,1,0
23,24,1
2,5,3
10,12,2
1,2,1
2,4,2
2,2,0
2,2,0
3,7,4
2,2,0
0,0,0
0,0,0
3,3,0
98,109,11
5,7,2
1,1,0
3,3,0
26,33,7
2,6,4
2,4,2
2,2,0
2,2,0
2,11,9
61,61,0
14,14,0
36,49,13
2,7,5
2,2,0
52,156,104
2,2,0
6,34,28
3,3,0
2,2,0
3,17,14
2,6,4
2,4,2
1,2,1
2,2,0
3,3,0
2,2,0
30,49,19
2,2,0
18,18,0
2,4,2
8,22,14
1,1,0
5,5,0
3,3,0
2,5,3
3,3,0
3,5,2
3,5,2
2,4,2
3,6,3
2,2,0
0,0,0
2,2,0
1,4,3
3,14,11
10,36,26
2,2,0
0,0,0
3,5,2
1,2,1
2,2,0
3,5,2
3,4,1
4,32,28
2,2,0
2,4,2
3,10,7
2,2,0
3,3,0
406,423,17
2,2,0
2,4,2
2,2,0
4,6,2
8,16,8
3,3,0
2,11,9
27,27,0
3,3,0
2,2,0
22,22,0
7,7,0
3,3,0
9,9,0
15,15,0
2,2,0
3,5,2
2,2,0
3,12,9
3,3,0
2,3,1
1,2,1
2,8,6
3,3,0
2,2,0
2,2,0
2,2,0
1,4,3
2,17,15
3,3,0
2,4,2
2,2,0
3,3,0
5,5,0
3,3,0
3,3,0
15,37,22
3,3,0
2,2,0
2,8,6
2,2,0
2,3,1
3,9,6
4,4,0
22,22,0
3,5,2
3,3,0
48,50,2
6,8,2
3,26,23
3,3,0
1,1,0
2,2,0
2,2,0
0,0,0
3,5,2
2,13,11
2,4,2
2,2,0
3,3,0
2,2,0
2,2,0
2,3,1
4,4,0
3,3,0
2,2,0
2,2,0
9,11,2
2,4,2
2,2,0
2,2,0
2,2,0
6,7,1
4,4,0
1,4,3
2,2,0
2,2,0
3,11,8
0,0,0
2,2,0
2,2,0
2,2,0
3,5,2
2,2,0
3,14,11
1,23,22
2,2,0
100,104,4
6,35,29
3,5,2
2,2,0
2,22,20
54,131,77
8,10,2
3,3,0
3,3,0
8,30,22
2,2,0
3,10,7
2,7,5
11,11,0
2,4,2
3,7,4
3,9,6
9,9,0
7,25,18
3,3,0
52,67,15
2,2,0
2,8,6
14,151,137
3,5,2
4,4,0
4,4,0
1,1,0
2,2,0
8,9,1
3,3,0
2,26,24
3,3,0
2,4,2
0,0,0
2,2,0
14,16,2
1,1,0
2,2,0
2,2,0
2,2,0
3,3,0
2,2,0
14,27,13
5,5,0
2,2,0
17,17,0
0,0,0
2,4,2
2,2,0
2,2,0
2,318,316
3,5,2
2,2,0
3,7,4
138,245,107
2,17,15
6,6,0
2,23,21
2,5,3
3,3,0
5,19,14
2,4,2
33,33,0
2,2,0
3,3,0
2,4,2
3,7,4
3,3,0
80,80,0
3,7,4
2,6,4
3,3,0
3,3,0
0,0,0
2,4,2
2,2,0
3,10,7
9,9,0
3,3,0
3,5,2
2,4,2
2,2,0
2,8,6
87,87,0
2,2,0
2,4,2
2,2,0
2,2,0
3,3,0
3,5,2
0,0,0
2,4,2
3,14,11
2,2,0
2,2,0
5,11,6
2,2,0
0,0,0
3,3,0
2,2,0
2,80,78
44,44,0
2,2,0
0,0,0
2,5,3
1,22,21
1,1,0
20,25,5
2,2,0
2,4,2
3,3,0
3,3,0
27,27,0
3,3,0
3,11,8
3,3,0
4,8,4
10,29,19
3,3,0
2,2,0
4,13,9
3,5,2
2,24,22
3,3,0
1,1,0
2,2,0
2,4,2
2,2,0
2,40,38
4,4,0
2,3,1
3,8,5
2,2,0
27,38,11
2,2,0
2,2,0
10,10,0
3,3,0
0,0,0
2,2,0
2,2,0
3,3,0
3,3,0
1,1,0
4,4,0
1,1,0
1,1,0
2,12,10
20,20,0
46,54,8
12,12,0
2,3,1
3,3,0
2,2,0
2,2,0
1,2,1
2,2,0
2,5,3
3,3,0
2,10,8
3,4,1
2,4,2
2,2,0
3,3,0
2,2,0
4,4,0
3,10,7
2,2,0
2,2,0
1,4,3
2,2,0
21,68,47
22,22,0
2,2,0
47,47,0
25,25,0
3,9,6
2,2,0
9,9,0
2,2,0
2,2,0
0,0,0
2,3,1
1,1,0
2,2,0
3,7,4
98,109,11
0,0,0
84,84,0
2,4,2
2,2,0
3,8,5
28,28,0
0,0,0
1,25,24
2,2,0
4,4,0
4,11,7
2,2,0
2,10,8
2,12,10
17,17,0
2,2,0
2,2,0
2,2,0
2,2,0
3,3,0
3,3,0
2,2,0
3,3,0
2,4,2
3,5,2
2,3,1
2,2,0
2,2,0
2,2,0
2,2,0
2,3,1
2,4,2
2,2,0
2,2,0
2,4,2
2,4,2
1,1,0
2,2,0
3,5,2
3,9,6
1,1,0
2,2,0
3,7,4
3,5,2
1,1,0
406,417,11
3,3,0
3,5,2
3,5,2
2,15,13
2,5,3
2,2,0
2,11,9
3,5,2
2,3,1
8,8,0
48,50,2
2,2,0
3,13,10
9,9,0
2,2,0
3,5,2
2,2,0
0,0,0
4,4,0
3,4,1
2,2,0
2,2,0
48,48,0
2,2,0
2,3,1
2,2,0
8,8,0
2,12,10
2,82,80
2,3,1
2,3,1
2,2,0
2,10,8
1,1,0
1,1,0
2,2,0
2,9,7
1,1,0
9,9,0
1,2,1
2,2,0
3,5,2
2,2,0
3,5,2
100,104,4
10,43,33
1,2,1
1,12,11
9,9,0
27,27,0
1,1,0
0,0,0
2,2,0
2,2,0
2,2,0
40,45,5
2,2,0
3,3,0
2,2,0
2,7,5
2,2,0
3,3,0
3,23,20
3,3,0
100,100,0
1,1,0
3,3,0
3,5,2
3,3,0
3,6,3
1,1,0
1,4,3
2,2,0
1,60,59
2,2,0
3,3,0
2,2,0
2,2,0
2,2,0
50,80,30
2,2,0
2,2,0
50,50,0
3,3,0
3,5,2
2,2,0
2,2,0
3,5,2
2,2,0
2,2,0
2,2,0
3,3,0
2,2,0
85,85,0
2,2,0
2,2,0
2,15,13
2,8,6
2,7,5
2,2,0
2,9,7
6,6,0
1,2,1
2,2,0
3,9,6
3,12,9
3,8,5
1,1,0
3,5,2
0,0,0
3,4,1
3,3,0
3,5,2
50,50,0
2,2,0
1,1,0
2,4,2
26,26,0
2,18,16
0,0,0
2,2,0
2,4,2
10,10,0
10,20,10
1,1,0
78,78,0
1,78,77
3,3,0
2,2,0
8,8,0
2,2,0
2,2,0
0,0,0
0,0,0
3,3,0
1,2,1
1,1,0
4,21,17
12,40,28
48,50,2
2,8,6
2,2,0
3,23,20
2,2,0
42,42,0
1,20,19
13,13,0
4,4,0
1,1,0
2,8,6
19,25,6
2,2,0
20,20,0
2,2,0
2,4,2
3,3,0
3,3,0
2,2,0
2,2,0
4,4,0
17,17,0
2,2,0
6,6,0
8,8,0
3,4,1
2,4,2
3,3,0
3,8,5
2,2,0
3,12,9
1,2,1
2,2,0
1,2,1
1,21,20
28,28,0
9,11,2
0,0,0
2,4,2
2,6,4
12,12,0
3,3,0
2,10,8
2,12,10
3,17,14
884,886,2
5,5,0
2,6,4
2,2,0
3,3,0
10,17,7
3,3,0
3,5,2
2,2,0
2,6,4
2,3,1
13,13,0
2,11,9
8,8,0
3,5,2
3,3,0
2,2,0
3,3,0
1,20,19
2,2,0
2,2,0
2,22,20
2,2,0
3,5,2
2,2,0
2,2,0
2,2,0
2,2,0
19,19,0
0,0,0
2,2,0
3,44,41
6,67,61
2,2,0
3,13,10
2,2,0
2,2,0
6,7,1
26,26,0
63,63,0
3,5,2
3,5,2
2,3,1
2,2,0
2,4,2
3,3,0
59,59,0
2,2,0
3,11,8
2,2,0
2,2,0
3,11,8
2,2,0
3,3,0
3,3,0
2,2,0
2,2,0
16,16,0
16,16,0
2,5,3
2,4,2
3,3,0
2,2,0
3,3,0
3,3,0
2,2,0
2,4,2
2,2,0
4,4,0
2,2,0
3,11,8
0,0,0
0,0,0
2,2,0
2,4,2
2,22,20
3,16,13
20,21,1
1,6,5
2,4,2
1,1,0
2,6,4
2,2,0
2,2,0
2,2,0
2,2,0
2,5,3
3,3,0
1,28,27
3,5,2
2,2,0
8,8,0
3,6,3
0,0,0
3,5,2
1,3,2
3,3,0
2,2,0
2,2,0
3,5,2
3,10,7
5,5,0
0,0,0
3,8,5
2,2,0
2,2,0
2,2,0
1,30,29
10,12,2
3,3,0
7,10,3
89,89,0
2,2,0
2,2,0
1,2,1
3,3,0
2,3,1
2,5,3
2,2,0
3,6,3
2,3,1
2,2,0
75,77,2
6,6,0
1,13,12
3,4,1
1,2,1
2,2,0
3,3,0
2,114,112
51,52,1
2,2,0
2,2,0
2,2,0
3,3,0
2,2,0
76,79,3
4,4,0
0,0,0
2,9,7
8,10,2
2,19,17
22,22,0
38,38,0
24,24,0
2,2,0
3,3,0
2,6,4
2,2,0
2,2,0
2,2,0
2,2,0
2,2,0
10,21,11
2,2,0
13,13,0
2,6,4
1,25,24
2,17,15
2,2,0
3,3,0
46,54,8
2,4,2
2,2,0
4,112,108
2,2,0
2,4,2
47,47,0
5,6,1
2,58,56
1,1,0
2,2,0
3,3,0
14,33,19
9,9,0
2,3,1
2,2,0
28,47,19
2,7,5
2,2,0
3,21,18
2,3,1
2,2,0
2,4,2
3,5,2
3,5,2
1,8,7
1,1,0
4,5,1
5,5,0
137,138,1
3,5,2
2,4,2
23,23,0
3,5,2
2,3,1
2,2,0
3,3,0
1,2,1
3,3,0
2,2,0
2,15,13
3,3,0
3,4,1
3,3,0
2,2,0
2,2,0
6,12,6
2,2,0
2,68,66
2,2,0
4,4,0
2,94,92
3,3,0
2,2,0
3,4,1
2,2,0
2,2,0
1,11,10
2,2,0
24,24,0
2,2,0
3,3,0
2,2,0
3,3,0
2,2,0
2,2,0
2,2,0
5,10,5
2,2,0
2,4,2
2,29,27
2,4,2
3,5,2
1,24,23
1,4,3
3,3,0
0,0,0
3,5,2
2,3,1
3,5,2
2,2,0
8,19,11
4,10,6
58,58,0
2,4,2
2,2,0
26,36,10
2,8,6
1,1,0
0,0,0
4,4,0
1,1,0
7,7,0
3,5,2
0,0,0
2,11,9
4,9,5
2,4,2
2,2,0
2,5,3
2,2,0
2,2,0
2,2,0
2,2,0
2,2,0
3,5,2
2,2,0
3,3,0
3,3,0
2,2,0
83,96,13
1,2,1
2,2,0
2,2,0
2,6,4
3,5,2
3,3,0
2,2,0
3,3,0
0,0,0
2,2,0
23,64,41
3,3,0
2,2,0
8,8,0
3,3,0
1,1,0
2,2,0
2,2,0
2,76,74
12,12,0
3,9,6
2,2,0
2,7,5
2,2,0
2,23,21
4,4,0
2,36,34
2,2,0
3,3,0
2,2,0
3,3,0
6,13,7
6,6,0
3,3,0
2,4,2
2,9,7
3,10,7
3,3,0
1,5,4
1,1,0
2,4,2
2,2,0
3,3,0
1,2,1
2,84,82
2,2,0
2,4,2
2,2,0
14,27,13
3,3,0
3,3,0
0,0,0
3,3,0
3,3,0
3,3,0
37,44,7
3,3,0
3,36,33
2,2,0
4,4,0
2,2,0
3,5,2
1,2,1
7,7,0
2,2,0
2,6,4
8,8,0
2,21,19
2,2,0
1,1,0
2,6,4
3,21,18
2,2,0
2,10,8
0,0,0
2,2,0
2,2,0
4,15,11
3,3,0
2,2,0
36,36,0
2,3,1
2,12,10
3,5,2
16,16,0
2,4,2
3,7,4
2,8,6
3,3,0
2,2,0
3,3,0
68,70,2
2,2,0
2,2,0
46,46,0
3,3,0
2,5,3
0,0,0
3,3,0
2,2,0
10,10,0
1,10,9
3,3,0
3,3,0
3,5,2
2,82,80
1,13,12
2,2,0
3,3,0
2,2,0
2,2,0
2,4,2
5,8,3
2,2,0
2,2,0
2,2,0
5,6,1
2,6,4
4,4,0
3,9,6
5,5,0
3,7,4
3,3,0
1,1,0
1,15,14
2,2,0
100,100,0
2,4,2
3,7,4
9,9,0
3,3,0
2,4,2
3,5,2
3,3,0
11,84,73
2,2,0
2,5,3
3,5,2
3,21,18
3,3,0
22,26,4
2,2,0
2,2,0
2,29,27
2,2,0
2,2,0
2,2,0
4,4,0
3,4,1
2,2,0
4,19,15
2,5,3
2,8,6
3,3,0
22,68,46
2,2,0
2,19,17
22,68,46
3,3,0
2,2,0
7,7,0
2,2,0
2,2,0
0,0,0
1,22,21
2,2,0
2,4,2
2,2,0
2,5,3
3,5,2
6,38,32
2,2,0
3,5,2
2,2,0
3,5,2
2,2,0
5,5,0
2,2,0
4,4,0
3,3,0
3,6,3
2,2,0
2,26,24
2,3,1
2,86,84
2,2,0
0,0,0
2,2,0
67,133,66
3,6,3
2,8,6
2,5,3
4,4,0
2,4,2
2,76,74
2,2,0
2,2,0
9,9,0
1,21,20
2,2,0
10,36,26
83,166,83
4,5,1
5,17,12
2,42,40
2,10,8
3,3,0
2,4,2
2,8,6
23,23,0
2,2,0
2,2,0
0,0,0
5,5,0
2,2,0
44,44,0
2,2,0
1,1,0
1,3,2
1,6,5
1,66,65
2,5,3
1,2,1
29,29,0
2,4,2
2,20,18
3,3,0
3,3,0
11,11,0
57,57,0
2,2,0
2,2,0
19,51,32
2,4,2
4,5,1
2,2,0
3,3,0
3,3,0
2,4,2
2,2,0
3,3,0
3,5,2
2,2,0
2,2,0
2,2,0
2,2,0
2,2,0
2,12,10
2,7,5
51,71,20
3,5,2
2,2,0
2,3,1
4,67,63
3,3,0
3,18,15
3,3,0
2,4,2
2,4,2
0,0,0
2,2,0
20,20,0
8,14,6
7,7,0
0,0,0
2,2,0
2,2,0
2,2,0
3,5,2
2,6,4
8,15,7
1,1,0
6,6,0
3,9,6
3,3,0
1,1,0
2,2,0
3,10,7
1,1,0
3,5,2
2,2,0
1,22,21
2,8,6
2,2,0
2,21,19
3,3,0
2,9,7
0,0,0
2,2,0
2,2,0
5,5,0
22,22,0
2,13,11
1,2,1
3,3,0
2,2,0
1,1,0
2,2,0
2,4,2
12,16,4
2,2,0
4,4,0
2,2,0
2,3,1
2,3,1
75,75,0
3,5,2
2,15,13
4,70,66
2,81,79
3,3,0
2,2,0
4,4,0
1,1,0
2,2,0
2,2,0
2,2,0
2,104,102
2,2,0
2,4,2
2,4,2
2,8,6
2,2,0
2,3,1
2,2,0
9,9,0
46,54,8
3,3,0
1,1,0
1,2,1
34,34,0
81,81,0
1,2,1
3,3,0
4,4,0
2,2,0
2,35,33
2,2,0
5,5,0
40,40,0
3,3,0
2,3,1
0,0,0
2,2,0
2,2,0
90,90,0
8,10,2
2,2,0
2,8,6
2,2,0
1,2,1
2,2,0
1,1,0
3,3,0
3,3,0
2,4,2
3,3,0
2,2,0
2,2,0
52,156,104
8,8,0
42,48,6
2,2,0
3,3,0
2,2,0
2,2,0
2,2,0
8,17,9
2,2,0
51,74,23
3,3,0
2,2,0
2,2,0
0,0,0
2,2,0
2,2,0
2,2,0
87,92,5
6,6,0
3,3,0
9,9,0
3,7,4
11,13,2
51,74,23
2,3,1
2,2,0
2,2,0
2,2,0
4,4,0
34,34,0
2,17,15
3,5,2
3,3,0
2,2,0
3,5,2
0,0,0
2,2,0
2,2,0
3,3,0
1,1,0
2,5,3
3,9,6
2,2,0
12,15,3
12,12,0
10,16,6
1,41,40
2,2,0
2,2,0
2,4,2
2,2,0
2,2,0
2,2,0
10,10,0
2,2,0
2,2,0
2,8,6
1,1,0
54,134,80
2,31,29
2,2,0
2,10,8
2,2,0
3,6,3
2,2,0
6,38,32
2,3,1
3,9,6
2,102,100
1,1,0
3,3,0
46,47,1
2,2,0
13,13,0
129,129,0
3,3,0
2,2,0
3,3,0
2,2,0
3,3,0
2,2,0
2,4,2
2,2,0
1,7,6
2,2,0
3,3,0
2,2,0
2,2,0
3,5,2
2,25,23
2,5,3
2,8,6
2,18,16
22,22,0
2,2,0
3,5,2
2,5,3
4,4,0
2,21,19
3,3,0
2,4,2
3,4,1
3,4,1
2,12,10
2,2,0
2,6,4
2,3,1
3,14,11
2,2,0
0,0,0
1,2,1
2,4,2
2,4,2
3,3,0
2,2,0
2,2,0
2,5,3
3,5,2
65,65,0
2,2,0
1,1,0
2,2,0
2,7,5
3,3,0
2,2,0
2,8,6
2,4,2
2,2,0
3,6,3
9,9,0
2,2,0
2,2,0
2,2,0
9,9,0
2,80,78
3,5,2
2,2,0
2,9,7
3,11,8
2,2,0
2,2,0
2,10,8
4,8,4
2,2,0
2,2,0
42,42,0
406,417,11
2,4,2
2,6,4
4,4,0
3,8,5
11,14,3
2,8,6
2,8,6
2,4,2
2,15,13
1,2,1
2,2,0
1,2,1
2,2,0
2,2,0
11,11,0
88,423,335
2,3,1
1,1,0
2,2,0
3,6,3
3,3,0
2,2,0
2,2,0
27,27,0
2,2,0
2,2,0
20,20,0
8,17,9
7,7,0
3,3,0
2,6,4
3,8,5
2,2,0
3,3,0
2,4,2
5,18,13
2,2,0
2,13,11
3,5,2
2,13,11
100,100,0
3,8,5
2,2,0
3,3,0
2,68,66
3,5,2
1,1,0
2,2,0
2,3,1
1,1,0
2,2,0
8,8,0
2,2,0
3,10,7
2,2,0
4,4,0
4,5,1
3,6,3
3,3,0
2,2,0
1,1,0
3,3,0
2,3,1
2,4,2
2,18,16
6,67,61
3,5,2
2,2,0
2,2,0
2,2,0
5,5,0
1,3,2
3,3,0
2,2,0
2,2,0
2,5,3
3,3,0
3,3,0
0,0,0
1,2,1
2,4,2
2,2,0
3,3,0
3,9,6
2,6,4
2,2,0
2,2,0
3,4,1
2,8,6
2,2,0
2,2,0
132,132,0
50,58,8
6,33,27
2,2,0
2,7,5
2,17,15
0,0,0
2,11,9
74,366,292
0,0,0
3,8,5
2,2,0
8,8,0
3,3,0
2,3,1
2,2,0
2,4,2
2,2,0
3,3,0
2,4,2
15,15,0
3,5,2
3,3,0
0,0,0
2,2,0
93,93,0
2,2,0
3,11,8
2,3,1
2,2,0
0,0,0
2,2,0
2,2,0
2,84,82
2,3,1
2,4,2
3,3,0
2,2,0
2,2,0
2,2,0
2,5,3
0,0,0
3,3,0
6,7,1
3,3,0
0,0,0
2,12,10
2,10,8
8,13,5
2,2,0
3,4,1
3,7,4
2,2,0
2,2,0
3,3,0
1,11,10
3,12,9
3,5,2
3,3,0
3,9,6
2,2,0
3,4,1
2,2,0
97,98,1
3,3,0
3,9,6
2,4,2
43,57,14
3,10,7
34,34,0
2,3,1
2,2,0
2,3,1
2,2,0
2,6,4
2,6,4
0,0,0
2,2,0
2,2,0
2,2,0
79,118,39
2,5,3
3,6,3
1,5,4
3,3,0
3,8,5
3,3,0
3,9,6
3,5,2
1,2,1
2,2,0
2,2,0
2,2,0
51,57,6
3,3,0
6,7,1
2,2,0
2,3,1
2,4,2
2,2,0
2,2,0
3,3,0
3,3,0
107,107,0
3,4,1
2,2,0
3,3,0
2,2,0
2,2,0
0,0,0
2,2,0
1,2,1
2,3,1
1,32,31
72,123,51
0,0,0
2,2,0
3,3,0
2,2,0
0,0,0
1,1,0
2,4,2
3,9,6
4,4,0
0,0,0
2,2,0
60,127,67
2,2,0
24,24,0
2,2,0
1,10,9
2,6,4
1,1,0
3,3,0
2,2,0
8,8,0
3,3,0
9,12,3
2,5,3
3,3,0
3,10,7
22,68,46
2,2,0
1,26,25
1,1,0
2,6,4
4,6,2
80,80,0
3,5,2
2,2,0
3,3,0
2,9,7
3,5,2
406,417,11
2,5,3
2,2,0
3,6,3
23,23,0
3,3,0
2,2,0
2,2,0
5,7,2
1,1,0
2,75,73
2,7,5
18,18,0
3,3,0
18,18,0
2,2,0
2,7,5
3,5,2
8,8,0
2,9,7
2,2,0
2,2,0
2,27,25
2,2,0
3,5,2
1,1,0
2,7,5
2,2,0
3,3,0
3,5,2
2,3,1
70,149,79
19,21,2
2,2,0
2,2,0
1,1,0
2,2,0
1,1,0
3,14,11
2,2,0
83,83,0
2,2,0
3,6,3
3,3,0
83,83,0
2,4,2
2,3,1
2,2,0
95,96,1
2,2,0
26,30,4
2,45,43
3,3,0
89,172,83
23,23,0
1,2,1
2,4,2
3,14,11
3,3,0
2,2,0
3,5,2
2,2,0
77,79,2
3,3,0
3,3,0
3,3,0
0,0,0
2,2,0
2,4,2
3,3,0
99,99,0
2,2,0
2,2,0
2,2,0
2,2,0
52,53,1
2,2,0
9,9,0
3,9,6
3,4,1
29,29,0
2,2,0
2,2,0
3,3,0
2,5,3
3,9,6
2,6,4
3,3,0
3,3,0
3,3,0
2,2,0
2,2,0
2,2,0
1,4,3
3,3,0
2,11,9
6,9,3
3,3,0
2,2,0
3,6,3
3,17,14
2,2,0
1,2,1
3,3,0
2,3,1
2,2,0
2,2,0
3,3,0
1,39,38
6,7,1
2,3,1
3,4,1
2,6,4
2,6,4
147,147,0
1,2,1
0,0,0
2,2,0
11,22,11
3,7,4
2,2,0
3,3,0
2,4,2
2,2,0
2,2,0
2,4,2
3,3,0
3,9,6
3,3,0
3,3,0
2,2,0
0,0,0
2,2,0
2,3,1
2,2,0
2,2,0
2,2,0
2,14,12
2,7,5
0,0,0
3,15,12
3,9,6
5,5,0
6,8,2
3,3,0
2,2,0
84,84,0
2,2,0
8,8,0
0,0,0
3,3,0
2,4,2
2,2,0
6,6,0
3,3,0
3,3,0
3,3,0
2,26,24
2,3,1
3,3,0
3,3,0
3,3,0
2,4,2
2,9,7
2,4,2
3,108,105
2,4,2
3,3,0
0,0,0
2,3,1
1,5,4
2,19,17
2,2,0
4,4,0
25,25,0
3,9,6
2,5,3
35,35,0
3,3,0
3,3,0
2,2,0
2,4,2
6,6,0
3,3,0
3,5,2
9,9,0
2,2,0
3,3,0
0,0,0
3,3,0
3,3,0
2,4,2
3,3,0
2,15,13
3,4,1
52,55,3
3,3,0
4,14,10
4,128,124
0,0,0
2,3,1
3,3,0
3,3,0
3,3,0
2,6,4
3,3,0
2,5,3
2,2,0
2,2,0
2,7,5
69,69,0
2,4,2
8,8,0
2,2,0
2,2,0
3,5,2
1,1,0
8,8,0
2,4,2
2,18,16
3,3,0
3,3,0
2,8,6
2,2,0
2,15,13
2,2,0
2,4,2
2,2,0
3,3,0
2,4,2
2,4,2
2,4,2
4,4,0
3,3,0
45,61,16
2,4,2
8,8,0
3,3,0
2,2,0
0,0,0
0,0,0
2,8,6
3,4,1
3,5,2
2,2,0
2,73,71
2,80,78
2,2,0
3,3,0
1,1,0
0,0,0
2,2,0
2,17,15
2,80,78
62,64,2
2,10,8
2,2,0
2,2,0
2,2,0
0,0,0
2,2,0
1,3,2
5,5,0
9,9,0
5,5,0
2,3,1
3,3,0
3,3,0
1,34,33
2,2,0
1,4,3
2,2,0
2,18,16
0,0,0
5,5,0
175,175,0
3,5,2
2,15,13
154,154,0
2,2,0
4,4,0
5,5,0
3,7,4
9,9,0
3,5,2
2,17,15
6,6,0
2,2,0
2,2,0
2,2,0
14,31,17
3,9,6
19,19,0
6,35,29
2,16,14
3,15,12
3,3,0
8,8,0
3,6,3
2,2,0
1,7,6
2,4,2
2,2,0
2,6,4
2,2,0
2,4,2
2,2,0
2,2,0
3,7,4
6,8,2
3,3,0
3,3,0
3,5,2
3,3,0
2,2,0
2,2,0
3,5,2
2,4,2
3,5,2
2,2,0
6,14,8
3,3,0
3,3,0
2,2,0
2,2,0
2,2,0
2,2,0
3,3,0
1,26,25
1,2,1
2,84,82
2,2,0
0,0,0
106,106,0
1,1,0
2,3,1
2,2,0
2,16,14
2,2,0
2,2,0
0,0,0
2,2,0
2,2,0
0,0,0
2,2,0
3,3,0
2,2,0
1,3,2
3,3,0
3,5,2
3,3,0
7,84,77
0,0,0
10,18,8
2,2,0
3,3,0
1,1,0
2,2,0
2,2,0
2,2,0
17,17,0
2,2,0
0,0,0
6,8,2
3,3,0
2,2,0
2,2,0
2,2,0
3,3,0
2,2,0
2,4,2
2,6,4
5,11,6
2,7,5
3,3,0
2,2,0
74,254,180
2,2,0
1,1,0
3,5,2
3,6,3
2,2,0
2,4,2
2,2,0
3,3,0
3,11,8
2,2,0
2,2,0
2,2,0
0,0,0
2,2,0
89,91,2
9,35,26
1,1,0
3,14,11
19,19,0
10,10,0
3,5,2
4,6,2
3,3,0
2,8,6
2,6,4
1,1,0
3,17,14
1,6,5
16,16,0
3,11,8
3,3,0
2,2,0
23,23,0
3,6,3
2,2,0
1,7,6
2,2,0
2,2,0
2,2,0
3,4,1
3,3,0
3,3,0
3,3,0
3,3,0
2,2,0
2,2,0
2,4,2
2,8,6
4,4,0
2,2,0
2,2,0
2,2,0
3,5,2
3,3,0
2,4,2
2,2,0
3,7,4
5,18,13
3,6,3
2,6,4
3,3,0
75,75,0
34,34,0
6,6,0
1,1,0
18,18,0
9,43,34
2,46,44
3,11,8
2,2,0
3,3,0
9,9,0
2,2,0
2,4,2
3,9,6
0,0,0
2,2,0
72,72,0
3,10,7
2,2,0
0,0,0
7,7,0
3,3,0
2,4,2
2,2,0
1,2,1
2,54,52
3,3,0
6,6,0
3,7,4
2,5,3
3,12,9
1,26,25
2,2,0
4,8,4
3,3,0
6,17,11
0,0,0
3,3,0
14,15,1
4,5,1
3,27,24
2,4,2
0,0,0
3,5,2
3,3,0
1,57,56
3,7,4
2,2,0
1,1,0
2,2,0
3,3,0
2,2,0
12,12,0
2,2,0
1,1,0
3,9,6
3,5,2
2,2,0
2,7,5
2,2,0
6,8,2
10,18,8
8,8,0
2,2,0
9,9,0
3,13,10
2,2,0
2,6,4
3,5,2
2,15,13
30,33,3
2,2,0
1,1,0
2,3,1
19,29,10
3,10,7
3,13,10
2,2,0
2,2,0
8,8,0
2,4,2
2,3,1
1,17,16
3,3,0
2,2,0
2,22,20
2,13,11
2,2,0
25,41,16
2,2,0
2,2,0
2,2,0
3,5,2
1,1,0
2,3,1
3,3,0
2,2,0
2,2,0
3,8,5
2,2,0
2,39,37
1,1,0
2,2,0
0,0,0
11,14,3
14,35,21
2,2,0
8,8,0
2,2,0
9,9,0
3,3,0
2,2,0
1,11,10
3,3,0
2,2,0
1,1,0
0,0,0
2,2,0
15,34,19
2,2,0
2,2,0
2,2,0
3,3,0
3,3,0
2,59,57
2,3,1
3,3,0
4,18,14
2,6,4
2,2,0
3,3,0
7,7,0
3,5,2
10,10,0
6,15,9
3,3,0
2,8,6
4,6,2
2,2,0
36,36,0
1,23,22
10,11,1
2,27,25
2,4,2
2,2,0
2,81,79
11,11,0
50,56,6
3,3,0
2,2,0
3,3,0
38,38,0
74,87,13
2,5,3
2,2,0
0,0,0
11,11,0
2,4,2
2,18,16
2,2,0
2,2,0
8,8,0
2,5,3
0,0,0
2,2,0
2,2,0
2,2,0
7,7,0
0,0,0
3,8,5
129,129,0
2,4,2
2,10,8
1,2,1
1,6,5
3,3,0
2,2,0
1,2,1
3,7,4
2,3,1
3,3,0
23,73,50
2,3,1
4,24,20
2,2,0
2,2,0
3,5,2
0,0,0
3,3,0
0,0,0
3,3,0
0,0,0
3,3,0
0,0,0
2,10,8
2,2,0
2,3,1
3,3,0
3,3,0
2,2,0
1,59,58
2,2,0
1,1,0
1,2,1
2,2,0
2,3,1
12,12,0
2,2,0
1,31,30
2,2,0
2,8,6
1,2,1
3,7,4
90,90,0
3,3,0
90,90,0
3,6,3
1,3,2
3,9,6
2,4,2
1,18,17
3,3,0
2,2,0
2,4,2
3,3,0
79,79,0
4,4,0
2,16,14
3,5,2
29,87,58
2,2,0
2,2,0
3,3,0
3,3,0
2,2,0
3,3,0
2,2,0
2,2,0
16,36,20
2,13,11
2,2,0
15,15,0
2,5,3
2,6,4
1,1,0
3,9,6
2,3,1
115,115,0
3,3,0
2,2,0
3,9,6
2,90,88
3,3,0
3,3,0
2,2,0
2,2,0
2,2,0
2,2,0
3,7,4
2,8,6
2,3,1
56,56,0
2,2,0
2,7,5
4,5,1
4,4,0
1,11,10
2,2,0
92,103,11
2,6,4
2,2,0
2,18,16
88,88,0
2,2,0
2,2,0
0,0,0
3,6,3
1,1,0
3,4,1
3,3,0
2,2,0
8,22,14
2,2,0
3,7,4
0,0,0
3,3,0
0,0,0
0,0,0
8,11,3
2,3,1
2,8,6
66,66,0
4,4,0
1,2,1
1,1,0
2,2,0
135,140,5
4,4,0
4,45,41
4,6,2
50,80,30
2,2,0
2,6,4
2,4,2
3,3,0
4,4,0
67,104,37
2,7,5
5,5,0
2,2,0
0,0,0
3,4,1
2,2,0
1,1,0
2,2,0
3,3,0
2,2,0
2,2,0
2,4,2
3,3,0
2,21,19
3,12,9
3,3,0
3,3,0
2,6,4
2,2,0
3,3,0
2,4,2
11,11,0
0,0,0
3,3,0
2,2,0
105,205,100
3,8,5
66,66,0
2,2,0
2,2,0
23,23,0
187,187,0
2,2,0
3,5,2
667,669,2
2,2,0
1,1,0
2,2,0
2,2,0
72,82,10
3,3,0
2,36,34
2,2,0
1,24,23
2,4,2
2,2,0
3,3,0
2,6,4
3,5,2
2,3,1
2,2,0
2,2,0
2,6,4
2,3,1
3,7,4
5,5,0
83,83,0
2,4,2
2,37,35
2,2,0
4,27,23
8,8,0
2,2,0
2,2,0
0,0,0
8,8,0
2,2,0
0,0,0
2,4,2
1,1,0
2,33,31
3,3,0
2,2,0
3,11,8
12,12,0
3,3,0
2,2,0
2,45,43
3,3,0
3,3,0
2,4,2
2,14,12
2,2,0
2,8,6
2,2,0
2,10,8
3,3,0
2,5,3
3,15,12
2,2,0
2,2,0
3,3,0
10,10,0
1,1,0
2,7,5
2,2,0
0,0,0
1,2,1
3,9,6
1,12,11
3,5,2
2,2,0
3,3,0
1,29,28
5,5,0
2,7,5
2,4,2
2,6,4
2,2,0
2,4,2
3,7,4
1,5,4
2,2,0
3,3,0
3,5,2
2,2,0
3,3,0
3,51,48
2,4,2
2,2,0
2,9,7
2,2,0
3,3,0
0,0,0
2,2,0
1,44,43
3,3,0
3,4,1
3,3,0
3,3,0
3,4,1
0,0,0
2,2,0
47,75,28
2,2,0
2,2,0
3,5,2
3,3,0
2,2,0
2,2,0
2,2,0
2,2,0
3,5,2
2,2,0
2,52,50
2,2,0
114,114,0
2,2,0
27,27,0
138,138,0
2,52,50
18,18,0
2,2,0
10,19,9
3,23,20
3,3,0
2,18,16
2,5,3
2,2,0
2,4,2
1,1,0
2,2,0
8,8,0
8,8,0
2,22,20
3,5,2
2,2,0
2,6,4
2,46,44
2,2,0
2,14,12
1,1,0
2,2,0
4,18,14
2,2,0
3,3,0
2,2,0
4,4,0
2,2,0
2,2,0
4,12,8
8,8,0
2,2,0
2,4,2
3,5,2
2,2,0
3,4,1
38,38,0
8,42,34
3,5,2
2,2,0
8,12,4
6,6,0
3,7,4
0,0,0
0,0,0
3,3,0
8,8,0
2,2,0
3,3,0
3,3,0
2,2,0
0,0,0
3,9,6
1,20,19
1,116,115
41,79,38
2,5,3
3,103,100
2,2,0
1,1,0
6,18,12
2,2,0
2,13,11
3,3,0
2,2,0
0,0,0
2,2,0
2,2,0
22,22,0
3,5,2
2,4,2
16,18,2
100,217,117
2,3,1
2,2,0
2,2,0
2,4,2
2,105,103
1,6,5
3,8,5
7,7,0
99,122,23
3,3,0
2,2,0
2,39,37
2,2,0
2,2,0
3,3,0
3,3,0
2,2,0
1,1,0
2,2,0
0,0,0
2,2,0
2,2,0
8,8,0
6,6,0
3,3,0
10,15,5
2,2,0
3,3,0
0,0,0
2,2,0
20,20,0
6,9,3
2,4,2
1,1,0
2,2,0
2,2,0
9,9,0
3,7,4
1,1,0
62,360,298
3,3,0
2,28,26
3,9,6
2,2,0
1,5,4
3,3,0
2,33,31
2,2,0
3,5,2
1,5,4
2,2,0
4,7,3
0,0,0
2,2,0
0,0,0
1,2,1
3,16,13
2,2,0
4,6,2
6,17,11
2,17,15
2,2,0
0,0,0
147,147,0
3,5,2
10,10,0
2,2,0
8,8,0
2,2,0
28,47,19
3,3,0
3,3,0
6,6,0
2,3,1
0,0,0
2,4,2
4,4,0
3,3,0
2,6,4
1,2,1
2,2,0
3,13,10
2,4,2
2,2,0
0,0,0
8,8,0
3,15,12
3,5,2
3,3,0
2,2,0
5,5,0
2,2,0
2,2,0
3,3,0
1,2,1
2,2,0
22,22,0
2,2,0
2,4,2
6,35,29
3,5,2
2,2,0
3,3,0
4,10,6
10,10,0
2,2,0
2,2,0
10,76,66
3,3,0
2,14,12
2,2,0
1,6,5
2,3,1
98,216,118
3,5,2
15,15,0
50,51,1
2,2,0
89,140,51
3,11,8
2,7,5
2,2,0
3,8,5
2,4,2
2,3,1
21,21,0
2,5,3
9,9,0
2,4,2
406,417,11
2,4,2
3,11,8
2,8,6
2,2,0
3,3,0
3,5,2
2,5,3
1,3,2
2,2,0
2,4,2
1,22,21
2,2,0
0,0,0
0,0,0
3,5,2
3,8,5
2,104,102
2,2,0
85,85,0
1,3,2
3,3,0
8,8,0
3,3,0
3,10,7
2,2,0
3,3,0
0,0,0
2,2,0
2,168,166
0,0,0
3,3,0
2,2,0
2,2,0
2,170,168
29,29,0
2,8,6
2,4,2
20,96,76
18,26,8
3,11,8
56,171,115
2,4,2
3,8,5
2,2,0
2,2,0
2,4,2
1,3,2
3,3,0
2,2,0
2,2,0
2,13,11
3,13,10
2,2,0
2,2,0
3,5,2
2,2,0
2,2,0
2,2,0
2,2,0
2,2,0
3,3,0
2,2,0
3,3,0
2,4,2
3,7,4
7,9,2
2,2,0
3,16,13
6,118,112
2,6,4
11,11,0
1,2,1
2,2,0
2,2,0
3,5,2
2,8,6
50,59,9
3,3,0
100,162,62
1,1,0
60,114,54
2,2,0
2,2,0
3,3,0
2,2,0
3,5,2
3,3,0
3,5,2
2,2,0
2,80,78
1,1,0
1,1,0
3,15,12
12,12,0
100,400,300
2,6,4
2,2,0
1,1,0
2,2,0
17,99,82
2,28,26
2,7,5
2,2,0
2,2,0
2,2,0
2,13,11
1,1,0
3,3,0
2,7,5
2,20,18
2,6,4
1,9,8
2,4,2
0,0,0
1,2,1
2,2,0
2,2,0
3,3,0
3,12,9
2,18,16
2,2,0
33,35,2
2,6,4
2,2,0
2,2,0
8,8,0
2,8,6
2,2,0
2,2,0
3,3,0
2,2,0
5,7,2
3,3,0
14,14,0
41,41,0
1,39,38
3,6,3
72,72,0
2,2,0
6,34,28
1,2,1
1,1,0
3,3,0
2,2,0
1,2,1
3,3,0
3,3,0
2,3,1
2,4,2
1,2,1
3,4,1
1,3,2
2,4,2
4,4,0
2,2,0
2,4,2
2,2,0
1,1,0
2,2,0
0,0,0
5,5,0
3,16,13
2,2,0
2,2,0
2,9,7
2,2,0
2,2,0
2,8,6
2,2,0
13,13,0
3,3,0
27,27,0
3,3,0
2,5,3
3,3,0
3,3,0
1,7,6
86,90,4
2,2,0
6,10,4
2,2,0
2,88,86
2,2,0
3,3,0
0,0,0
2,4,2
2,2,0
1,17,16
2,7,5
13,13,0
1,2,1
8,8,0
1,82,81
2,9,7
2,24,22
6,6,0
0,0,0
1,5,4
2,2,0
3,3,0
2,2,0
2,5,3
7,9,2
2,17,15
2,3,1
27,33,6
6,116,110
2,4,2
3,3,0
3,16,13
3,5,2
3,3,0
2,4,2
2,2,0
8,8,0
2,2,0
2,2,0
2,2,0
2,69,67
2,2,0
7,8,1
2,2,0
100,101,1
3,4,1
3,3,0
3,3,0
3,3,0
1,1,0
89,91,2
2,2,0
3,9,6
2,4,2
7,7,0
2,2,0
1,4,3
2,3,1
3,3,0
2,2,0
45,61,16
2,2,0
2,2,0
3,34,31
2,10,8
5,5,0
2,2,0
3,5,2
2,3,1
4,13,9
2,2,0
3,22,19
52,52,0
2,2,0
1,5,4
2,2,0
2,2,0
9,9,0
3,3,0
0,0,0
2,2,0
3,3,0
2,4,2
1,2,1
98,109,11
2,2,0
3,3,0
3,3,0
2,2,0
2,2,0
1,1,0
7,13,6
2,3,1
0,0,0
22,22,0
2,4,2
3,3,0
1,1,0
2,2,0
2,2,0
3,5,2
2,2,0
47,146,99
2,2,0
4,4,0
2,2,0
3,4,1
2,2,0
2,4,2
12,21,9
3,12,9
3,8,5
1,1,0
2,13,11
2,2,0
2,2,0
2,2,0
2,2,0
3,10,7
100,190,90
2,2,0
2,2,0
3,5,2
4,4,0
8,9,1
4,6,2
3,5,2
2,2,0
3,12,9
2,6,4
3,3,0
2,14,12
6,15,9
2,8,6
2,2,0
3,8,5
2,2,0
3,3,0
1,3,2
2,21,19
1,2,1
2,2,0
2,2,0
3,5,2
2,2,0
2,2,0
2,4,2
1,1,0
4,6,2
3,3,0
2,82,80
3,7,4
3,3,0
2,2,0
4,8,4
2,2,0
0,0,0
0,0,0
17,17,0
16,16,0
2,24,22
2,2,0
3,3,0
2,8,6
2,2,0
0,0,0
59,134,75
2,2,0
2,2,0
2,2,0
2,9,7
2,11,9
2,2,0
3,3,0
2,2,0
2,4,2
1,3,2
2,8,6
8,10,2
2,3,1
0,0,0
2,2,0
2,2,0
3,3,0
1,1,0
9,9,0
3,3,0
3,5,2
2,2,0
9,9,0
2,84,82
1,1,0
1,1,0
2,2,0
2,2,0
2,8,6
2,2,0
2,2,0
2,4,2
0,0,0
2,2,0
3,3,0
2,6,4
1,1,0
1,6,5
3,3,0
3,9,6
56,56,0
0,0,0
1,1,0
2,2,0
46,54,8
24,24,0
0,0,0
20,37,17
3,4,1
3,3,0
2,4,2
2,10,8
2,5,3
3,5,2
1,1,0
2,2,0
1,2,1
3,3,0
3,3,0
6,36,30
4,7,3
1,2,1
3,3,0
0,0,0
2,2,0
7,7,0
3,75,72
2,4,2
4,4,0
3,8,5
2,2,0
2,2,0
3,3,0
3,3,0
2,2,0
2,2,0
100,190,90
3,3,0
2,2,0
2,7,5
107,107,0
2,2,0
13,14,1
3,3,0
2,2,0
6,7,1
2,2,0
2,4,2
2,4,2
14,14,0
4,4,0
70,251,181
2,4,2
11,11,0
2,2,0
1,1,0
2,3,1
2,4,2
2,16,14
2,2,0
3,3,0
8,8,0
2,8,6
2,2,0
24,64,40
3,3,0
2,6,4
2,2,0
2,2,0
10,15,5
2,18,16
3,5,2
2,2,0
2,2,0
2,2,0
3,5,2
2,12,10
5,5,0
3,4,1
32,42,10
3,3,0
3,3,0
2,2,0
3,3,0
2,13,11
2,4,2
26,66,40
3,3,0
2,2,0
1,1,0
2,24,22
2,3,1
0,0,0
85,94,9
3,5,2
3,6,3
2,2,0
7,18,11
2,16,14
2,2,0
2,2,0
9,9,0
2,2,0
36,36,0
2,2,0
3,5,2
0,0,0
3,5,2
3,3,0
8,8,0
2,2,0
3,3,0
2,2,0
2,2,0
2,2,0
1,1,0
36,113,77
3,3,0
3,3,0
2,3,1
2,3,1
3,5,2
2,2,0
9,9,0
3,3,0
0,0,0
2,2,0
3,3,0
3,3,0
2,6,4
12,12,0
13,16,3
3,25,22
2,2,0
2,2,0
3,8,5
2,6,4
2,2,0
2,4,2
12,12,0
2,2,0
2,2,0
4,8,4
3,3,0
0,0,0
8,8,0
2,2,0
2,9,7
4,4,0
2,2,0
2,2,0
39,43,4
2,2,0
3,5,2
2,4,2
3,3,0
2,2,0
4,31,27
3,11,8
3,3,0
14,14,0
4,4,0
2,2,0
51,54,3
3,12,9
4,4,0
2,2,0
2,9,7
70,239,169
2,2,0
3,5,2
2,28,26
3,3,0
3,5,2
2,2,0
2,4,2
2,22,20
0,0,0
3,3,0
3,5,2
2,2,0
2,2,0
3,3,0
3,7,4
0,0,0
0,0,0
6,6,0
2,2,0
3,7,4
3,3,0
2,4,2
2,2,0
77,77,0
3,5,2
5,13,8
2,6,4
10,10,0
3,3,0
3,5,2
4,4,0
3,5,2
3,3,0
2,2,0
10,16,6
3,8,5
2,2,0
0,0,0
1,5,4
62,305,243
2,2,0
3,3,0
0,0,0
2,2,0
8,8,0
2,2,0
2,2,0
3,3,0
3,14,11
0,0,0
12,24,12
2,4,2
3,7,4
2,13,11
2,2,0
73,75,2
2,2,0
3,8,5
15,15,0
8,10,2
2,4,2
4,8,4
2,2,0
2,6,4
3,4,1
3,5,2
3,5,2
6,35,29
45,51,6
3,13,10
2,2,0
2,2,0
68,120,52
2,2,0
2,2,0
3,3,0
1,3,2
2,5,3
3,3,0
3,3,0
3,3,0
3,3,0
2,6,4
3,5,2
74,74,0
3,3,0
2,15,13
2,2,0
2,8,6
2,4,2
3,3,0
2,16,14
3,3,0
3,3,0
2,2,0
2,2,0
11,12,1
3,3,0
2,2,0
2,2,0
3,3,0
2,20,18
3,6,3
3,8,5
2,15,13
2,9,7
3,9,6
2,4,2
2,2,0
45,45,0
2,2,0
3,3,0
3,5,2
2,2,0
2,2,0
75,75,0
2,2,0
9,11,2
3,10,7
13,57,44
2,6,4
1,2,1
2,2,0
6,6,0
1,1,0
2,3,1
2,11,9
1,3,2
2,2,0
6,6,0
2,6,4
4,6,2
9,9,0
3,3,0
2,5,3
2,2,0
2,2,0
2,6,4
14,16,2
3,3,0
3,5,2
10,24,14
2,2,0
2,2,0
3,3,0
3,3,0
2,2,0
2,2,0
81,205,124
47,47,0
2,2,0
2,2,0
2,4,2
2,4,2
2,6,4
2,4,2
3,7,4
2,2,0
2,2,0
3,5,2
2,2,0
7,7,0
3,3,0
3,10,7
3,6,3
3,5,2
3,3,0
2,2,0
3,3,0
2,4,2
53,73,20
3,4,1
1,4,3
1,2,1
0,0,0
4,4,0
2,2,0
2,2,0
3,19,16
3,5,2
1,8,7
9,9,0
1,1,0
2,8,6
2,2,0
2,2,0
3,3,0
4,4,0
3,3,0
2,2,0
2,2,0
7,7,0
3,3,0
3,3,0
2,2,0
62,360,298
4,4,0
0,0,0
3,3,0
3,3,0
2,2,0
2,2,0
2,4,2
1,1,0
2,2,0
2,2,0
0,0,0
1,1,0
2,2,0
3,11,8
2,2,0
3,3,0
9,9,0
3,3,0
2,2,0
2,4,2
2,4,2
2,2,0
2,3,1
18,19,1
6,8,2
2,7,5
2,2,0
4,4,0
3,5,2
0,0,0
6,6,0
2,2,0
2,2,0
2,2,0
3,6,3
1,1,0
1,4,3
0,0,0
1,2,1
2,13,11
114,114,0
2,2,0
2,2,0
3,3,0
3,3,0
3,3,0
3,9,6
3,3,0
2,2,0
3,3,0
2,10,8
2,2,0
2,2,0
1,2,1
3,3,0
22,22,0
1,1,0
3,5,2
2,12,10
30,33,3
2,89,87
14,16,2
66,77,11
2,2,0
2,2,0
2,2,0
2,2,0
2,2,0
1,1,0
0,0,0
3,7,4
0,0,0
2,2,0
2,2,0
0,0,0
2,4,2
3,11,8
100,106,6
2,4,2
2,2,0
2,2,0
3,4,1
3,10,7
2,8,6
3,3,0
2,2,0
4,4,0
5,7,2
2,2,0
2,2,0
2,13,11
2,55,53
88,88,0
2,2,0
2,2,0
3,3,0
2,2,0
3,5,2
2,2,0
2,2,0
3,3,0
2,2,0
3,13,10
1,1,0
3,3,0
2,121,119
2,4,2
16,35,19
3,4,1
3,13,10
3,3,0
3,3,0
2,4,2
2,2,0
2,2,0
2,2,0
2,21,19
2,8,6
2,2,0
3,3,0
2,2,0
3,5,2
53,53,0
2,2,0
2,4,2
3,7,4
3,67,64
2,2,0
2,2,0
2,2,0
2,6,4
2,2,0
1,1,0
3,3,0
2,2,0
4,5,1
46,54,8
0,0,0
2,2,0
8,8,0
3,7,4
2,2,0
3,3,0
2,2,0
1,1,0
2,2,0
1,1,0
3,3,0
4,19,15
2,2,0
2,130,128
3,5,2
2,2,0
2,14,12
3,3,0
8,8,0
5,43,38
0,0,0
2,9,7
1,40,39
3,5,2
1,7,6
2,2,0
7,7,0
2,2,0
100,102,2
2,2,0
3,3,0
2,2,0
151,151,0
3,19,16
62,62,0
3,9,6
2,10,8
2,2,0
120,168,48
2,19,17
3,5,2
3,3,0
3,7,4
2,6,4
3,11,8
2,2,0
2,2,0
3,5,2
3,5,2
0,0,0
2,2,0
1,3,2
2,2,0
6,7,1
2,8,6
2,2,0
0,0,0
1,3,2
3,13,10
3,5,2
3,3,0
5,7,2
20,20,0
35,51,16
2,2,0
2,2,0
2,2,0
3,5,2
2,3,1
3,5,2
3,3,0
3,7,4
6,161,155
2,20,18
8,8,0
2,2,0
2,5,3
2,2,0
3,3,0
2,3,1
2,4,2
2,4,2
10,10,0
25,25,0
3,3,0
2,2,0
3,4,1
2,2,0
3,3,0
8,9,1
2,2,0
6,34,28
3,18,15
3,3,0
3,5,2
13,28,15
4,13,9
3,3,0
2,4,2
2,2,0
2,2,0
2,2,0
3,7,4
2,2,0
0,0,0
2,4,2
2,2,0
2,4,2
3,8,5
2,4,2
2,2,0
2,444,442
3,3,0
3,5,2
2,4,2
0,0,0
2,2,0
139,216,77
2,4,2
13,13,0
107,107,0
2,4,2
2,2,0
2,6,4
2,15,13
3,8,5
3,5,2
3,5,2
1,1,0
2,2,0
2,40,38
2,14,12
3,11,8
38,38,0
2,2,0
3,3,0
6,6,0
2,2,0
2,25,23
3,3,0
6,21,15
2,2,0
5,5,0
2,2,0
2,40,38
3,3,0
2,2,0
2,2,0
1,2,1
0,0,0
3,3,0
2,6,4
8,17,9
1,40,39
2,2,0
3,4,1
2,2,0
2,4,2
2,2,0
2,2,0
3,3,0
2,2,0
81,81,0
2,2,0
2,2,0
2,2,0
0,0,0
2,2,0
3,3,0
2,8,6
2,2,0
1,4,3
1,1,0
2,2,0
3,3,0
3,11,8
2,2,0
2,2,0
2,8,6
56,56,0
4,4,0
3,6,3
4,4,0
2,2,0
3,3,0
2,2,0
3,3,0
2,92,90
2,2,0
76,79,3
26,30,4
2,132,130
2,2,0
1,1,0
3,3,0
2,17,15
3,3,0
2,10,8
2,2,0
3,3,0
2,18,16
3,5,2
3,3,0
3,5,2
6,6,0
0,0,0
2,2,0
6,26,20
57,73,16
2,27,25
0,0,0
2,4,2
3,4,1
1,1,0
1,1,0
2,2,0
2,2,0
2,5,3
2,4,2
2,2,0
4,4,0
2,4,2
0,0,0
3,5,2
2,2,0
0,0,0
2,2,0
2,3,1
3,5,2
2,4,2
1,3,2
2,11,9
3,5,2
2,4,2
2,6,4
3,3,0
20,20,0
5,5,0
2,2,0
2,5,3
0,0,0
2,2,0
1,3,2
3,3,0
3,3,0
3,8,5
2,2,0
2,2,0
9,9,0
6,6,0
2,59,57
2,2,0
6,6,0
22,22,0
3,3,0
107,107,0
18,61,43
11,12,1
2,2,0
3,3,0
2,2,0
1,2,1
2,2,0
2,18,16
0,0,0
3,9,6
3,13,10
3,3,0
2,2,0
2,2,0
2,2,0
0,0,0
23,23,0
406,417,11
2,2,0
3,3,0
3,9,6
2,2,0
2,2,0
2,2,0
2,4,2
3,6,3
2,2,0
14,16,2
2,2,0
2,6,4
2,2,0
3,9,6
2,2,0
2,2,0
3,3,0
3,3,0
2,25,23
6,7,1
3,3,0
13,24,11
2,5,3
1,27,26
3,4,1
2,6,4
70,74,4
2,4,2
2,2,0
8,8,0
3,3,0
2,2,0
2,5,3
3,3,0
3,4,1
0,0,0
2,6,4
3,3,0
3,3,0
3,3,0
26,26,0
1,1,0
2,2,0
2,84,82
1,2,1
2,2,0
0,0,0
145,145,0
6,22,16
3,5,2
3,5,2
0,0,0
3,6,3
3,3,0
3,5,2
3,3,0
2,4,2
2,4,2
2,2,0
2,72,70
2,2,0
2,5,3
2,2,0
0,0,0
2,2,0
1,1,0
2,6,4
1,2,1
2,4,2
2,2,0
3,3,0
2,4,2
2,2,0
2,2,0
1,11,10
3,10,7
6,22,16
2,9,7
2,2,0
9,9,0
2,2,0
2,2,0
3,3,0
9,9,0
3,3,0
2,11,9
2,2,0
2,2,0
3,3,0
3,3,0
3,3,0
2,2,0
1,2,1
3,3,0
2,7,5
1,2,1
2,16,14
2,2,0
3,3,0
3,3,0
2,2,0
2,2,0
3,27,24
3,6,3
16,16,0
2,2,0
2,2,0
5,5,0
2,3,1
38,44,6
0,0,0
12,13,1
2,13,11
0,0,0
3,3,0
2,4,2
1,2,1
2,4,2
1,23,22
0,0,0
2,2,0
2,2,0
1,10,9
1,4,3
2,4,2
2,2,0
3,3,0
2,24,22
3,3,0
2,2,0
3,5,2
2,5,3
3,9,6
2,6,4
3,3,0
2,2,0
3,19,16
2,2,0
0,0,0
10,10,0
2,2,0
3,5,2
3,3,0
2,2,0
3,3,0
2,12,10
3,5,2
2,2,0
2,2,0
2,3,1
3,3,0
2,2,0
2,2,0
7,73,66
14,20,6
128,128,0
3,3,0
2,20,18
3,3,0
2,7,5
2,2,0
2,6,4
1,1,0
2,2,0
10,10,0
4,4,0
2,4,2
1,1,0
2,2,0
3,9,6
1,4,3
2,2,0
2,2,0
2,4,2
3,3,0
26,41,15
1,12,11
2,2,0
1,6,5
3,73,70
3,3,0
2,2,0
2,7,5
1,1,0
2,2,0
2,11,9
2,2,0
2,2,0
2,10,8
3,11,8
0,0,0
2,90,88
3,3,0
3,3,0
3,3,0
2,2,0
2,3,1
2,28,26
0,0,0
2,2,0
2,3,1
406,417,11
2,2,0
2,10,8
2,2,0
2,2,0
3,5,2
3,3,0
3,3,0
3,7,4
1,5,4
2,2,0
4,4,0
2,7,5
2,2,0
0,9,9
3,3,0
31,31,0
2,3,1
1,3,2
2,6,4
2,2,0
2,4,2
8,16,8
1,58,57
15,177,162
2,2,0
2,4,2
3,3,0
1,2,1
3,21,18
2,4,2
2,2,0
2,4,2
3,9,6
2,2,0
2,2,0
8,8,0
3,5,2
2,2,0
2,2,0
3,7,4
1,5,4
2,2,0
9,9,0
2,17,15
3,9,6
1,1,0
1,4,3
3,10,7
4,9,5
2,4,2
3,5,2
0,0,0
2,2,0
2,4,2
2,2,0
2,2,0
2,6,4
35,35,0
1,4,3
1,9,8
100,102,2
2,2,0
2,2,0
17,17,0
8,8,0
3,3,0
6,8,2
3,8,5
2,2,0
3,7,4
2,3,1
1,2,1
2,2,0
2,2,0
2,2,0
2,9,7
2,6,4
2,2,0
3,3,0
2,2,0
58,58,0
3,3,0
4,5,1
3,3,0
4,4,0
3,3,0
2,2,0
2,5,3
5,5,0
3,3,0
2,2,0
2,2,0
0,0,0
2,7,5
1,2,1
3,5,2
0,0,0
2,2,0
2,7,5
2,17,15
7,7,0
3,3,0
2,2,0
3,3,0
3,19,16
3,10,7
3,5,2
3,3,0
3,3,0
3,3,0
18,18,0
10,21,11
2,4,2
2,2,0
2,8,6
2,4,2
2,2,0
2,4,2
2,2,0
2,32,30
2,3,1
3,3,0
2,2,0
2,15,13
3,3,0
2,2,0
0,0,0
3,3,0
2,2,0
2,3,1
3,9,6
1,1,0
2,2,0
3,5,2
0,0,0
2,3,1
3,3,0
2,2,0
3,3,0
8,8,0
3,3,0
2,2,0
2,19,17
80,80,0
33,36,3
2,2,0
3,5,2
2,2,0
0,0,0
24,24,0
30,30,0
2,2,0
3,3,0
2,6,4
3,3,0
9,9,0
2,2,0
2,2,0
2,19,17
3,3,0
3,3,0
30,30,0
1,2,1
3,5,2
3,9,6
3,3,0
2,2,0
2,20,18
2,2,0
2,2,0
2,82,80
2,2,0
2,2,0
1,7,6
3,3,0
2,62,60
3,26,23
9,9,0
3,10,7
2,4,2
2,2,0
2,2,0
0,0,0
2,5,3
2,8,6
2,52,50
2,2,0
3,3,0
2,2,0
2,2,0
3,3,0
3,11,8
2,75,73
3,3,0
2,2,0
2,2,0
2,4,2
2,2,0
2,4,2
1,1,0
3,9,6
3,3,0
2,2,0
2,2,0
2,2,0
2,6,4
3,3,0
2,3,1
3,3,0
3,5,2
1,4,3
3,5,2
2,2,0
2,2,0
1,1,0
2,38,36
3,3,0
1,2,1
3,3,0
2,2,0
2,4,2
2,2,0
3,9,6
161,161,0
3,7,4
3,5,2
2,2,0
2,2,0
2,11,9
2,82,80
1,1,0
2,2,0
2,2,0
2,2,0
3,5,2
2,4,2
2,2,0
16,27,11
2,7,5
107,107,0
2,2,0
2,2,0
2,2,0
2,2,0
3,3,0
2,2,0
2,2,0
3,3,0
2,5,3
0,0,0
3,4,1
14,41,27
2,2,0
2,2,0
2,2,0
70,76,6
3,5,2
2,2,0
3,16,13
1,6,5
1,1,0
3,3,0
2,4,2
2,2,0
2,2,0
2,2,0
10,10,0
2,2,0
2,2,0
2,2,0
2,4,2
0,0,0
4,6,2
2,12,10
3,7,4
2,6,4
3,11,8
3,3,0
1,2,1
5,5,0
3,3,0
3,7,4
3,3,0
2,2,0
3,3,0
2,2,0
0,0,0
3,3,0
26,26,0
2,20,18
3,3,0
6,6,0
2,2,0
2,19,17
3,9,6
3,3,0
2,2,0
2,2,0
2,2,0
3,5,2
2,2,0
2,24,22
3,5,2
2,2,0
4,6,2
8,14,6
0,0,0
2,2,0
16,17,1
2,2,0
3,3,0
2,2,0
2,2,0
2,2,0
3,3,0
3,3,0
1,1,0
3,3,0
86,88,2
3,7,4
2,2,0
2,2,0
3,3,0
2,4,2
4,4,0
2,2,0
2,2,0
2,8,6
1,5,4
1,2,1
1,1,0
2,2,0
2,2,0
4,4,0
1,2,1
2,14,12
2,2,0
2,2,0
1,2,1
2,4,2
2,2,0
2,2,0
2,2,0
2,2,0
2,2,0
3,3,0
2,2,0
6,8,2
4,4,0
3,3,0
2,2,0
2,2,0
3,5,2
2,19,17
3,7,4
10,10,0
2,2,0
1,1,0
45,80,35
2,16,14
2,2,0
3,5,2
2,2,0
0,0,0
3,6,3
2,2,0
2,2,0
2,11,9
2,2,0
2,2,0
4,4,0
1,1,0
0,0,0
8,8,0
0,0,0
2,2,0
8,9,1
2,2,0
2,2,0
2,2,0
3,3,0
3,3,0
3,3,0
3,5,2
2,2,0
3,3,0
2,2,0
3,8,5
2,2,0
2,4,2
1,2,1
2,2,0
2,2,0
0,0,0
3,12,9
3,3,0
1,1,0
1,1,0
1,6,5
66,104,38
2,2,0
2,2,0
3,3,0
0,0,0
2,2,0
3,7,4
3,3,0
3,9,6
2,4,2
2,19,17
24,24,0
3,7,4
3,3,0
3,3,0
45,45,0
2,2,0
3,4,1
3,5,2
53,119,66
3,3,0
2,2,0
2,2,0
2,2,0
3,3,0
1,4,3
3,10,7
8,8,0
2,4,2
3,5,2
1,1,0
5,5,0
0,0,0
2,2,0
2,6,4
3,3,0
3,5,2
2,2,0
1,10,9
3,3,0
3,3,0
1,78,77
2,2,0
3,3,0
0,0,0
7,24,17
2,2,0
3,8,5
3,7,4
2,3,1
2,2,0
3,5,2
2,2,0
4,6,2
8,17,9
1,1,0
3,3,0
1,1,0
2,4,2
2,13,11
3,3,0
2,2,0
3,5,2
2,2,0
1,21,20
2,21,19
1,1,0
3,4,1
1,1,0
0,0,0
8,8,0
3,3,0
36,55,19
8,8,0
3,7,4
2,2,0
2,4,2
2,2,0
2,2,0
2,35,33
3,3,0
3,3,0
2,5,3
2,2,0
2,2,0
2,2,0
2,4,2
3,3,0
2,4,2
2,3,1
15,105,90
2,2,0
2,6,4
2,94,92
18,18,0
2,2,0
0,0,0
21,21,0
3,4,1
2,2,0
2,4,2
3,3,0
2,2,0
107,107,0
10,12,2
2,4,2
1,1,0
1,2,1
9,9,0
2,4,2
2,14,12
2,2,0
3,4,1
3,3,0
4,4,0
2,7,5
3,3,0
2,3,1
2,2,0
3,3,0
7,7,0
2,19,17
2,6,4
2,8,6
3,3,0
2,2,0
2,2,0
2,2,0
50,50,0
2,2,0
3,3,0
116,116,0
2,2,0
3,3,0
2,2,0
2,10,8
2,3,1
0,0,0
3,3,0
3,3,0
406,417,11
3,3,0
2,2,0
3,6,3
3,3,0
3,3,0
0,0,0
3,3,0
2,2,0
0,0,0
3,9,6
2,2,0
10,143,133
2,2,0
2,2,0
2,7,5
3,7,4
2,7,5
2,2,0
6,7,1
18,18,0
2,4,2
2,6,4
2,76,74
3,7,4
2,2,0
2,2,0
2,4,2
0,0,0
2,8,6
8,8,0
2,6,4
2,6,4
3,5,2
2,2,0
4,7,3
5,5,0
1,2,1
2,4,2
2,2,0
3,3,0
3,29,26
2,4,2
2,2,0
3,3,0
3,10,7
0,0,0
3,11,8
40,54,14
2,4,2
2,2,0
3,3,0
3,3,0
2,2,0
3,3,0
9,9,0
0,0,0
2,4,2
6,7,1
3,70,67
3,3,0
90,90,0
62,62,0
2,2,0
1,45,44
6,6,0
3,3,0
2,2,0
0,0,0
3,15,12
2,2,0
2,2,0
3,5,2
2,2,0
2,3,1
1,6,5
1,13,12
3,5,2
2,5,3
3,7,4
3,5,2
2,70,68
4,4,0
2,6,4
2,2,0
3,3,0
2,2,0
2,4,2
28,28,0
24,24,0
1,1,0
2,10,8
4,73,69
3,3,0
2,2,0
3,3,0
2,6,4
1,1,0
1,1,0
1,5,4
1,3,2
3,3,0
3,9,6
2,2,0
2,4,2
5,5,0
6,6,0
97,98,1
10,10,0
2,2,0
2,2,0
2,8,6
2,4,2
2,8,6
2,2,0
2,2,0
2,2,0
2,32,30
2,2,0
3,3,0
2,2,0
3,7,4
0,0,0
3,3,0
6,6,0
3,5,2
2,2,0
2,2,0
3,7,4
4,4,0
2,2,0
3,3,0
2,2,0
2,3,1
3,3,0
2,2,0
38,41,3
3,3,0
4,5,1
9,9,0
6,6,0
2,2,0
1,2,1
16,16,0
29,87,58
2,2,0
3,7,4
3,5,2
2,2,0
1,2,1
0,0,0
2,2,0
79,79,0
0,0,0
97,103,6
1,5,4
1,3,2
0,0,0
2,2,0
0,0,0
1,3,2
8,10,2
3,3,0
3,3,0
2,3,1
3,3,0
9,11,2
2,2,0
3,3,0
3,7,4
3,3,0
3,3,0
3,3,0
2,2,0
3,3,0
4,7,3
3,6,3
3,7,4
2,8,6
3,3,0
3,8,5
3,3,0
1,2,1
1,7,6
12,12,0
2,2,0
1,1,0
1,1,0
2,2,0
2,4,2
2,2,0
3,3,0
12,12,0
0,0,0
1,3,2
9,9,0
2,2,0
2,2,0
3,3,0
3,7,4
2,2,0
2,14,12
107,107,0
2,2,0
2,4,2
10,10,0
3,3,0
2,2,0
2,6,4
2,2,0
11,11,0
2,2,0
8,8,0
2,2,0
1,1,0
9,10,1
8,8,0
3,3,0
3,11,8
2,27,25
2,28,26
11,16,5
2,38,36
2,2,0
2,2,0
2,6,4
3,4,1
3,6,3
2,2,0
2,2,0
2,4,2
8,8,0
1,3,2
3,10,7
2,2,0
6,7,1
2,3,1
2,2,0
3,5,2
3,5,2
0,0,0
8,15,7
2,2,0
2,2,0
2,2,0
3,3,0
3,3,0
2,7,5
2,2,0
3,3,0
97,98,1
3,5,2
3,3,0
2,37,35
2,2,0
32,32,0
35,35,0
3,3,0
8,8,0
2,2,0
3,5,2
2,6,4
14,15,1
2,2,0
2,3,1
1,2,1
2,2,0
22,26,4
3,3,0
2,2,0
6,6,0
9,9,0
2,2,0
2,6,4
2,8,6
2,2,0
2,2,0
3,11,8
3,3,0
102,102,0
2,2,0
3,3,0
10,14,4
3,3,0
3,22,19
2,2,0
2,69,67
2,2,0
3,6,3
2,2,0
3,7,4
2,2,0
3,3,0
2,2,0
3,3,0
2,8,6
2,6,4
2,2,0
2,2,0
3,7,4
1,6,5
2,6,4
11,11,0
0,0,0
4,71,67
2,45,43
2,2,0
2,2,0
8,16,8
3,3,0
4,7,3
2,2,0
3,3,0
3,22,19
22,131,109
3,5,2
2,4,2
3,16,13
2,2,0
2,4,2
6,7,1
2,2,0
1,24,23
3,3,0
3,4,1
1,2,1
3,3,0
3,5,2
2,2,0
3,3,0
3,3,0
1,2,1
3,3,0
1,2,1
3,6,3
2,2,0
2,2,0
8,16,8
3,8,5
2,2,0
1,4,3
90,167,77
3,3,0
2,2,0
1,1,0
2,2,0
2,4,2
2,2,0
0,0,0
2,2,0
2,7,5
2,7,5
2,2,0
5,5,0
2,5,3
2,7,5
2,2,0
2,2,0
3,3,0
8,8,0
2,2,0
2,15,13
406,417,11
2,2,0
3,3,0
3,11,8
2,2,0
0,0,0
33,33,0
37,37,0
2,2,0
2,21,19
2,2,0
4,6,2
9,9,0
2,6,4
2,2,0
0,0,0
10,10,0
4,4,0
3,3,0
3,4,1
3,3,0
13,13,0
0,0,0
2,2,0
34,34,0
7,7,0
3,3,0
2,2,0
2,2,0
2,6,4
2,2,0
100,100,0
66,66,0
2,28,26
3,3,0
2,2,0
3,5,2
2,10,8
3,5,2
2,8,6
0,0,0
2,4,2
2,5,3
3,3,0
3,3,0
2,80,78
2,48,46
8,10,2
1,1,0
2,2,0
2,2,0
2,2,0
2,4,2
2,6,4
6,6,0
3,7,4
3,12,9
2,4,2
3,3,0
2,2,0
3,8,5
3,7,4
6,226,220
11,23,12
2,2,0
1,5,4
3,3,0
2,2,0
9,9,0
1,1,0
3,5,2
2,13,11
3,3,0
2,2,0
3,5,2
2,2,0
1,3,2
3,7,4
2,2,0
1,3,2
2,13,11
6,34,28
87,95,8
2,2,0
2,2,0
3,5,2
2,2,0
2,14,12
8,8,0
2,24,22
3,5,2
3,3,0
3,17,14
2,2,0
0,0,0
3,3,0
2,2,0
2,4,2
2,6,4
0,0,0
3,3,0
3,3,0
2,2,0
6,6,0
2,25,23
4,4,0
1,5,4
3,7,4
3,3,0
2,25,23
1,1,0
3,3,0
7,11,4
2,7,5
102,150,48
3,5,2
2,2,0
3,14,11
1,1,0
0,0,0
3,5,2
3,5,2
2,2,0
0,0,0
2,5,3
3,8,5
3,7,4
2,2,0
3,3,0
3,5,2
2,2,0
5,5,0
3,5,2
2,26,24
2,2,0
10,10,0
2,2,0
2,2,0
4,4,0
2,2,0
2,2,0
2,10,8
50,50,0
3,23,20
8,8,0
5,5,0
3,3,0
2,19,17
7,17,10
2,4,2
2,2,0
1,1,0
4,182,178
2,2,0
2,2,0
2,6,4
2,4,2
8,8,0
8,10,2
2,2,0
3,10,7
3,3,0
3,11,8
107,187,80
2,2,0
2,2,0
3,5,2
2,2,0
92,93,1
4,4,0
0,0,0
8,16,8
2,2,0
3,3,0
2,2,0
2,2,0
3,3,0
3,3,0
3,3,0
3,16,13
2,77,75
3,3,0
100,102,2
3,3,0
3,3,0
2,2,0
2,8,6
8,13,5
6,6,0
2,2,0
8,16,8
3,12,9
3,5,2
1,2,1
3,7,4
2,2,0
1,2,1
2,2,0
2,2,0
2,2,0
2,2,0
0,0,0
2,2,0
51,51,0
2,4,2
2,4,2
2,2,0
2,2,0
3,6,3
2,2,0
2,2,0
2,2,0
150,150,0
2,2,0
2,6,4
2,6,4
3,3,0
2,2,0
3,3,0
62,73,11
2,2,0
3,3,0
62,62,0
2,2,0
1,2,1
2,2,0
1,3,2
3,3,0
2,2,0
2,3,1
8,8,0
5,12,7
2,6,4
2,2,0
8,41,33
2,69,67
2,2,0
2,2,0
0,0,0
0,0,0
3,3,0
3,9,6
2,6,4
0,0,0
2,2,0
2,21,19
2,2,0
2,2,0
3,23,20
3,8,5
2,35,33
2,2,0
2,2,0
28,56,28
2,10,8
41,54,13
2,2,0
3,3,0
8,8,0
1,2,1
2,10,8
3,4,1
2,2,0
2,23,21
2,2,0
2,2,0
1,1,0
3,3,0
3,3,0
3,3,0
2,2,0
3,3,0
0,0,0
1,1,0
3,9,6
8,8,0
9,84,75
2,2,0
4,18,14
2,16,14
2,7,5
3,3,0
2,2,0
3,3,0
3,3,0
2,20,18
3,3,0
2,13,11
2,2,0
3,7,4
2,2,0
2,12,10
7,7,0
3,9,6
62,192,130
3,3,0
2,4,2
2,2,0
2,2,0
2,10,8
16,16,0
2,10,8
3,3,0
6,7,1
2,4,2
8,8,0
3,7,4
2,2,0
0,0,0
2,2,0
2,9,7
3,5,2
2,6,4
2,2,0
3,4,1
2,11,9
2,12,10
3,17,14
2,6,4
2,8,6
0,0,0
3,7,4
3,3,0
50,50,0
2,2,0
2,2,0
21,21,0
3,5,2
2,2,0
2,2,0
2,2,0
2,2,0
2,3,1
3,7,4
2,2,0
3,3,0
4,6,2
0,0,0
4,4,0
2,2,0
3,3,0
2,4,2
2,2,0
4,6,2
2,2,0
2,2,0
3,3,0
3,3,0
0,0,0
10,20,10
1,2,1
3,3,0
56,56,0
2,2,0
2,2,0
6,28,22
2,2,0
2,7,5
2,2,0
2,2,0
1,1,0
3,3,0
3,3,0
2,4,2
130,130,0
3,7,4
3,3,0
3,6,3
2,4,2
2,8,6
2,4,2
2,3,1
3,8,5
2,6,4
2,2,0
2,2,0
3,3,0
2,2,0
2,4,2
0,0,0
2,2,0
0,0,0
43,54,11
3,3,0
2,2,0
2,82,80
2,2,0
2,2,0
3,3,0
0,0,0
100,195,95
2,5,3
3,4,1
2,80,78
14,14,0
89,97,8
2,2,0
3,3,0
1,3,2
2,4,2
4,4,0
2,2,0
1,1,0
68,68,0
2,2,0
2,4,2
3,3,0
55,55,0
2,4,2
3,7,4
1,12,11
2,2,0
2,2,0
3,3,0
3,9,6
3,3,0
1,1,0
3,5,2
4,124,120
2,2,0
2,2,0
2,4,2
3,3,0
3,3,0
2,2,0
2,18,16
2,80,78
2,2,0
4,5,1
3,8,5
2,4,2
100,104,4
2,2,0
3,3,0
3,3,0
2,2,0
28,34,6
2,6,4
18,22,4
1,5,4
2,60,58
0,0,0
2,13,11
2,2,0
2,2,0
2,2,0
2,2,0
0,0,0
2,2,0
2,2,0
1,1,0
2,2,0
0,0,0
3,3,0
2,2,0
3,3,0
8,8,0
2,2,0
2,118,116
2,14,12
6,6,0
2,2,0
2,6,4
123,123,0
3,3,0
7,9,2
2,6,4
2,2,0
2,2,0
1,1,0
2,2,0
2,2,0
58,58,0
2,5,3
4,11,7
2,2,0
58,58,0
2,2,0
2,2,0
2,10,8
116,116,0
4,6,2
3,3,0
4,4,0
2,4,2
38,40,2
2,2,0
2,20,18
3,7,4
2,23,21
1,2,1
2,2,0
2,2,0
3,21,18
2,2,0
43,43,0
3,5,2
64,257,193
2,2,0
3,3,0
3,3,0
4,10,6
6,8,2
2,4,2
4,4,0
2,2,0
2,27,25
3,6,3
2,5,3
1,1,0
1,1,0
2,4,2
2,2,0
3,3,0
3,3,0
14,14,0
2,2,0
6,6,0
1,1,0
3,5,2
3,3,0
3,3,0
1,1,0
2,2,0
2,2,0
2,2,0
2,2,0
2,2,0
2,3,1
2,4,2
34,34,0
1,2,1
2,5,3
2,8,6
4,7,3
2,2,0
2,2,0
1,1,0
0,0,0
3,3,0
2,2,0
3,3,0
3,12,9
2,2,0
3,3,0
2,2,0
3,3,0
3,6,3
2,2,0
2,4,2
0,0,0
2,11,9
2,3,1
84,184,100
2,84,82
2,80,78
2,2,0
3,11,8
2,2,0
2,2,0
2,2,0
1,1,0
2,2,0
3,3,0
3,3,0
3,5,2
1,1,0
2,106,104
2,8,6
3,5,2
14,40,26
0,0,0
3,7,4
0,0,0
0,0,0
2,3,1
2,2,0
3,11,8
2,2,0
3,7,4
2,2,0
3,5,2
93,93,0
2,2,0
2,2,0
2,2,0
2,2,0
93,281,188
2,60,58
2,9,7
3,9,6
56,163,107
2,4,2
2,4,2
0,0,0
3,3,0
2,2,0
2,3,1
0,0,0
1,9,8
12,32,20
2,2,0
2,4,2
2,2,0
2,2,0
3,5,2
1,3,2
21,33,12
3,5,2
2,2,0
2,2,0
40,89,49
2,27,25
3,5,2
3,18,15
8,8,0
28,74,46
2,2,0
3,3,0
2,6,4
3,5,2
3,5,2
1,10,9
4,5,1
2,2,0
1,2,1
2,2,0
3,3,0
2,4,2
2,6,4
3,3,0
3,3,0
2,24,22
2,2,0
0,0,0
59,59,0
0,0,0
2,2,0
2,9,7
3,5,2
3,3,0
3,3,0
2,4,2
6,6,0
2,49,47
2,109,107
35,47,12
2,4,2
3,3,0
45,45,0
3,3,0
2,26,24
6,6,0
3,3,0
10,12,2
0,0,0
20,185,165
138,263,125
2,4,2
3,6,3
2,3,1
2,6,4
2,4,2
1,14,13
12,14,2
2,2,0
2,2,0
2,2,0
8,8,0
2,2,0
2,2,0
2,5,3
1,2,1
4,4,0
81,81,0
4,22,18
3,6,3
2,3,1
1,1,0
130,130,0
0,0,0
3,31,28
3,7,4
2,2,0
3,3,0
66,77,11
3,3,0
8,8,0
2,80,78
2,2,0
50,80,30
2,2,0
2,2,0
2,2,0
3,7,4
1,2,1
3,3,0
3,3,0
2,2,0
2,3,1
11,11,0
3,3,0
1,2,1
2,2,0
3,5,2
100,109,9
2,4,2
3,3,0
3,3,0
2,14,12
1,5,4
27,27,0
3,5,2
3,7,4
2,9,7
3,9,6
3,5,2
8,8,0
3,3,0
2,2,0
3,4,1
3,5,2
2,2,0
10,11,1
3,7,4
5,5,0
3,3,0
34,35,1
1,1,0
3,15,12
2,2,0
3,5,2
3,6,3
0,0,0
2,2,0
6,30,24
1,3,2
2,4,2
3,69,66
7,29,22
2,8,6
13,16,3
2,4,2
2,5,3
2,2,0
100,100,0
66,66,0
2,2,0
0,0,0
2,2,0
2,2,0
2,9,7
6,45,39
2,2,0
3,5,2
8,8,0
2,1089,1087
3,8,5
3,3,0
3,5,2
2,2,0
8,18,10
3,3,0
3,3,0
2,2,0
2,6,4
4,6,2
2,2,0
2,18,16
2,2,0
0,0,0
3,5,2
2,2,0
1,2,1
8,8,0
2,2,0
2,2,0
2,2,0
29,29,0
2,2,0
2,2,0
8,8,0
3,3,0
2,6,4
3,3,0
100,104,4
2,2,0
4,4,0
5,5,0
3,3,0
2,10,8
2,2,0
1,7,6
3,4,1
3,3,0
2,2,0
3,3,0
3,4,1
3,3,0
9,9,0
2,9,7
2,2,0
11,16,5
6,6,0
2,2,0
3,3,0
5,5,0
2,2,0
3,10,7
2,4,2
0,0,0
3,7,4
2,2,0
9,9,0
2,9,7
8,8,0
3,3,0
2,6,4
2,2,0
3,3,0
2,2,0
3,3,0
4,4,0
2,2,0
2,2,0
3,3,0
3,5,2
2,4,2
2,2,0
2,2,0
3,6,3
2,2,0
3,3,0
2,2,0
2,2,0
2,2,0
2,6,4
2,2,0
2,2,0
3,3,0
1,5,4
2,4,2
1,2,1
2,2,0
2,2,0
2,2,0
2,4,2
10,10,0
30,30,0
48,128,80
8,8,0
2,2,0
0,0,0
8,10,2
3,3,0
1,1,0
1,5,4
1,5,4
3,5,2
2,2,0
2,2,0
2,2,0
2,2,0
235,428,193
2,2,0
2,4,2
3,3,0
1,3,2
2,4,2
3,3,0
2,4,2
3,4,1
2,2,0
1,1,0
3,3,0
2,2,0
3,3,0
3,55,52
2,2,0
1,3,2
1,2,1
2,8,6
4,20,16
0,0,0
2,13,11
2,4,2
1,1,0
3,4,1
3,3,0
140,197,57
80,82,2
33,42,9
2,4,2
70,126,56
3,5,2
2,4,2
1,1,0
3,7,4
2,2,0
2,2,0
2,2,0
2,2,0
1,1,0
2,2,0
2,2,0
63,213,150
3,8,5
4,4,0
1,3,2
1,1,0
2,2,0
3,3,0
2,6,4
2,13,11
12,12,0
3,12,9
2,2,0
3,3,0
3,11,8
4,12,8
1,11,10
1,2,1
5,8,3
5,5,0
3,3,0
3,3,0
2,2,0
3,8,5
2,2,0
2,2,0
2,2,0
3,5,2
3,3,0
2,4,2
60,60,0
2,2,0
3,3,0
3,3,0
2,2,0
1,1,0
1,1,0
3,3,0
3,5,2
1,2,1
2,2,0
2,2,0
2,2,0
1,2,1
2,4,2
2,2,0
2,2,0
2,4,2
2,3,1
2,14,12
2,4,2
0,0,0
1,2,1
1,5,4
14,14,0
3,75,72
2,2,0
2,5,3
80,80,0
2,2,0
2,2,0
3,14,11
2,2,0
3,3,0
1,3,2
2,2,0
3,3,0
2,2,0
1,1,0
138,245,107
2,7,5
36,126,90
1,3,2
2,3,1
7,7,0
3,3,0
3,5,2
2,13,11
2,13,11
2,111,109
2,8,6
3,3,0
2,4,2
2,11,9
2,8,6
2,2,0
3,3,0
2,2,0
29,29,0
11,15,4
2,82,80
2,2,0
3,3,0
2,2,0
2,4,2
2,80,78
2,2,0
3,3,0
53,53,0
2,9,7
2,2,0
2,2,0
2,4,2
3,3,0
3,7,4
2,6,4
1,1,0
3,3,0
2,3,1
2,3,1
0,0,0
3,3,0
2,2,0
1,1,0
1,2,1
2,5,3
30,30,0
3,11,8
2,2,0
3,3,0
3,13,10
2,23,21
2,19,17
2,2,0
2,2,0
5,13,8
22,70,48
3,3,0
2,2,0
2,2,0
3,3,0
2,2,0
2,2,0
51,51,0
20,20,0
21,21,0
3,5,2
2,12,10
3,3,0
2,2,0
3,3,0
4,4,0
2,2,0
0,0,0
2,2,0
1,1,0
6,7,1
6,6,0
3,3,0
3,5,2
2,2,0
2,2,0
2,5,3
2,8,6
5,5,0
2,2,0
2,2,0
3,18,15
4,4,0
3,5,2
2,6,4
6,52,46
2,2,0
0,0,0
3,3,0
34,34,0
2,2,0
2,2,0
120,210,90
3,3,0
3,7,4
2,3,1
2,4,2
2,2,0
2,2,0
1,5,4
2,2,0
4,10,6
15,21,6
3,5,2
8,64,56
24,24,0
2,2,0
2,2,0
77,77,0
3,3,0
2,26,24
7,7,0
3,11,8
2,8,6
7,7,0
2,3,1
2,2,0
3,3,0
11,11,0
0,0,0
10,11,1
2,3,1
3,9,6
3,4,1
2,4,2
2,69,67
22,34,12
3,5,2
2,4,2
1,7,6
2,2,0
2,2,0
48,53,5
2,2,0
1,40,39
2,2,0
2,4,2
2,2,0
2,2,0
2,2,0
0,0,0
1,1,0
2,2,0
2,19,17
2,2,0
3,3,0
1,2,1
1,1,0
3,3,0
2,2,0
55,56,1
115,116,1
0,0,0
9,17,8
1,2,1
2,4,2
2,4,2
2,2,0
2,2,0
2,23,21
2,2,0
2,2,0
3,3,0
2,2,0
7,18,11
2,4,2
3,5,2
2,2,0
2,2,0
2,2,0
100,147,47
3,4,1
3,3,0
3,3,0
349,463,114
3,5,2
2,2,0
1,8,7
10,10,0
3,5,2
8,8,0
3,3,0
2,9,7
2,2,0
3,4,1
14,28,14
3,4,1
2,2,0
1,5,4
2,11,9
0,0,0
2,6,4
2,2,0
94,96,2
2,2,0
2,4,2
47,119,72
3,3,0
2,2,0
6,6,0
2,2,0
3,3,0
6,6,0
51,121,70
2,4,2
2,4,2
2,2,0
2,6,4
2,6,4
2,2,0
2,6,4
0,0,0
2,4,2
1,1,0
1,1,0
2,2,0
3,4,1
3,5,2
1,5,4
8,8,0
3,3,0
3,7,4
2,2,0
2,2,0
2,6,4
3,3,0
3,3,0
2,2,0
3,3,0
3,9,6
3,9,6
2,4,2
7,7,0
2,2,0
3,3,0
0,0,0
2,2,0
0,0,0
107,187,80
2,2,0
1,1,0
2,2,0
5,5,0
2,3,1
3,3,0
2,2,0
2,2,0
2,2,0
2,2,0
2,4,2
2,2,0
0,0,0
2,4,2
4,4,0
76,76,0
3,3,0
2,2,0
2,2,0
2,2,0
2,2,0
0,0,0
2,2,0
52,52,0
70,80,10
3,7,4
7,7,0
3,7,4
1,2,1
2,3,1
2,4,2
2,2,0
0,0,0
1,1,0
2,2,0
2,2,0
1,2,1
2,2,0
3,3,0
3,3,0
2,3,1
2,2,0
3,17,14
3,3,0
2,2,0
1,1,0
9,9,0
2,2,0
2,2,0
2,4,2
1,5,4
2,9,7
2,2,0
6,6,0
0,0,0
9,9,0
0,0,0
2,2,0
2,2,0
3,15,12
4,4,0
2,2,0
10,10,0
2,9,7
8,11,3
2,9,7
44,45,1
2,4,2
2,2,0
2,2,0
2,2,0
66,77,11
137,139,2
2,2,0
4,4,0
22,22,0
2,2,0
42,45,3
2,2,0
4,24,20
2,2,0
2,21,19
3,12,9
9,9,0
0,0,0
12,12,0
2,12,10
1,3,2
2,2,0
12,12,0
100,109,9
3,9,6
2,2,0
2,8,6
3,6,3
1,3,2
3,7,4
2,8,6
69,69,0
3,3,0
2,2,0
2,2,0
14,14,0
3,3,0
2,2,0
2,9,7
3,3,0
3,5,2
3,5,2
2,4,2
0,0,0
51,51,0
3,3,0
2,2,0
8,8,0
2,15,13
2,6,4
2,2,0
2,2,0
1,6,5
0,0,0
3,3,0
2,2,0
2,4,2
1,1,0
3,4,1
0,0,0
16,16,0
3,5,2
7,11,4
11,11,0
3,3,0
9,11,2
74,391,317
0,0,0
2,3,1
2,47,45
1,1,0
2,2,0
3,3,0
21,22,1
6,10,4
40,853,813
2,2,0
2,2,0
19,20,1
2,5,3
0,0,0
7,11,4
1,1,0
2,6,4
1,2,1
2,2,0
2,4,2
2,2,0
2,2,0
3,3,0
3,6,3
2,4,2
8,33,25
18,18,0
1,23,22
3,3,0
3,23,20
2,2,0
2,2,0
2,2,0
3,5,2
3,10,7
2,2,0
5,5,0
2,4,2
3,3,0
0,0,0
2,2,0
2,2,0
2,4,2
3,12,9
23,131,108
2,57,55
3,15,12
2,2,0
16,16,0
46,54,8
2,2,0
81,81,0
2,86,84
4,5,1
2,2,0
2,17,15
21,42,21
3,3,0
2,2,0
3,3,0
2,4,2
2,8,6
0,0,0
13,15,2
3,18,15
1,1,0
2,4,2
70,70,0
2,2,0
2,2,0
27,27,0
3,10,7
406,417,11
3,3,0
1,4,3
3,3,0
1,1,0
4,5,1
3,14,11
6,22,16
9,9,0
28,47,19
17,26,9
11,11,0
3,5,2
4,4,0
1,4,3
8,8,0
0,0,0
3,3,0
1,1,0
8,8,0
2,6,4
3,8,5
2,4,2
2,3,1
2,2,0
2,2,0
2,2,0
1,1,0
0,0,0
2,2,0
2,2,0
2,9,7
2,4,2
3,7,4
2,2,0
3,7,4
0,0,0
2,4,2
1,2,1
3,14,11
3,5,2
3,5,2
2,4,2
2,2,0
2,3,1
3,3,0
2,2,0
3,3,0
3,11,8
3,7,4
3,11,8
36,36,0
2,2,0
2,2,0
1,1,0
3,3,0
2,2,0
2,2,0
2,4,2
3,3,0
3,6,3
2,4,2
2,2,0
2,9,7
3,3,0
1,2,1
9,31,22
2,2,0
1,1,0
9,9,0
11,16,5
2,2,0
3,10,7
2,2,0
2,2,0
2,2,0
8,8,0
3,7,4
2,2,0
2,76,74
4,6,2
2,11,9
2,4,2
1,3,2
11,11,0
2,6,4
2,4,2
129,387,258
1,1,0
2,2,0
2,2,0
3,3,0
12,73,61
2,2,0
2,2,0
2,2,0
8,61,53
3,24,21
2,2,0
3,12,9
2,2,0
1,2,1
62,131,69
2,2,0
1,1,0
28,122,94
3,3,0
3,3,0
2,77,75
25,25,0
3,4,1
1,5,4
2,2,0
2,4,2
15,15,0
2,4,2
2,2,0
3,3,0
2,2,0
2,2,0
2,3,1
2,2,0
2,4,2
3,5,2
2,6,4
2,2,0
3,3,0
3,25,22
2,3,1
2,2,0
0,0,0
3,6,3
2,6,4
2,2,0
3,3,0
3,13,10
3,5,2
7,7,0
2,2,0
2,3,1
51,58,7
3,5,2
3,7,4
2,4,2
6,9,3
2,2,0
2,2,0
2,2,0
0,0,0
1,28,27
3,3,0
0,0,0
8,12,4
2,28,26
6,7,1
1,6,5
3,11,8
6,6,0
2,2,0
2,2,0
3,3,0
2,4,2
2,2,0
0,0,0
2,2,0
1,7,6
2,3,1
2,82,80
82,82,0
3,3,0
2,4,2
2,2,0
3,21,18
4,6,2
2,3,1
20,20,0
2,2,0
6,6,0
2,2,0
2,9,7
2,6,4
3,3,0
0,0,0
3,3,0
1,2,1
3,4,1
2,2,0
2,2,0
1,2,1
2,2,0
2,2,0
2,2,0
9,9,0
2,2,0
3,5,2
22,22,0
3,5,2
2,2,0
2,4,2
2,4,2
2,2,0
4,22,18
3,3,0
2,2,0
2,2,0
0,0,0
3,3,0
3,3,0
3,5,2
2,13,11
3,5,2
2,19,17
4,5,1
2,2,0
2,2,0
3,11,8
3,3,0
2,30,28
2,2,0
3,13,10
2,4,2
2,2,0
2,2,0
2,2,0
2,2,0
6,107,101
1,1,0
2,2,0
3,9,6
8,8,0
0,0,0
11,19,8
6,7,1
0,0,0
3,9,6
1,2,1
1,1,0
2,2,0
4,5,1
8,10,2
14,14,0
2,2,0
2,2,0
2,2,0
12,15,3
2,2,0
1,2,1
2,2,0
1,1,0
9,9,0
46,54,8
2,8,6
4,61,57
2,3,1
5,5,0
3,5,2
2,80,78
2,4,2
2,2,0
20,100,80
2,2,0
33,137,104
2,14,12
2,2,0
2,2,0
2,2,0
2,2,0
2,2,0
1,2,1
9,9,0
2,2,0
2,2,0
1,1,0
2,4,2
1,2,1
2,2,0
0,0,0
3,7,4
1,2,1
2,5,3
2,3,1
3,5,2
3,5,2
3,5,2
3,3,0
2,8,6
2,2,0
2,7,5
3,7,4
2,4,2
2,2,0
6,6,0
2,4,2
2,3,1
3,3,0
0,0,0
10,10,0
2,2,0
20,21,1
3,5,2
12,12,0
3,3,0
2,3,1
2,2,0
2,2,0
2,2,0
2,4,2
2,6,4
14,14,0
6,12,6
3,7,4
2,2,0
39,39,0
2,2,0
0,0,0
2,2,0
1,54,53
2,2,0
3,3,0
2,2,0
18,38,20
2,2,0
2,2,0
2,2,0
2,4,2
2,3,1
3,3,0
1,1,0
2,2,0
2,4,2
60,60,0
2,8,6
18,18,0
16,19,3
2,2,0
2,4,2
3,3,0
2,2,0
3,3,0
0,0,0
5,7,2
8,8,0
2,3,1
2,4,2
2,2,0
2,4,2
3,5,2
3,5,2
2,20,18
8,18,10
2,2,0
2,2,0
119,202,83
3,10,7
1,1,0
1,2,1
3,3,0
4,4,0
3,3,0
2,2,0
2,7,5
2,10,8
3,5,2
19,19,0
15,16,1
2,2,0
3,14,11
3,3,0
2,2,0
2,3,1
1,4,3
2,2,0
0,0,0
2,28,26
2,2,0
3,5,2
2,2,0
3,79,76
2,17,15
3,7,4
3,3,0
2,2,0
3,13,10
14,32,18
2,2,0
2,2,0
2,2,0
34,41,7
0,0,0
3,16,13
3,3,0
3,3,0
7,12,5
3,3,0
2,9,7
2,5,3
2,183,181
3,3,0
14,14,0
2,2,0
2,10,8
1,1,0
2,2,0
0,0,0
3,3,0
132,132,0
2,4,2
2,2,0
40,136,96
2,4,2
2,2,0
3,9,6
1,13,12
2,4,2
0,0,0
2,3,1
2,2,0
2,6,4
3,3,0
3,3,0
2,2,0
4,4,0
29,40,11
2,2,0
1,1,0
2,2,0
2,2,0
5,30,25
3,9,6
1,4,3
3,3,0
2,2,0
2,2,0
2,4,2
2,4,2
2,2,0
0,0,0
2,4,2
4,5,1
2,4,2
3,5,2
3,3,0
1,4,3
2,2,0
2,2,0
72,72,0
2,2,0
2,2,0
2,3,1
98,109,11
2,2,0
4,4,0
1,1,0
2,2,0
3,7,4
2,2,0
2,7,5
3,3,0
3,3,0
2,6,4
8,8,0
2,4,2
3,7,4
4,23,19
3,5,2
2,11,9
2,5,3
4,13,9
2,2,0
1,3,2
2,2,0
1,14,13
2,2,0
6,37,31
2,4,2
3,3,0
20,85,65
2,2,0
3,13,10
1,2,1
1,4,3
2,6,4
2,47,45
3,3,0
2,3,1
1,1,0
2,7,5
2,2,0
2,4,2
3,3,0
3,5,2
20,27,7
1,2,1
3,3,0
0,0,0
4,4,0
3,3,0
3,5,2
2,2,0
3,5,2
0,0,0
2,4,2
3,28,25
83,166,83
3,3,0
2,4,2
12,14,2
6,8,2
3,3,0
2,10,8
2,2,0
2,2,0
98,98,0
2,3,1
1,1,0
2,2,0
3,3,0
3,7,4
2,2,0
6,8,2
2,4,2
114,114,0
12,12,0
2,2,0
2,34,32
2,16,14
0,0,0
2,2,0
2,2,0
2,6,4
58,58,0
11,17,6
3,21,18
3,4,1
3,14,11
51,51,0
21,21,0
2,2,0
3,3,0
2,3,1
2,4,2
2,2,0
2,2,0
2,12,10
5,158,153
1,2,1
2,2,0
2,2,0
2,4,2
2,2,0
3,7,4
2,2,0
3,13,10
2,2,0
0,0,0
1,3,2
84,180,96
2,2,0
2,2,0
0,0,0
2,19,17
16,16,0
51,51,0
1,1,0
2,19,17
2,2,0
45,119,74
3,3,0
2,2,0
2,2,0
2,22,20
2,2,0
2,6,4
2,2,0
2,5,3
0,0,0
2,4,2
3,7,4
0,0,0
2,2,0
1,2,1
2,9,7
3,3,0
2,31,29
1,106,105
2,4,2
2,2,0
6,6,0
3,3,0
2,4,2
2,2,0
4,4,0
7,31,24
3,3,0
2,2,0
2,10,8
3,5,2
14,16,2
5,8,3
9,13,4
3,3,0
15,21,6
2,2,0
2,4,2
2,95,93
7,8,1
3,5,2
2,2,0
2,2,0
2,2,0
3,6,3
7,28,21
2,4,2
4,4,0
68,68,0
2,2,0
2,2,0
0,0,0
3,11,8
2,2,0
2,2,0
4,4,0
2,9,7
2,2,0
9,13,4
2,2,0
2,65,63
2,2,0
1,1,0
100,106,6
3,8,5
2,2,0
3,3,0
2,33,31
1,5,4
2,38,36
3,4,1
2,2,0
100,100,0
1,1,0
4,11,7
24,26,2
0,0,0
2,4,2
2,2,0
3,3,0
3,3,0
1,12,11
2,2,0
3,3,0
2,2,0
3,5,2
3,5,2
2,2,0
2,3,1
3,5,2
2,2,0
2,2,0
2,2,0
2,2,0
4,4,0
4,21,17
2,2,0
2,2,0
70,80,10
2,2,0
8,8,0
2,73,71
2,4,2
2,5,3
2,2,0
2,6,4
2,2,0
3,3,0
2,51,49
0,0,0
3,3,0
2,4,2
2,2,0
2,4,2
2,2,0
2,2,0
2,4,2
0,0,0
2,2,0
3,5,2
2,2,0
3,5,2
3,12,9
2,2,0
2,3,1
3,3,0
3,9,6
2,10,8
3,3,0
2,7,5
2,30,28
3,6,3
3,3,0
2,2,0
2,4,2
6,6,0
3,24,21
88,205,117
2,2,0
6,6,0
3,3,0
100,177,77
2,2,0
3,9,6
0,0,0
2,2,0
2,2,0
2,2,0
1,1,0
2,16,14
3,3,0
4,4,0
2,2,0
0,0,0
58,58,0
3,4,1
2,2,0
3,3,0
3,3,0
2,2,0
0,0,0
2,2,0
3,5,2
2,8,6
3,64,61
2,44,42
3,3,0
2,2,0
2,3,1
12,12,0
1,3,2
3,5,2
7,7,0
8,23,15
2,2,0
0,0,0
3,3,0
10,11,1
3,3,0
1,1,0
2,25,23
2,2,0
1,1,0
83,120,37
2,2,0
3,20,17
7,7,0
2,2,0
2,2,0
3,5,2
1,1,0
2,2,0
2,4,2
0,0,0
1,1,0
6,8,2
2,2,0
3,5,2
3,3,0
0,0,0
2,2,0
2,10,8
0,0,0
4,13,9
8,8,0
3,3,0
3,4,1
3,21,18
3,5,2
2,4,2
99,128,29
1,1,0
3,3,0
2,2,0
2,2,0
0,0,0
101,103,2
2,10,8
2,2,0
3,10,7
2,4,2
2,2,0
2,37,35
89,172,83
2,7,5
2,29,27
0,0,0
3,3,0
100,100,0
18,18,0
2,2,0
0,0,0
4,15,11
2,2,0
1,2,1
2,2,0
1,1,0
2,10,8
2,2,0
77,77,0
1,5,4
2,4,2
2,2,0
3,3,0
2,16,14
2,2,0
1,2,1
3,3,0
24,24,0
3,6,3
2,2,0
3,3,0
2,2,0
3,3,0
3,3,0
7,7,0
2,2,0
3,3,0
3,12,9
0,0,0
3,3,0
2,6,4
0,0,0
3,3,0
3,7,4
1,1,0
2,2,0
3,3,0
2,2,0
2,2,0
23,33,10
2,2,0
3,3,0
3,7,4
3,3,0
2,2,0
2,2,0
10,11,1
26,28,2
2,2,0
2,4,2
12,12,0
2,4,2
2,4,2
3,10,7
2,2,0
2,28,26
3,6,3
3,5,2
107,107,0
2,2,0
3,3,0
3,3,0
2,2,0
2,2,0
6,6,0
3,5,2
2,6,4
8,8,0
21,22,1
2,4,2
4,4,0
2,3,1
2,2,0
3,5,2
3,5,2
15,17,2
3,3,0
3,3,0
2,4,2
10,10,0
0,0,0
2,2,0
2,2,0
2,2,0
3,3,0
74,74,0
2,2,0
2,2,0
89,91,2
4,4,0
2,2,0
2,2,0
2,3,1
2,2,0
2,2,0
4,4,0
13,282,269
2,2,0
6,6,0
5,7,2
1,1,0
2,2,0
2,4,2
2,2,0
2,2,0
100,100,0
1,1,0
2,4,2
3,3,0
2,7,5
4,4,0
1,1,0
3,3,0
4,13,9
25,25,0
1,1,0
4,4,0
2,2,0
3,9,6
2,2,0
3,6,3
2,2,0
2,4,2
2,68,66
2,12,10
2,3,1
2,2,0
2,2,0
2,2,0
3,8,5
6,6,0
2,5,3
5,5,0
2,2,0
18,18,0
2,2,0
2,2,0
3,3,0
2,45,43
3,3,0
3,12,9
3,3,0
0,0,0
7,10,3
4,20,16
5,5,0
3,7,4
2,2,0
2,2,0
2,2,0
2,20,18
2,2,0
0,0,0
0,0,0
2,4,2
0,0,0
2,5,3
2,4,2
1,15,14
3,3,0
2,2,0
2,4,2
2,7,5
3,3,0
3,5,2
0,0,0
2,4,2
2,2,0
3,3,0
1,2,1
10,12,2
3,14,11
12,12,0
2,9,7
2,2,0
18,18,0
3,20,17
3,3,0
1,1,0
2,2,0
2,2,0
3,3,0
1,1,0
8,8,0
3,11,8
3,20,17
2,2,0
2,2,0
3,8,5
2,6,4
2,2,0
1,2,1
3,7,4
3,4,1
2,7,5
103,103,0
3,3,0
3,3,0
51,51,0
2,2,0
2,4,2
100,200,100
3,3,0
3,3,0
3,5,2
12,17,5
3,3,0
2,2,0
2,20,18
2,2,0
2,2,0
1,2,1
2,2,0
0,0,0
1,1,0
2,2,0
2,2,0
3,9,6
3,3,0
2,2,0
3,11,8
3,9,6
3,3,0
4,6,2
2,2,0
2,2,0
2,4,2
2,2,0
8,12,4
3,5,2
1,40,39
1,2,1
2,2,0
2,4,2
3,7,4
2,2,0
2,2,0
2,4,2
2,2,0
1,5,4
6,6,0
8,8,0
50,101,51
2,2,0
3,5,2
1,1,0
0,0,0
11,11,0
2,25,23
3,10,7
9,9,0
0,0,0
6,6,0
2,2,0
3,4,1
6,6,0
2,5,3
3,3,0
18,22,4
2,2,0
3,3,0
8,8,0
4,16,12
1,10,9
2,2,0
3,9,6
2,2,0
3,3,0
24,69,45
2,2,0
0,0,0
2,7,5
1,5,4
2,2,0
1,2,1
9,12,3
8,9,1
4,12,8
109,109,0
3,5,2
2,2,0
2,2,0
3,5,2
2,6,4
2,2,0
2,3,1
2,2,0
2,2,0
2,3,1
21,23,2
1,30,29
0,0,0
2,12,10
2,5,3
9,9,0
2,2,0
2,2,0
2,4,2
95,101,6
3,5,2
2,2,0
1,2,1
3,3,0
9,9,0
59,134,75
32,36,4
2,2,0
3,11,8
2,2,0
2,6,4
2,2,0
2,2,0
2,35,33
2,2,0
2,2,0
20,20,0
2,3,1
3,3,0
2,2,0
5,5,0
2,3,1
2,2,0
2,11,9
13,18,5
2,2,0
68,68,0
3,3,0
2,86,84
2,2,0
2,112,110
2,2,0
2,4,2
1,24,23
2,2,0
2,8,6
2,2,0
3,8,5
2,5,3
2,12,10
3,3,0
211,211,0
2,11,9
0,0,0
138,245,107
2,4,2
2,2,0
8,8,0
0,0,0
100,190,90
5,19,14
27,27,0
3,3,0
3,3,0
1,16,15
3,3,0
2,4,2
3,3,0
2,2,0
2,5,3
3,3,0
2,2,0
3,9,6
3,3,0
2,2,0
3,3,0
2,2,0
3,3,0
2,2,0
1,1,0
3,6,3
8,8,0
3,10,7
2,2,0
3,3,0
16,47,31
6,15,9
2,2,0
7,10,3
2,2,0
4,4,0
3,5,2
3,5,2
0,0,0
2,4,2
0,0,0
3,10,7
2,2,0
2,19,17
2,2,0
69,153,84
2,35,33
2,2,0
2,2,0
3,3,0
11,11,0
2,2,0
2,3,1
0,0,0
0,0,0
1,1,0
4,4,0
2,3,1
4,4,0
2,2,0
2,5,3
3,3,0
2,4,2
5,5,0
2,69,67
2,2,0
2,7,5
3,5,2
3,4,1
2,2,0
2,4,2
2,2,0
3,12,9
3,5,2
3,3,0
3,3,0
3,3,0
2,2,0
2,2,0
2,2,0
2,2,0
6,55,49
94,94,0
2,4,2
1,6,5
2,3,1
3,3,0
2,2,0
2,2,0
2,2,0
1,19,18
81,89,8
2,3,1
2,2,0
96,96,0
21,33,12
6,6,0
2,18,16
2,10,8
2,4,2
2,3,1
1,1,0
2,2,0
78,79,1
0,0,0
2,2,0
2,4,2
3,3,0
2,2,0
2,6,4
3,13,10
2,30,28
2,2,0
3,19,16
0,0,0
9,9,0
2,4,2
2,2,0
2,2,0
2,2,0
1,2,1
3,5,2
2,2,0
2,2,0
0,0,0
0,0,0
12,12,0
3,3,0
3,3,0
2,4,2
2,12,10
77,79,2
1,2,1
2,2,0
1,2,1
10,10,0
3,3,0
3,3,0
2,2,0
2,2,0
2,2,0
2,2,0
3,3,0
2,6,4
154,157,3
2,2,0
3,3,0
109,109,0
2,25,23
2,4,2
2,2,0
2,2,0
1,2,1
2,2,0
10,12,2
2,2,0
3,5,2
9,9,0
2,2,0
3,17,14
2,2,0
2,2,0
3,28,25
2,2,0
2,2,0
2,2,0
2,2,0
3,7,4
2,4,2
1,1,0
0,0,0
3,3,0
1,33,32
3,11,8
2,13,11
8,8,0
34,34,0
2,22,20
2,2,0
7,19,12
3,3,0
0,0,0
8,32,24
1,1,0
46,54,8
2,9,7
1,1,0
3,3,0
3,3,0
3,11,8
2,2,0
3,5,2
2,2,0
2,2,0
2,8,6
2,12,10
2,2,0
3,3,0
14,14,0
2,2,0
3,5,2
2,2,0
8,8,0
4,11,7
3,4,1
1,83,82
0,0,0
4,6,2
9,9,0
2,2,0
2,5,3
2,2,0
4,7,3
2,2,0
2,4,2
2,26,24
2,2,0
3,7,4
2,3,1
6,6,0
2,2,0
3,5,2
2,2,0
8,8,0
4,4,0
2,8,6
2,2,0
2,3,1
8,8,0
2,2,0
3,5,2
3,16,13
3,7,4
3,3,0
2,2,0
6,6,0
2,73,71
2,6,4
3,3,0
3,5,2
3,6,3
2,2,0
3,3,0
10,10,0
0,0,0
6,6,0
2,2,0
150,150,0
2,2,0
2,2,0
2,4,2
3,10,7
2,2,0
3,3,0
3,3,0
2,2,0
3,3,0
2,6,4
2,2,0
3,10,7
11,21,10
1,1,0
2,2,0
2,4,2
1,1,0
6,6,0
1,1,0
2,8,6
2,19,17
3,3,0
3,3,0
2,2,0
0,0,0
2,2,0
3,3,0
2,3,1
2,2,0
3,23,20
2,2,0
3,3,0
1,3,2
2,4,2
39,39,0
3,3,0
4,4,0
101,102,1
2,2,0
2,7,5
2,2,0
20,94,74
21,29,8
3,7,4
3,3,0
3,3,0
3,3,0
70,79,9
3,3,0
43,43,0
4,4,0
3,3,0
2,2,0
2,5,3
2,2,0
2,5,3
3,3,0
2,2,0
3,5,2
5,5,0
3,5,2
13,13,0
2,2,0
3,5,2
3,5,2
3,3,0
3,3,0
2,4,2
1,2,1
12,12,0
2,2,0
2,8,6
2,2,0
17,24,7
4,4,0
23,23,0
2,2,0
3,7,4
4,65,61
0,0,0
80,80,0
59,59,0
3,14,11
2,30,28
1,42,41
7,9,2
3,3,0
2,2,0
2,4,2
2,2,0
1,5,4
3,3,0
3,3,0
3,10,7
2,2,0
2,2,0
7,16,9
1,1,0
7,46,39
2,2,0
2,2,0
50,50,0
2,30,28
2,6,4
2,2,0
5,31,26
3,17,14
2,5,3
3,3,0
2,3,1
6,9,3
2,2,0
3,9,6
0,0,0
2,2,0
0,0,0
3,3,0
0,0,0
2,4,2
3,12,9
9,32,23
3,3,0
3,8,5
1,2,1
2,17,15
3,3,0
2,3,1
2,4,2
1,1,0
2,10,8
42,45,3
2,14,12
0,0,0
147,147,0
1,12,11
1,1,0
3,10,7
2,5,3
2,2,0
2,7,5
3,3,0
2,4,2
2,2,0
4,5,1
6,6,0
2,2,0
2,2,0
3,3,0
1,3,2
3,3,0
2,16,14
1,1,0
0,0,0
2,2,0
2,2,0
8,8,0
2,2,0
3,3,0
2,2,0
1,2,1
74,74,0
15,17,2
2,30,28
3,5,2
49,57,8
2,2,0
2,2,0
2,2,0
8,8,0
2,4,2
2,2,0
2,9,7
2,2,0
3,15,12
2,196,194
2,6,4
3,3,0
0,0,0
3,6,3
2,2,0
2,2,0
5,12,7
0,0,0
2,2,0
1,2,1
2,13,11
2,4,2
46,46,0
2,2,0
0,0,0
12,12,0
2,6,4
3,3,0
3,3,0
2,2,0
2,10,8
2,2,0
3,4,1
2,2,0
2,2,0
2,32,30
3,3,0
3,5,2
3,5,2
3,3,0
2,8,6
3,7,4
2,2,0
2,2,0
2,9,7
2,2,0
1,14,13
2,3,1
3,3,0
106,106,0
90,244,154
2,2,0
3,3,0
23,23,0
3,3,0
1,2,1
56,65,9
2,4,2
14,64,50
2,21,19
2,2,0
2,2,0
406,417,11
3,3,0
3,4,1
2,4,2
2,2,0
26,46,20
4,13,9
3,3,0
2,2,0
3,3,0
9,11,2
2,2,0
3,5,2
2,2,0
5,5,0
2,17,15
3,5,2
2,4,2
2,2,0
2,2,0
2,2,0
3,5,2
0,0,0
3,18,15
2,6,4
2,10,8
2,2,0
3,3,0
0,0,0
1,27,26
2,4,2
3,5,2
2,2,0
3,8,5
2,3,1
2,2,0
2,2,0
2,2,0
2,2,0
2,4,2
2,2,0
3,8,5
1,2,1
1,7,6
1,1,0
2,2,0
16,16,0
2,2,0
126,126,0
2,121,119
3,3,0
3,7,4
1,1,0
3,5,2
2,2,0
1,5,4
9,9,0
1,3,2
0,0,0
2,20,18
3,5,2
0,0,0
2,17,15
2,2,0
2,3,1
2,33,31
2,2,0
28,71,43
1,74,73
1,2,1
6,6,0
2,8,6
2,4,2
0,0,0
3,11,8
0,0,0
1,5,4
2,2,0
0,0,0
3,5,2
3,5,2
3,5,2
3,3,0
3,3,0
2,4,2
2,5,3
0,0,0
63,68,5
2,2,0
3,3,0
18,18,0
0,0,0
4,84,80
13,13,0
2,2,0
47,48,1
1,1,0
3,3,0
0,0,0
60,60,0
2,2,0
1,1,0
2,2,0
3,12,9
3,7,4
2,2,0
2,2,0
2,20,18
8,8,0
3,5,2
3,3,0
2,10,8
2,6,4
3,3,0
3,3,0
13,17,4
3,3,0
3,5,2
2,2,0
4,4,0
2,5,3
0,0,0
3,3,0
3,5,2
3,3,0
2,2,0
2,77,75
2,2,0
2,7,5
26,26,0
2,25,23
3,3,0
1,1,0
0,0,0
2,8,6
3,3,0
3,3,0
2,2,0
3,3,0
2,2,0
2,2,0
2,2,0
6,6,0
2,2,0
6,6,0
2,2,0
6,6,0
2,4,2
2,2,0
3,3,0
4,13,9
3,4,1
2,2,0
2,2,0
3,7,4
3,3,0
3,6,3
3,65,62
14,14,0
2,2,0
3,5,2
3,8,5
2,2,0
2,23,21
3,7,4
2,2,0
2,15,13
2,10,8
1,2,1
2,4,2
7,114,107
2,4,2
2,14,12
3,3,0
3,3,0
2,6,4
8,8,0
0,0,0
2,2,0
3,4,1
20,20,0
2,2,0
2,43,41
2,2,0
3,3,0
2,5,3
15,89,74
2,2,0
2,2,0
4,6,2
2,23,21
6,6,0
3,3,0
2,2,0
4,6,2
2,14,12
0,0,0
1,3,2
2,2,0
4,4,0
3,5,2
2,2,0
0,0,0
20,20,0
2,4,2
4,4,0
3,3,0
2,2,0
2,43,41
2,80,78
1,1,0
3,4,1
2,2,0
2,2,0
3,9,6
0,0,0
0,0,0
2,2,0
2,2,0
2,2,0
18,18,0
3,3,0
2,8,6
2,50,48
1,13,12
2,6,4
4,7,3
58,58,0
0,0,0
2,2,0
2,2,0
3,3,0
3,4,1
3,5,2
3,5,2
3,3,0
2,2,0
2,4,2
2,2,0
2,2,0
2,2,0
2,8,6
1,4,3
42,125,83
3,3,0
37,68,31
2,2,0
1,2,1
4,4,0
16,18,2
1,2,1
3,3,0
2,2,0
1,10,9
3,3,0
2,2,0
3,4,1
95,95,0
3,9,6
0,0,0
50,75,25
3,5,2
2,2,0
3,3,0
2,2,0
4,35,31
3,4,1
2,2,0
3,9,6
1,2,1
3,3,0
0,0,0
2,2,0
2,39,37
1,15,14
2,2,0
3,5,2
2,21,19
0,0,0
0,0,0
2,20,18
50,50,0
3,5,2
8,8,0
1,4,3
3,9,6
3,3,0
139,216,77
3,7,4
2,2,0
10,10,0
2,2,0
2,37,35
10,10,0
3,4,1
7,7,0
2,2,0
2,2,0
3,3,0
3,9,6
0,0,0
2,2,0
3,9,6
1,41,40
25,42,17
2,2,0
23,27,4
2,2,0
3,6,3
33,33,0
6,6,0
2,2,0
2,4,2
3,9,6
2,4,2
8,8,0
2,2,0
3,5,2
2,2,0
3,3,0
1,1,0
2,5,3
3,3,0
32,34,2
2,4,2
2,19,17
3,3,0
3,3,0
0,0,0
10,20,10
2,4,2
3,3,0
2,2,0
3,3,0
2,4,2
3,3,0
2,2,0
1,30,29
2,4,2
2,7,5
3,3,0
0,0,0
0,0,0
2,4,2
73,197,124
2,9,7
2,55,53
9,14,5
25,25,0
3,3,0
2,6,4
3,4,1
2,2,0
2,2,0
2,2,0
109,109,0
2,4,2
3,3,0
139,216,77
2,2,0
2,6,4
2,2,0
2,2,0
70,149,79
6,25,19
2,9,7
2,2,0
2,36,34
2,3,1
3,4,1
2,2,0
2,10,8
3,21,18
3,3,0
2,2,0
3,3,0
2,2,0
3,3,0
3,3,0
2,8,6
2,6,4
2,2,0
51,51,0
68,68,0
2,2,0
3,3,0
2,2,0
3,7,4
3,3,0
3,8,5
1,1,0
2,2,0
51,57,6
0,0,0
3,3,0
91,91,0
2,2,0
10,12,2
2,98,96
2,2,0
1,2,1
2,2,0
3,3,0
3,4,1
4,4,0
2,10,8
2,13,11
0,0,0
2,3,1
2,2,0
2,2,0
2,2,0
3,7,4
2,2,0
2,3,1
2,4,2
2,2,0
2,2,0
3,5,2
2,2,0
3,3,0
3,5,2
2,2,0
2,2,0
2,82,80
1,2,1
2,3,1
2,2,0
2,2,0
4,4,0
2,2,0
3,15,12
2,14,12
3,3,0
2,2,0
2,2,0
3,9,6
137,139,2
3,5,2
3,3,0
4,21,17
3,11,8
16,20,4
1,42,41
8,8,0
2,2,0
81,81,0
2,2,0
2,2,0
4,6,2
2,2,0
3,5,2
100,104,4
3,3,0
3,3,0
2,2,0
3,3,0
6,6,0
2,5,3
3,5,2
3,5,2
3,5,2
3,8,5
2,2,0
2,2,0
2,2,0
4,8,4
3,3,0
2,2,0
3,8,5
2,2,0
2,35,33
2,2,0
9,46,37
2,13,11
2,2,0
2,2,0
2,2,0
0,0,0
2,26,24
2,2,0
2,2,0
3,3,0
1,1,0
1,2,1
2,2,0
2,4,2
1,1,0
2,2,0
3,5,2
4,4,0
2,2,0
8,10,2
2,2,0
3,9,6
2,11,9
1,4,3
2,10,8
3,4,1
3,26,23
2,2,0
2,4,2
101,101,0
18,35,17
3,3,0
3,3,0
2,2,0
2,4,2
1,1,0
8,13,5
2,2,0
2,2,0
2,2,0
12,12,0
2,4,2
2,47,45
18,22,4
2,7,5
2,4,2
3,6,3
3,11,8
2,7,5
3,3,0
66,66,0
1,1,0
0,0,0
2,2,0
3,4,1
2,6,4
2,2,0
1,2,1
2,4,2
3,3,0
2,2,0
3,5,2
3,11,8
2,9,7
3,4,1
2,2,0
6,6,0
3,3,0
3,3,0
1,1,0
3,3,0
2,2,0
6,6,0
2,2,0
2,2,0
2,4,2
0,0,0
1,2,1
1,5,4
1,3,2
3,4,1
2,2,0
3,3,0
3,3,0
3,5,2
2,6,4
2,2,0
2,2,0
2,4,2
54,58,4
2,6,4
2,3,1
2,2,0
3,3,0
2,2,0
1,1,0
2,6,4
2,4,2
3,8,5
2,2,0
3,4,1
1,2,1
2,2,0
2,153,151
3,3,0
3,3,0
19,21,2
0,0,0
2,3,1
3,3,0
1,16,15
3,6,3
1,2,1
2,4,2
8,16,8
2,4,2
0,0,0
3,14,11
2,2,0
2,4,2
2,11,9
2,2,0
2,3,1
2,6,4
0,0,0
3,3,0
3,3,0
2,6,4
2,2,0
2,2,0
2,2,0
0,0,0
2,2,0
3,7,4
27,43,16
2,2,0
2,2,0
2,3,1
100,100,0
2,2,0
0,0,0
1,20,19
3,5,2
2,2,0
3,13,10
2,2,0
2,6,4
3,3,0
2,12,10
2,7,5
3,5,2
2,2,0
2,3,1
1,1,0
2,2,0
2,4,2
2,5,3
2,2,0
2,2,0
9,9,0
0,0,0
2,3,1
3,3,0
2,19,17
2,4,2
2,2,0
2,8,6
3,6,3
2,2,0
3,4,1
3,5,2
3,3,0
1,6,5
2,36,34
3,7,4
3,7,4
3,3,0
4,22,18
2,4,2
7,7,0
2,37,35
2,4,2
2,7,5
2,2,0
18,66,48
3,33,30
1,2,1
20,20,0
3,7,4
2,14,12
4,4,0
7,7,0
6,9,3
1,3,2
3,3,0
3,6,3
4,4,0
11,12,1
2,2,0
0,0,0
4,4,0
1,8,7
2,2,0
2,2,0
2,2,0
3,3,0
7,7,0
0,0,0
100,105,5
2,2,0
2,2,0
6,6,0
0,0,0
2,2,0
34,46,12
3,3,0
2,3,1
2,2,0
2,2,0
3,3,0
2,4,2
2,2,0
2,44,42
2,2,0
2,2,0
1,3,2
2,4,2
1,3,2
1,1,0
3,9,6
2,4,2
3,8,5
3,3,0
3,3,0
0,0,0
3,3,0
3,3,0
2,2,0
11,11,0
2,2,0
2,3,1
3,4,1
2,2,0
1,2,1
2,2,0
3,5,2
7,7,0
2,4,2
9,9,0
2,2,0
3,3,0
4,7,3
1,29,28
2,2,0
2,17,15
3,3,0
2,2,0
6,6,0
16,16,0
3,3,0
3,3,0
1,3,2
3,3,0
6,6,0
3,3,0
4,14,10
4,9,5
0,0,0
83,83,0
2,2,0
2,2,0
4,4,0
1,2,1
2,40,38
1,1,0
2,14,12
3,5,2
3,5,2
3,3,0
2,2,0
2,2,0
3,3,0
3,9,6
3,14,11
2,117,115
2,2,0
3,10,7
1,1,0
2,2,0
3,10,7
3,3,0
2,2,0
1,1,0
3,13,10
1,2,1
11,12,1
2,6,4
18,18,0
2,2,0
3,3,0
3,16,13
2,8,6
2,4,2
8,8,0
3,3,0
107,107,0
3,6,3
3,9,6
4,4,0
2,2,0
3,6,3
1,2,1
51,51,0
2,2,0
3,9,6
1,1,0
2,2,0
2,10,8
3,3,0
3,3,0
2,2,0
2,4,2
2,2,0
6,6,0
3,3,0
2,5,3
1,1,0
3,6,3
2,2,0
56,56,0
0,0,0
0,0,0
2,2,0
5,37,32
2,2,0
2,2,0
2,2,0
2,2,0
1,1,0
2,48,46
10,15,5
15,21,6
3,3,0
2,2,0
2,2,0
3,3,0
0,0,0
100,100,0
2,2,0
2,19,17
2,2,0
3,10,7
66,66,0
2,2,0
2,40,38
11,11,0
2,2,0
5,5,0
3,3,0
2,2,0
1,2,1
3,4,1
3,3,0
2,6,4
2,2,0
2,10,8
32,34,2
0,0,0
3,3,0
3,5,2
36,187,151
2,2,0
6,6,0
2,8,6
2,124,122
2,2,0
2,2,0
1,2,1
9,9,0
4,7,3
1,21,20
2,13,11
3,3,0
2,14,12
3,3,0
3,3,0
2,2,0
4,45,41
3,5,2
3,5,2
3,3,0
3,3,0
15,39,24
2,2,0
100,100,0
3,3,0
100,200,100
59,59,0
13,16,3
2,13,11
0,0,0
2,2,0
2,2,0
2,4,2
9,9,0
2,2,0
3,12,9
3,6,3
2,4,2
2,10,8
4,4,0
3,3,0
2,2,0
2,4,2
2,12,10
44,44,0
16,16,0
2,2,0
2,9,7
2,2,0
2,17,15
2,2,0
3,3,0
2,6,4
2,4,2
2,4,2
3,9,6
3,3,0
0,0,0
4,5,1
1,1,0
1,1,0
3,3,0
100,100,0
3,7,4
7,7,0
2,10,8
3,9,6
349,383,34
2,4,2
3,4,1
2,2,0
42,42,0
2,2,0
2,14,12
2,86,84
1,4,3
3,5,2
3,15,12
4,4,0
3,3,0
2,2,0
2,2,0
1,2,1
3,4,1
2,3,1
3,3,0
2,10,8
4,4,0
7,7,0
50,50,0
2,2,0
2,12,10
1,1,0
2,2,0
3,6,3
3,3,0
2,2,0
5,6,1
2,7,5
3,10,7
2,2,0
2,2,0
3,6,3
2,2,0
2,14,12
3,3,0
20,20,0
2,2,0
4,4,0
0,0,0
2,2,0
1,1,0
1,1,0
2,6,4
6,37,31
3,5,2
81,203,122
2,25,23
2,2,0
2,87,85
2,2,0
4,47,43
0,0,0
2,2,0
2,2,0
3,3,0
1,2,1
2,2,0
2,2,0
1,2,1
2,2,0
2,2,0
2,2,0
2,2,0
3,14,11
12,13,1
100,217,117
3,3,0
2,2,0
1,5,4
2,2,0
3,9,6
3,3,0
2,4,2
22,24,2
3,5,2
2,6,4
2,3,1
3,9,6
8,8,0
2,2,0
3,3,0
2,5,3
8,8,0
2,2,0
3,3,0
2,4,2
2,2,0
3,3,0
2,21,19
8,67,59
2,2,0
2,2,0
1,2,1
2,16,14
2,8,6
3,5,2
2,2,0
2,73,71
0,0,0
2,2,0
3,3,0
3,3,0
3,9,6
2,71,69
26,26,0
0,0,0
11,11,0
2,4,2
2,16,14
2,2,0
2,2,0
2,6,4
2,4,2
3,3,0
3,5,2
12,12,0
2,2,0
1,6,5
2,13,11
3,5,2
3,3,0
2,4,2
3,3,0
3,3,0
2,2,0
2,2,0
43,50,7
1,1,0
3,3,0
82,82,0
3,3,0
2,4,2
2,2,0
4,4,0
2,4,2
2,2,0
1,1,0
3,3,0
94,94,0
2,2,0
2,2,0
27,27,0
11,11,0
3,5,2
2,2,0
2,5,3
100,109,9
3,3,0
1,27,26
2,2,0
8,8,0
2,45,43
3,3,0
2,2,0
3,5,2
2,9,7
2,2,0
51,51,0
2,2,0
2,2,0
3,3,0
2,3,1
3,3,0
2,2,0
2,2,0
1,1,0
7,7,0
2,2,0
0,0,0
3,11,8
6,6,0
2,2,0
3,7,4
2,6,4
2,8,6
2,4,2
1,1,0
20,45,25
2,4,2
3,5,2
2,4,2
2,11,9
2,2,0
2,5,3
2,9,7
2,2,0
2,28,26
2,2,0
3,3,0
2,6,4
17,27,10
2,8,6
2,4,2
3,5,2
2,2,0
2,6,4
3,7,4
3,3,0
3,3,0
3,6,3
3,18,15
1,1,0
3,3,0
2,8,6
2,2,0
4,13,9
3,3,0
0,0,0
2,2,0
2,2,0
2,2,0
2,2,0
2,2,0
3,3,0
2,2,0
3,5,2
0,0,0
2,5,3
1,1,0
2,2,0
5,19,14
1,24,23
154,154,0
2,2,0
2,2,0
2,21,19
2,2,0
2,4,2
1,2,1
3,5,2
2,2,0
1,2,1
3,3,0
2,2,0
12,115,103
3,5,2
2,2,0
2,21,19
2,2,0
2,6,4
3,3,0
3,3,0
0,0,0
3,7,4
3,3,0
2,11,9
2,3,1
2,2,0
2,2,0
1,1,0
5,7,2
3,3,0
2,5,3
2,8,6
3,3,0
7,7,0
2,2,0
1,3,2
2,2,0
3,3,0
3,5,2
2,2,0
34,37,3
2,2,0
28,51,23
2,2,0
3,3,0
3,3,0
8,8,0
22,72,50
97,227,130
0,0,0
2,2,0
3,5,2
2,2,0
9,9,0
3,3,0
8,8,0
3,3,0
8,24,16
0,0,0
2,7,5
1,1,0
3,3,0
3,3,0
3,5,2
2,2,0
3,3,0
8,8,0
83,166,83
2,2,0
3,3,0
2,2,0
2,2,0
2,2,0
2,5,3
2,4,2
150,150,0
3,3,0
2,4,2
4,4,0
5,5,0
3,5,2
0,0,0
2,2,0
3,3,0
2,4,2
3,3,0
3,3,0
2,2,0
3,61,58
3,11,8
2,11,9
2,4,2
2,8,6
115,179,64
2,2,0
3,10,7
2,2,0
3,3,0
2,2,0
2,2,0
3,3,0
2,4,2
2,2,0
2,2,0
27,27,0
2,2,0
0,0,0
1,2,1
3,3,0
3,3,0
3,10,7
2,2,0
2,7,5
2,2,0
49,49,0
2,2,0
3,9,6
4,18,14
8,8,0
3,3,0
2,2,0
2,6,4
2,2,0
2,4,2
3,4,1
2,4,2
2,7,5
2,2,0
3,29,26
2,4,2
3,3,0
2,2,0
2,2,0
10,12,2
3,17,14
11,13,2
3,3,0
1,60,59
3,27,24
1,1,0
2,2,0
2,2,0
2,2,0
3,5,2
3,3,0
13,18,5
2,88,86
3,3,0
2,2,0
1,1,0
0,0,0
1,2,1
2,9,7
6,80,74
2,2,0
6,6,0
3,3,0
16,42,26
3,3,0
11,11,0
2,2,0
3,3,0
3,3,0
2,2,0
3,11,8
9,9,0
3,3,0
2,2,0
190,190,0
3,3,0
2,3,1
31,31,0
8,8,0
3,3,0
3,3,0
1,5,4
2,20,18
2,4,2
0,0,0
0,0,0
3,3,0
2,2,0
2,2,0
107,107,0
32,32,0
3,5,2
2,15,13
2,46,44
3,3,0
2,4,2
5,8,3
8,8,0
65,65,0
2,2,0
2,2,0
2,2,0
3,3,0
9,9,0
2,3,1
2,2,0
10,12,2
1,1,0
3,3,0
2,2,0
2,2,0
2,23,21
2,2,0
2,2,0
2,12,10
3,3,0
2,16,14
2,6,4
24,24,0
2,5,3
3,5,2
3,9,6
3,5,2
3,3,0
2,4,2
8,8,0
2,2,0
3,3,0
129,129,0
3,8,5
0,0,0
3,3,0
2,2,0
57,118,61
3,3,0
2,2,0
3,11,8
2,6,4
2,2,0
36,37,1
0,0,0
2,17,15
2,4,2
0,0,0
5,5,0
3,5,2
2,2,0
4,4,0
2,5,3
1,4,3
15,17,2
2,7,5
3,5,2
3,4,1
3,3,0
2,2,0
3,5,2
2,5,3
8,17,9
1,3,2
3,5,2
139,216,77
3,3,0
0,0,0
2,2,0
3,3,0
2,6,4
2,2,0
2,14,12
3,3,0
2,4,2
2,2,0
2,2,0
2,2,0
2,4,2
3,5,2
2,2,0
5,5,0
2,5,3
6,6,0
3,11,8
2,9,7
2,2,0
2,2,0
2,2,0
2,5,3
2,82,80
82,82,0
2,2,0
2,7,5
2,2,0
1,1,0
0,0,0
2,6,4
2,4,2
1,1,0
2,6,4
3,14,11
2,23,21
49,49,0
92,133,41
4,4,0
3,7,4
2,2,0
3,3,0
3,6,3
1,1,0
2,3,1
3,5,2
0,0,0
3,3,0
2,2,0
2,3,1
3,7,4
2,55,53
0,0,0
12,12,0
3,5,2
1,2,1
3,3,0
25,25,0
3,3,0
2,2,0
4,4,0
62,305,243
2,2,0
3,5,2
1,1,0
8,8,0
2,18,16
2,26,24
0,0,0
3,6,3
1,2,1
3,5,2
2,2,0
12,12,0
49,86,37
3,3,0
2,2,0
2,2,0
3,6,3
0,0,0
2,2,0
3,19,16
1,1,0
2,4,2
60,60,0
100,109,9
3,5,2
75,77,2
3,3,0
3,3,0
5,5,0
2,2,0
3,3,0
3,5,2
2,2,0
2,8,6
2,4,2
3,18,15
3,3,0
2,2,0
3,3,0
4,15,11
3,10,7
2,6,4
3,3,0
2,2,0
3,5,2
29,29,0
2,81,79
3,6,3
3,5,2
0,0,0
3,3,0
2,12,10
3,5,2
18,18,0
2,4,2
2,2,0
3,5,2
5,6,1
147,147,0
2,2,0
2,35,33
2,95,93
2,4,2
3,5,2
3,5,2
2,2,0
2,2,0
2,4,2
2,2,0
2,2,0
2,2,0
2,2,0
3,14,11
1,1,0
49,49,0
17,17,0
1,2,1
5,5,0
3,3,0
1,8,7
2,2,0
2,2,0
1,3,2
2,4,2
4,4,0
2,56,54
4,4,0
0,0,0
3,3,0
2,2,0
3,5,2
3,3,0
3,3,0
3,3,0
2,2,0
2,22,20
12,12,0
3,3,0
5,7,2
3,5,2
3,8,5
3,5,2
2,8,6
2,3,1
2,6,4
1,1,0
2,2,0
1,21,20
3,3,0
2,6,4
3,3,0
2,2,0
3,3,0
2,2,0
2,18,16
2,4,2
1,15,14
2,2,0
2,7,5
2,2,0
2,4,2
6,15,9
2,2,0
2,2,0
2,2,0
2,2,0
2,2,0
2,2,0
10,10,0
2,2,0
2,16,14
2,2,0
2,2,0
2,6,4
2,2,0
2,12,10
2,6,4
2,2,0
1,1,0
3,7,4
2,4,2
16,19,3
1,1,0
0,0,0
3,22,19
1,5,4
2,87,85
3,3,0
1,4,3
2,2,0
5,5,0
3,3,0
2,2,0
2,11,9
1,5,4
2,4,2
2,2,0
3,11,8
2,15,13
2,2,0
3,3,0
2,2,0
2,2,0
2,16,14
2,3,1
3,3,0
2,2,0
3,3,0
2,2,0
3,7,4
91,94,3
3,5,2
2,2,0
73,172,99
2,5,3
3,7,4
3,11,8
2,2,0
1,44,43
0,0,0
3,7,4
3,5,2
2,11,9
2,2,0
6,6,0
0,0,0
2,7,5
2,2,0
2,13,11
2,2,0
2,2,0
3,14,11
96,173,77
2,2,0
2,2,0
3,3,0
3,7,4
3,5,2
2,2,0
2,4,2
3,3,0
2,2,0
2,2,0
3,8,5
2,2,0
4,5,1
2,3,1
1,103,102
2,5,3
2,2,0
3,3,0
3,3,0
3,3,0
2,2,0
3,3,0
3,3,0
8,8,0
2,4,2
22,22,0
3,25,22
3,7,4
2,2,0
3,7,4
4,4,0
2,4,2
2,2,0
0,0,0
1,1,0
10,10,0
2,2,0
2,2,0
2,2,0
6,13,7
2,8,6
1,48,47
2,2,0
3,3,0
2,4,2
2,4,2
9,9,0
2,13,11
2,4,2
4,4,0
2,2,0
96,96,0
6,92,86
3,3,0
2,2,0
1,24,23
6,17,11
2,2,0
2,2,0
0,0,0
3,3,0
2,8,6
12,12,0
6,12,6
2,2,0
2,2,0
2,2,0
2,2,0
3,3,0
2,3,1
3,12,9
2,2,0
2,7,5
6,6,0
3,5,2
1,5,4
3,22,19
43,44,1
3,6,3
4,4,0
9,9,0
1,1,0
3,3,0
3,5,2
5,5,0
4,7,3
0,0,0
20,20,0
52,60,8
3,3,0
4,4,0
100,106,6
3,5,2
2,2,0
2,7,5
2,2,0
4,12,8
3,3,0
2,2,0
2,2,0
2,2,0
2,2,0
2,2,0
1,2,1
2,2,0
3,5,2
1,2,1
2,2,0
3,3,0
3,5,2
51,51,0
2,2,0
2,2,0
2,6,4
5,5,0
107,107,0
2,2,0
60,121,61
3,3,0
2,2,0
2,2,0
2,2,0
1,4,3
3,3,0
1,3,2
0,0,0
3,3,0
1,2,1
3,3,0
2,6,4
2,2,0
2,2,0
3,3,0
6,23,17
2,2,0
2,2,0
2,2,0
2,2,0
2,2,0
2,4,2
14,16,2
3,4,1
3,3,0
2,26,24
2,2,0
1,2,1
2,4,2
2,4,2
3,7,4
11,11,0
3,3,0
1,3,2
2,4,2
2,2,0
2,4,2
0,0,0
2,16,14
100,190,90
3,5,2
3,3,0
95,95,0
22,22,0
3,3,0
2,4,2
2,8,6
2,13,11
8,8,0
2,2,0
2,2,0
4,4,0
2,2,0
2,4,2
2,2,0
6,6,0
1,1,0
2,6,4
3,5,2
2,2,0
2,2,0
2,17,15
2,2,0
1,2,1
2,2,0
0,0,0
10,29,19
2,2,0
2,2,0
2,2,0
139,216,77
3,13,10
2,2,0
9,9,0
2,6,4
3,3,0
3,5,2
2,4,2
2,3,1
1,2,1
2,10,8
2,2,0
0,0,0
2,2,0
3,3,0
2,2,0
4,8,4
2,2,0
3,3,0
2,33,31
3,4,1
29,29,0
2,6,4
2,2,0
2,8,6
2,2,0
3,3,0
3,3,0
3,3,0
2,4,2
3,6,3
1,3,2
3,12,9
43,43,0
3,5,2
89,95,6
2,2,0
2,2,0
3,3,0
3,3,0
3,3,0
4,4,0
2,2,0
2,2,0
2,2,0
2,6,4
442,442,0
3,3,0
2,2,0
3,3,0
2,4,2
2,5,3
2,2,0
2,4,2
3,4,1
7,7,0
24,24,0
3,3,0
2,2,0
2,10,8
2,2,0
102,102,0
3,8,5
2,2,0
6,6,0
2,8,6
2,8,6
2,2,0
2,10,8
1,2,1
2,5,3
2,2,0
4,4,0
1,1,0
3,3,0
114,114,0
4,4,0
3,7,4
3,9,6
3,5,2
2,2,0
3,3,0
0,0,0
2,4,2
1,2,1
3,3,0
3,5,2
2,2,0
33,45,12
2,2,0
2,4,2
3,5,2
20,195,175
2,2,0
9,9,0
2,2,0
3,3,0
3,5,2
2,5,3
2,2,0
0,0,0
2,2,0
1,1,0
0,0,0
3,3,0
3,3,0
0,0,0
3,5,2
3,3,0
3,5,2
3,3,0
3,5,2
3,8,5
2,2,0
8,22,14
51,51,0
2,6,4
3,5,2
3,9,6
15,15,0
3,3,0
0,0,0
2,2,0
2,2,0
0,0,0
3,3,0
2,8,6
2,2,0
3,3,0
4,4,0
2,12,10
2,2,0
2,2,0
4,4,0
2,2,0
2,4,2
1,2,1
2,2,0
2,4,2
1,1,0
3,3,0
2,4,2
0,0,0
3,3,0
2,2,0
3,3,0
2,2,0
2,4,2
2,4,2
3,5,2
24,179,155
2,4,2
9,41,32
2,2,0
0,0,0
2,2,0
3,3,0
2,5,3
2,2,0
3,3,0
3,3,0
3,5,2
1,1,0
0,0,0
2,2,0
1,32,31
3,3,0
9,9,0
3,21,18
1,10,9
2,2,0
2,2,0
2,2,0
2,2,0
64,85,21
2,2,0
2,2,0
3,11,8
0,0,0
3,3,0
2,2,0
2,2,0
2,14,12
1,1,0
2,4,2
1,1,0
3,5,2
3,6,3
2,4,2
14,17,3
2,2,0
2,2,0
3,6,3
2,2,0
3,3,0
3,3,0
2,4,2
2,2,0
3,3,0
0,0,0
52,55,3
3,13,10
5,8,3
2,4,2
1,1,0
2,4,2
2,2,0
1,3,2
62,118,56
2,2,0
147,147,0
4,32,28
3,28,25
2,2,0
16,16,0
1,1,0
60,62,2
2,2,0
4,4,0
3,8,5
2,2,0
3,5,2
2,2,0
0,0,0
3,3,0
3,5,2
2,4,2
10,10,0
2,2,0
2,10,8
3,3,0
2,2,0
0,0,0
1,1,0
2,2,0
8,21,13
2,2,0
3,3,0
2,2,0
3,5,2
2,2,0
9,9,0
2,2,0
2,10,8
3,5,2
6,6,0
3,3,0
4,4,0
3,4,1
3,3,0
2,4,2
3,5,2
2,2,0
2,4,2
3,3,0
3,4,1
137,137,0
8,8,0
23,23,0
8,8,0
1,1,0
3,3,0
2,2,0
1,8,7
2,2,0
3,3,0
2,2,0
2,2,0
2,16,14
3,3,0
3,3,0
2,2,0
8,8,0
9,9,0
0,0,0
1,7,6
84,85,1
3,3,0
1,1,0
3,8,5
3,3,0
2,2,0
1,2,1
3,3,0
7,7,0
4,4,0
2,2,0
3,3,0
2,2,0
100,100,0
3,10,7
2,2,0
12,36,24
2,2,0
1,2,1
3,4,1
0,0,0
2,2,0
2,6,4
3,9,6
2,5,3
2,2,0
6,6,0
2,2,0
11,11,0
2,28,26
2,2,0
3,3,0
3,3,0
9,18,9
2,2,0
0,0,0
9,9,0
2,2,0
3,3,0
2,80,78
3,3,0
2,5,3
2,4,2
3,35,32
2,4,2
2,2,0
13,29,16
1,2,1
3,10,7
2,2,0
3,14,11
1,1,0
11,11,0
1,7,6
3,7,4
2,2,0
3,3,0
42,150,108
3,12,9
4,5,1
2,2,0
2,2,0
2,2,0
8,8,0
0,0,0
3,3,0
2,4,2
3,6,3
1,2,1
3,3,0
7,8,1
55,56,1
0,0,0
2,2,0
2,10,8
2,2,0
2,2,0
3,3,0
2,3,1
3,3,0
2,2,0
2,2,0
3,6,3
2,2,0
2,4,2
3,8,5
1,2,1
45,45,0
1,3,2
2,2,0
1,7,6
10,10,0
2,2,0
8,8,0
2,4,2
3,3,0
3,9,6
2,2,0
3,3,0
2,2,0
2,2,0
24,34,10
2,2,0
2,2,0
2,2,0
1,5,4
66,162,96
8,8,0
2,2,0
2,5,3
2,2,0
0,0,0
2,2,0
8,8,0
2,2,0
2,4,2
2,2,0
2,2,0
1,3,2
3,3,0
5,5,0
1,3,2
1,1,0
2,2,0
3,9,6
2,2,0
2,2,0
3,11,8
4,9,5
2,5,3
2,2,0
2,2,0
8,10,2
3,3,0
2,2,0
2,6,4
3,16,13
123,158,35
2,2,0
2,2,0
2,2,0
1,2,1
2,2,0
2,4,2
8,8,0
8,8,0
2,6,4
5,5,0
1,1,0
3,5,2
3,5,2
3,11,8
3,5,2
3,5,2
2,2,0
2,2,0
0,0,0
2,6,4
3,7,4
1,2,1
2,4,2
3,3,0
2,2,0
3,5,2
2,4,2
3,14,11
1,2,1
3,3,0
8,8,0
3,3,0
8,8,0
11,25,14
1,5,4
2,2,0
2,2,0
3,3,0
3,5,2
3,5,2
100,100,0
1,1,0
0,0,0
2,2,0
1,4,3
3,3,0
3,3,0
3,3,0
0,0,0
2,2,0
5,5,0
2,4,2
2,3,1
20,24,4
1,11,10
43,43,0
3,4,1
2,2,0
3,3,0
3,3,0
3,3,0
14,14,0
3,12,9
3,5,2
7,7,0
3,7,4
3,7,4
2,2,0
8,8,0
2,2,0
2,2,0
2,4,2
2,6,4
3,3,0
1,5,4
2,91,89
2,2,0
3,3,0
0,0,0
2,6,4
1,44,43
1,3,2
8,8,0
2,2,0
2,2,0
4,6,2
2,2,0
3,17,14
46,46,0
2,2,0
2,4,2
1,3,2
2,3,1
2,2,0
2,3,1
0,0,0
2,60,58
8,8,0
91,91,0
2,2,0
3,3,0
1,1,0
3,3,0
2,2,0
1,1,0
2,2,0
2,3,1
2,2,0
2,2,0
2,2,0
2,2,0
3,5,2
8,16,8
8,8,0
1,1,0
2,13,11
3,3,0
1,1,0
2,2,0
2,14,12
2,2,0
2,2,0
3,9,6
1,1,0
3,5,2
2,2,0
3,7,4
2,8,6
2,2,0
0,0,0
1,20,19
2,2,0
3,3,0
2,3,1
2,2,0
2,2,0
2,2,0
2,2,0
3,3,0
2,6,4
2,2,0
1,1,0
2,2,0
100,103,3
406,417,11
4,5,1
2,2,0
2,6,4
2,2,0
2,2,0
8,8,0
2,9,7
3,3,0
2,2,0
0,0,0
3,5,2
4,4,0
2,2,0
2,2,0
3,3,0
0,0,0
2,2,0
4,4,0
1,9,8
0,0,0
3,5,2
3,11,8
1,4,3
2,5,3
2,2,0
1,1,0
2,2,0
2,2,0
42,42,0
3,5,2
2,12,10
3,5,2
3,7,4
2,5,3
1,1,0
100,104,4
3,3,0
3,3,0
2,2,0
2,7,5
3,3,0
2,2,0
2,2,0
0,0,0
3,28,25
26,26,0
46,46,0
22,22,0
8,8,0
94,106,12
3,5,2
0,0,0
2,3,1
2,2,0
3,10,7
1,245,244
3,3,0
3,3,0
2,2,0
2,4,2
3,3,0
2,2,0
81,94,13
3,113,110
1,2,1
4,4,0
4,99,95
2,3,1
0,0,0
2,2,0
2,2,0
2,11,9
2,2,0
4,8,4
2,8,6
5,9,4
2,2,0
3,3,0
3,3,0
9,9,0
1,1,0
1,2,1
3,3,0
3,3,0
3,23,20
23,23,0
2,2,0
3,5,2
2,2,0
2,2,0
5,8,3
2,2,0
1,4,3
3,5,2
3,3,0
2,2,0
3,5,2
3,5,2
20,20,0
2,2,0
2,2,0
3,3,0
2,2,0
2,2,0
10,12,2
3,3,0
3,3,0
10,10,0
2,2,0
2,2,0
1,6,5
2,2,0
11,11,0
1,1,0
2,2,0
3,3,0
3,6,3
2,2,0
6,6,0
0,0,0
2,2,0
3,5,2
6,9,3
3,5,2
3,6,3
3,24,21
2,2,0
3,3,0
2,2,0
2,5,3
2,4,2
17,19,2
2,98,96
3,5,2
2,2,0
3,8,5
2,4,2
2,3,1
8,8,0
2,4,2
40,40,0
2,2,0
2,2,0
2,2,0
3,8,5
22,22,0
9,9,0
1,29,28
2,2,0
2,8,6
2,4,2
1,2,1
19,19,0
0,0,0
3,3,0
2,2,0
17,17,0
2,2,0
3,5,2
2,2,0
3,3,0
3,4,1
2,2,0
1,2,1
2,2,0
7,9,2
0,0,0
2,2,0
2,2,0
2,2,0
2,2,0
103,103,0
0,0,0
6,12,6
2,2,0
2,2,0
3,7,4
3,5,2
3,8,5
20,20,0
2,29,27
3,3,0
2,2,0
3,3,0
2,2,0
2,2,0
2,2,0
1,2,1
1,3,2
2,10,8
2,2,0
2,2,0
3,5,2
2,2,0
8,8,0
2,2,0
12,12,0
51,57,6
2,2,0
3,5,2
39,44,5
8,8,0
0,0,0
3,3,0
8,8,0
5,5,0
3,3,0
3,3,0
2,2,0
0,0,0
0,0,0
20,20,0
1,1,0
2,2,0
3,3,0
2,8,6
2,2,0
2,2,0
3,9,6
3,8,5
0,0,0
1,1,0
2,4,2
7,7,0
2,4,2
2,2,0
2,2,0
3,7,4
3,3,0
2,29,27
1,2,1
2,2,0
2,19,17
9,9,0
3,3,0
2,2,0
2,2,0
2,4,2
3,5,2
2,2,0
2,2,0
2,2,0
1,4,3
13,13,0
12,12,0
2,2,0
2,2,0
2,2,0
1,1,0
2,2,0
2,4,2
9,9,0
3,3,0
1,2,1
23,23,0
2,9,7
1,25,24
2,28,26
0,0,0
2,2,0
2,29,27
94,95,1
2,16,14
14,14,0
2,2,0
1,27,26
2,2,0
2,2,0
3,3,0
3,3,0
3,3,0
1,2,1
3,3,0
2,2,0
8,8,0
84,84,0
3,15,12
17,17,0
3,7,4
6,6,0
28,28,0
2,2,0
3,5,2
3,13,10
2,5,3
1,1,0
2,47,45
3,3,0
3,5,2
2,2,0
4,4,0
12,12,0
2,2,0
3,5,2
2,2,0
3,3,0
2,2,0
3,3,0
2,2,0
3,3,0
90,90,0
2,4,2
2,4,2
3,5,2
2,9,7
2,10,8
2,2,0
2,2,0
31,31,0
2,2,0
3,3,0
3,5,2
2,2,0
2,5,3
8,8,0
5,6,1
3,3,0
3,5,2
11,11,0
1,1,0
10,10,0
1,23,22
2,4,2
2,2,0
2,2,0
2,2,0
2,2,0
2,2,0
2,2,0
2,2,0
2,2,0
2,2,0
2,2,0
3,7,4
3,3,0
2,6,4
2,4,2
0,0,0
2,2,0
4,8,4
2,4,2
9,9,0
9,9,0
2,4,2
2,2,0
1,4,3
2,2,0
2,2,0
2,2,0
11,11,0
3,3,0
2,4,2
2,2,0
2,2,0
3,3,0
3,6,3
2,2,0
2,3,1
2,2,0
2,2,0
2,2,0
1,2,1
2,2,0
4,4,0
2,2,0
3,3,0
2,2,0
20,85,65
3,15,12
2,2,0
2,2,0
2,2,0
2,2,0
3,9,6
1,2,1
3,3,0
2,2,0
2,2,0
2,2,0
3,9,6
2,2,0
1,2,1
2,8,6
2,2,0
2,4,2
2,2,0
3,11,8
2,5,3
3,3,0
2,2,0
2,2,0
1,23,22
30,49,19
2,2,0
2,2,0
4,4,0
2,5,3
1,1,0
2,2,0
2,10,8
2,2,0
16,17,1
2,4,2
2,2,0
2,3,1
2,4,2
1,6,5
2,2,0
9,9,0
2,2,0
13,13,0
3,3,0
2,2,0
2,2,0
2,2,0
1,2,1
19,32,13
2,18,16
2,2,0
2,6,4
3,5,2
2,6,4
2,2,0
2,2,0
2,2,0
2,5,3
3,9,6
0,0,0
2,2,0
1,1,0
2,13,11
3,4,1
3,3,0
1,6,5
3,3,0
8,8,0
2,2,0
2,2,0
2,2,0
22,22,0
3,7,4
3,4,1
2,61,59
3,3,0
2,80,78
3,5,2
2,2,0
3,3,0
9,9,0
2,2,0
2,59,57
2,4,2
3,3,0
3,3,0
2,2,0
2,8,6
2,2,0
3,3,0
2,2,0
3,3,0
1,20,19
1,1,0
2,2,0
2,2,0
2,2,0
2,2,0
3,3,0
22,22,0
2,2,0
2,2,0
2,2,0
3,3,0
17,47,30
0,0,0
2,4,2
2,2,0
12,12,0
88,101,13
2,2,0
7,7,0
3,3,0
3,3,0
2,11,9
1,1,0
2,2,0
1,4,3
3,3,0
3,11,8
2,9,7
3,3,0
3,8,5
88,88,0
3,8,5
3,3,0
2,2,0
2,2,0
3,3,0
2,2,0
3,7,4
2,2,0
2,2,0
2,2,0
2,2,0
3,8,5
3,5,2
2,2,0
1,2,1
2,2,0
1,2,1
4,4,0
10,12,2
2,7,5
2,2,0
0,0,0
3,3,0
3,3,0
1,1,0
1,1,0
1,4,3
4,25,21
3,3,0
3,3,0
3,9,6
1,24,23
3,3,0
76,76,0
2,2,0
21,39,18
0,0,0
2,14,12
1,41,40
2,2,0
3,3,0
2,2,0
2,8,6
10,10,0
2,2,0
1,22,21
2,102,100
2,4,2
2,3,1
1,1,0
7,7,0
1,4,3
2,2,0
100,109,9
3,3,0
3,5,2
2,2,0
3,7,4
3,3,0
0,0,0
3,3,0
2,7,5
2,2,0
3,3,0
6,6,0
2,2,0
3,3,0
2,2,0
2,2,0
7,7,0
2,2,0
2,2,0
3,3,0
2,2,0
2,2,0
3,10,7
1,46,45
2,2,0
1,5,4
3,3,0
3,3,0
2,2,0
0,0,0
2,2,0
1,8,7
1,4,3
3,3,0
2,3,1
3,3,0
3,3,0
20,20,0
2,2,0
1,3,2
3,3,0
2,8,6
2,2,0
2,2,0
1,2,1
2,2,0
2,6,4
6,6,0
4,4,0
2,2,0
2,9,7
2,3,1
2,4,2
3,3,0
2,2,0
2,2,0
2,2,0
2,4,2
100,104,4
1,2,1
2,5,3
3,3,0
3,3,0
2,3,1
3,5,2
2,7,5
9,9,0
2,2,0
1,3,2
2,2,0
3,14,11
3,3,0
1,4,3
2,2,0
3,3,0
2,2,0
9,9,0
8,8,0
3,3,0
2,2,0
2,4,2
2,4,2
2,2,0
2,4,2
2,2,0
2,2,0
6,6,0
2,2,0
2,80,78
2,2,0
2,2,0
7,15,8
2,2,0
2,2,0
2,2,0
2,2,0
0,0,0
2,2,0
3,3,0
2,82,80
10,13,3
3,10,7
1,22,21
2,27,25
2,3,1
3,3,0
3,19,16
2,4,2
33,33,0
2,2,0
3,7,4
3,5,2
2,2,0
2,2,0
3,6,3
2,2,0
3,3,0
6,6,0
2,6,4
3,5,2
38,38,0
2,2,0
2,2,0
40,45,5
3,3,0
2,2,0
1,1,0
78,78,0
3,13,10
3,4,1
2,2,0
2,2,0
10,12,2
2,5,3
3,7,4
3,5,2
1,2,1
2,2,0
2,2,0
2,3,1
2,2,0
3,3,0
2,2,0
2,2,0
2,4,2
2,4,2
3,5,2
2,4,2
3,5,2
1,21,20
1,2,1
2,4,2
19,20,1
3,5,2
8,8,0
4,6,2
2,2,0
2,6,4
0,0,0
3,5,2
6,13,7
4,4,0
2,9,7
2,2,0
3,3,0
1,2,1
3,5,2
1,1,0
2,4,2
9,9,0
0,0,0
2,2,0
3,3,0
240,240,0
3,5,2
2,2,0
0,0,0
3,5,2
8,8,0
2,4,2
10,10,0
3,5,2
3,3,0
2,2,0
3,6,3
2,170,168
1,1,0
2,15,13
2,2,0
2,2,0
100,100,0
3,8,5
3,3,0
2,2,0
2,2,0
3,3,0
2,2,0
3,7,4
2,2,0
1,6,5
2,10,8
2,4,2
2,8,6
2,10,8
1,2,1
6,11,5
2,11,9
1,3,2
2,2,0
3,3,0
2,2,0
10,10,0
3,5,2
3,3,0
12,12,0
3,10,7
3,5,2
2,3,1
2,2,0
3,3,0
2,2,0
3,3,0
2,3,1
2,2,0
2,2,0
2,2,0
24,58,34
3,16,13
2,9,7
3,3,0
2,2,0
2,2,0
2,5,3
2,4,2
2,2,0
3,3,0
2,2,0
3,3,0
2,2,0
3,5,2
0,0,0
2,2,0
3,3,0
3,8,5
2,26,24
2,7,5
3,5,2
5,5,0
3,3,0
6,6,0
2,2,0
1,1,0
2,8,6
2,8,6
6,6,0
9,9,0
1,1,0
2,2,0
2,2,0
2,21,19
4,4,0
2,2,0
2,2,0
147,147,0
3,3,0
1,1,0
46,46,0
2,2,0
8,8,0
5,5,0
2,2,0
45,48,3
3,5,2
2,2,0
3,3,0
8,8,0
2,3,1
3,5,2
3,3,0
2,2,0
2,4,2
2,46,44
1,20,19
1,11,10
9,9,0
3,10,7
4,4,0
2,2,0
3,3,0
1,2,1
2,2,0
150,159,9
2,2,0
2,2,0
4,4,0
3,3,0
9,35,26
3,3,0
2,8,6
40,45,5
2,2,0
52,52,0
3,8,5
0,0,0
28,28,0
4,9,5
2,3,1
2,4,2
2,2,0
2,40,38
3,3,0
11,16,5
2,2,0
2,2,0
3,5,2
3,5,2
10,10,0
2,2,0
3,3,0
2,3,1
2,2,0
2,2,0
3,3,0
2,2,0
2,2,0
2,2,0
3,3,0
9,9,0
4,4,0
2,2,0
3,7,4
2,3,1
3,3,0
3,7,4
10,19,9
2,2,0
2,2,0
2,2,0
3,3,0
3,6,3
2,7,5
2,5,3
15,15,0
3,7,4
2,2,0
3,3,0
2,6,4
2,2,0
3,3,0
40,48,8
2,6,4
1,1,0
2,8,6
8,8,0
4,8,4
2,2,0
3,3,0
3,5,2
2,4,2
25,25,0
2,2,0
1,56,55
6,6,0
4,4,0
2,2,0
2,2,0
2,2,0
2,2,0
3,5,2
2,3,1
3,3,0
9,9,0
1,2,1
9,9,0
2,2,0
3,3,0
2,2,0
2,84,82
3,5,2
1,1,0
0,0,0
1,28,27
2,2,0
4,4,0
3,7,4
3,3,0
3,3,0
1,2,1
2,23,21
1,4,3
6,14,8
2,2,0
56,56,0
2,2,0
7,13,6
3,4,1
2,2,0
3,8,5
3,10,7
1,1,0
2,6,4
1,1,0
10,10,0
1,1,0
10,10,0
4,4,0
2,2,0
2,6,4
3,5,2
1,1,0
2,2,0
2,2,0
2,2,0
3,30,27
2,2,0
2,8,6
2,2,0
2,2,0
1,3,2
2,2,0
3,4,1
3,5,2
1,2,1
4,4,0
4,6,2
2,2,0
2,2,0
3,3,0
3,3,0
2,2,0
9,9,0
2,4,2
2,3,1
2,6,4
2,2,0
2,5,3
2,2,0
3,19,16
2,2,0
2,2,0
2,2,0
2,2,0
3,8,5
2,2,0
2,2,0
2,2,0
3,3,0
3,20,17
1,27,26
8,20,12
2,4,2
2,2,0
3,5,2
2,2,0
3,3,0
2,2,0
2,4,2
2,2,0
3,9,6
1,1,0
2,2,0
2,2,0
2,2,0
3,16,13
2,2,0
3,3,0
6,6,0
3,3,0
2,4,2
2,7,5
2,2,0
2,2,0
3,3,0
2,3,1
1,4,3
2,2,0
9,9,0
2,18,16
2,6,4
8,16,8
3,8,5
2,2,0
3,3,0
3,82,79
3,3,0
3,5,2
3,3,0
1,1,0
3,8,5
8,20,12
0,0,0
2,2,0
2,2,0
104,104,0
2,7,5
3,3,0
2,2,0
2,2,0
2,8,6
1,1,0
58,58,0
3,3,0
2,4,2
2,27,25
1,4,3
3,5,2
3,3,0
2,2,0
2,2,0
3,7,4
3,3,0
16,16,0
2,3,1
2,2,0
2,2,0
3,5,2
2,12,10
7,7,0
2,2,0
3,3,0
2,10,8
1,20,19
2,2,0
2,2,0
6,20,14
2,4,2
1,7,6
3,3,0
2,2,0
2,2,0
2,2,0
2,2,0
2,5,3
2,2,0
1,2,1
1,4,3
2,2,0
2,2,0
76,85,9
2,2,0
11,38,27
11,11,0
12,12,0
1,1,0
3,3,0
3,13,10
2,68,66
2,2,0
0,0,0
32,33,1
3,5,2
1,1,0
2,4,2
2,6,4
2,2,0
1,2,1
3,3,0
2,2,0
0,0,0
2,6,4
1,1,0
2,14,12
2,8,6
1,1,0
11,11,0
2,2,0
2,8,6
9,9,0
4,10,6
3,5,2
1,8,7
2,2,0
2,47,45
2,2,0
2,2,0
13,13,0
1,1,0
11,11,0
2,6,4
1,1,0
21,21,0
2,2,0
3,3,0
2,2,0
1,2,1
4,13,9
2,2,0
2,2,0
3,3,0
0,0,0
15,16,1
0,0,0
4,7,3
2,2,0
3,3,0
2,2,0
9,9,0
1,3,2
3,3,0
4,4,0
3,3,0
2,2,0
2,2,0
3,3,0
2,23,21
3,3,0
2,4,2
2,10,8
2,4,2
3,3,0
2,2,0
4,4,0
3,3,0
2,10,8
2,2,0
2,2,0
2,2,0
2,12,10
2,2,0
2,13,11
2,2,0
2,2,0
2,2,0
3,3,0
12,12,0
3,5,2
1,1,0
2,5,3
3,3,0
4,6,2
2,2,0
1,8,7
0,0,0
133,135,2
1,20,19
3,3,0
2,45,43
3,4,1
2,82,80
1,3,2
0,0,0
3,3,0
3,3,0
3,6,3
6,11,5
1,3,2
6,6,0
3,3,0
2,2,0
2,2,0
3,3,0
2,2,0
2,5,3
2,4,2
3,3,0
2,4,2
3,5,2
2,2,0
2,45,43
2,4,2
2,2,0
2,2,0
1,3,2
9,9,0
4,5,1
1,1,0
3,3,0
2,2,0
2,4,2
3,5,2
3,7,4
2,2,0
4,36,32
8,8,0
2,6,4
2,2,0
3,5,2
2,2,0
2,2,0
2,3,1
2,2,0
1,2,1
3,3,0
2,4,2
2,2,0
3,3,0
2,2,0
0,0,0
2,4,2
2,2,0
93,187,94
3,5,2
2,2,0
1,2,1
17,17,0
2,16,14
2,2,0
2,3,1
9,9,0
3,3,0
3,3,0
2,2,0
3,9,6
2,2,0
1,22,21
3,5,2
2,2,0
3,9,6
2,4,2
2,2,0
3,3,0
44,44,0
2,2,0
3,7,4
2,2,0
2,2,0
2,16,14
2,2,0
3,3,0
2,2,0
2,4,2
3,3,0
5,9,4
2,2,0
2,2,0
2,2,0
1,1,0
1,1,0
1,2,1
3,3,0
1,4,3
2,4,2
2,2,0
2,5,3
2,36,34
2,2,0
2,2,0
100,100,0
2,2,0
2,2,0
3,3,0
0,0,0
4,4,0
2,2,0
1,20,19
2,2,0
2,12,10
2,2,0
2,6,4
2,12,10
4,4,0
1,1,0
2,2,0
2,2,0
10,10,0
8,8,0
6,7,1
1,2,1
3,5,2
3,3,0
8,8,0
3,5,2
2,5,3
17,17,0
7,9,2
2,2,0
2,2,0
2,3,1
2,2,0
0,0,0
2,3,1
1,2,1
2,2,0
41,41,0
2,4,2
2,4,2
3,4,1
3,3,0
1,1,0
2,2,0
3,9,6
9,9,0
0,0,0
1,4,3
1,4,3
3,3,0
5,5,0
1,1,0
2,4,2
3,3,0
1,4,3
2,2,0
2,4,2
3,3,0
2,2,0
2,2,0
2,10,8
3,5,2
4,4,0
3,7,4
3,23,20
3,3,0
8,8,0
3,3,0
2,2,0
20,20,0
236,236,0
2,2,0
2,2,0
3,5,2
3,3,0
3,5,2
2,2,0
8,8,0
2,2,0
115,181,66
2,2,0
11,12,1
2,2,0
2,2,0
2,2,0
1,1,0
3,3,0
2,22,20
1,1,0
2,6,4
2,26,24
2,2,0
2,4,2
13,13,0
2,2,0
3,6,3
2,6,4
2,2,0
16,16,0
4,14,10
2,2,0
11,11,0
2,2,0
100,100,0
1,1,0
8,8,0
2,2,0
2,2,0
2,7,5
2,2,0
2,2,0
2,9,7
3,5,2
9,9,0
2,3,1
3,3,0
1,1,0
11,11,0
3,3,0
11,11,0
2,2,0
0,0,0
3,5,2
2,15,13
3,3,0
3,9,6
1,1,0
3,5,2
2,2,0
2,2,0
51,51,0
3,11,8
13,25,12
2,2,0
0,0,0
2,2,0
2,2,0
2,4,2
1,5,4
1,1,0
1,1,0
3,4,1
2,4,2
3,5,2
2,2,0
3,3,0
4,21,17
3,5,2
51,74,23
8,8,0
2,2,0
3,13,10
3,3,0
3,3,0
3,3,0
0,0,0
2,2,0
2,2,0
2,4,2
2,9,7
17,17,0
9,9,0
3,8,5
9,9,0
2,2,0
3,6,3
2,2,0
3,5,2
11,11,0
2,2,0
3,3,0
20,20,0
3,6,3
3,5,2
4,4,0
2,2,0
2,2,0
1,3,2
3,5,2
34,34,0
2,2,0
2,2,0
2,2,0
2,2,0
2,4,2
2,2,0
2,2,0
8,10,2
2,2,0
3,3,0
2,4,2
2,3,1
9,29,20
8,8,0
2,4,2
1,1,0
9,9,0
3,3,0
2,2,0
3,3,0
10,10,0
2,45,43
2,2,0
4,32,28
3,5,2
2,2,0
6,55,49
3,3,0
2,2,0
1,2,1
2,4,2
2,9,7
0,0,0
3,5,2
2,4,2
9,9,0
2,2,0
2,2,0
2,4,2
2,2,0
2,4,2
67,67,0
7,7,0
1,2,1
3,4,1
3,7,4
2,2,0
1,2,1
3,3,0
2,5,3
13,13,0
3,5,2
7,7,0
2,2,0
1,2,1
2,2,0
2,2,0
2,2,0
2,2,0
2,2,0
3,5,2
2,15,13
3,9,6
3,3,0
3,10,7
3,29,26
2,2,0
2,2,0
2,3,1
2,2,0
2,2,0
1,21,20
2,5,3
3,5,2
2,4,2
3,3,0
3,6,3
2,2,0
8,8,0
8,8,0
2,4,2
2,4,2
60,60,0
3,3,0
3,3,0
3,9,6
2,2,0
140,140,0
3,3,0
2,2,0
2,6,4
2,2,0
2,2,0
0,0,0
2,2,0
2,2,0
28,49,21
2,2,0
18,18,0
406,417,11
2,5,3
2,2,0
1,8,7
9,9,0
3,3,0
2,2,0
7,34,27
2,23,21
2,2,0
2,2,0
8,8,0
0,0,0
3,5,2
2,19,17
2,2,0
3,3,0
3,3,0
2,24,22
27,27,0
2,2,0
2,2,0
3,3,0
1,2,1
2,6,4
3,3,0
1,1,0
2,2,0
5,5,0
4,4,0
3,3,0
7,7,0
3,3,0
1,2,1
5,5,0
2,2,0
3,5,2
2,6,4
2,111,109
13,16,3
2,16,14
2,2,0
3,3,0
3,3,0
3,5,2
2,2,0
2,2,0
8,8,0
8,8,0
2,4,2
11,11,0
2,2,0
3,3,0
2,5,3
2,2,0
3,3,0
6,22,16
4,4,0
2,2,0
3,5,2
3,13,10
3,5,2
0,0,0
2,3,1
2,2,0
1,5,4
3,3,0
3,3,0
1,2,1
3,3,0
0,0,0
0,0,0
3,3,0
3,3,0
2,2,0
10,10,0
3,8,5
3,5,2
2,2,0
2,4,2
8,10,2
2,6,4
4,4,0
3,4,1
2,4,2
2,2,0
2,2,0
0,0,0
1,3,2
1,7,6
6,6,0
115,352,237
3,3,0
2,2,0
4,4,0
2,2,0
11,20,9
3,3,0
2,4,2
30,30,0
2,2,0
1,2,1
3,3,0
50,50,0
2,8,6
2,18,16
2,4,2
2,2,0
2,4,2
8,8,0
9,13,4
2,2,0
3,3,0
6,6,0
3,5,2
2,2,0
2,2,0
2,2,0
3,5,2
9,9,0
0,0,0
4,4,0
3,3,0
3,3,0
3,3,0
2,2,0
1,2,1
2,2,0
2,5,3
3,6,3
2,2,0
2,4,2
2,45,43
3,7,4
2,2,0
3,7,4
3,3,0
7,7,0
3,9,6
1,1,0
3,5,2
44,140,96
3,3,0
3,3,0
2,2,0
2,2,0
2,2,0
1,1,0
2,2,0
9,9,0
3,5,2
2,2,0
4,4,0
1,3,2
2,2,0
2,2,0
3,5,2
0,0,0
3,3,0
2,2,0
2,2,0
2,2,0
2,2,0
3,3,0
2,2,0
3,16,13
62,62,0
2,2,0
0,0,0
2,6,4
3,5,2
1,1,0
2,3,1
3,5,2
10,10,0
4,4,0
2,2,0
3,3,0
3,5,2
4,4,0
1,1,0
1,1,0
3,3,0
4,5,1
3,12,9
1,1,0
2,2,0
3,5,2
2,2,0
0,0,0
2,2,0
0,0,0
2,2,0
9,9,0
3,3,0
2,12,10
2,2,0
2,2,0
2,2,0
1,36,35
2,2,0
1,1,0
3,7,4
3,5,2
2,2,0
3,3,0
72,122,50
6,14,8
1,1,0
0,0,0
7,31,24
26,26,0
3,4,1
3,3,0
10,10,0
2,2,0
2,100,98
3,3,0
2,4,2
33,33,0
2,2,0
3,3,0
2,2,0
3,3,0
2,3,1
2,2,0
5,5,0
1,1,0
2,4,2
2,2,0
2,4,2
2,2,0
2,2,0
2,2,0
2,2,0
3,3,0
3,3,0
2,4,2
0,0,0
2,19,17
3,3,0
2,2,0
3,7,4
2,2,0
3,3,0
2,8,6
3,3,0
2,2,0
2,2,0
2,6,4
2,2,0
3,9,6
3,3,0
2,80,78
0,0,0
2,2,0
6,6,0
40,40,0
1,1,0
3,21,18
3,3,0
2,2,0
2,2,0
2,3,1
2,2,0
2,2,0
8,8,0
9,9,0
98,98,0
0,0,0
3,12,9
3,15,12
3,3,0
20,20,0
4,4,0
47,47,0
3,46,43
2,2,0
2,2,0
3,3,0
1,5,4
2,2,0
3,3,0
10,27,17
2,4,2
3,12,9
2,2,0
8,8,0
2,4,2
0,0,0
3,5,2
2,2,0
2,3,1
3,5,2
3,5,2
2,4,2
2,2,0
66,66,0
3,6,3
29,87,58
3,5,2
2,82,80
2,2,0
2,2,0
3,3,0
3,8,5
3,3,0
2,2,0
2,7,5
2,2,0
2,6,4
2,37,35
3,3,0
2,6,4
0,0,0
0,0,0
3,7,4
2,2,0
2,2,0
3,3,0
0,0,0
3,5,2
2,4,2
3,5,2
2,2,0
2,2,0
2,2,0
3,4,1
6,6,0
2,2,0
1,2,1
2,4,2
3,3,0
2,2,0
2,4,2
1,1,0
3,3,0
2,2,0
2,2,0
3,5,2
2,8,6
3,5,2
3,3,0
77,112,35
23,23,0
2,10,8
2,2,0
14,16,2
2,2,0
3,3,0
2,2,0
2,2,0
2,2,0
0,0,0
2,80,78
2,4,2
2,2,0
3,3,0
4,4,0
2,2,0
2,4,2
3,3,0
2,2,0
23,23,0
2,4,2
2,2,0
2,3,1
3,3,0
3,5,2
3,3,0
3,3,0
3,3,0
3,5,2
3,3,0
2,2,0
2,2,0
2,2,0
8,14,6
2,2,0
2,2,0
2,4,2
3,3,0
2,5,3
1,12,11
2,2,0
3,3,0
2,4,2
6,6,0
2,2,0
1,1,0
20,20,0
2,2,0
3,3,0
2,2,0
349,453,104
100,104,4
2,12,10
9,9,0
9,9,0
4,8,4
2,2,0
22,22,0
2,4,2
1,1,0
3,3,0
2,3,1
2,2,0
2,42,40
2,2,0
1,5,4
2,2,0
3,3,0
1,8,7
2,2,0
3,3,0
20,20,0
8,8,0
3,6,3
1,1,0
0,0,0
2,2,0
2,2,0
2,2,0
3,4,1
2,3,1
0,0,0
9,9,0
100,104,4
2,4,2
3,5,2
3,8,5
2,2,0
2,2,0
3,3,0
2,2,0
3,5,2
2,11,9
3,3,0
3,3,0
25,25,0
8,8,0
2,4,2
2,3,1
2,4,2
2,2,0
2,14,12
2,5,3
3,3,0
3,3,0
2,2,0
3,3,0
2,4,2
8,8,0
2,2,0
2,2,0
1,1,0
2,2,0
2,8,6
3,3,0
89,89,0
1,2,1
3,3,0
2,4,2
0,0,0
1,1,0
8,80,72
3,5,2
2,4,2
2,4,2
2,2,0
9,9,0
2,4,2
2,9,7
2,2,0
11,11,0
2,2,0
0,0,0
3,3,0
0,0,0
5,6,1
0,0,0
3,3,0
6,6,0
3,5,2
0,0,0
2,2,0
1,1,0
3,3,0
3,8,5
2,4,2
3,3,0
2,6,4
2,59,57
3,7,4
2,2,0
16,16,0
2,4,2
2,2,0
2,11,9
2,5,3
1,1,0
2,2,0
2,2,0
3,9,6
8,8,0
1,2,1
2,2,0
2,4,2
10,10,0
1,6,5
9,9,0
3,5,2
3,3,0
2,2,0
2,2,0
55,55,0
3,4,1
2,5,3
2,4,2
3,5,2
8,10,2
3,3,0
2,2,0
6,33,27
30,122,92
3,7,4
3,4,1
2,2,0
2,2,0
1,1,0
3,3,0
3,3,0
2,5,3
3,3,0
4,9,5
8,8,0
3,5,2
2,3,1
2,2,0
2,2,0
81,81,0
10,14,4
2,2,0
9,9,0
2,2,0
3,3,0
2,2,0
3,5,2
3,3,0
3,3,0
2,2,0
6,6,0
2,4,2
2,2,0
2,2,0
2,28,26
2,80,78
2,2,0
1,2,1
2,3,1
2,2,0
2,4,2
9,9,0
4,4,0
1,1,0
2,3,1
2,2,0
2,3,1
8,8,0
2,4,2
18,18,0
3,9,6
2,2,0
6,12,6
2,2,0
2,2,0
2,2,0
4,4,0
2,2,0
3,3,0
1,12,11
2,2,0
3,4,1
10,10,0
1,3,2
2,2,0
3,3,0
3,3,0
2,3,1
8,8,0
1,1,0
2,2,0
2,2,0
3,7,4
3,8,5
2,2,0
1,1,0
46,82,36
2,2,0
3,7,4
2,2,0
3,4,1
2,2,0
2,6,4
0,0,0
2,2,0
4,4,0
8,8,0
2,2,0
2,8,6
15,15,0
2,2,0
2,2,0
2,13,11
1,29,28
1,2,1
2,2,0
2,2,0
2,2,0
3,7,4
50,108,58
3,3,0
2,4,2
2,2,0
8,8,0
5,7,2
2,2,0
2,2,0
2,2,0
2,2,0
0,0,0
2,5,3
2,2,0
2,2,0
2,2,0
2,2,0
48,48,0
45,47,2
8,8,0
1,2,1
1,25,24
3,3,0
2,3,1
1,1,0
2,12,10
3,3,0
2,4,2
3,3,0
2,2,0
3,4,1
5,5,0
6,34,28
3,3,0
2,2,0
2,6,4
2,2,0
0,0,0
2,4,2
2,2,0
1,21,20
2,2,0
1,1,0
3,11,8
2,2,0
1,2,1
2,4,2
2,3,1
2,2,0
3,5,2
2,2,0
1,19,18
2,4,2
2,8,6
2,2,0
1,1,0
1,3,2
0,0,0
2,4,2
9,9,0
3,3,0
1,4,3
4,12,8
17,17,0
4,14,10
2,2,0
3,3,0
2,2,0
2,4,2
11,29,18
1,3,2
2,14,12
5,12,7
5,9,4
3,13,10
9,9,0
3,3,0
1,2,1
2,2,0
3,3,0
3,5,2
140,144,4
2,2,0
2,2,0
2,3,1
10,10,0
3,3,0
2,2,0
3,5,2
1,2,1
2,80,78
2,2,0
3,3,0
2,8,6
3,3,0
2,2,0
8,8,0
1,10,9
2,2,0
3,5,2
2,2,0
3,3,0
34,34,0
9,9,0
0,0,0
1,1,0
5,5,0
3,6,3
2,2,0
6,6,0
9,30,21
133,135,2
3,6,3
2,30,28
0,0,0
105,379,274
2,2,0
2,2,0
3,3,0
1,7,6
5,8,3
3,3,0
2,2,0
1,23,22
2,2,0
1,2,1
2,6,4
3,5,2
2,2,0
3,3,0
3,5,2
2,10,8
1,77,76
3,5,2
3,6,3
2,2,0
2,2,0
11,11,0
3,8,5
4,15,11
1,2,1
3,3,0
3,3,0
2,2,0
3,9,6
9,9,0
2,2,0
2,2,0
1,26,25
2,2,0
2,2,0
7,7,0
1,5,4
72,72,0
2,2,0
2,2,0
2,2,0
0,0,0
2,3,1
6,25,19
3,7,4
2,5,3
1,25,24
3,13,10
2,3,1
2,2,0
45,45,0
2,2,0
3,5,2
2,2,0
3,5,2
2,16,14
3,13,10
2,2,0
2,17,15
9,9,0
1,6,5
2,2,0
2,2,0
3,5,2
4,4,0
8,8,0
5,9,4
1,2,1
11,11,0
2,2,0
3,3,0
3,3,0
2,2,0
3,3,0
2,2,0
2,4,2
3,18,15
2,29,27
2,4,2
2,16,14
2,2,0
3,3,0
3,6,3
4,4,0
3,3,0
2,2,0
2,2,0
1,1,0
2,2,0
2,12,10
0,0,0
8,14,6
19,25,6
3,3,0
2,2,0
3,9,6
9,9,0
2,2,0
2,33,31
1,2,1
2,2,0
2,2,0
3,4,1
3,3,0
2,3,1
2,2,0
2,9,7
2,11,9
2,2,0
2,2,0
3,3,0
2,2,0
2,6,4
3,4,1
2,7,5
2,2,0
3,18,15
3,3,0
0,0,0
3,5,2
6,6,0
81,195,114
2,2,0
3,12,9
2,9,7
3,5,2
2,4,2
2,2,0
10,10,0
2,2,0
3,3,0
1,1,0
1,1,0
2,2,0
1,19,18
8,8,0
2,2,0
3,4,1
2,2,0
3,8,5
2,2,0
3,3,0
3,12,9
2,2,0
2,6,4
2,2,0
3,3,0
2,2,0
2,2,0
3,3,0
42,42,0
3,9,6
2,4,2
2,2,0
2,2,0
3,3,0
2,17,15
3,3,0
2,2,0
9,9,0
2,13,11
2,2,0
2,2,0
2,2,0
2,3,1
3,5,2
2,2,0
3,7,4
2,4,2
2,2,0
2,3,1
2,2,0
2,4,2
6,6,0
0,0,0
2,3,1
2,2,0
2,2,0
8,8,0
1,1,0
2,4,2
3,5,2
2,2,0
2,2,0
3,5,2
1,1,0
2,2,0
3,3,0
1,1,0
4,4,0
0,0,0
1,1,0
4,4,0
3,5,2
2,4,2
10,11,1
1,2,1
11,11,0
3,3,0
7,7,0
3,5,2
3,6,3
2,2,0
0,0,0
1,1,0
2,2,0
2,2,0
3,3,0
2,2,0
2,9,7
1,75,74
3,3,0
19,31,12
3,3,0
2,2,0
3,3,0
3,3,0
1,10,9
3,5,2
2,2,0
2,7,5
9,9,0
2,2,0
2,3,1
1,3,2
2,2,0
74,74,0
1,1,0
0,0,0
2,6,4
16,16,0
3,3,0
6,18,12
10,10,0
3,3,0
1,5,4
1,2,1
3,9,6
2,2,0
3,3,0
0,0,0
3,7,4
2,3,1
3,5,2
3,7,4
3,5,2
3,3,0
2,2,0
3,5,2
3,3,0
2,13,11
2,24,22
2,23,21
2,2,0
2,2,0
2,2,0
2,2,0
8,8,0
2,2,0
1,8,7
3,7,4
2,2,0
2,2,0
0,0,0
1,1,0
2,2,0
3,3,0
3,4,1
2,2,0
3,3,0
0,0,0
3,3,0
1,2,1
2,2,0
3,5,2
2,2,0
2,2,0
3,4,1
2,2,0
0,0,0
4,4,0
2,2,0
8,8,0
2,3,1
10,10,0
8,8,0
10,31,21
4,4,0
3,5,2
3,10,7
2,2,0
2,5,3
2,2,0
3,3,0
1,44,43
8,24,16
2,2,0
2,4,2
1,1,0
3,3,0
3,5,2
2,2,0
2,2,0
1,3,2
2,10,8
2,2,0
2,2,0
1,1,0
3,10,7
2,2,0
1,11,10
2,2,0
2,132,130
2,2,0
2,2,0
6,35,29
1,2,1
1,59,58
2,2,0
3,12,9
3,3,0
2,2,0
2,2,0
3,5,2
3,3,0
3,3,0
3,3,0
2,2,0
3,3,0
2,2,0
2,82,80
2,2,0
2,2,0
2,3,1
2,2,0
3,5,2
5,5,0
2,2,0
1,1,0
2,2,0
4,7,3
51,51,0
2,2,0
9,9,0
2,8,6
2,2,0
3,3,0
67,67,0
2,2,0
1,27,26
2,2,0
3,3,0
2,2,0
2,2,0
8,8,0
2,2,0
3,4,1
3,3,0
9,9,0
2,2,0
2,2,0
3,8,5
2,2,0
1,21,20
2,5,3
8,8,0
4,4,0
1,1,0
2,4,2
2,2,0
3,7,4
3,3,0
1,1,0
2,10,8
2,12,10
2,2,0
2,2,0
2,10,8
2,2,0
3,3,0
2,2,0
2,4,2
6,6,0
2,4,2
3,13,10
2,2,0
4,5,1
2,3,1
0,0,0
2,2,0
1,2,1
2,2,0
3,4,1
3,4,1
2,2,0
2,7,5
2,2,0
1,1,0
2,2,0
2,2,0
8,8,0
3,3,0
2,2,0
3,6,3
14,14,0
1,6,5
2,4,2
6,6,0
2,2,0
71,71,0
2,4,2
3,6,3
2,4,2
2,2,0
14,14,0
3,5,2
2,2,0
30,31,1
2,4,2
15,15,0
3,7,4
9,36,27
1,1,0
8,8,0
3,3,0
3,3,0
6,6,0
3,3,0
3,3,0
2,2,0
3,15,12
2,2,0
8,10,2
1,4,3
3,6,3
3,3,0
9,25,16
2,6,4
1,20,19
2,2,0
2,2,0
8,8,0
2,2,0
21,21,0
2,2,0
3,7,4
5,5,0
1,1,0
2,2,0
2,2,0
1,1,0
20,20,0
3,5,2
2,2,0
2,2,0
3,3,0
2,2,0
2,17,15
2,2,0
7,7,0
17,17,0
2,2,0
6,20,14
51,77,26
2,2,0
3,3,0
0,0,0
0,0,0
2,11,9
3,3,0
1,6,5
2,3,1
1,1,0
2,13,11
3,3,0
2,32,30
2,2,0
20,20,0
2,6,4
8,8,0
2,2,0
6,28,22
29,87,58
2,2,0
2,3,1
3,3,0
3,8,5
2,2,0
2,2,0
2,2,0
1,1,0
0,0,0
2,2,0
2,2,0
2,2,0
0,0,0
2,2,0
2,2,0
2,2,0
2,3,1
4,4,0
4,4,0
0,0,0
2,2,0
3,3,0
2,12,10
3,7,4
2,2,0
2,2,0
2,11,9
3,5,2
2,2,0
3,3,0
4,4,0
2,2,0
2,2,0
6,10,4
2,5,3
29,31,2
1,2,1
2,2,0
2,2,0
1,2,1
1,1,0
2,2,0
3,5,2
2,2,0
2,14,12
3,5,2
3,3,0
6,6,0
3,6,3
3,30,27
2,2,0
2,2,0
2,2,0
2,2,0
3,7,4
1,22,21
3,3,0
3,3,0
2,2,0
2,2,0
4,4,0
3,6,3
2,2,0
0,0,0
3,5,2
2,2,0
2,47,45
1,1,0
3,3,0
0,0,0
2,2,0
3,3,0
2,47,45
2,2,0
2,2,0
2,47,45
2,2,0
3,3,0
6,7,1
0,0,0
3,3,0
2,4,2
20,26,6
4,4,0
2,2,0
6,7,1
2,2,0
2,3,1
2,2,0
2,2,0
4,4,0
2,2,0
6,7,1
6,6,0
2,2,0
0,0,0
2,2,0
2,2,0
2,2,0
34,46,12
3,5,2
3,14,11
3,3,0
3,3,0
2,6,4
2,4,2
3,9,6
20,20,0
9,9,0
47,47,0
3,5,2
1,1,0
3,3,0
2,2,0
2,3,1
5,5,0
2,2,0
2,2,0
3,5,2
3,3,0
3,3,0
2,4,2
1,8,7
3,5,2
2,2,0
3,5,2
2,3,1
0,0,0
2,2,0
2,2,0
2,2,0
20,22,2
2,2,0
3,11,8
7,22,15
8,8,0
8,8,0
6,33,27
1,2,1
0,0,0
2,2,0
9,12,3
1,2,1
2,18,16
3,4,1
2,2,0
1,8,7
2,4,2
3,6,3
6,175,169
2,2,0
2,2,0
8,8,0
3,5,2
3,5,2
2,2,0
2,2,0
2,2,0
43,43,0
8,8,0
2,2,0
1,1,0
2,13,11
2,4,2
2,2,0
2,2,0
56,56,0
42,56,14
2,4,2
84,164,80
1,2,1
1,1,0
15,21,6
2,59,57
3,3,0
3,3,0
3,5,2
1,1,0
1,10,9
2,2,0
97,97,0
2,2,0
2,4,2
1,2,1
5,5,0
8,8,0
2,4,2
2,2,0
3,3,0
2,14,12
2,2,0
2,80,78
100,100,0
3,3,0
2,2,0
2,3,1
2,3,1
2,2,0
2,6,4
4,6,2
3,5,2
2,2,0
9,9,0
1,2,1
9,9,0
9,14,5
2,28,26
2,4,2
2,2,0
3,3,0
61,67,6
2,3,1
2,4,2
71,77,6
2,2,0
1,1,0
9,9,0
2,2,0
2,9,7
0,0,0
2,4,2
2,3,1
2,2,0
3,3,0
3,3,0
3,7,4
2,2,0
3,3,0
106,106,0
3,3,0
4,4,0
3,9,6
2,2,0
8,8,0
1,1,0
2,4,2
1,22,21
2,2,0
2,2,0
1,2,1
3,12,9
2,10,8
1,4,3
2,2,0
2,4,2
3,4,1
2,2,0
2,2,0
2,5,3
2,2,0
3,3,0
3,7,4
1,2,1
2,2,0
2,2,0
2,2,0
2,2,0
3,82,79
3,9,6
2,2,0
7,28,21
4,4,0
2,2,0
2,2,0
15,15,0
2,4,2
2,2,0
0,0,0
2,2,0
1,8,7
9,9,0
2,2,0
2,2,0
2,2,0
2,2,0
2,4,2
2,2,0
9,9,0
3,3,0
1,6,5
3,3,0
10,10,0
3,19,16
2,2,0
2,6,4
8,16,8
19,19,0
3,11,8
2,2,0
2,2,0
1,27,26
3,3,0
3,3,0
7,7,0
2,4,2
2,6,4
2,3,1
9,9,0
3,5,2
2,2,0
3,3,0
3,3,0
2,2,0
2,2,0
9,9,0
2,6,4
2,10,8
2,4,2
2,2,0
2,2,0
3,3,0
53,53,0
2,2,0
2,13,11
1,9,8
24,24,0
2,8,6
2,2,0
2,15,13
2,2,0
3,3,0
8,12,4
2,2,0
2,6,4
10,10,0
2,2,0
2,2,0
2,4,2
3,3,0
2,2,0
2,2,0
2,2,0
2,2,0
2,2,0
50,79,29
2,2,0
3,8,5
2,2,0
2,2,0
21,21,0
3,4,1
3,4,1
14,14,0
2,2,0
2,4,2
2,2,0
2,2,0
2,2,0
3,5,2
100,100,0
2,2,0
2,2,0
10,10,0
2,2,0
3,3,0
6,6,0
7,7,0
2,3,1
2,3,1
2,2,0
2,2,0
2,42,40
2,2,0
2,2,0
3,5,2
2,2,0
3,3,0
2,2,0
10,10,0
2,45,43
2,3,1
2,2,0
2,3,1
2,2,0
1,2,1
2,2,0
2,2,0
3,5,2
2,2,0
3,3,0
3,3,0
2,3,1
3,3,0
2,2,0
2,2,0
3,9,6
2,5,3
12,12,0
42,42,0
2,4,2
1,7,6
3,5,2
3,3,0
2,2,0
3,3,0
147,147,0
2,2,0
2,2,0
2,4,2
109,109,0
1,7,6
9,9,0
2,2,0
2,5,3
2,4,2
3,5,2
4,9,5
1,41,40
2,2,0
2,2,0
1,2,1
3,5,2
3,10,7
3,5,2
2,5,3
3,3,0
2,4,2
2,2,0
2,35,33
2,2,0
2,2,0
3,3,0
2,2,0
2,2,0
3,3,0
2,2,0
2,2,0
1,2,1
3,4,1
2,3,1
4,4,0
2,2,0
3,3,0
2,2,0
0,0,0
8,8,0
0,0,0
3,3,0
2,2,0
2,134,132
2,2,0
3,17,14
89,140,51
3,3,0
2,2,0
2,2,0
8,8,0
2,2,0
2,3,1
3,5,2
3,3,0
3,3,0
2,2,0
2,6,4
2,23,21
2,4,2
4,6,2
2,2,0
1,3,2
2,3,1
3,3,0
2,2,0
3,3,0
2,28,26
2,2,0
3,28,25
3,4,1
2,2,0
1,1,0
15,20,5
7,7,0
3,3,0
2,2,0
2,2,0
3,7,4
1,3,2
56,58,2
3,3,0
2,2,0
2,2,0
2,7,5
1,3,2
58,58,0
2,17,15
3,8,5
0,0,0
3,8,5
6,6,0
2,19,17
2,2,0
1,1,0
2,2,0
2,2,0
2,2,0
2,2,0
3,11,8
3,5,2
2,2,0
17,17,0
3,3,0
2,2,0
1,1,0
2,8,6
3,3,0
2,2,0
2,4,2
2,4,2
2,2,0
2,2,0
2,2,0
3,3,0
2,4,2
1,4,3
3,8,5
9,9,0
3,5,2
3,3,0
3,7,4
2,2,0
2,2,0
1,1,0
139,139,0
2,2,0
14,16,2
2,2,0
2,12,10
2,2,0
3,7,4
2,2,0
2,13,11
3,3,0
24,173,149
3,3,0
2,2,0
9,9,0
2,2,0
3,3,0
23,23,0
1,40,39
3,17,14
23,23,0
2,2,0
3,5,2
2,4,2
2,7,5
2,2,0
2,2,0
4,7,3
3,5,2
1,2,1
2,30,28
2,5,3
6,6,0
3,3,0
5,5,0
2,2,0
2,2,0
8,8,0
2,2,0
2,4,2
2,2,0
9,9,0
3,3,0
3,3,0
8,8,0
3,3,0
3,9,6
2,24,22
32,32,0
3,3,0
11,16,5
4,4,0
3,3,0
1,83,82
1,2,1
2,2,0
8,9,1
2,2,0
62,62,0
5,5,0
3,3,0
2,2,0
1,2,1
2,2,0
2,67,65
2,2,0
2,2,0
2,8,6
1,1,0
17,19,2
3,3,0
2,18,16
3,3,0
3,6,3
3,3,0
2,2,0
1,38,37
3,7,4
3,9,6
2,2,0
3,3,0
1,5,4
2,2,0
3,11,8
1,1,0
3,5,2
2,2,0
3,5,2
9,9,0
3,3,0
19,19,0
3,3,0
9,9,0
3,13,10
2,2,0
0,0,0
2,2,0
10,36,26
3,3,0
1,59,58
2,2,0
1,2,1
19,19,0
1,1,0
3,7,4
1,1,0
68,68,0
9,9,0
2,2,0
1,2,1
1,9,8
3,3,0
2,3,1
3,5,2
3,3,0
1,66,65
6,29,23
20,20,0
42,42,0
3,3,0
16,74,58
4,4,0
2,2,0
3,9,6
2,2,0
3,5,2
1,54,53
2,2,0
2,2,0
3,7,4
2,2,0
2,82,80
2,2,0
1,2,1
3,11,8
2,2,0
3,3,0
2,4,2
2,2,0
2,5,3
3,7,4
1,1,0
17,17,0
3,5,2
21,21,0
3,6,3
1,16,15
2,2,0
0,0,0
3,3,0
2,2,0
3,5,2
1,30,29
3,3,0
3,3,0
54,54,0
3,5,2
2,2,0
7,7,0
2,2,0
3,3,0
3,7,4
2,80,78
8,8,0
2,2,0
66,66,0
1,2,1
3,5,2
2,2,0
2,2,0
2,2,0
2,2,0
14,15,1
2,2,0
6,6,0
2,4,2
3,3,0
2,4,2
2,2,0
1,1,0
2,6,4
3,3,0
3,8,5
3,4,1
3,3,0
3,8,5
20,20,0
4,4,0
9,9,0
2,2,0
13,13,0
2,2,0
2,126,124
2,2,0
3,7,4
10,10,0
154,154,0
8,8,0
3,3,0
3,5,2
3,3,0
2,2,0
3,10,7
2,23,21
1,3,2
2,3,1
17,17,0
2,2,0
2,2,0
33,38,5
2,2,0
2,2,0
10,10,0
2,2,0
2,4,2
2,2,0
18,18,0
2,2,0
2,2,0
3,3,0
4,4,0
2,2,0
3,3,0
2,2,0
3,3,0
2,2,0
2,2,0
4,4,0
3,3,0
11,11,0
2,2,0
2,2,0
2,2,0
3,3,0
3,5,2
2,2,0
2,2,0
2,4,2
0,0,0
2,2,0
1,6,5
87,89,2
2,2,0
2,4,2
1,2,1
3,3,0
3,3,0
1,1,0
0,0,0
2,4,2
173,173,0
3,7,4
3,8,5
2,3,1
2,2,0
2,5,3
1,1,0
3,3,0
2,2,0
2,4,2
0,0,0
2,5,3
3,3,0
0,0,0
2,9,7
10,10,0
3,3,0
2,3,1
2,4,2
8,8,0
2,2,0
4,4,0
2,2,0
2,2,0
11,11,0
2,2,0
1,1,0
6,6,0
3,3,0
2,2,0
2,2,0
3,7,4
8,16,8
3,5,2
2,6,4
3,3,0
3,16,13
3,3,0
0,0,0
2,2,0
0,0,0
3,3,0
3,3,0
2,2,0
2,2,0
2,4,2
2,2,0
0,0,0
8,8,0
3,5,2
6,10,4
2,2,0
1,5,4
3,7,4
4,4,0
3,3,0
0,0,0
7,7,0
3,7,4
4,11,7
2,71,69
2,2,0
4,18,14
3,5,2
2,2,0
1,1,0
3,4,1
9,9,0
2,2,0
1,6,5
4,4,0
2,2,0
1,21,20
2,2,0
3,10,7
3,3,0
3,3,0
3,7,4
2,2,0
8,8,0
38,38,0
2,2,0
2,12,10
4,4,0
2,3,1
2,2,0
2,2,0
2,4,2
3,5,2
4,136,132
1,1,0
2,9,7
2,2,0
1,3,2
2,2,0
7,8,1
3,7,4
3,3,0
0,0,0
3,3,0
3,4,1
2,2,0
6,7,1
3,3,0
2,4,2
2,2,0
3,6,3
2,5,3
3,3,0
8,8,0
2,2,0
15,15,0
2,2,0
0,0,0
2,2,0
3,3,0
2,2,0
2,2,0
13,13,0
3,5,2
3,3,0
3,3,0
3,3,0
11,13,2
2,2,0
2,2,0
8,8,0
2,2,0
2,2,0
3,3,0
2,2,0
1,1,0
59,115,56
3,3,0
3,3,0
125,144,19
0,0,0
5,6,1
2,2,0
123,219,96
80,84,4
2,4,2
2,2,0
3,3,0
2,4,2
2,2,0
1,1,0
1,25,24
8,8,0
2,2,0
6,6,0
2,2,0
2,4,2
1,2,1
2,2,0
2,2,0
2,2,0
3,3,0
2,2,0
3,3,0
2,4,2
2,8,6
3,3,0
2,8,6
3,3,0
2,2,0
2,2,0
3,3,0
2,2,0
2,2,0
1,7,6
0,0,0
3,6,3
3,5,2
3,5,2
5,5,0
2,2,0
3,10,7
32,32,0
3,9,6
3,4,1
3,3,0
1,3,2
2,2,0
2,2,0
2,2,0
0,0,0
2,4,2
2,2,0
3,3,0
3,3,0
0,0,0
3,3,0
10,11,1
4,4,0
2,4,2
2,2,0
2,2,0
2,2,0
2,2,0
2,4,2
2,2,0
2,2,0
2,9,7
1,1,0
3,3,0
2,2,0
2,4,2
3,9,6
3,5,2
3,6,3
2,2,0
1,8,7
2,12,10
2,2,0
5,5,0
2,4,2
13,13,0
2,2,0
2,2,0
21,21,0
2,2,0
3,3,0
6,6,0
2,6,4
1,2,1
2,2,0
11,11,0
66,66,0
0,0,0
2,2,0
40,123,83
3,3,0
4,6,2
2,7,5
3,9,6
8,9,1
2,2,0
2,3,1
6,6,0
2,15,13
2,2,0
3,23,20
100,109,9
2,2,0
2,3,1
2,39,37
2,2,0
1,1,0
2,2,0
1,2,1
10,10,0
2,4,2
67,71,4
9,9,0
3,3,0
1,2,1
2,2,0
2,4,2
3,3,0
2,2,0
3,5,2
2,2,0
2,2,0
2,2,0
8,8,0
2,2,0
4,12,8
8,10,2
1,3,2
2,3,1
0,0,0
3,3,0
6,6,0
2,9,7
2,2,0
1,2,1
1,2,1
12,12,0
2,2,0
1,3,2
3,12,9
3,4,1
2,2,0
2,8,6
3,3,0
2,13,11
2,2,0
1,4,3
3,3,0
2,10,8
1,1,0
3,5,2
2,2,0
3,7,4
9,9,0
2,2,0
1,5,4
2,2,0
2,4,2
9,23,14
1,1,0
2,4,2
2,2,0
1,1,0
2,2,0
3,5,2
11,11,0
2,2,0
3,8,5
2,2,0
3,5,2
2,2,0
156,156,0
3,3,0
22,70,48
2,16,14
2,2,0
2,2,0
3,3,0
6,13,7
4,4,0
3,3,0
2,6,4
2,2,0
2,2,0
2,2,0
3,3,0
26,68,42
3,3,0
2,3,1
4,4,0
2,2,0
2,6,4
22,34,12
8,8,0
2,4,2
3,3,0
9,9,0
50,73,23
100,104,4
8,8,0
1,24,23
2,2,0
51,53,2
5,5,0
3,3,0
6,6,0
18,18,0
4,10,6
3,29,26
2,2,0
2,2,0
8,8,0
2,4,2
3,5,2
3,3,0
2,82,80
3,3,0
0,0,0
2,8,6
3,6,3
3,10,7
3,3,0
3,3,0
3,3,0
2,2,0
2,2,0
10,10,0
2,2,0
2,2,0
2,4,2
2,2,0
7,9,2
1,66,65
2,66,64
2,2,0
11,11,0
4,4,0
49,49,0
3,7,4
3,8,5
2,194,192
4,4,0
2,2,0
2,2,0
2,3,1
3,11,8
3,5,2
1,4,3
11,11,0
2,2,0
2,4,2
1,2,1
2,4,2
1,1,0
8,8,0
2,2,0
2,2,0
3,3,0
3,3,0
3,3,0
2,2,0
1,1,0
2,5,3
2,2,0
8,8,0
37,40,3
2,9,7
8,8,0
46,46,0
1,3,2
3,5,2
2,9,7
2,2,0
1,3,2
3,3,0
3,3,0
2,2,0
1,3,2
1,4,3
2,2,0
2,2,0
2,15,13
2,2,0
0,0,0
1,2,1
0,0,0
0,0,0
2,82,80
2,2,0
2,2,0
3,3,0
2,2,0
0,0,0
2,2,0
1,28,27
2,2,0
2,2,0
1,1,0
1,4,3
2,2,0
3,3,0
3,6,3
2,2,0
76,82,6
3,3,0
3,3,0
33,33,0
2,2,0
2,3,1
2,2,0
2,6,4
10,11,1
2,2,0
2,2,0
2,4,2
2,2,0
2,4,2
0,0,0
4,17,13
2,3,1
3,3,0
2,4,2
2,2,0
1,1,0
2,2,0
2,2,0
2,2,0
2,2,0
1,3,2
0,0,0
2,28,26
2,2,0
0,0,0
3,9,6
3,3,0
6,6,0
3,3,0
3,5,2
1,15,14
1,1,0
2,2,0
8,8,0
48,48,0
2,2,0
2,2,0
2,10,8
2,2,0
2,4,2
3,3,0
2,4,2
2,6,4
3,18,15
0,0,0
2,2,0
2,6,4
2,2,0
3,3,0
2,2,0
2,4,2
2,16,14
2,6,4
2,2,0
2,7,5
3,11,8
1,1,0
2,2,0
2,2,0
2,6,4
0,0,0
2,3,1
2,2,0
1,3,2
2,2,0
1,8,7
3,5,2
1,1,0
2,2,0
2,2,0
2,2,0
3,4,1
3,4,1
1,2,1
3,7,4
3,5,2
3,3,0
2,2,0
2,7,5
8,8,0
2,2,0
2,2,0
2,2,0
3,5,2
17,17,0
100,100,0
3,4,1
3,10,7
2,2,0
3,3,0
2,2,0
3,5,2
1,3,2
3,3,0
2,2,0
3,5,2
3,8,5
3,3,0
1,58,57
2,2,0
3,3,0
2,82,80
2,6,4
2,2,0
1,27,26
18,18,0
2,6,4
1,2,1
2,2,0
3,5,2
2,4,2
3,4,1
3,7,4
3,3,0
3,3,0
9,9,0
3,12,9
2,2,0
10,22,12
3,3,0
1,66,65
1,9,8
3,8,5
2,4,2
3,7,4
3,9,6
3,16,13
1,2,1
3,9,6
2,2,0
2,2,0
2,42,40
2,2,0
3,3,0
3,5,2
2,10,8
2,5,3
2,2,0
0,0,0
0,0,0
3,3,0
1,1,0
3,5,2
1,1,0
58,67,9
2,2,0
3,10,7
2,2,0
3,3,0
2,2,0
2,2,0
3,8,5
3,3,0
2,2,0
4,4,0
3,5,2
3,3,0
1,2,1
2,13,11
2,2,0
2,2,0
2,3,1
8,8,0
3,3,0
2,2,0
2,2,0
2,2,0
3,3,0
2,2,0
6,21,15
2,2,0
1,2,1
2,2,0
2,2,0
2,7,5
3,6,3
3,9,6
2,2,0
3,3,0
8,8,0
3,3,0
3,5,2
2,2,0
1,27,26
0,0,0
1,4,3
2,2,0
4,4,0
3,9,6
4,4,0
3,3,0
2,2,0
1,2,1
2,2,0
3,3,0
5,5,0
0,0,0
1,29,28
2,3,1
4,4,0
2,3,1
3,9,6
1,11,10
3,3,0
9,9,0
3,3,0
2,2,0
2,2,0
3,3,0
2,6,4
1,2,1
2,2,0
2,2,0
3,3,0
3,27,24
0,0,0
4,4,0
4,8,4
1,1,0
3,3,0
2,2,0
2,2,0
5,5,0
2,2,0
2,2,0
2,2,0
1,1,0
3,3,0
5,5,0
1,2,1
2,2,0
2,13,11
1,12,11
1,2,1
2,2,0
0,0,0
2,19,17
2,5,3
2,2,0
2,5,3
3,4,1
3,5,2
2,2,0
2,55,53
2,4,2
3,3,0
1,1,0
2,8,6
2,2,0
2,2,0
2,2,0
3,3,0
2,2,0
3,7,4
2,9,7
2,2,0
3,3,0
3,5,2
2,2,0
0,0,0
2,2,0
20,28,8
3,5,2
4,6,2
2,2,0
0,0,0
10,10,0
35,40,5
2,4,2
1,2,1
2,2,0
20,20,0
3,3,0
2,2,0
3,3,0
2,2,0
2,80,78
2,28,26
1,2,1
2,4,2
2,2,0
3,3,0
2,4,2
7,11,4
2,2,0
3,5,2
3,3,0
2,2,0
0,0,0
66,66,0
3,11,8
2,2,0
2,2,0
2,86,84
1,59,58
2,2,0
2,2,0
0,0,0
0,0,0
0,0,0
9,9,0
2,2,0
4,4,0
3,6,3
3,3,0
2,2,0
2,9,7
3,3,0
1,4,3
4,19,15
2,2,0
2,8,6
2,2,0
3,3,0
67,163,96
2,3,1
3,3,0
2,4,2
2,2,0
2,2,0
9,29,20
2,2,0
2,80,78
3,5,2
0,0,0
6,28,22
1,26,25
1,1,0
2,2,0
3,3,0
2,2,0
1,4,3
3,3,0
0,0,0
2,2,0
2,2,0
1,8,7
2,78,76
6,6,0
2,2,0
9,9,0
1,1,0
2,2,0
2,3,1
3,3,0
2,2,0
3,5,2
10,10,0
2,2,0
9,18,9
1,24,23
3,3,0
1,1,0
3,6,3
2,2,0
2,2,0
75,171,96
8,8,0
1,1,0
1,2,1
2,2,0
3,3,0
2,2,0
2,2,0
2,2,0
9,9,0
3,6,3
0,0,0
3,3,0
1,26,25
5,6,1
2,2,0
2,2,0
2,2,0
2,2,0
2,2,0
1,1,0
1,98,97
0,0,0
2,2,0
0,0,0
6,6,0
8,8,0
3,4,1
2,2,0
3,5,2
6,34,28
0,0,0
2,2,0
3,3,0
3,75,72
0,0,0
1,1,0
3,3,0
2,3,1
3,4,1
3,3,0
3,3,0
100,104,4
2,8,6
133,135,2
2,7,5
2,2,0
3,9,6
2,2,0
2,2,0
1,1,0
3,3,0
3,3,0
1,3,2
3,3,0
3,7,4
2,9,7
2,25,23
4,4,0
21,21,0
2,4,2
3,7,4
3,4,1
2,5,3
1,1,0
2,6,4
20,52,32
3,5,2
6,10,4
2,10,8
2,2,0
2,4,2
8,8,0
2,5,3
2,2,0
8,8,0
2,2,0
1,24,23
2,2,0
3,3,0
2,2,0
8,8,0
14,14,0
2,2,0
1,1,0
8,8,0
2,2,0
1,3,2
2,14,12
0,0,0
12,14,2
3,8,5
2,2,0
2,2,0
3,8,5
1,1,0
1,2,1
3,3,0
3,3,0
5,5,0
2,2,0
2,2,0
2,3,1
3,3,0
2,2,0
2,2,0
8,8,0
1,1,0
2,24,22
3,3,0
1,1,0
2,2,0
2,2,0
8,8,0
5,25,20
2,2,0
2,3,1
10,10,0
2,92,90
9,9,0
3,5,2
2,2,0
2,2,0
9,9,0
2,4,2
4,4,0
0,0,0
3,5,2
22,22,0
1,27,26
3,7,4
3,5,2
2,2,0
1,1,0
3,5,2
57,57,0
2,2,0
2,5,3
2,11,9
3,3,0
2,8,6
3,12,9
1,2,1
0,0,0
2,2,0
2,2,0
0,0,0
3,3,0
2,2,0
2,2,0
2,2,0
6,6,0
3,5,2
3,3,0
1,26,25
3,3,0
1,2,1
2,2,0
2,2,0
3,3,0
2,2,0
11,11,0
3,3,0
2,2,0
3,6,3
2,3,1
9,9,0
98,98,0
8,9,1
3,3,0
5,5,0
35,35,0
2,2,0
2,2,0
3,3,0
3,17,14
1,24,23
6,6,0
3,4,1
3,3,0
6,6,0
2,2,0
1,3,2
2,2,0
4,12,8
2,2,0
3,6,3
23,70,47
2,19,17
3,5,2
1,1,0
2,4,2
2,2,0
3,5,2
2,2,0
2,2,0
3,7,4
3,4,1
39,39,0
3,3,0
1,1,0
3,3,0
2,2,0
3,7,4
2,80,78
3,22,19
8,8,0
2,26,24
3,3,0
2,2,0
2,4,2
1,1,0
2,2,0
5,18,13
2,2,0
2,4,2
3,10,7
3,9,6
3,3,0
2,2,0
2,2,0
2,2,0
3,3,0
3,3,0
2,2,0
2,2,0
14,14,0
2,2,0
2,8,6
2,2,0
3,15,12
2,2,0
0,0,0
2,2,0
2,2,0
3,3,0
3,3,0
2,2,0
2,4,2
2,2,0
9,9,0
2,2,0
3,23,20
2,2,0
2,2,0
2,2,0
2,2,0
2,2,0
3,3,0
3,7,4
0,0,0
3,6,3
2,2,0
1,26,25
2,6,4
2,2,0
3,3,0
7,7,0
0,0,0
2,4,2
2,2,0
1,2,1
2,2,0
3,3,0
0,0,0
7,14,7
3,5,2
50,50,0
3,6,3
2,2,0
19,19,0
4,4,0
57,57,0
1,1,0
4,4,0
2,2,0
2,2,0
2,2,0
2,2,0
3,3,0
2,2,0
11,16,5
100,100,0
2,2,0
4,6,2
3,4,1
8,50,42
2,2,0
8,8,0
3,3,0
2,2,0
2,2,0
3,3,0
6,6,0
2,2,0
2,2,0
2,3,1
1,1,0
2,2,0
1,14,13
3,3,0
6,17,11
2,2,0
12,12,0
2,2,0
2,2,0
55,55,0
3,5,2
3,6,3
2,2,0
1,23,22
0,0,0
2,2,0
1,1,0
0,0,0
0,0,0
8,8,0
3,3,0
3,11,8
2,2,0
2,2,0
1,3,2
2,2,0
2,10,8
2,11,9
3,3,0
0,0,0
2,2,0
3,10,7
2,2,0
0,0,0
2,4,2
3,3,0
2,2,0
3,3,0
3,3,0
0,0,0
2,6,4
21,21,0
2,2,0
2,4,2
3,3,0
406,417,11
2,2,0
2,2,0
2,2,0
2,2,0
2,4,2
3,3,0
2,2,0
2,2,0
2,7,5
2,2,0
20,20,0
2,2,0
2,2,0
2,2,0
8,8,0
20,20,0
3,3,0
1,10,9
2,6,4
3,3,0
3,3,0
2,2,0
3,3,0
10,11,1
2,2,0
2,2,0
11,11,0
1,9,8
3,3,0
4,12,8
4,4,0
5,5,0
2,2,0
1,4,3
3,8,5
5,11,6
3,10,7
2,2,0
0,0,0
8,8,0
2,2,0
3,3,0
2,6,4
1,3,2
8,8,0
2,6,4
1,5,4
3,3,0
3,3,0
2,2,0
3,23,20
4,4,0
3,19,16
2,2,0
6,18,12
2,2,0
3,3,0
2,8,6
3,3,0
2,2,0
2,45,43
3,3,0
2,4,2
1,1,0
1,2,1
1,1,0
2,3,1
2,2,0
2,2,0
3,18,15
3,5,2
2,2,0
2,2,0
2,3,1
2,2,0
2,4,2
1,2,1
2,2,0
3,20,17
20,20,0
5,21,16
3,3,0
3,26,23
2,2,0
1,2,1
4,4,0
2,2,0
1,1,0
9,9,0
2,2,0
1,1,0
2,2,0
3,5,2
3,5,2
8,56,48
2,2,0
10,20,10
3,15,12
2,2,0
8,8,0
3,3,0
3,3,0
3,3,0
100,104,4
2,8,6
1,41,40
2,2,0
42,42,0
2,27,25
4,4,0
2,2,0
2,2,0
1,2,1
2,2,0
2,4,2
2,7,5
2,4,2
3,18,15
42,46,4
2,2,0
0,0,0
2,2,0
2,8,6
1,1,0
3,3,0
0,0,0
2,2,0
3,9,6
2,2,0
2,2,0
8,8,0
1,2,1
3,6,3
2,2,0
2,2,0
1,1,0
2,2,0
2,2,0
5,5,0
2,2,0
2,4,2
1,1,0
2,2,0
3,3,0
1,1,0
2,15,13
2,2,0
2,8,6
1,21,20
2,2,0
2,82,80
2,30,28
3,3,0
2,2,0
0,0,0
2,2,0
2,2,0
8,8,0
2,2,0
10,10,0
2,8,6
3,7,4
2,2,0
3,8,5
5,5,0
2,2,0
0,0,0
2,8,6
3,3,0
1,1,0
2,2,0
2,2,0
2,2,0
2,4,2
2,3,1
1,4,3
4,4,0
2,2,0
2,3,1
3,9,6
2,2,0
2,2,0
2,2,0
3,3,0
2,2,0
3,3,0
7,7,0
2,82,80
2,2,0
2,2,0
3,5,2
0,0,0
2,2,0
2,2,0
2,2,0
3,3,0
9,9,0
8,8,0
5,5,0
2,2,0
2,15,13
2,2,0
2,71,69
2,2,0
20,22,2
2,2,0
3,3,0
2,6,4
2,2,0
3,3,0
2,2,0
8,8,0
1,3,2
2,2,0
2,5,3
2,4,2
3,9,6
3,3,0
2,2,0
28,105,77
2,2,0
2,2,0
2,2,0
2,2,0
2,31,29
2,2,0
2,15,13
2,22,20
2,2,0
11,11,0
0,0,0
2,2,0
3,3,0
2,2,0
3,5,2
2,2,0
1,3,2
2,12,10
2,3,1
2,2,0
130,130,0
2,2,0
2,2,0
4,6,2
2,2,0
2,2,0
8,8,0
3,3,0
2,2,0
2,2,0
2,5,3
0,0,0
3,3,0
8,8,0
2,4,2
2,4,2
2,2,0
2,3,1
2,2,0
3,3,0
2,2,0
2,2,0
2,21,19
4,7,3
3,3,0
3,3,0
3,4,1
3,3,0
2,2,0
10,24,14
3,5,2
0,0,0
2,5,3
9,9,0
2,2,0
3,5,2
2,13,11
3,3,0
2,2,0
0,0,0
0,0,0
11,11,0
3,5,2
2,2,0
9,9,0
5,5,0
2,2,0
2,2,0
2,2,0
2,2,0
3,7,4
11,11,0
2,2,0
60,60,0
0,0,0
2,4,2
2,2,0
2,2,0
2,4,2
2,80,78
3,5,2
2,2,0
3,7,4
39,42,3
2,2,0
3,5,2
3,5,2
2,11,9
2,4,2
1,2,1
9,9,0
2,4,2
1,4,3
2,2,0
3,3,0
2,4,2
3,3,0
3,5,2
8,8,0
1,1,0
8,8,0
9,18,9
3,5,2
0,0,0
0,0,0
2,2,0
0,0,0
2,2,0
2,4,2
3,3,0
2,2,0
2,3,1
47,47,0
6,7,1
6,6,0
2,2,0
2,2,0
2,2,0
3,3,0
2,3,1
2,2,0
3,3,0
2,28,26
2,2,0
2,2,0
2,4,2
40,61,21
3,3,0
2,10,8
9,18,9
2,12,10
3,11,8
8,8,0
2,3,1
1,6,5
2,4,2
3,3,0
1,63,62
3,3,0
2,6,4
3,3,0
3,5,2
2,2,0
3,5,2
2,8,6
2,2,0
11,11,0
3,3,0
3,5,2
3,4,1
6,6,0
3,4,1
1,2,1
2,3,1
2,2,0
20,20,0
3,3,0
4,8,4
2,2,0
2,10,8
2,2,0
8,8,0
26,26,0
3,3,0
1,22,21
4,4,0
3,3,0
2,4,2
3,3,0
3,10,7
2,2,0
2,2,0
2,2,0
3,3,0
0,0,0
2,2,0
86,88,2
2,2,0
3,5,2
2,2,0
3,3,0
4,4,0
3,3,0
1,1,0
2,2,0
3,15,12
3,13,10
2,2,0
2,2,0
0,0,0
1,1,0
2,7,5
3,3,0
2,2,0
2,2,0
2,2,0
3,7,4
3,14,11
3,5,2
20,114,94
3,3,0
1,4,3
2,12,10
2,5,3
2,2,0
2,2,0
2,2,0
2,2,0
2,2,0
2,2,0
3,7,4
2,2,0
3,5,2
9,10,1
2,2,0
3,3,0
2,2,0
2,2,0
6,6,0
2,2,0
20,21,1
2,82,80
1,2,1
2,2,0
2,2,0
0,0,0
4,4,0
2,45,43
1,5,4
3,3,0
3,3,0
8,8,0
2,6,4
2,2,0
0,0,0
0,0,0
6,6,0
2,2,0
2,106,104
1,1,0
3,8,5
2,2,0
5,44,39
3,3,0
2,2,0
2,2,0
1,23,22
3,7,4
3,3,0
3,5,2
2,2,0
2,8,6
3,7,4
30,30,0
2,2,0
3,3,0
3,3,0
3,3,0
2,2,0
2,3,1
2,4,2
1,1,0
2,71,69
2,2,0
2,8,6
3,17,14
2,45,43
1,1,0
2,2,0
3,5,2
2,2,0
2,2,0
4,4,0
2,2,0
4,4,0
2,3,1
2,2,0
2,2,0
2,6,4
1,3,2
3,5,2
2,2,0
2,2,0
47,47,0
2,2,0
61,61,0
2,13,11
1,18,17
4,7,3
4,4,0
2,2,0
2,2,0
1,24,23
2,6,4
2,7,5
3,3,0
2,2,0
2,3,1
2,2,0
9,249,240
9,9,0
1,7,6
3,6,3
2,2,0
1,1,0
3,3,0
2,2,0
3,3,0
1,3,2
2,2,0
3,3,0
3,3,0
1,2,1
3,6,3
2,2,0
20,20,0
3,5,2
0,0,0
3,3,0
2,2,0
3,3,0
137,137,0
8,8,0
2,2,0
2,2,0
3,3,0
2,2,0
3,10,7
1,2,1
2,2,0
2,4,2
234,234,0
8,8,0
2,2,0
2,4,2
8,8,0
2,4,2
4,9,5
12,12,0
3,3,0
3,6,3
2,2,0
2,10,8
2,2,0
2,6,4
5,51,46
3,3,0
1,2,1
2,4,2
3,3,0
2,2,0
1,38,37
2,4,2
2,2,0
9,9,0
3,3,0
3,5,2
3,5,2
3,24,21
0,0,0
3,3,0
2,2,0
2,2,0
2,2,0
2,2,0
1,3,2
2,4,2
1,1,0
2,2,0
3,5,2
3,7,4
1,28,27
3,3,0
3,8,5
2,3,1
2,2,0
2,18,16
4,4,0
3,3,0
0,0,0
1,1,0
1,2,1
24,52,28
3,3,0
3,3,0
2,2,0
6,6,0
3,3,0
0,0,0
2,2,0
7,9,2
2,2,0
2,9,7
2,4,2
2,4,2
6,10,4
3,3,0
8,8,0
147,147,0
2,19,17
2,2,0
15,21,6
2,2,0
3,3,0
2,2,0
0,0,0
1,91,90
3,3,0
2,2,0
4,4,0
24,28,4
9,10,1
2,20,18
3,5,2
9,354,345
2,2,0
9,9,0
2,4,2
3,3,0
3,3,0
2,2,0
2,2,0
47,47,0
2,6,4
2,37,35
2,5,3
1,1,0
2,2,0
3,3,0
3,3,0
0,0,0
4,8,4
1,1,0
2,2,0
2,95,93
3,3,0
2,2,0
1,3,2
3,3,0
2,2,0
15,17,2
2,11,9
3,8,5
2,2,0
4,4,0
2,2,0
2,80,78
2,2,0
3,18,15
2,2,0
2,2,0
2,4,2
48,50,2
4,4,0
9,9,0
2,2,0
2,2,0
3,6,3
51,53,2
2,4,2
2,2,0
6,6,0
2,6,4
3,5,2
2,4,2
9,18,9
10,10,0
2,2,0
2,3,1
3,3,0
3,10,7
2,2,0
0,0,0
2,16,14
2,2,0
2,2,0
2,3,1
3,3,0
2,5,3
2,2,0
9,9,0
2,2,0
2,2,0
2,2,0
1,1,0
2,6,4
3,3,0
2,5,3
2,2,0
2,2,0
2,2,0
3,3,0
2,4,2
9,32,23
3,19,16
2,2,0
10,10,0
1,2,1
0,0,0
0,0,0
3,8,5
154,154,0
2,2,0
3,3,0
2,27,25
3,3,0
1,2,1
3,3,0
98,106,8
3,3,0
2,8,6
2,4,2
4,4,0
8,8,0
3,3,0
2,2,0
22,22,0
2,4,2
3,3,0
0,0,0
0,0,0
2,2,0
2,4,2
2,2,0
2,2,0
100,100,0
2,27,25
3,3,0
2,2,0
3,5,2
0,0,0
1,3,2
2,2,0
3,3,0
3,18,15
1,2,1
9,18,9
21,22,1
2,2,0
3,10,7
1,54,53
3,3,0
8,8,0
2,2,0
2,3,1
3,3,0
2,25,23
2,2,0
2,2,0
2,4,2
0,0,0
2,6,4
2,2,0
2,25,23
3,3,0
3,3,0
2,2,0
2,2,0
2,2,0
0,0,0
2,3,1
2,4,2
2,2,0
2,2,0
1,6,5
2,2,0
2,2,0
7,7,0
2,2,0
0,0,0
2,2,0
4,100,96
34,34,0
2,2,0
2,3,1
2,5,3
0,0,0
0,0,0
3,5,2
52,156,104
0,0,0
10,12,2
2,2,0
3,3,0
8,8,0
3,3,0
2,2,0
2,2,0
2,2,0
100,104,4
1,1,0
3,3,0
2,5,3
1,1,0
20,44,24
9,10,1
3,19,16
2,2,0
2,2,0
3,3,0
1,2,1
15,15,0
2,2,0
3,3,0
20,20,0
2,2,0
2,4,2
2,4,2
2,3,1
2,4,2
2,2,0
9,9,0
4,4,0
3,3,0
3,9,6
1,3,2
0,0,0
1,2,1
3,3,0
3,3,0
3,3,0
39,40,1
2,3,1
3,3,0
2,2,0
2,2,0
2,2,0
3,3,0
8,8,0
3,5,2
2,12,10
3,3,0
31,31,0
15,15,0
2,2,0
2,3,1
0,0,0
2,2,0
2,4,2
2,2,0
3,3,0
1,1,0
4,8,4
1,5,4
11,11,0
2,2,0
2,2,0
3,3,0
2,2,0
3,3,0
2,2,0
2,2,0
79,139,60
3,3,0
3,9,6
2,26,24
3,3,0
2,2,0
2,4,2
3,6,3
2,2,0
4,4,0
100,100,0
0,0,0
2,2,0
3,8,5
2,6,4
3,7,4
1,2,1
7,8,1
3,3,0
4,5,1
2,6,4
2,4,2
9,12,3
2,2,0
2,2,0
1,7,6
5,5,0
8,8,0
3,5,2
1,1,0
2,2,0
2,4,2
2,2,0
82,82,0
0,0,0
2,2,0
2,2,0
2,2,0
9,9,0
100,104,4
1,6,5
20,20,0
2,2,0
2,2,0
3,5,2
2,2,0
2,14,12
2,39,37
4,4,0
2,4,2
2,2,0
2,2,0
3,3,0
2,2,0
2,2,0
3,9,6
3,23,20
2,13,11
1,20,19
3,5,2
3,3,0
2,2,0
1,1,0
2,2,0
93,152,59
3,5,2
3,3,0
3,3,0
2,6,4
3,10,7
2,2,0
1,4,3
7,14,7
3,4,1
2,2,0
10,10,0
2,98,96
3,5,2
1,2,1
2,2,0
4,4,0
2,2,0
2,3,1
2,2,0
51,51,0
3,3,0
3,8,5
3,5,2
2,2,0
2,3,1
3,3,0
3,3,0
3,7,4
3,9,6
2,2,0
2,2,0
2,2,0
8,8,0
10,10,0
2,2,0
2,3,1
3,3,0
2,2,0
3,3,0
3,3,0
9,9,0
1,2,1
2,2,0
3,5,2
2,10,8
2,2,0
2,2,0
3,5,2
2,2,0
2,14,12
2,4,2
67,140,73
2,4,2
3,3,0
3,3,0
3,8,5
6,6,0
3,3,0
90,173,83
2,2,0
2,2,0
3,3,0
2,2,0
2,2,0
3,5,2
3,3,0
2,2,0
3,5,2
4,4,0
3,3,0
3,3,0
2,2,0
1,19,18
2,2,0
2,3,1
3,7,4
5,5,0
3,9,6
2,2,0
3,3,0
5,13,8
2,2,0
2,2,0
2,4,2
3,3,0
3,3,0
0,0,0
2,2,0
4,4,0
0,0,0
2,2,0
2,2,0
2,2,0
3,3,0
1,4,3
26,26,0
3,3,0
1,7,6
2,4,2
3,7,4
0,0,0
3,3,0
2,2,0
45,119,74
3,5,2
2,2,0
2,2,0
3,3,0
2,2,0
1,1,0
2,2,0
1,2,1
3,14,11
1,2,1
3,3,0
20,28,8
3,3,0
2,2,0
2,9,7
2,6,4
1,2,1
2,2,0
8,8,0
7,7,0
2,2,0
8,8,0
2,2,0
2,2,0
2,6,4
2,29,27
2,8,6
5,5,0
18,18,0
2,2,0
8,8,0
2,2,0
2,2,0
17,19,2
2,2,0
3,5,2
1,23,22
2,4,2
8,8,0
2,82,80
3,3,0
3,3,0
2,2,0
1,2,1
2,2,0
2,2,0
6,6,0
2,2,0
9,9,0
0,0,0
2,2,0
3,16,13
2,17,15
3,3,0
8,8,0
8,8,0
3,3,0
5,7,2
4,4,0
2,2,0
2,2,0
9,9,0
2,6,4
2,5,3
0,0,0
1,3,2
2,2,0
1,1,0
17,21,4
4,5,1
2,4,2
100,166,66
2,2,0
2,2,0
3,5,2
2,2,0
2,10,8
6,35,29
2,2,0
2,2,0
8,9,1
2,8,6
2,2,0
3,5,2
2,2,0
3,3,0
2,95,93
2,2,0
0,0,0
173,173,0
2,2,0
2,2,0
39,39,0
2,2,0
57,70,13
2,2,0
6,6,0
2,5,3
3,4,1
3,9,6
2,8,6
9,9,0
2,6,4
79,79,0
1,10,9
8,8,0
3,3,0
3,9,6
3,5,2
3,3,0
4,4,0
0,0,0
2,2,0
2,2,0
5,5,0
2,11,9
2,4,2
2,2,0
2,2,0
3,3,0
2,2,0
2,5,3
2,8,6
3,13,10
0,0,0
2,5,3
2,4,2
2,2,0
2,83,81
2,6,4
3,3,0
2,16,14
2,2,0
2,4,2
9,9,0
1,2,1
3,3,0
3,12,9
2,2,0
3,5,2
5,5,0
2,2,0
2,2,0
5,8,3
2,4,2
3,3,0
80,81,1
2,4,2
3,8,5
2,2,0
2,2,0
36,113,77
6,6,0
2,2,0
2,2,0
2,2,0
24,24,0
2,2,0
3,6,3
0,0,0
2,4,2
9,9,0
2,2,0
2,2,0
1,4,3
3,19,16
2,2,0
3,3,0
2,2,0
2,2,0
1,15,14
3,3,0
3,7,4
2,2,0
8,8,0
2,2,0
58,67,9
2,2,0
2,2,0
2,2,0
2,4,2
3,4,1
3,3,0
2,2,0
0,0,0
3,5,2
3,7,4
3,5,2
8,8,0
6,23,17
12,12,0
23,23,0
4,70,66
1,12,11
2,16,14
64,67,3
3,3,0
3,3,0
2,2,0
2,4,2
3,3,0
2,2,0
2,2,0
2,2,0
3,3,0
10,10,0
3,3,0
2,4,2
2,2,0
2,2,0
3,9,6
12,14,2
2,2,0
3,7,4
1,1,0
3,5,2
2,2,0
11,11,0
2,2,0
1,2,1
3,3,0
10,10,0
1,10,9
2,5,3
2,4,2
0,0,0
3,3,0
0,0,0
3,3,0
2,2,0
1,7,6
3,3,0
4,5,1
2,4,2
2,6,4
18,26,8
2,2,0
2,2,0
2,2,0
2,2,0
2,5,3
1,6,5
3,3,0
41,41,0
7,7,0
2,2,0
0,0,0
1,6,5
2,4,2
3,3,0
3,11,8
100,100,0
3,3,0
3,13,10
1,2,1
2,2,0
3,7,4
1,1,0
3,5,2
3,7,4
2,9,7
2,2,0
2,2,0
2,6,4
2,2,0
2,2,0
13,13,0
2,4,2
2,2,0
3,3,0
2,4,2
0,0,0
6,6,0
2,5,3
1,5,4
2,2,0
5,5,0
3,3,0
2,2,0
2,2,0
2,2,0
2,2,0
9,9,0
3,7,4
0,0,0
2,2,0
2,2,0
2,2,0
3,9,6
11,11,0
2,2,0
2,2,0
2,5,3
8,8,0
1,2,1
3,12,9
2,8,6
81,138,57
3,3,0
2,6,4
2,2,0
2,2,0
3,7,4
0,0,0
2,2,0
2,2,0
9,9,0
2,5,3
4,4,0
2,2,0
2,2,0
3,3,0
3,3,0
2,2,0
1,2,1
3,3,0
3,5,2
3,7,4
8,8,0
2,2,0
3,8,5
2,4,2
17,17,0
3,3,0
3,8,5
1,2,1
3,5,2
70,70,0
0,0,0
2,6,4
0,0,0
8,8,0
7,7,0
2,5,3
2,4,2
2,2,0
2,4,2
3,3,0
3,3,0
3,5,2
2,6,4
3,3,0
2,4,2
3,3,0
1,2,1
1,1,0
0,0,0
3,5,2
2,50,48
3,5,2
11,11,0
3,6,3
2,2,0
2,2,0
3,6,3
1,6,5
2,2,0
2,2,0
0,0,0
3,3,0
2,2,0
2,2,0
1,1,0
2,15,13
56,59,3
2,2,0
2,2,0
2,2,0
2,2,0
2,2,0
3,3,0
3,5,2
3,3,0
2,2,0
2,2,0
100,100,0
2,2,0
3,5,2
1,2,1
2,5,3
135,142,7
2,2,0
21,21,0
4,4,0
12,12,0
2,5,3
3,3,0
2,2,0
2,82,80
2,7,5
1,1,0
2,4,2
2,4,2
3,3,0
6,6,0
8,8,0
3,3,0
2,2,0
8,10,2
2,80,78
2,5,3
2,2,0
2,2,0
3,4,1
3,3,0
2,2,0
2,2,0
9,9,0
2,80,78
3,4,1
2,2,0
2,2,0
3,5,2
3,3,0
2,2,0
2,35,33
1,39,38
2,2,0
1,7,6
2,2,0
3,3,0
2,2,0
11,11,0
0,0,0
3,3,0
6,6,0
2,2,0
3,3,0
3,3,0
1,2,1
2,2,0
3,3,0
2,2,0
12,12,0
2,2,0
3,3,0
3,3,0
2,45,43
2,2,0
5,5,0
2,2,0
14,14,0
11,19,8
1,1,0
2,2,0
2,2,0
3,3,0
9,9,0
2,2,0
2,3,1
2,2,0
3,5,2
2,2,0
2,2,0
1,1,0
3,5,2
0,0,0
2,2,0
2,6,4
1,1,0
9,9,0
16,34,18
1,8,7
1,4,3
1,1,0
3,3,0
2,2,0
2,2,0
3,3,0
3,10,7
1,5,4
1,1,0
3,3,0
2,2,0
9,10,1
2,2,0
2,2,0
4,4,0
2,6,4
2,28,26
3,3,0
0,0,0
1,9,8
2,2,0
1,1,0
2,4,2
8,8,0
9,11,2
2,2,0
9,9,0
1,3,2
2,3,1
1,2,1
3,3,0
1,2,1
10,67,57
3,3,0
2,2,0
2,2,0
0,0,0
2,2,0
3,3,0
2,2,0
3,3,0
1,45,44
2,2,0
3,3,0
2,2,0
3,5,2
2,2,0
2,2,0
3,4,1
2,2,0
2,4,2
2,5,3
2,2,0
2,4,2
2,2,0
2,2,0
6,6,0
17,17,0
2,43,41
0,0,0
2,2,0
3,3,0
2,2,0
2,2,0
3,10,7
2,2,0
1,1,0
2,2,0
2,2,0
2,2,0
1,61,60
1,1,0
10,16,6
3,3,0
3,7,4
2,2,0
134,287,153
3,3,0
2,2,0
1,2,1
1,2,1
2,2,0
2,2,0
14,14,0
3,5,2
3,9,6
3,3,0
3,5,2
0,0,0
2,2,0
3,5,2
74,74,0
3,3,0
3,3,0
3,5,2
3,3,0
1,3,2
8,8,0
3,3,0
3,3,0
2,2,0
2,28,26
11,13,2
9,11,2
2,4,2
2,2,0
1,1,0
2,2,0
23,23,0
1,1,0
3,4,1
1,4,3
6,6,0
1,2,1
3,6,3
14,14,0
1,6,5
15,15,0
2,2,0
2,2,0
2,2,0
2,2,0
2,2,0
2,2,0
12,12,0
3,11,8
4,4,0
2,10,8
2,3,1
2,3,1
2,2,0
2,2,0
3,6,3
1,1,0
2,2,0
1,2,1
2,2,0
2,2,0
1,1,0
3,3,0
2,2,0
2,2,0
2,2,0
2,2,0
2,2,0
2,4,2
2,16,14
0,0,0
3,5,2
2,9,7
2,2,0
3,5,2
3,3,0
58,61,3
9,9,0
3,3,0
2,2,0
15,15,0
0,0,0
3,3,0
3,9,6
1,22,21
3,4,1
2,2,0
69,69,0
1,7,6
3,3,0
2,2,0
2,2,0
6,8,2
3,3,0
22,23,1
2,3,1
2,2,0
2,2,0
3,3,0
2,131,129
2,2,0
6,6,0
2,2,0
2,2,0
2,2,0
3,5,2
2,67,65
1,49,48
2,2,0
3,5,2
2,5,3
2,6,4
1,2,1
0,0,0
15,15,0
1,1,0
20,20,0
0,0,0
3,5,2
3,3,0
2,2,0
3,7,4
3,5,2
2,2,0
3,4,1
2,2,0
2,2,0
8,8,0
2,2,0
2,2,0
7,7,0
1,2,1
62,62,0
3,5,2
10,10,0
0,0,0
2,2,0
2,2,0
2,2,0
9,18,9
3,3,0
2,2,0
2,2,0
2,2,0
16,16,0
2,2,0
21,21,0
1,4,3
3,3,0
3,3,0
2,2,0
9,9,0
51,53,2
3,5,2
2,8,6
1,1,0
3,3,0
2,2,0
4,4,0
3,3,0
3,23,20
2,2,0
2,2,0
3,5,2
2,3,1
5,5,0
2,3,1
2,2,0
60,121,61
10,10,0
1,2,1
9,9,0
20,114,94
3,24,21
3,3,0
2,2,0
2,2,0
2,2,0
1,5,4
2,2,0
2,2,0
2,2,0
2,2,0
2,2,0
2,2,0
2,3,1
2,10,8
3,7,4
3,3,0
11,11,0
2,9,7
2,2,0
7,7,0
4,47,43
2,4,2
1,2,1
13,14,1
2,2,0
3,5,2
2,6,4
2,2,0
3,3,0
1,6,5
3,3,0
3,5,2
3,9,6
20,20,0
2,6,4
9,9,0
2,2,0
3,3,0
2,2,0
2,2,0
2,2,0
2,2,0
2,2,0
2,2,0
3,15,12
2,2,0
2,2,0
1,21,20
16,22,6
3,5,2
2,2,0
2,2,0
3,3,0
4,4,0
2,4,2
1,33,32
2,2,0
3,5,2
2,9,7
3,3,0
2,2,0
0,0,0
2,4,2
2,2,0
2,2,0
2,4,2
6,8,2
3,3,0
2,6,4
2,2,0
1,1,0
4,4,0
8,9,1
22,22,0
3,3,0
2,2,0
1,1,0
2,2,0
2,2,0
3,3,0
8,8,0
2,2,0
2,2,0
2,25,23
8,17,9
2,7,5
0,0,0
3,3,0
3,3,0
1,1,0
4,4,0
1,2,1
3,3,0
0,0,0
2,2,0
0,0,0
9,9,0
3,10,7
2,7,5
133,135,2
3,6,3
2,2,0
3,3,0
2,97,95
3,3,0
3,3,0
2,3,1
1,2,1
3,3,0
2,2,0
0,0,0
2,2,0
3,6,3
0,0,0
3,8,5
98,99,1
100,104,4
3,3,0
2,11,9
8,8,0
10,10,0
2,2,0
3,3,0
3,3,0
2,2,0
1,1,0
4,4,0
0,0,0
2,2,0
23,23,0
2,2,0
2,7,5
6,6,0
2,2,0
1,8,7
98,98,0
123,123,0
2,2,0
2,2,0
8,8,0
11,11,0
2,2,0
3,7,4
3,5,2
1,2,1
3,10,7
2,8,6
3,3,0
2,48,46
2,2,0
1,4,3
3,3,0
0,0,0
2,2,0
2,4,2
2,2,0
0,0,0
2,2,0
3,7,4
1,2,1
2,3,1
3,9,6
1,3,2
2,6,4
6,20,14
2,2,0
3,3,0
51,52,1
3,9,6
2,2,0
1,2,1
2,2,0
1,1,0
2,2,0
2,2,0
9,9,0
90,173,83
1,1,0
2,6,4
2,2,0
2,3,1
3,10,7
1,10,9
2,2,0
6,7,1
2,3,1
1,2,1
2,14,12
0,0,0
2,2,0
2,51,49
2,2,0
2,4,2
3,8,5
8,8,0
20,20,0
2,2,0
2,2,0
3,3,0
3,3,0
2,2,0
2,2,0
2,2,0
3,3,0
3,3,0
2,2,0
2,2,0
2,2,0
3,7,4
3,5,2
3,5,2
2,2,0
3,5,2
3,5,2
1,2,1
2,2,0
2,2,0
2,4,2
2,2,0
2,2,0
2,4,2
2,4,2
2,2,0
2,47,45
2,5,3
0,0,0
1,3,2
6,20,14
2,2,0
2,2,0
3,3,0
6,35,29
0,0,0
3,5,2
11,12,1
1,1,0
3,3,0
31,31,0
3,3,0
9,9,0
3,3,0
3,3,0
3,3,0
2,2,0
2,2,0
2,2,0
1,2,1
3,3,0
0,0,0
1,5,4
9,9,0
2,82,80
45,48,3
3,21,18
2,3,1
3,5,2
3,5,2
3,6,3
4,4,0
2,2,0
0,0,0
8,8,0
2,2,0
2,2,0
0,0,0
3,5,2
3,5,2
2,2,0
11,11,0
2,3,1
2,2,0
2,2,0
4,4,0
2,21,19
2,3,1
3,3,0
3,3,0
1,7,6
15,15,0
2,2,0
3,8,5
34,105,71
1,5,4
2,2,0
2,2,0
3,6,3
3,3,0
2,2,0
3,3,0
1,2,1
3,3,0
3,6,3
1,1,0
3,7,4
14,23,9
2,8,6
7,7,0
119,122,3
2,2,0
2,2,0
2,19,17
2,2,0
44,69,25
3,10,7
2,2,0
2,12,10
2,5,3
2,2,0
3,5,2
8,8,0
84,84,0
2,2,0
2,2,0
13,13,0
2,2,0
2,4,2
9,9,0
3,3,0
2,2,0
2,2,0
3,8,5
2,7,5
5,5,0
2,6,4
2,80,78
3,13,10
2,4,2
2,8,6
21,116,95
3,7,4
2,2,0
3,3,0
3,7,4
2,4,2
2,2,0
2,2,0
2,2,0
2,2,0
6,6,0
9,9,0
2,2,0
4,4,0
2,6,4
0,0,0
11,11,0
1,2,1
1,1,0
2,2,0
3,5,2
3,5,2
2,11,9
3,3,0
26,28,2
3,3,0
1,21,20
101,101,0
3,3,0
2,2,0
2,2,0
2,2,0
3,6,3
2,4,2
2,4,2
2,2,0
2,6,4
8,8,0
4,4,0
0,0,0
24,57,33
2,4,2
2,2,0
3,3,0
7,54,47
2,2,0
2,2,0
50,53,3
9,9,0
1,1,0
2,2,0
2,2,0
3,3,0
2,2,0
7,7,0
11,11,0
2,3,1
26,26,0
3,7,4
2,6,4
2,2,0
8,8,0
2,2,0
2,2,0
2,2,0
2,2,0
9,9,0
1,1,0
5,19,14
3,5,2
2,14,12
73,156,83
2,2,0
0,0,0
1,2,1
2,7,5
3,5,2
2,3,1
2,3,1
3,5,2
2,2,0
0,0,0
2,2,0
3,3,0
3,5,2
7,12,5
2,2,0
8,10,2
3,3,0
1,1,0
66,66,0
11,12,1
2,9,7
2,2,0
1,2,1
8,8,0
3,3,0
3,3,0
9,9,0
2,2,0
8,8,0
3,3,0
0,0,0
2,3,1
2,5,3
42,128,86
2,2,0
3,3,0
1,23,22
2,10,8
2,2,0
5,9,4
3,7,4
2,8,6
6,6,0
2,4,2
2,71,69
0,0,0
3,24,21
1,6,5
3,3,0
9,9,0
1,2,1
1,23,22
3,7,4
3,5,2
3,3,0
0,0,0
2,10,8
1,2,1
11,20,9
1,2,1
3,3,0
1,97,96
3,7,4
2,2,0
3,6,3
2,3,1
3,8,5
2,2,0
3,20,17
2,2,0
2,8,6
0,0,0
1,2,1
2,6,4
2,2,0
2,70,68
8,8,0
2,6,4
4,4,0
2,2,0
3,3,0
2,2,0
2,2,0
2,5,3
14,14,0
3,3,0
3,5,2
2,3,1
2,3,1
6,6,0
5,5,0
2,2,0
51,51,0
2,2,0
2,2,0
1,1,0
2,2,0
23,23,0
2,3,1
3,5,2
9,13,4
9,9,0
100,118,18
2,3,1
10,10,0
2,2,0
3,3,0
2,2,0
3,3,0
0,0,0
2,2,0
8,12,4
3,8,5
8,9,1
2,2,0
3,3,0
3,5,2
3,3,0
2,3,1
2,2,0
10,10,0
3,3,0
2,2,0
2,2,0
3,8,5
40,40,0
2,2,0
3,4,1
3,3,0
2,7,5
9,10,1
3,5,2
2,13,11
2,2,0
0,0,0
3,3,0
2,3,1
2,2,0
3,7,4
1,1,0
3,3,0
2,2,0
9,11,2
2,2,0
2,4,2
3,3,0
6,8,2
4,4,0
3,7,4
3,3,0
2,2,0
0,0,0
3,3,0
2,2,0
2,2,0
80,80,0
2,2,0
8,8,0
8,8,0
5,7,2
2,2,0
3,11,8
3,3,0
2,2,0
0,0,0
2,2,0
3,6,3
2,2,0
2,3,1
3,3,0
3,5,2
5,5,0
0,0,0
2,2,0
54,54,0
2,4,2
2,2,0
2,2,0
3,4,1
2,2,0
1,1,0
3,3,0
123,123,0
2,2,0
2,2,0
3,3,0
3,3,0
3,7,4
2,4,2
144,240,96
2,13,11
2,4,2
3,9,6
2,2,0
1,1,0
4,4,0
2,2,0
7,9,2
8,8,0
1,2,1
2,2,0
3,3,0
3,3,0
13,20,7
0,0,0
5,5,0
2,2,0
2,2,0
6,36,30
0,0,0
4,4,0
3,3,0
3,3,0
2,2,0
2,2,0
2,2,0
3,5,2
8,8,0
2,97,95
2,2,0
2,2,0
2,2,0
1,5,4
2,7,5
2,80,78
2,22,20
3,7,4
2,4,2
2,2,0
3,3,0
0,0,0
2,2,0
2,3,1
2,6,4
1,28,27
2,2,0
3,7,4
1,6,5
2,2,0
3,3,0
3,3,0
1,4,3
0,0,0
5,5,0
2,4,2
1,3,2
2,2,0
2,3,1
2,4,2
4,8,4
58,58,0
1,3,2
1,2,1
6,22,16
2,2,0
2,2,0
8,8,0
0,0,0
2,3,1
1,4,3
9,9,0
8,8,0
3,11,8
5,5,0
3,8,5
51,51,0
9,9,0
3,5,2
2,2,0
3,3,0
2,5,3
2,10,8
2,2,0
1,58,57
2,2,0
2,2,0
100,100,0
3,3,0
3,8,5
2,2,0
2,3,1
2,2,0
2,2,0
2,2,0
9,39,30
2,2,0
2,2,0
72,72,0
2,2,0
11,11,0
2,2,0
2,4,2
2,2,0
8,8,0
2,4,2
2,12,10
2,2,0
2,2,0
1,2,1
3,7,4
3,5,2
2,2,0
11,11,0
2,2,0
3,3,0
3,3,0
1,3,2
1,2,1
2,2,0
2,4,2
3,7,4
2,2,0
2,2,0
2,2,0
3,9,6
7,7,0
10,10,0
2,2,0
2,2,0
2,2,0
100,104,4
8,11,3
3,3,0
3,3,0
2,2,0
2,2,0
3,3,0
2,9,7
14,14,0
3,3,0
1,2,1
0,0,0
2,6,4
6,10,4
2,4,2
2,12,10
58,66,8
2,2,0
3,6,3
2,2,0
2,3,1
3,7,4
3,3,0
2,9,7
0,0,0
2,2,0
2,80,78
1,2,1
2,2,0
2,2,0
2,2,0
26,26,0
2,7,5
3,3,0
2,8,6
2,2,0
1,1,0
2,2,0
2,2,0
0,0,0
3,3,0
2,6,4
2,2,0
3,6,3
2,2,0
2,2,0
12,12,0
2,2,0
4,4,0
2,6,4
9,9,0
0,0,0
0,0,0
2,3,1
2,3,1
26,36,10
3,3,0
1,2,1
2,2,0
3,5,2
2,2,0
1,3,2
2,2,0
9,9,0
27,27,0
8,8,0
1,2,1
2,4,2
8,8,0
3,3,0
3,3,0
2,4,2
3,7,4
2,2,0
3,3,0
48,48,0
9,9,0
2,2,0
1,2,1
4,6,2
2,2,0
2,4,2
3,3,0
0,0,0
46,46,0
3,5,2
2,2,0
2,3,1
2,2,0
5,5,0
3,3,0
2,4,2
2,4,2
9,26,17
2,2,0
1,25,24
3,3,0
3,3,0
2,3,1
1,2,1
2,2,0
1,2,1
2,2,0
2,6,4
2,3,1
2,2,0
2,4,2
2,2,0
9,9,0
2,84,82
2,2,0
13,13,0
2,2,0
9,9,0
2,10,8
3,13,10
0,0,0
56,56,0
2,2,0
2,2,0
164,164,0
3,3,0
2,2,0
9,22,13
3,5,2
2,2,0
2,6,4
31,31,0
4,12,8
3,7,4
8,8,0
2,2,0
1,12,11
3,5,2
2,2,0
3,3,0
1,1,0
2,4,2
0,0,0
2,8,6
7,7,0
2,2,0
1,1,0
2,2,0
3,7,4
3,3,0
3,5,2
10,13,3
3,3,0
4,4,0
2,3,1
1,4,3
1,1,0
4,4,0
2,2,0
2,2,0
2,13,11
2,4,2
1,1,0
2,4,2
23,27,4
3,7,4
2,2,0
2,2,0
2,2,0
2,4,2
3,3,0
1,1,0
1,1,0
2,2,0
3,6,3
2,2,0
0,0,0
2,4,2
3,3,0
2,2,0
2,2,0
1,1,0
16,16,0
2,4,2
2,4,2
3,3,0
2,2,0
4,4,0
3,3,0
3,5,2
64,64,0
3,5,2
1,24,23
2,4,2
2,3,1
1,1,0
3,19,16
4,73,69
2,4,2
3,7,4
1,1,0
2,2,0
1,5,4
2,2,0
3,3,0
0,0,0
2,2,0
6,7,1
4,4,0
2,2,0
1,1,0
2,2,0
1,1,0
3,5,2
1,1,0
2,2,0
3,3,0
1,4,3
3,5,2
12,12,0
5,6,1
2,2,0
2,3,1
2,4,2
11,20,9
3,3,0
3,5,2
8,13,5
9,9,0
1,3,2
5,5,0
3,3,0
1,1,0
3,3,0
3,4,1
3,7,4
2,2,0
3,6,3
2,2,0
2,2,0
2,2,0
3,3,0
2,28,26
2,45,43
3,3,0
2,31,29
4,4,0
3,3,0
2,2,0
3,5,2
4,4,0
0,0,0
2,2,0
2,22,20
1,3,2
1,29,28
3,3,0
2,2,0
2,4,2
22,22,0
2,3,1
3,3,0
2,2,0
2,11,9
3,9,6
3,3,0
2,4,2
3,5,2
3,3,0
2,2,0
2,2,0
2,2,0
2,2,0
2,2,0
2,4,2
9,9,0
3,5,2
3,13,10
2,2,0
2,4,2
36,43,7
2,41,39
2,2,0
1,4,3
20,29,9
10,10,0
3,3,0
2,2,0
2,2,0
2,2,0
12,12,0
2,2,0
2,2,0
9,9,0
9,9,0
3,9,6
3,5,2
2,6,4
4,8,4
3,3,0
2,7,5
3,28,25
18,18,0
2,2,0
3,3,0
3,7,4
3,3,0
3,5,2
3,5,2
2,2,0
2,2,0
3,3,0
2,2,0
1,8,7
2,2,0
2,2,0
9,11,2
9,10,1
3,3,0
2,4,2
3,3,0
100,109,9
0,0,0
2,3,1
2,2,0
3,5,2
7,19,12
2,2,0
2,2,0
2,2,0
3,5,2
2,2,0
20,20,0
3,16,13
2,2,0
2,2,0
2,2,0
2,8,6
1,1,0
2,4,2
3,3,0
2,2,0
4,4,0
2,2,0
3,3,0
8,8,0
3,3,0
53,53,0
5,5,0
2,2,0
8,8,0
2,86,84
3,11,8
2,3,1
8,8,0
2,2,0
4,4,0
8,8,0
2,2,0
3,28,25
16,17,1
2,2,0
3,13,10
1,3,2
2,2,0
2,2,0
2,2,0
2,3,1
2,2,0
12,24,12
2,3,1
2,4,2
3,5,2
3,3,0
3,5,2
0,0,0
2,4,2
36,113,77
0,0,0
1,1,0
5,5,0
1,1,0
17,17,0
9,13,4
3,5,2
2,2,0
2,12,10
2,2,0
8,8,0
88,90,2
3,3,0
74,89,15
2,5,3
3,3,0
111,111,0
2,2,0
2,2,0
3,3,0
3,3,0
3,3,0
11,11,0
3,3,0
2,2,0
2,2,0
2,2,0
1,7,6
2,2,0
2,4,2
9,9,0
3,5,2
2,2,0
2,2,0
94,94,0
3,3,0
3,3,0
8,8,0
12,14,2
2,16,14
2,6,4
3,5,2
2,2,0
8,8,0
2,2,0
2,2,0
3,5,2
0,0,0
1,1,0
2,99,97
1,2,1
1,2,1
3,5,2
2,2,0
2,6,4
2,2,0
3,5,2
2,2,0
3,3,0
23,23,0
3,3,0
1,1,0
1,21,20
3,7,4
2,23,21
2,6,4
2,2,0
2,2,0
10,10,0
2,2,0
3,3,0
1,1,0
2,2,0
3,3,0
38,38,0
3,8,5
3,15,12
2,2,0
2,2,0
3,3,0
8,8,0
49,75,26
2,2,0
3,5,2
11,11,0
2,2,0
1,1,0
49,49,0
1,3,2
3,3,0
0,0,0
2,3,1
2,2,0
7,7,0
0,0,0
3,3,0
3,3,0
2,5,3
2,6,4
2,2,0
2,8,6
2,10,8
2,2,0
0,0,0
3,11,8
2,2,0
1,1,0
2,2,0
2,2,0
3,7,4
0,0,0
2,2,0
1,1,0
3,3,0
3,3,0
8,8,0
10,10,0
2,5,3
9,9,0
2,33,31
3,3,0
3,3,0
2,4,2
2,2,0
4,5,1
2,2,0
2,2,0
2,4,2
9,13,4
1,1,0
2,4,2
3,3,0
2,2,0
3,7,4
2,2,0
2,25,23
3,5,2
3,5,2
3,6,3
2,2,0
2,6,4
3,4,1
3,3,0
2,6,4
3,3,0
2,4,2
20,20,0
2,2,0
2,2,0
2,2,0
3,4,1
3,3,0
8,8,0
0,0,0
2,2,0
3,5,2
2,2,0
2,2,0
2,2,0
2,2,0
32,32,0
1,22,21
2,2,0
3,4,1
1,5,4
3,7,4
2,2,0
1,23,22
9,9,0
2,2,0
2,8,6
5,5,0
9,9,0
2,2,0
2,2,0
2,7,5
2,2,0
2,23,21
3,5,2
3,3,0
4,11,7
3,3,0
2,2,0
3,5,2
3,12,9
2,2,0
1,20,19
2,2,0
1,4,3
3,4,1
3,3,0
3,3,0
8,10,2
2,4,2
1,4,3
7,7,0
2,2,0
8,8,0
0,0,0
2,2,0
3,12,9
2,4,2
3,4,1
2,2,0
3,5,2
0,0,0
2,5,3
2,2,0
3,3,0
3,3,0
2,2,0
2,2,0
1,62,61
2,54,52
3,13,10
2,2,0
2,9,7
100,100,0
9,9,0
2,4,2
3,3,0
2,3,1
2,2,0
2,2,0
1,2,1
5,5,0
2,2,0
2,7,5
6,6,0
11,11,0
3,6,3
2,2,0
3,3,0
3,3,0
2,2,0
2,2,0
6,8,2
2,2,0
3,3,0
4,4,0
76,76,0
2,4,2
3,3,0
1,1,0
2,2,0
0,0,0
3,74,71
3,3,0
51,51,0
5,5,0
2,2,0
2,2,0
2,2,0
2,2,0
2,3,1
5,8,3
0,0,0
2,3,1
2,4,2
1,1,0
0,0,0
2,34,32
2,2,0
4,4,0
3,3,0
3,5,2
3,13,10
1,2,1
2,80,78
2,2,0
3,5,2
2,2,0
1,74,73
1,2,1
1,2,1
1,1,0
20,22,2
6,6,0
2,2,0
2,2,0
2,2,0
0,0,0
3,3,0
1,1,0
2,2,0
3,9,6
3,7,4
4,4,0
3,25,22
3,3,0
2,2,0
9,9,0
4,4,0
3,5,2
3,3,0
5,5,0
1,1,0
1,2,1
2,2,0
3,3,0
2,2,0
2,87,85
2,2,0
2,4,2
2,2,0
2,2,0
2,2,0
2,2,0
2,2,0
3,8,5
2,6,4
2,6,4
5,5,0
6,22,16
2,4,2
3,3,0
0,0,0
3,6,3
2,2,0
3,3,0
57,57,0
8,8,0
1,2,1
2,6,4
3,3,0
3,3,0
3,3,0
9,9,0
1,2,1
2,4,2
2,2,0
3,3,0
2,2,0
2,15,13
3,3,0
2,3,1
0,0,0
3,3,0
2,2,0
2,2,0
2,6,4
2,2,0
53,53,0
2,2,0
1,2,1
4,4,0
37,108,71
9,9,0
2,4,2
2,2,0
2,4,2
2,6,4
3,3,0
2,2,0
2,2,0
51,57,6
1,4,3
2,2,0
2,2,0
13,13,0
2,10,8
2,2,0
2,4,2
2,2,0
2,10,8
2,2,0
31,32,1
3,5,2
5,12,7
1,1,0
2,4,2
2,2,0
3,3,0
2,2,0
3,5,2
3,3,0
3,3,0
3,5,2
6,6,0
3,8,5
2,2,0
1,1,0
2,2,0
1,1,0
3,3,0
2,2,0
2,2,0
1,2,1
6,6,0
2,2,0
2,2,0
1,4,3
2,2,0
3,3,0
2,2,0
1,8,7
1,21,20
13,13,0
2,3,1
3,9,6
3,5,2
3,3,0
9,9,0
3,4,1
4,4,0
1,1,0
2,3,1
3,13,10
8,8,0
2,2,0
3,5,2
47,49,2
3,6,3
3,3,0
2,15,13
0,0,0
16,18,2
2,7,5
2,2,0
9,13,4
1,4,3
2,7,5
3,5,2
2,2,0
1,21,20
2,2,0
2,2,0
2,2,0
2,2,0
12,12,0
4,4,0
1,2,1
2,2,0
2,2,0
3,7,4
2,2,0
2,2,0
0,0,0
2,2,0
8,9,1
2,2,0
1,1,0
3,5,2
2,4,2
2,2,0
3,24,21
57,57,0
2,2,0
0,0,0
100,104,4
3,3,0
4,4,0
2,6,4
3,9,6
3,4,1
2,2,0
2,2,0
2,6,4
3,3,0
9,9,0
2,2,0
1,1,0
2,4,2
2,2,0
3,3,0
2,4,2
3,3,0
1,2,1
6,6,0
1,2,1
3,5,2
8,12,4
3,3,0
1,1,0
2,2,0
0,0,0
11,48,37
2,2,0
3,37,34
0,0,0
2,2,0
2,2,0
2,2,0
1,7,6
2,2,0
9,9,0
2,2,0
2,2,0
1,1,0
2,2,0
17,19,2
2,2,0
2,2,0
2,2,0
2,2,0
2,5,3
2,4,2
2,26,24
4,4,0
3,3,0
9,9,0
3,9,6
2,2,0
2,2,0
2,2,0
1,21,20
2,2,0
2,2,0
0,0,0
5,11,6
2,9,7
2,2,0
4,4,0
2,2,0
3,5,2
2,2,0
1,2,1
20,20,0
2,5,3
2,3,1
3,3,0
1,3,2
2,2,0
2,4,2
4,23,19
2,2,0
3,5,2
2,2,0
2,6,4
2,2,0
2,2,0
3,7,4
1,1,0
3,4,1
28,29,1
3,9,6
2,2,0
3,5,2
3,5,2
2,3,1
6,6,0
2,2,0
2,2,0
3,5,2
9,9,0
11,11,0
2,2,0
2,2,0
9,9,0
3,3,0
2,4,2
2,6,4
0,0,0
3,33,30
2,2,0
11,11,0
94,108,14
6,6,0
3,4,1
12,12,0
2,28,26
2,2,0
2,16,14
2,2,0
2,2,0
3,4,1
3,3,0
3,3,0
3,3,0
2,6,4
2,10,8
2,2,0
4,4,0
2,4,2
2,5,3
5,5,0
2,2,0
3,20,17
2,2,0
3,5,2
3,3,0
29,29,0
2,23,21
50,52,2
1,2,1
2,2,0
2,80,78
2,3,1
2,2,0
2,2,0
2,12,10
3,3,0
3,4,1
3,8,5
2,2,0
2,2,0
1,2,1
2,2,0
2,4,2
2,2,0
2,2,0
2,2,0
3,3,0
1,2,1
2,2,0
6,15,9
5,5,0
2,2,0
2,2,0
9,9,0
3,3,0
2,2,0
2,2,0
1,2,1
3,5,2
3,21,18
2,41,39
3,12,9
2,2,0
1,1,0
1,1,0
3,6,3
3,3,0
2,2,0
3,3,0
68,68,0
8,8,0
2,8,6
4,4,0
2,2,0
8,8,0
3,3,0
2,2,0
2,4,2
2,2,0
29,29,0
1,1,0
3,3,0
3,3,0
3,7,4
9,9,0
2,2,0
3,3,0
4,4,0
2,2,0
3,3,0
3,3,0
2,2,0
3,5,2
3,6,3
1,1,0
2,6,4
6,6,0
2,2,0
2,2,0
1,1,0
2,4,2
8,8,0
2,2,0
1,2,1
3,3,0
10,10,0
3,3,0
2,11,9
2,2,0
1,1,0
2,2,0
12,12,0
3,3,0
3,3,0
1,10,9
3,3,0
2,2,0
10,23,13
2,2,0
2,2,0
3,3,0
2,6,4
2,2,0
2,2,0
2,2,0
3,10,7
0,0,0
2,94,92
2,2,0
9,9,0
2,29,27
2,20,18
2,2,0
2,2,0
1,1,0
2,2,0
2,2,0
2,2,0
2,3,1
1,1,0
2,4,2
2,2,0
2,2,0
100,100,0
2,2,0
3,10,7
3,3,0
0,0,0
1,1,0
8,8,0
2,3,1
3,3,0
8,8,0
8,8,0
2,2,0
3,7,4
1,5,4
2,2,0
3,7,4
1,7,6
3,3,0
2,3,1
1,2,1
3,5,2
2,4,2
3,5,2
3,5,2
2,2,0
2,2,0
2,2,0
1,1,0
2,2,0
8,8,0
2,4,2
3,7,4
2,2,0
1,2,1
2,4,2
2,2,0
1,1,0
8,16,8
2,2,0
3,3,0
1,1,0
3,3,0
2,2,0
3,12,9
2,2,0
2,2,0
2,8,6
6,6,0
1,3,2
2,3,1
2,2,0
2,3,1
3,3,0
9,9,0
2,26,24
2,2,0
10,10,0
2,2,0
1,1,0
2,2,0
8,8,0
3,5,2
6,6,0
3,3,0
2,4,2
2,2,0
3,3,0
3,7,4
2,4,2
2,2,0
76,79,3
2,2,0
38,39,1
3,3,0
74,74,0
2,2,0
2,5,3
5,5,0
8,8,0
2,2,0
3,10,7
2,4,2
10,10,0
2,2,0
2,4,2
2,87,85
19,107,88
2,2,0
1,1,0
2,2,0
3,3,0
3,5,2
2,40,38
47,144,97
3,3,0
2,2,0
2,2,0
2,2,0
3,3,0
2,4,2
3,3,0
3,3,0
3,7,4
2,2,0
2,4,2
0,0,0
2,2,0
3,3,0
3,49,46
64,64,0
2,2,0
82,82,0
2,2,0
1,2,1
2,2,0
4,4,0
3,7,4
0,0,0
3,7,4
10,10,0
11,11,0
2,2,0
3,3,0
0,0,0
3,3,0
3,3,0
1,3,2
2,2,0
2,2,0
3,3,0
9,18,9
1,1,0
4,5,1
2,2,0
100,100,0
1,1,0
2,2,0
2,2,0
5,5,0
1,1,0
3,5,2
11,55,44
3,9,6
2,7,5
2,4,2
3,3,0
2,2,0
8,8,0
3,23,20
2,3,1
9,9,0
2,2,0
1,11,10
2,4,2
2,6,4
3,3,0
3,10,7
2,6,4
3,3,0
8,8,0
2,2,0
4,4,0
4,4,0
1,2,1
3,3,0
2,8,6
2,5,3
1,2,1
3,3,0
0,0,0
7,7,0
2,4,2
2,2,0
2,15,13
2,4,2
2,2,0
48,53,5
2,3,1
3,3,0
2,2,0
2,2,0
3,3,0
8,8,0
2,7,5
1,3,2
2,4,2
1,1,0
1,1,0
3,7,4
8,8,0
0,0,0
2,2,0
2,2,0
3,3,0
2,2,0
2,2,0
2,2,0
2,5,3
3,3,0
2,6,4
2,7,5
3,3,0
2,2,0
1,2,1
1,2,1
3,11,8
9,9,0
1,52,51
2,11,9
2,4,2
3,12,9
3,3,0
2,2,0
4,6,2
3,3,0
1,74,73
2,5,3
9,9,0
2,4,2
2,2,0
3,3,0
2,4,2
3,5,2
2,2,0
3,20,17
1,2,1
9,9,0
0,0,0
2,2,0
0,0,0
1,1,0
3,3,0
3,3,0
2,10,8
1,1,0
1,54,53
3,5,2
2,23,21
8,8,0
2,2,0
2,2,0
2,2,0
3,3,0
2,8,6
3,3,0
2,2,0
2,2,0
1,1,0
6,10,4
2,2,0
2,4,2
2,2,0
3,3,0
2,2,0
3,3,0
3,7,4
3,3,0
2,2,0
100,104,4
3,3,0
2,2,0
2,2,0
2,4,2
2,2,0
1,46,45
2,2,0
3,3,0
3,5,2
2,5,3
3,8,5
3,5,2
2,2,0
4,4,0
3,5,2
15,30,15
2,2,0
2,2,0
2,2,0
2,53,51
3,3,0
2,2,0
10,10,0
2,17,15
2,2,0
1,1,0
2,2,0
2,2,0
2,2,0
7,7,0
39,71,32
2,2,0
2,2,0
0,0,0
2,2,0
11,11,0
2,2,0
2,2,0
32,32,0
2,2,0
2,2,0
1,21,20
2,2,0
1,17,16
2,6,4
3,3,0
2,2,0
2,2,0
2,9,7
2,2,0
3,3,0
2,2,0
3,3,0
3,3,0
3,5,2
2,8,6
10,10,0
2,2,0
3,3,0
3,3,0
0,0,0
9,9,0
2,6,4
3,3,0
5,5,0
1,3,2
2,11,9
3,4,1
2,2,0
7,7,0
1,2,1
14,14,0
3,3,0
0,0,0
2,5,3
2,2,0
2,2,0
3,3,0
1,1,0
2,4,2
2,2,0
2,2,0
3,3,0
2,2,0
2,2,0
2,6,4
6,21,15
3,3,0
131,136,5
3,5,2
3,9,6
3,7,4
2,3,1
0,0,0
37,37,0
4,8,4
8,51,43
2,2,0
2,2,0
2,12,10
44,86,42
100,100,0
2,5,3
2,2,0
2,5,3
4,4,0
4,4,0
2,2,0
2,2,0
3,5,2
2,8,6
2,2,0
10,10,0
2,2,0
3,3,0
125,125,0
1,6,5
8,8,0
1,1,0
3,3,0
2,2,0
3,3,0
1,4,3
3,3,0
1,2,1
2,2,0
4,4,0
1,118,117
6,25,19
0,0,0
8,8,0
3,9,6
2,2,0
3,3,0
0,0,0
2,4,2
7,7,0
2,2,0
2,4,2
8,8,0
1,2,1
2,2,0
2,2,0
2,2,0
3,3,0
1,2,1
2,2,0
3,13,10
3,3,0
4,4,0
2,2,0
8,8,0
1,2,1
2,2,0
2,2,0
0,0,0
3,3,0
2,2,0
2,4,2
4,11,7
2,2,0
3,3,0
3,3,0
2,4,2
2,8,6
2,4,2
3,9,6
2,2,0
3,3,0
2,2,0
2,9,7
2,2,0
0,0,0
7,7,0
3,3,0
3,4,1
3,3,0
2,2,0
7,7,0
3,5,2
1,6,5
2,2,0
25,25,0
2,8,6
2,3,1
2,3,1
2,5,3
2,2,0
2,2,0
3,6,3
3,9,6
2,2,0
2,2,0
3,3,0
1,1,0
11,11,0
2,16,14
1,25,24
46,108,62
3,7,4
3,5,2
2,2,0
2,2,0
3,3,0
5,9,4
1,1,0
2,2,0
2,2,0
3,3,0
0,0,0
2,2,0
2,2,0
147,147,0
5,5,0
1,19,18
3,5,2
3,3,0
3,3,0
2,5,3
3,5,2
3,3,0
3,3,0
3,8,5
2,18,16
2,2,0
2,2,0
2,2,0
3,3,0
3,3,0
8,8,0
10,10,0
3,3,0
2,2,0
3,3,0
2,2,0
3,5,2
43,43,0
9,9,0
3,6,3
1,1,0
8,8,0
2,2,0
2,2,0
2,7,5
2,2,0
2,24,22
2,2,0
15,15,0
3,9,6
17,18,1
3,5,2
2,6,4
1,2,1
2,2,0
3,3,0
3,3,0
2,2,0
3,5,2
3,8,5
3,3,0
2,2,0
2,2,0
1,4,3
0,0,0
2,2,0
3,3,0
2,5,3
3,3,0
200,365,165
2,2,0
2,27,25
79,97,18
2,2,0
2,2,0
2,6,4
45,48,3
1,39,38
3,17,14
3,3,0
2,2,0
2,2,0
3,3,0
2,2,0
3,3,0
3,4,1
8,8,0
0,0,0
2,2,0
2,14,12
0,0,0
2,2,0
12,12,0
2,2,0
2,2,0
1,9,8
5,9,4
3,3,0
8,8,0
1,7,6
0,0,0
2,2,0
3,3,0
1,14,13
40,42,2
2,2,0
2,2,0
22,23,1
3,6,3
2,2,0
3,5,2
2,2,0
3,7,4
2,2,0
1,49,48
0,0,0
2,2,0
129,129,0
2,2,0
0,0,0
2,9,7
1,1,0
2,13,11
1,4,3
3,5,2
2,8,6
2,2,0
2,2,0
2,3,1
2,2,0
2,2,0
4,4,0
3,3,0
2,2,0
2,2,0
2,2,0
0,0,0
1,2,1
2,2,0
2,2,0
2,3,1
10,10,0
3,10,7
6,6,0
9,9,0
2,2,0
4,6,2
2,2,0
3,3,0
2,2,0
4,4,0
1,3,2
4,4,0
12,14,2
1,1,0
3,15,12
2,2,0
3,6,3
3,3,0
3,3,0
9,9,0
2,4,2
2,2,0
2,2,0
2,2,0
3,3,0
97,141,44
21,28,7
2,2,0
23,23,0
2,8,6
1,2,1
1,2,1
2,2,0
9,9,0
2,2,0
3,9,6
2,2,0
3,7,4
0,0,0
2,2,0
2,2,0
8,8,0
2,2,0
3,3,0
2,2,0
2,7,5
3,3,0
2,2,0
1,2,1
2,2,0
2,2,0
2,2,0
2,4,2
2,20,18
3,3,0
6,6,0
1,10,9
25,25,0
1,2,1
2,2,0
2,2,0
3,3,0
2,4,2
8,8,0
0,0,0
2,2,0
2,2,0
2,2,0
2,80,78
2,2,0
2,4,2
2,2,0
3,5,2
2,4,2
3,7,4
2,5,3
2,2,0
2,2,0
2,2,0
9,9,0
2,2,0
4,27,23
3,5,2
2,4,2
0,0,0
0,0,0
2,2,0
2,2,0
1,2,1
3,3,0
22,22,0
3,9,6
2,6,4
3,5,2
11,11,0
1,1,0
8,8,0
3,7,4
20,20,0
2,2,0
3,7,4
2,3,1
2,4,2
21,23,2
3,5,2
3,5,2
2,2,0
2,4,2
2,2,0
13,13,0
8,8,0
3,10,7
3,6,3
2,2,0
2,3,1
49,49,0
2,17,15
2,2,0
12,26,14
3,3,0
6,35,29
3,3,0
2,2,0
2,3,1
3,5,2
4,6,2
2,4,2
2,4,2
3,15,12
4,4,0
2,2,0
4,4,0
3,7,4
2,2,0
3,3,0
2,2,0
2,2,0
3,4,1
34,39,5
2,2,0
9,13,4
2,2,0
3,3,0
2,2,0
1,1,0
1,6,5
2,62,60
2,9,7
3,3,0
0,0,0
4,4,0
3,5,2
2,3,1
15,36,21
2,2,0
4,5,1
3,3,0
3,10,7
36,36,0
2,2,0
2,2,0
3,3,0
2,2,0
2,2,0
8,8,0
4,6,2
2,28,26
2,2,0
3,3,0
6,7,1
2,2,0
2,4,2
2,2,0
2,13,11
2,2,0
2,2,0
2,5,3
3,7,4
2,2,0
3,5,2
2,2,0
2,2,0
2,3,1
3,3,0
8,8,0
2,2,0
8,10,2
2,2,0
1,6,5
2,4,2
2,3,1
4,4,0
2,2,0
3,5,2
2,5,3
8,8,0
2,80,78
2,2,0
2,28,26
2,2,0
2,2,0
2,4,2
3,9,6
14,14,0
151,151,0
2,5,3
3,3,0
13,13,0
2,2,0
3,3,0
1,1,0
1,1,0
2,2,0
0,0,0
2,82,80
2,14,12
3,3,0
2,2,0
3,9,6
3,11,8
2,3,1
3,7,4
2,4,2
3,3,0
3,3,0
2,4,2
2,2,0
2,2,0
1,4,3
1,4,3
3,5,2
3,5,2
2,4,2
2,2,0
2,2,0
3,3,0
1,1,0
2,2,0
105,105,0
2,2,0
32,32,0
1,1,0
3,3,0
2,10,8
2,2,0
9,11,2
2,2,0
2,6,4
0,0,0
2,2,0
2,4,2
6,6,0
0,0,0
2,2,0
3,3,0
13,17,4
1,8,7
3,3,0
2,2,0
2,13,11
3,5,2
2,2,0
3,9,6
3,3,0
8,12,4
2,5,3
8,8,0
4,11,7
3,3,0
21,21,0
2,2,0
3,7,4
6,22,16
3,3,0
2,2,0
6,27,21
2,2,0
3,3,0
2,2,0
1,2,1
72,125,53
2,80,78
2,10,8
3,46,43
2,4,2
2,2,0
1,1,0
3,9,6
2,2,0
2,2,0
5,11,6
2,2,0
2,5,3
9,12,3
3,3,0
2,2,0
3,3,0
1,7,6
2,2,0
3,3,0
1,1,0
3,18,15
2,2,0
2,6,4
2,2,0
1,10,9
1,6,5
2,4,2
100,104,4
2,2,0
1,4,3
2,2,0
3,3,0
0,0,0
0,0,0
1,2,1
2,4,2
2,3,1
2,2,0
0,0,0
1,1,0
2,10,8
3,6,3
2,2,0
3,3,0
3,3,0
1,1,0
2,2,0
51,51,0
1,1,0
2,2,0
2,2,0
145,145,0
2,2,0
3,5,2
2,2,0
3,4,1
3,5,2
2,2,0
2,2,0
2,2,0
8,8,0
3,3,0
2,4,2
3,25,22
2,5,3
3,6,3
3,4,1
2,2,0
2,2,0
2,2,0
2,2,0
1,1,0
6,6,0
2,6,4
6,8,2
3,11,8
2,2,0
2,2,0
1,2,1
8,8,0
0,0,0
2,2,0
2,2,0
2,3,1
1,2,1
1,1,0
3,3,0
2,2,0
2,2,0
0,0,0
21,21,0
3,3,0
3,3,0
20,20,0
0,0,0
2,2,0
2,2,0
1,5,4
2,2,0
2,2,0
4,6,2
2,2,0
2,2,0
3,3,0
4,4,0
6,37,31
7,10,3
1,2,1
3,3,0
2,23,21
100,100,0
3,7,4
3,4,1
2,2,0
2,2,0
1,6,5
3,3,0
2,2,0
3,5,2
3,5,2
2,2,0
9,9,0
2,11,9
8,8,0
2,2,0
1,1,0
3,11,8
2,77,75
3,3,0
2,2,0
2,6,4
1,2,1
1,4,3
6,6,0
2,13,11
3,5,2
2,4,2
2,4,2
3,9,6
3,3,0
2,2,0
3,3,0
3,6,3
12,13,1
3,5,2
3,9,6
2,2,0
2,4,2
10,18,8
2,2,0
3,3,0
2,2,0
2,2,0
2,5,3
2,2,0
1,10,9
3,4,1
2,2,0
1,2,1
2,4,2
3,3,0
2,2,0
3,3,0
2,2,0
4,4,0
27,29,2
2,2,0
0,0,0
1,2,1
3,3,0
4,4,0
3,3,0
3,3,0
2,2,0
3,139,136
3,3,0
3,3,0
3,3,0
2,2,0
2,2,0
3,7,4
3,5,2
1,5,4
2,4,2
3,5,2
3,8,5
3,7,4
2,4,2
2,7,5
2,8,6
6,6,0
3,3,0
3,3,0
3,3,0
2,4,2
2,2,0
2,2,0
2,9,7
3,3,0
3,5,2
1,4,3
2,5,3
2,2,0
3,3,0
0,0,0
2,5,3
2,5,3
10,16,6
2,4,2
8,8,0
2,2,0
2,2,0
3,9,6
3,4,1
2,2,0
0,0,0
1,1,0
3,4,1
3,3,0
3,3,0
3,7,4
3,7,4
2,4,2
2,82,80
2,6,4
2,2,0
6,16,10
0,0,0
2,16,14
2,4,2
0,0,0
4,4,0
1,6,5
2,9,7
53,53,0
12,12,0
1,3,2
0,0,0
3,23,20
3,3,0
2,3,1
3,3,0
0,0,0
2,2,0
1,43,42
2,2,0
3,3,0
1,8,7
0,0,0
22,22,0
2,10,8
0,0,0
2,2,0
2,2,0
2,2,0
1,3,2
2,2,0
2,2,0
2,2,0
2,2,0
100,100,0
2,4,2
2,4,2
1,1,0
3,6,3
12,12,0
72,72,0
3,9,6
9,9,0
2,2,0
2,2,0
6,6,0
3,3,0
2,2,0
3,3,0
2,2,0
2,6,4
2,82,80
40,54,14
2,2,0
9,9,0
3,3,0
3,5,2
2,2,0
2,4,2
2,2,0
2,6,4
0,0,0
20,20,0
3,5,2
100,104,4
3,3,0
2,4,2
6,6,0
3,3,0
2,2,0
2,2,0
3,5,2
2,5,3
2,2,0
2,2,0
6,24,18
3,3,0
2,3,1
9,9,0
2,8,6
1,2,1
2,2,0
8,8,0
2,2,0
2,2,0
3,3,0
2,9,7
3,5,2
2,2,0
3,3,0
2,4,2
2,2,0
3,3,0
3,3,0
2,2,0
2,2,0
61,64,3
79,79,0
2,2,0
2,2,0
2,2,0
3,5,2
1,2,1
3,5,2
2,9,7
0,0,0
3,5,2
2,2,0
2,2,0
3,7,4
0,0,0
1,23,22
3,3,0
2,2,0
2,2,0
3,5,2
135,140,5
9,9,0
2,4,2
3,6,3
6,6,0
3,6,3
2,2,0
1,1,0
3,3,0
2,2,0
2,2,0
9,9,0
55,55,0
3,9,6
0,0,0
0,0,0
2,2,0
2,2,0
11,26,15
2,2,0
3,3,0
56,56,0
0,0,0
3,6,3
3,16,13
5,7,2
2,4,2
2,6,4
2,3,1
2,13,11
107,107,0
3,4,1
17,17,0
2,4,2
3,6,3
3,3,0
1,1,0
2,2,0
2,2,0
2,2,0
2,2,0
4,73,69
1,67,66
2,7,5
2,4,2
2,2,0
2,2,0
5,7,2
1,23,22
2,2,0
2,2,0
21,21,0
3,3,0
2,2,0
2,3,1
10,11,1
3,3,0
3,8,5
1,1,0
2,2,0
5,5,0
6,10,4
2,2,0
3,3,0
2,4,2
0,0,0
0,0,0
2,6,4
2,2,0
2,2,0
3,11,8
106,109,3
0,0,0
3,6,3
2,2,0
2,2,0
2,2,0
3,7,4
3,10,7
2,2,0
2,2,0
2,4,2
2,2,0
10,10,0
2,2,0
2,2,0
3,3,0
2,2,0
2,10,8
10,10,0
2,2,0
3,3,0
2,2,0
22,22,0
2,2,0
0,0,0
2,2,0
4,114,110
9,9,0
1,2,1
8,8,0
29,31,2
1,2,1
2,2,0
2,2,0
2,2,0
3,5,2
0,0,0
2,2,0
8,8,0
2,6,4
2,2,0
3,3,0
20,20,0
11,11,0
3,7,4
3,3,0
1,1,0
2,2,0
2,2,0
4,4,0
3,3,0
2,2,0
2,4,2
2,2,0
8,8,0
1,1,0
2,2,0
2,2,0
3,3,0
1,8,7
3,4,1
2,2,0
10,14,4
5,7,2
57,64,7
2,2,0
7,7,0
4,4,0
1,1,0
3,3,0
1,4,3
1,72,71
36,36,0
2,2,0
2,2,0
1,1,0
3,6,3
3,3,0
2,4,2
0,0,0
2,4,2
3,6,3
2,9,7
50,52,2
2,2,0
2,2,0
4,4,0
11,44,33
22,32,10
2,4,2
1,2,1
2,2,0
1,55,54
3,3,0
1,1,0
2,2,0
2,2,0
1,1,0
2,2,0
3,6,3
11,55,44
3,5,2
2,2,0
2,2,0
6,7,1
3,9,6
8,8,0
2,2,0
3,3,0
2,2,0
3,7,4
3,9,6
3,6,3
0,0,0
16,16,0
1,1,0
2,2,0
1,76,75
67,140,73
2,2,0
2,2,0
2,2,0
3,3,0
2,2,0
2,2,0
109,240,131
0,0,0
2,2,0
1,25,24
2,2,0
3,3,0
3,5,2
3,5,2
2,2,0
3,3,0
3,7,4
12,12,0
2,2,0
2,2,0
3,8,5
2,2,0
3,5,2
1,2,1
3,7,4
2,2,0
3,3,0
2,7,5
3,3,0
2,2,0
3,3,0
2,2,0
2,2,0
2,2,0
1,2,1
8,8,0
2,4,2
2,122,120
3,20,17
2,4,2
3,3,0
3,3,0
0,0,0
2,4,2
4,4,0
3,3,0
2,3,1
10,10,0
7,15,8
3,3,0
2,2,0
3,3,0
3,3,0
2,6,4
3,5,2
2,2,0
8,9,1
2,2,0
9,9,0
2,2,0
3,11,8
3,3,0
2,2,0
2,6,4
1,1,0
2,2,0
1,1,0
2,4,2
5,8,3
0,0,0
2,2,0
4,5,1
2,2,0
2,2,0
3,8,5
3,28,25
3,3,0
2,2,0
6,6,0
2,5,3
3,8,5
3,5,2
19,23,4
2,2,0
2,10,8
115,115,0
42,42,0
3,3,0
3,5,2
23,24,1
2,2,0
2,4,2
2,2,0
3,5,2
2,2,0
3,6,3
2,2,0
3,5,2
3,3,0
1,2,1
3,3,0
4,4,0
3,7,4
2,4,2
2,2,0
2,2,0
2,3,1
2,2,0
2,11,9
1,2,1
11,11,0
0,0,0
2,2,0
3,3,0
1,36,35
1,1,0
3,3,0
1,25,24
2,2,0
2,4,2
2,2,0
2,2,0
3,3,0
3,3,0
2,4,2
2,2,0
1,1,0
2,2,0
4,10,6
3,3,0
3,3,0
17,23,6
3,3,0
2,4,2
0,0,0
1,22,21
3,3,0
2,37,35
1,7,6
61,71,10
2,2,0
2,64,62
40,40,0
4,19,15
9,9,0
3,3,0
3,4,1
2,2,0
2,2,0
1,2,1
2,2,0
3,3,0
2,6,4
2,2,0
3,3,0
3,7,4
17,17,0
2,2,0
3,3,0
9,9,0
4,13,9
3,6,3
8,8,0
2,2,0
2,2,0
3,4,1
2,2,0
2,2,0
2,2,0
9,9,0
2,2,0
2,2,0
2,2,0
2,2,0
2,2,0
3,3,0
2,80,78
2,2,0
1,3,2
3,6,3
12,12,0
2,5,3
3,10,7
1,2,1
2,2,0
3,19,16
2,14,12
2,2,0
2,2,0
1,1,0
3,6,3
0,0,0
2,15,13
24,24,0
2,2,0
2,2,0
2,2,0
3,5,2
3,3,0
1,1,0
2,2,0
2,4,2
29,29,0
3,5,2
3,4,1
2,3,1
1,1,0
1,7,6
2,2,0
1,1,0
34,34,0
3,5,2
2,2,0
1,21,20
3,3,0
8,8,0
2,2,0
1,1,0
19,19,0
3,3,0
2,2,0
0,0,0
2,4,2
2,4,2
3,9,6
3,3,0
3,7,4
0,0,0
100,104,4
2,2,0
42,42,0
8,8,0
3,3,0
9,9,0
2,2,0
3,3,0
3,9,6
3,7,4
8,8,0
2,4,2
2,5,3
3,24,21
3,3,0
2,6,4
3,3,0
12,12,0
1,2,1
20,65,45
2,2,0
2,4,2
2,2,0
1,1,0
3,6,3
5,5,0
5,5,0
2,2,0
3,3,0
2,3,1
3,3,0
8,8,0
3,4,1
82,82,0
2,2,0
3,5,2
1,6,5
3,5,2
2,2,0
2,36,34
2,6,4
23,27,4
2,2,0
3,3,0
0,0,0
3,8,5
3,4,1
2,2,0
96,96,0
2,23,21
0,0,0
3,3,0
9,9,0
2,2,0
8,8,0
2,2,0
2,2,0
1,2,1
2,2,0
2,2,0
2,2,0
2,2,0
3,3,0
2,2,0
4,27,23
2,2,0
1,3,2
2,2,0
2,2,0
133,135,2
2,2,0
2,11,9
0,0,0
3,3,0
5,5,0
2,2,0
0,0,0
0,0,0
1,2,1
3,3,0
3,3,0
9,14,5
0,0,0
3,3,0
48,54,6
3,3,0
3,7,4
1,71,70
9,9,0
3,12,9
1,2,1
3,26,23
1,2,1
2,6,4
57,57,0
2,13,11
2,2,0
3,3,0
2,2,0
3,10,7
1,7,6
6,27,21
2,2,0
12,12,0
2,2,0
2,2,0
1,5,4
2,4,2
2,2,0
3,7,4
2,2,0
1,11,10
2,3,1
2,4,2
8,8,0
2,3,1
2,2,0
2,5,3
3,7,4
16,16,0
2,2,0
2,2,0
2,7,5
2,2,0
3,5,2
2,2,0
16,16,0
2,5,3
3,7,4
2,2,0
2,2,0
3,3,0
6,6,0
2,2,0
2,47,45
12,12,0
8,8,0
2,2,0
3,3,0
3,13,10
2,2,0
2,5,3
3,8,5
2,2,0
2,2,0
2,2,0
3,5,2
8,8,0
1,1,0
77,77,0
3,11,8
2,2,0
2,2,0
2,2,0
2,2,0
2,4,2
2,4,2
5,5,0
0,0,0
2,3,1
2,2,0
2,2,0
2,2,0
3,3,0
2,2,0
2,4,2
2,2,0
3,3,0
2,2,0
2,2,0
2,2,0
3,10,7
2,2,0
2,2,0
3,5,2
2,2,0
2,2,0
3,3,0
2,4,2
2,2,0
2,4,2
2,4,2
3,3,0
3,3,0
14,14,0
2,2,0
4,4,0
3,3,0
2,2,0
1,4,3
3,3,0
2,9,7
0,0,0
8,8,0
4,4,0
3,3,0
2,2,0
2,2,0
2,2,0
2,2,0
2,2,0
3,3,0
3,3,0
2,2,0
2,80,78
2,2,0
3,3,0
8,110,102
3,3,0
2,2,0
2,2,0
2,2,0
3,10,7
9,9,0
2,2,0
4,4,0
3,5,2
2,2,0
3,3,0
30,30,0
2,2,0
3,7,4
3,9,6
6,17,11
2,2,0
2,2,0
2,2,0
3,7,4
9,9,0
2,2,0
2,2,0
2,2,0
2,2,0
20,21,1
3,5,2
2,2,0
8,8,0
2,80,78
2,2,0
2,2,0
2,2,0
11,11,0
2,2,0
1,25,24
1,2,1
1,1,0
2,2,0
0,0,0
2,4,2
2,4,2
2,2,0
2,2,0
3,5,2
2,2,0
2,2,0
1,2,1
1,76,75
51,51,0
2,6,4
2,2,0
1,2,1
1,5,4
3,5,2
2,2,0
2,4,2
3,3,0
2,10,8
2,2,0
2,2,0
2,2,0
1,6,5
2,5,3
2,2,0
3,3,0
3,3,0
2,4,2
2,2,0
2,112,110
3,3,0
2,2,0
2,23,21
2,2,0
3,5,2
2,17,15
2,2,0
3,3,0
3,7,4
3,3,0
2,4,2
2,2,0
24,24,0
51,74,23
2,2,0
2,4,2
17,18,1
1,8,7
2,6,4
3,6,3
27,43,16
3,3,0
3,3,0
1,3,2
2,6,4
2,2,0
6,6,0
2,4,2
2,2,0
6,6,0
1,2,1
2,2,0
1,1,0
0,0,0
1,1,0
2,2,0
3,3,0
3,3,0
63,63,0
2,2,0
2,4,2
1,2,1
2,2,0
2,2,0
2,2,0
2,2,0
3,5,2
2,5,3
2,2,0
2,8,6
8,8,0
2,12,10
6,22,16
2,2,0
8,8,0
52,52,0
2,2,0
7,24,17
2,2,0
2,2,0
11,15,4
3,11,8
3,5,2
2,4,2
3,9,6
2,2,0
1,1,0
9,9,0
3,3,0
3,3,0
3,20,17
2,4,2
2,2,0
8,8,0
0,0,0
3,6,3
2,4,2
7,7,0
2,2,0
1,23,22
3,3,0
2,6,4
2,8,6
2,2,0
1,7,6
2,2,0
2,2,0
3,3,0
3,3,0
36,45,9
3,5,2
2,5,3
2,2,0
3,3,0
0,0,0
7,7,0
2,2,0
6,6,0
2,2,0
8,82,74
0,0,0
3,5,2
2,3,1
2,5,3
3,3,0
2,2,0
3,3,0
3,3,0
2,2,0
3,5,2
2,2,0
4,17,13
2,2,0
3,3,0
2,4,2
10,10,0
2,2,0
1,1,0
2,3,1
2,17,15
1,3,2
3,3,0
3,15,12
2,2,0
3,4,1
4,6,2
3,3,0
3,5,2
51,74,23
1,25,24
2,2,0
3,5,2
2,2,0
2,6,4
2,29,27
1,1,0
2,2,0
3,3,0
3,26,23
3,10,7
4,4,0
2,2,0
2,2,0
100,100,0
1,1,0
2,2,0
3,3,0
3,5,2
2,2,0
3,3,0
2,2,0
7,7,0
2,2,0
2,2,0
3,3,0
4,4,0
3,3,0
3,27,24
2,6,4
2,3,1
8,8,0
2,2,0
2,2,0
1,36,35
2,2,0
1,3,2
2,2,0
4,21,17
10,19,9
1,3,2
2,28,26
2,2,0
2,2,0
3,3,0
5,5,0
3,5,2
7,7,0
2,4,2
2,4,2
4,4,0
3,3,0
1,2,1
2,2,0
3,7,4
2,3,1
22,22,0
3,3,0
0,0,0
3,3,0
2,2,0
28,122,94
2,2,0
2,2,0
3,6,3
2,2,0
3,4,1
2,2,0
2,2,0
9,9,0
2,2,0
2,2,0
2,2,0
18,18,0
3,3,0
3,3,0
96,110,14
3,5,2
9,9,0
1,3,2
60,60,0
3,3,0
2,18,16
9,9,0
100,149,49
3,7,4
11,12,1
2,4,2
8,8,0
2,3,1
2,2,0
3,3,0
3,5,2
1,4,3
2,3,1
3,3,0
5,5,0
2,4,2
4,9,5
5,5,0
2,2,0
5,5,0
2,4,2
3,3,0
2,2,0
3,5,2
2,82,80
8,8,0
11,14,3
60,60,0
3,3,0
61,61,0
10,10,0
36,44,8
2,3,1
2,2,0
6,8,2
2,2,0
2,28,26
3,3,0
2,2,0
2,2,0
2,2,0
2,2,0
2,2,0
2,32,30
8,8,0
11,11,0
2,2,0
8,8,0
10,14,4
3,5,2
2,16,14
2,2,0
2,2,0
3,4,1
2,6,4
3,23,20
2,2,0
1,3,2
3,3,0
3,7,4
2,4,2
9,9,0
3,5,2
1,1,0
2,2,0
3,3,0
4,43,39
3,3,0
11,11,0
3,4,1
3,3,0
3,3,0
2,9,7
53,218,165
10,27,17
1,2,1
2,11,9
12,12,0
3,3,0
2,2,0
2,2,0
1,1,0
2,2,0
2,2,0
2,4,2
2,4,2
2,69,67
12,12,0
2,4,2
8,10,2
2,3,1
3,3,0
2,4,2
2,4,2
1,2,1
8,8,0
2,2,0
2,2,0
2,2,0
2,6,4
31,31,0
20,20,0
2,2,0
8,8,0
2,5,3
10,10,0
2,3,1
2,2,0
2,2,0
2,2,0
2,19,17
2,2,0
2,2,0
2,2,0
3,6,3
14,14,0
3,3,0
8,8,0
1,3,2
3,3,0
3,3,0
8,12,4
3,5,2
15,15,0
3,16,13
8,8,0
2,2,0
3,5,2
1,1,0
2,2,0
1,2,1
2,2,0
2,2,0
3,7,4
2,2,0
3,5,2
8,8,0
8,9,1
8,8,0
3,25,22
2,2,0
2,2,0
1,4,3
34,34,0
2,10,8
1,2,1
2,2,0
2,2,0
2,3,1
2,4,2
2,2,0
2,3,1
2,2,0
2,2,0
2,2,0
2,2,0
1,1,0
2,6,4
2,2,0
2,2,0
32,32,0
10,17,7
3,25,22
0,0,0
2,2,0
5,5,0
2,4,2
10,10,0
2,2,0
2,2,0
2,2,0
27,91,64
2,8,6
2,2,0
2,2,0
2,2,0
3,10,7
44,44,0
2,2,0
2,2,0
10,10,0
3,5,2
2,2,0
2,8,6
2,5,3
3,4,1
2,2,0
2,3,1
2,2,0
9,11,2
3,10,7
5,8,3
2,6,4
2,6,4
2,2,0
5,5,0
2,2,0
2,119,117
3,3,0
2,2,0
2,2,0
9,9,0
4,6,2
1,2,1
3,5,2
2,2,0
2,2,0
2,2,0
2,4,2
1,1,0
2,3,1
0,0,0
1,3,2
2,2,0
2,2,0
3,7,4
100,100,0
2,2,0
1,1,0
3,6,3
0,0,0
3,4,1
2,2,0
3,5,2
2,2,0
2,4,2
3,11,8
2,2,0
3,7,4
10,10,0
2,2,0
3,5,2
2,2,0
2,7,5
10,10,0
2,2,0
1,1,0
40,45,5
2,2,0
1,1,0
0,0,0
3,5,2
2,4,2
2,2,0
3,11,8
3,5,2
3,3,0
2,2,0
2,2,0
3,3,0
59,115,56
1,1,0
2,2,0
2,2,0
2,80,78
3,3,0
2,2,0
13,13,0
2,5,3
9,9,0
2,2,0
3,3,0
2,7,5
1,1,0
10,10,0
3,10,7
3,6,3
2,2,0
9,9,0
2,6,4
192,192,0
3,3,0
3,5,2
2,2,0
2,2,0
2,2,0
2,2,0
13,44,31
2,2,0
2,2,0
3,7,4
2,2,0
1,3,2
2,88,86
6,64,58
2,2,0
2,4,2
10,10,0
175,175,0
2,17,15
3,3,0
3,3,0
2,9,7
3,5,2
3,9,6
2,2,0
2,8,6
8,8,0
2,4,2
2,2,0
2,5,3
2,2,0
3,3,0
3,5,2
3,3,0
1,1,0
7,7,0
10,10,0
2,6,4
3,6,3
2,2,0
0,0,0
3,6,3
48,50,2
3,7,4
3,13,10
2,2,0
0,0,0
2,13,11
0,0,0
8,8,0
15,15,0
2,3,1
0,0,0
1,4,3
3,16,13
2,2,0
2,11,9
3,3,0
2,2,0
3,3,0
3,3,0
8,8,0
2,2,0
3,87,84
2,2,0
3,5,2
3,3,0
2,2,0
3,4,1
3,10,7
1,17,16
3,5,2
2,2,0
0,0,0
3,3,0
3,5,2
3,7,4
4,73,69
2,4,2
3,6,3
1,1,0
2,8,6
2,2,0
2,6,4
100,104,4
27,27,0
2,2,0
6,35,29
3,3,0
19,19,0
2,2,0
2,2,0
2,2,0
2,2,0
3,3,0
0,0,0
2,2,0
1,3,2
5,6,1
8,8,0
6,6,0
2,2,0
1,4,3
3,3,0
2,16,14
2,2,0
9,9,0
24,24,0
3,4,1
2,6,4
2,8,6
133,135,2
3,5,2
1,1,0
1,4,3
2,2,0
2,2,0
2,2,0
2,2,0
3,3,0
18,18,0
3,5,2
3,3,0
6,6,0
2,3,1
2,5,3
2,5,3
5,48,43
3,3,0
3,5,2
2,2,0
3,4,1
2,5,3
2,2,0
133,135,2
150,167,17
3,10,7
1,1,0
2,2,0
2,2,0
2,4,2
2,4,2
3,3,0
2,2,0
7,7,0
2,4,2
1,1,0
2,23,21
9,9,0
2,3,1
3,10,7
31,31,0
2,7,5
1,4,3
0,0,0
2,2,0
2,2,0
2,2,0
3,3,0
3,3,0
3,5,2
3,6,3
11,12,1
2,2,0
1,1,0
10,10,0
8,8,0
2,3,1
10,10,0
1,25,24
2,2,0
2,2,0
2,2,0
6,9,3
0,0,0
0,0,0
34,36,2
2,2,0
2,11,9
5,8,3
3,3,0
2,6,4
1,24,23
10,14,4
3,3,0
3,3,0
3,5,2
3,3,0
2,6,4
2,2,0
2,2,0
1,27,26
3,20,17
3,5,2
3,3,0
2,2,0
3,3,0
1,144,143
3,5,2
2,2,0
2,2,0
2,2,0
2,2,0
1,27,26
2,2,0
2,2,0
1,10,9
2,2,0
2,2,0
0,0,0
2,2,0
3,3,0
3,6,3
10,10,0
2,2,0
2,2,0
2,4,2
3,22,19
2,7,5
20,28,8
2,2,0
2,2,0
4,4,0
1,13,12
2,2,0
2,2,0
2,2,0
2,2,0
2,2,0
2,2,0
3,4,1
1,9,8
2,2,0
2,2,0
2,2,0
3,3,0
3,4,1
1,1,0
3,3,0
2,2,0
0,0,0
2,2,0
6,16,10
3,9,6
1,1,0
2,2,0
2,2,0
2,2,0
2,2,0
2,44,42
1,2,1
2,2,0
3,3,0
4,4,0
2,2,0
3,3,0
7,7,0
1,3,2
2,3,1
2,2,0
2,2,0
3,3,0
2,6,4
1,4,3
2,2,0
3,5,2
3,5,2
1,2,1
56,65,9
2,4,2
45,45,0
3,6,3
28,60,32
1,54,53
3,3,0
2,4,2
2,2,0
2,2,0
2,6,4
2,2,0
2,2,0
3,19,16
9,9,0
2,2,0
2,2,0
2,5,3
6,6,0
2,2,0
6,6,0
2,4,2
1,1,0
2,2,0
3,4,1
3,3,0
2,2,0
2,2,0
2,4,2
2,2,0
2,4,2
2,2,0
4,4,0
2,2,0
2,4,2
1,1,0
2,2,0
2,2,0
3,3,0
8,8,0
2,2,0
3,10,7
3,3,0
2,2,0
2,18,16
8,8,0
2,2,0
3,8,5
2,7,5
2,2,0
2,9,7
1,1,0
27,27,0
3,3,0
2,2,0
2,10,8
2,2,0
3,3,0
7,7,0
8,8,0
2,2,0
1,1,0
2,2,0
51,53,2
2,2,0
2,2,0
2,2,0
1,1,0
2,2,0
3,7,4
2,4,2
2,2,0
2,7,5
3,3,0
3,5,2
11,11,0
9,9,0
2,4,2
3,3,0
2,2,0
2,2,0
2,4,2
2,2,0
4,4,0
2,2,0
3,3,0
3,5,2
1,1,0
1,2,1
3,3,0
5,5,0
2,2,0
3,5,2
1,1,0
9,9,0
10,18,8
3,3,0
2,2,0
2,4,2
2,23,21
8,8,0
1,1,0
2,3,1
4,4,0
2,2,0
2,7,5
2,2,0
2,2,0
2,2,0
2,2,0
3,5,2
12,12,0
2,2,0
2,2,0
3,12,9
1,20,19
8,8,0
2,2,0
2,2,0
25,25,0
6,6,0
2,3,1
2,2,0
9,9,0
5,5,0
2,5,3
2,2,0
2,2,0
1,3,2
3,3,0
2,2,0
3,3,0
2,2,0
2,2,0
3,7,4
2,2,0
0,0,0
1,1,0
3,5,2
2,10,8
3,5,2
3,7,4
0,0,0
1,7,6
2,2,0
1,66,65
2,2,0
2,2,0
1,6,5
2,2,0
2,19,17
2,19,17
2,2,0
3,3,0
2,4,2
1,1,0
2,2,0
1,1,0
9,9,0
3,3,0
2,2,0
2,5,3
4,4,0
2,2,0
2,2,0
0,0,0
2,2,0
1,11,10
2,4,2
8,8,0
3,3,0
2,2,0
3,5,2
3,7,4
3,3,0
3,3,0
3,9,6
2,13,11
0,0,0
6,6,0
5,8,3
13,53,40
26,29,3
0,0,0
1,79,78
3,3,0
2,4,2
2,2,0
9,9,0
2,6,4
3,12,9
1,2,1
8,8,0
88,99,11
3,3,0
3,3,0
1,2,1
3,7,4
1,8,7
4,8,4
3,6,3
1,24,23
0,0,0
1,2,1
2,2,0
3,8,5
3,9,6
3,3,0
3,15,12
3,3,0
3,22,19
2,2,0
2,2,0
2,5,3
63,63,0
2,2,0
8,10,2
0,0,0
3,16,13
3,5,2
22,22,0
3,3,0
3,3,0
9,9,0
2,2,0
3,3,0
3,3,0
2,2,0
8,8,0
3,3,0
4,4,0
0,0,0
2,2,0
2,2,0
2,2,0
2,2,0
2,2,0
2,2,0
2,2,0
3,5,2
22,22,0
2,2,0
5,5,0
1,1,0
3,5,2
3,3,0
2,2,0
9,32,23
3,3,0
1,2,1
2,2,0
2,2,0
3,5,2
2,2,0
5,5,0
2,2,0
4,97,93
4,5,1
0,0,0
2,8,6
3,3,0
3,5,2
3,3,0
30,30,0
2,2,0
3,3,0
3,15,12
2,2,0
2,2,0
2,2,0
1,1,0
3,3,0
1,2,1
3,3,0
3,6,3
4,5,1
2,2,0
2,2,0
107,107,0
2,2,0
2,2,0
3,5,2
1,1,0
8,8,0
3,3,0
3,5,2
2,2,0
2,80,78
2,2,0
1,15,14
2,2,0
2,2,0
5,5,0
3,5,2
2,2,0
3,3,0
2,2,0
6,6,0
2,2,0
2,2,0
9,9,0
3,11,8
2,2,0
10,10,0
30,33,3
2,3,1
3,3,0
2,2,0
2,8,6
2,2,0
2,2,0
2,2,0
1,1,0
2,2,0
3,3,0
2,2,0
3,46,43
2,9,7
3,3,0
2,2,0
1,5,4
2,2,0
2,2,0
1,12,11
2,2,0
2,2,0
10,10,0
2,22,20
2,2,0
3,3,0
3,7,4
8,8,0
2,4,2
1,2,1
3,5,2
2,2,0
1,18,17
3,14,11
2,2,0
2,2,0
3,5,2
2,84,82
2,2,0
2,3,1
2,2,0
1,2,1
8,8,0
2,2,0
1,1,0
2,6,4
2,2,0
3,3,0
2,2,0
2,2,0
8,8,0
2,4,2
0,0,0
3,3,0
3,3,0
3,3,0
3,3,0
2,2,0
1,1,0
1,11,10
3,5,2
2,2,0
0,0,0
3,4,1
53,56,3
2,2,0
3,3,0
4,4,0
2,10,8
7,7,0
20,20,0
3,3,0
2,2,0
3,7,4
3,7,4
6,20,14
2,2,0
3,5,2
3,6,3
2,4,2
2,2,0
1,3,2
4,4,0
3,10,7
1,1,0
2,3,1
1,2,1
3,20,17
34,34,0
2,2,0
1,1,0
2,2,0
2,2,0
1,1,0
3,5,2
3,3,0
3,3,0
1,93,92
2,4,2
1,1,0
1,2,1
3,4,1
3,8,5
1,20,19
2,2,0
3,76,73
3,3,0
12,12,0
6,10,4
2,48,46
8,31,23
3,15,12
4,5,1
3,3,0
3,3,0
2,2,0
3,3,0
3,7,4
2,84,82
2,2,0
2,2,0
2,2,0
0,0,0
1,2,1
3,3,0
4,5,1
2,2,0
1,1,0
3,5,2
6,8,2
2,2,0
9,9,0
0,0,0
7,11,4
2,2,0
2,2,0
5,6,1
2,2,0
2,2,0
2,2,0
2,2,0
0,0,0
0,0,0
3,5,2
2,3,1
3,7,4
2,4,2
2,2,0
2,2,0
3,10,7
1,4,3
2,2,0
2,2,0
2,6,4
2,2,0
3,3,0
2,2,0
3,3,0
3,5,2
7,7,0
3,5,2
0,0,0
3,5,2
0,0,0
2,2,0
2,2,0
7,7,0
3,3,0
1,5,4
3,5,2
2,2,0
3,3,0
1,1,0
2,2,0
2,2,0
1,1,0
2,2,0
2,2,0
3,3,0
1,1,0
32,32,0
2,4,2
3,3,0
2,4,2
2,2,0
1,1,0
2,2,0
3,7,4
1,1,0
0,0,0
2,25,23
2,2,0
2,2,0
4,7,3
9,9,0
2,2,0
2,4,2
3,5,2
2,2,0
3,8,5
3,3,0
2,2,0
5,5,0
2,2,0
4,4,0
1,1,0
3,5,2
2,2,0
5,20,15
3,3,0
2,2,0
2,2,0
3,3,0
3,3,0
2,6,4
3,3,0
2,2,0
2,3,1
1,23,22
1,6,5
10,10,0
2,2,0
1,13,12
3,5,2
1,24,23
3,6,3
2,14,12
2,2,0
9,9,0
2,2,0
2,2,0
2,7,5
2,2,0
3,3,0
63,63,0
2,8,6
35,70,35
8,8,0
2,2,0
30,33,3
2,2,0
2,2,0
2,2,0
2,2,0
4,10,6
18,18,0
3,3,0
13,13,0
3,5,2
2,2,0
2,4,2
3,3,0
3,3,0
3,5,2
2,12,10
3,7,4
2,3,1
4,4,0
0,0,0
2,2,0
3,3,0
4,4,0
2,2,0
3,9,6
2,2,0
2,12,10
1,23,22
2,4,2
3,3,0
3,7,4
2,4,2
3,3,0
2,2,0
2,2,0
3,8,5
2,4,2
3,5,2
2,2,0
3,3,0
2,2,0
2,2,0
2,2,0
0,0,0
3,7,4
2,2,0
2,6,4
3,3,0
3,3,0
7,7,0
77,79,2
3,5,2
2,2,0
2,2,0
2,2,0
9,9,0
2,4,2
1,2,1
0,0,0
2,4,2
0,0,0
3,3,0
3,5,2
3,16,13
2,2,0
3,7,4
2,4,2
2,2,0
2,2,0
47,47,0
2,2,0
1,4,3
2,5,3
3,3,0
2,13,11
69,164,95
3,8,5
2,2,0
1,1,0
2,2,0
3,3,0
35,47,12
2,5,3
11,11,0
3,3,0
2,2,0
8,8,0
9,9,0
4,4,0
2,2,0
1,19,18
3,4,1
3,5,2
2,2,0
3,3,0
2,4,2
3,3,0
2,2,0
3,3,0
60,84,24
3,3,0
3,3,0
2,4,2
3,3,0
3,3,0
1,2,1
3,3,0
3,3,0
2,4,2
4,6,2
2,2,0
1,1,0
2,2,0
20,20,0
2,2,0
3,5,2
1,1,0
129,129,0
3,6,3
2,2,0
4,22,18
100,100,0
2,2,0
3,5,2
2,2,0
2,3,1
2,2,0
2,2,0
1,2,1
3,5,2
2,2,0
3,3,0
2,13,11
6,6,0
3,14,11
2,4,2
2,2,0
2,2,0
2,6,4
2,2,0
3,5,2
3,3,0
3,3,0
3,9,6
3,3,0
2,4,2
2,4,2
2,4,2
2,2,0
1,2,1
3,5,2
2,2,0
9,9,0
3,8,5
3,5,2
2,16,14
2,2,0
2,2,0
2,2,0
4,18,14
1,5,4
2,2,0
30,30,0
8,8,0
44,44,0
2,2,0
3,9,6
3,3,0
3,3,0
1,60,59
1,2,1
6,6,0
2,2,0
2,2,0
0,0,0
2,2,0
4,4,0
2,3,1
2,2,0
2,2,0
4,10,6
3,3,0
3,5,2
8,8,0
8,8,0
2,2,0
1,1,0
4,4,0
2,4,2
0,0,0
2,2,0
5,9,4
3,3,0
2,6,4
3,3,0
2,2,0
2,5,3
2,2,0
3,5,2
11,11,0
2,2,0
2,2,0
3,3,0
2,4,2
2,2,0
0,0,0
2,2,0
2,4,2
3,3,0
6,6,0
2,2,0
3,3,0
2,2,0
5,7,2
2,3,1
3,5,2
1,1,0
2,2,0
2,2,0
2,2,0
6,6,0
1,1,0
2,2,0
3,3,0
3,5,2
1,1,0
0,0,0
3,5,2
3,7,4
0,0,0
2,2,0
3,5,2
3,3,0
3,3,0
1,7,6
8,8,0
2,4,2
3,5,2
2,2,0
2,3,1
2,4,2
3,5,2
2,2,0
2,2,0
49,49,0
3,3,0
2,2,0
3,15,12
8,8,0
4,4,0
3,3,0
1,1,0
1,1,0
2,2,0
9,9,0
3,7,4
2,4,2
3,3,0
2,2,0
2,2,0
2,2,0
2,2,0
8,8,0
1,5,4
88,90,2
2,2,0
2,6,4
2,2,0
1,2,1
2,2,0
2,3,1
2,2,0
2,3,1
2,2,0
2,80,78
11,11,0
2,2,0
3,3,0
2,2,0
2,2,0
4,71,67
2,2,0
2,2,0
3,3,0
48,48,0
3,4,1
39,40,1
2,4,2
3,9,6
3,9,6
5,5,0
3,3,0
2,2,0
2,2,0
2,2,0
3,5,2
2,2,0
3,3,0
3,5,2
2,2,0
2,2,0
0,0,0
2,2,0
2,4,2
2,2,0
88,167,79
1,1,0
3,24,21
2,2,0
3,5,2
2,11,9
3,4,1
2,2,0
2,2,0
2,2,0
2,15,13
2,7,5
2,2,0
49,100,51
2,4,2
0,0,0
3,3,0
3,3,0
0,0,0
11,11,0
3,3,0
20,47,27
3,3,0
2,2,0
2,8,6
2,2,0
2,2,0
2,3,1
2,2,0
3,65,62
58,59,1
1,1,0
1,2,1
2,2,0
82,83,1
1,1,0
2,40,38
1,1,0
3,3,0
3,3,0
1,5,4
3,3,0
2,2,0
3,3,0
2,2,0
65,65,0
3,3,0
1,1,0
2,2,0
1,3,2
10,10,0
2,2,0
5,11,6
5,5,0
3,3,0
1,56,55
4,38,34
1,1,0
2,36,34
2,2,0
3,3,0
2,2,0
3,5,2
0,0,0
2,4,2
3,3,0
2,2,0
2,2,0
3,6,3
2,2,0
3,9,6
3,19,16
2,2,0
2,2,0
0,0,0
1,6,5
3,7,4
2,2,0
3,3,0
10,11,1
2,11,9
2,4,2
2,2,0
2,2,0
1,4,3
2,23,21
5,5,0
2,14,12
1,2,1
2,6,4
2,2,0
1,11,10
3,3,0
19,19,0
8,8,0
1,2,1
2,3,1
3,3,0
2,2,0
0,0,0
15,17,2
3,3,0
3,3,0
3,5,2
2,4,2
3,6,3
3,3,0
2,2,0
3,7,4
2,2,0
1,1,0
2,2,0
3,3,0
1,4,3
1,72,71
3,20,17
3,4,1
2,4,2
9,9,0
2,2,0
1,1,0
2,2,0
4,4,0
3,3,0
1,26,25
3,3,0
1,1,0
3,3,0
8,11,3
2,2,0
2,2,0
0,0,0
1,20,19
1,1,0
2,2,0
100,100,0
3,5,2
2,10,8
2,2,0
1,25,24
3,3,0
3,3,0
8,8,0
3,5,2
3,4,1
20,20,0
5,5,0
2,9,7
2,2,0
91,92,1
3,3,0
2,2,0
2,2,0
98,98,0
2,3,1
2,2,0
2,2,0
3,3,0
2,4,2
3,3,0
3,3,0
1,5,4
2,2,0
0,0,0
5,7,2
2,2,0
2,2,0
4,4,0
2,2,0
1,21,20
2,2,0
7,7,0
2,2,0
3,3,0
2,2,0
3,6,3
2,2,0
2,2,0
2,2,0
1,1,0
0,0,0
2,2,0
0,0,0
1,1,0
2,2,0
3,3,0
2,2,0
2,2,0
1,1,0
1,1,0
2,8,6
2,19,17
20,20,0
4,7,3
3,3,0
12,14,2
3,21,18
14,14,0
2,2,0
1,6,5
3,3,0
3,3,0
3,9,6
3,4,1
11,11,0
8,8,0
12,12,0
4,4,0
2,2,0
3,3,0
1,7,6
3,7,4
1,6,5
1,1,0
2,4,2
1,1,0
40,51,11
3,8,5
3,3,0
1,1,0
2,2,0
1,1,0
10,10,0
2,5,3
57,158,101
40,40,0
2,2,0
3,3,0
2,198,196
2,2,0
2,46,44
22,25,3
2,26,24
2,2,0
2,12,10
3,3,0
3,5,2
0,0,0
2,19,17
3,3,0
1,46,45
2,2,0
2,80,78
2,2,0
3,5,2
3,3,0
2,2,0
2,2,0
12,18,6
2,80,78
2,2,0
3,5,2
2,2,0
2,2,0
2,4,2
2,2,0
6,6,0
2,2,0
2,6,4
3,3,0
2,2,0
2,2,0
1,11,10
3,10,7
2,2,0
2,2,0
8,8,0
2,2,0
1,10,9
3,3,0
2,28,26
2,4,2
2,2,0
17,25,8
3,3,0
20,20,0
2,2,0
3,9,6
2,2,0
4,4,0
3,30,27
4,8,4
2,2,0
2,4,2
4,4,0
2,2,0
2,2,0
2,2,0
0,0,0
2,2,0
3,26,23
3,3,0
2,3,1
0,0,0
2,15,13
2,2,0
50,53,3
2,4,2
2,2,0
3,5,2
1,4,3
3,13,10
3,5,2
1,1,0
0,0,0
2,2,0
2,2,0
2,2,0
2,2,0
0,0,0
2,4,2
1,1,0
2,2,0
0,0,0
2,5,3
3,3,0
0,0,0
3,7,4
51,53,2
2,3,1
2,2,0
0,0,0
2,2,0
9,9,0
5,5,0
3,39,36
2,4,2
0,0,0
5,5,0
2,2,0
3,3,0
8,8,0
2,2,0
0,0,0
2,2,0
3,3,0
1,21,20
2,3,1
3,3,0
100,100,0
97,97,0
8,8,0
2,2,0
0,0,0
3,3,0
2,2,0
2,2,0
2,2,0
1,2,1
1,5,4
9,9,0
2,5,3
2,3,1
3,16,13
8,8,0
2,2,0
3,13,10
2,4,2
3,7,4
2,2,0
0,0,0
3,9,6
2,2,0
2,4,2
1,1,0
3,3,0
95,95,0
2,13,11
1,1,0
2,4,2
2,2,0
2,4,2
3,3,0
2,14,12
3,3,0
2,2,0
1,1,0
3,6,3
3,5,2
0,0,0
3,4,1
3,5,2
3,7,4
5,5,0
3,17,14
49,75,26
2,2,0
2,2,0
24,24,0
2,2,0
2,10,8
2,2,0
2,4,2
2,14,12
2,90,88
3,12,9
3,5,2
0,0,0
2,2,0
2,2,0
1,1,0
2,2,0
3,3,0
3,5,2
2,2,0
2,2,0
3,5,2
58,67,9
4,5,1
1,1,0
8,8,0
8,8,0
3,6,3
2,4,2
21,21,0
2,2,0
3,5,2
3,5,2
2,2,0
2,2,0
2,2,0
10,10,0
1,2,1
2,2,0
2,4,2
3,4,1
3,6,3
3,3,0
3,5,2
1,1,0
23,23,0
2,2,0
2,2,0
2,4,2
3,5,2
7,7,0
2,2,0
2,4,2
5,5,0
28,122,94
2,2,0
2,3,1
2,26,24
2,2,0
2,5,3
4,16,12
3,3,0
2,2,0
2,2,0
3,3,0
2,9,7
5,5,0
3,3,0
3,6,3
2,2,0
2,2,0
3,5,2
2,4,2
2,7,5
2,2,0
10,10,0
3,13,10
2,2,0
2,2,0
2,16,14
12,12,0
2,2,0
2,2,0
1,1,0
3,5,2
2,2,0
2,4,2
3,4,1
2,2,0
3,3,0
3,3,0
10,10,0
2,5,3
0,0,0
2,4,2
2,2,0
2,4,2
2,2,0
1,1,0
0,0,0
3,12,9
2,2,0
3,3,0
3,5,2
2,2,0
1,4,3
2,2,0
2,2,0
4,4,0
2,2,0
2,7,5
2,21,19
3,9,6
2,4,2
2,3,1
2,2,0
1,1,0
22,25,3
20,25,5
24,25,1
0,0,0
3,5,2
2,3,1
31,129,98
4,4,0
2,2,0
7,7,0
5,5,0
3,3,0
3,3,0
1,2,1
3,3,0
2,3,1
8,8,0
11,82,71
2,7,5
3,8,5
3,6,3
3,3,0
2,6,4
3,8,5
2,2,0
0,0,0
2,2,0
1,2,1
2,2,0
3,3,0
2,5,3
2,2,0
2,4,2
2,2,0
1,2,1
2,2,0
2,2,0
5,5,0
1,2,1
2,112,110
2,2,0
19,19,0
2,2,0
6,6,0
2,2,0
2,8,6
2,2,0
3,5,2
1,1,0
10,10,0
3,3,0
4,4,0
3,3,0
3,7,4
4,4,0
12,12,0
2,2,0
1,8,7
2,2,0
2,2,0
4,4,0
1,4,3
2,2,0
2,2,0
3,5,2
2,2,0
8,8,0
3,3,0
2,2,0
3,5,2
2,2,0
7,9,2
2,2,0
3,3,0
4,4,0
20,23,3
8,8,0
2,3,1
3,9,6
2,2,0
2,2,0
9,29,20
2,5,3
2,4,2
6,8,2
9,9,0
2,2,0
1,3,2
2,2,0
2,2,0
3,3,0
2,2,0
2,2,0
1,1,0
2,2,0
0,0,0
0,0,0
3,4,1
2,4,2
2,2,0
3,3,0
17,17,0
2,18,16
5,5,0
3,3,0
3,4,1
100,104,4
2,2,0
2,5,3
3,6,3
2,2,0
9,9,0
2,2,0
2,2,0
3,3,0
2,6,4
3,3,0
0,0,0
2,2,0
2,2,0
7,7,0
0,0,0
2,2,0
2,82,80
2,6,4
2,5,3
0,0,0
2,2,0
3,3,0
1,4,3
2,2,0
3,3,0
1,1,0
1,3,2
2,2,0
1,27,26
3,7,4
2,2,0
2,2,0
5,5,0
3,23,20
15,15,0
2,5,3
3,5,2
1,1,0
0,0,0
2,4,2
2,2,0
1,4,3
2,2,0
2,2,0
0,0,0
2,2,0
139,139,0
25,30,5
3,3,0
2,2,0
2,4,2
2,2,0
2,2,0
100,200,100
3,3,0
3,16,13
105,105,0
3,8,5
2,2,0
3,3,0
2,2,0
2,3,1
2,2,0
2,2,0
3,3,0
0,0,0
1,8,7
3,5,2
3,8,5
3,5,2
8,8,0
3,5,2
2,2,0
2,2,0
3,3,0
2,3,1
3,4,1
4,72,68
2,2,0
2,3,1
2,2,0
3,7,4
3,3,0
12,12,0
2,6,4
2,2,0
3,3,0
2,3,1
31,32,1
3,5,2
2,2,0
1,5,4
2,2,0
3,11,8
3,3,0
9,9,0
3,3,0
2,2,0
2,2,0
0,0,0
3,3,0
2,2,0
2,2,0
3,3,0
1,1,0
2,16,14
3,3,0
1,3,2
1,1,0
2,2,0
2,2,0
0,0,0
3,5,2
2,2,0
8,8,0
3,5,2
2,2,0
2,4,2
8,8,0
2,4,2
2,2,0
3,16,13
3,3,0
3,9,6
2,2,0
0,0,0
2,2,0
2,2,0
0,0,0
2,2,0
3,7,4
2,2,0
4,4,0
1,2,1
3,3,0
40,61,21
2,2,0
3,5,2
3,5,2
2,2,0
3,5,2
24,24,0
3,15,12
2,3,1
2,2,0
3,3,0
2,2,0
1,2,1
3,3,0
2,13,11
2,4,2
2,2,0
2,2,0
3,3,0
2,3,1
2,2,0
12,12,0
3,3,0
1,1,0
3,3,0
2,21,19
2,2,0
2,2,0
2,2,0
3,3,0
0,0,0
2,2,0
3,9,6
3,7,4
2,2,0
1,8,7
2,2,0
1,12,11
3,7,4
2,2,0
3,3,0
3,5,2
66,66,0
2,2,0
2,2,0
2,4,2
14,14,0
0,0,0
2,2,0
3,5,2
3,3,0
7,7,0
3,3,0
3,5,2
2,2,0
2,14,12
5,5,0
2,2,0
11,11,0
1,1,0
1,3,2
2,2,0
3,3,0
37,80,43
2,7,5
8,8,0
2,2,0
2,2,0
0,0,0
1,1,0
2,2,0
3,3,0
2,82,80
0,0,0
2,2,0
2,2,0
2,6,4
2,5,3
3,5,2
2,2,0
9,9,0
2,5,3
3,4,1
3,7,4
2,16,14
2,2,0
2,2,0
2,2,0
2,2,0
74,74,0
0,0,0
2,97,95
1,1,0
2,3,1
2,2,0
3,3,0
9,9,0
1,1,0
11,11,0
2,2,0
3,8,5
2,2,0
2,2,0
2,6,4
3,3,0
3,8,5
2,2,0
2,4,2
0,0,0
2,2,0
2,2,0
2,2,0
2,4,2
2,2,0
3,3,0
2,4,2
2,3,1
7,7,0
2,2,0
3,3,0
6,6,0
84,164,80
3,3,0
4,4,0
1,1,0
0,0,0
9,36,27
3,5,2
15,16,1
3,3,0
2,2,0
1,1,0
2,2,0
3,3,0
3,3,0
5,5,0
2,2,0
3,9,6
2,2,0
8,8,0
3,3,0
2,2,0
1,2,1
3,3,0
2,2,0
18,18,0
2,2,0
100,100,0
3,3,0
2,2,0
2,2,0
1,1,0
2,4,2
78,78,0
2,2,0
2,2,0
2,2,0
2,2,0
3,3,0
2,4,2
3,9,6
2,6,4
20,20,0
3,3,0
2,2,0
2,2,0
4,7,3
8,10,2
2,2,0
3,5,2
3,5,2
2,2,0
1,28,27
6,6,0
1,1,0
14,35,21
0,0,0
2,2,0
1,1,0
2,2,0
2,16,14
3,6,3
6,6,0
3,7,4
1,54,53
3,5,2
3,7,4
2,2,0
5,13,8
3,3,0
2,2,0
3,3,0
3,3,0
3,7,4
2,2,0
2,4,2
3,3,0
101,108,7
3,3,0
3,3,0
2,82,80
2,2,0
2,2,0
3,3,0
8,8,0
1,3,2
82,82,0
2,2,0
2,80,78
9,11,2
2,2,0
3,3,0
2,6,4
2,2,0
2,2,0
2,5,3
2,2,0
2,2,0
5,5,0
2,2,0
51,51,0
3,3,0
2,2,0
28,28,0
2,2,0
7,7,0
3,3,0
2,2,0
3,5,2
3,7,4
1,2,1
1,2,1
2,4,2
7,7,0
3,7,4
3,3,0
3,5,2
2,2,0
1,128,127
3,3,0
1,2,1
3,5,2
3,3,0
2,2,0
3,5,2
3,3,0
2,2,0
3,5,2
11,11,0
2,2,0
2,8,6
1,4,3
3,6,3
1,2,1
3,8,5
6,8,2
2,2,0
3,10,7
2,2,0
3,3,0
3,5,2
9,9,0
5,5,0
2,2,0
6,6,0
2,3,1
1,2,1
3,3,0
6,8,2
2,4,2
2,2,0
0,0,0
3,3,0
3,3,0
1,1,0
3,5,2
2,2,0
1,3,2
9,9,0
3,3,0
2,8,6
2,4,2
10,12,2
4,6,2
8,8,0
3,5,2
3,3,0
2,2,0
62,62,0
3,3,0
2,2,0
3,3,0
18,18,0
2,2,0
1,1,0
0,0,0
2,2,0
2,86,84
2,2,0
2,10,8
2,2,0
3,3,0
2,2,0
6,6,0
2,2,0
2,2,0
7,7,0
2,2,0
1,71,70
3,3,0
21,21,0
3,7,4
3,5,2
2,4,2
8,8,0
2,13,11
3,6,3
2,10,8
8,8,0
2,7,5
3,7,4
9,9,0
2,2,0
2,2,0
2,2,0
2,2,0
2,2,0
2,6,4
2,3,1
3,4,1
12,12,0
2,2,0
2,10,8
2,2,0
1,1,0
2,43,41
0,0,0
3,17,14
2,2,0
0,0,0
2,2,0
2,2,0
2,2,0
2,2,0
3,7,4
2,2,0
2,2,0
4,4,0
3,13,10
2,2,0
2,57,55
2,3,1
0,0,0
4,15,11
17,17,0
0,0,0
2,2,0
39,48,9
4,27,23
8,8,0
2,7,5
3,7,4
3,5,2
2,2,0
3,3,0
2,2,0
2,44,42
3,3,0
2,4,2
315,866,551
2,2,0
3,3,0
2,3,1
3,3,0
2,2,0
3,5,2
1,62,61
2,2,0
3,5,2
2,7,5
3,5,2
3,3,0
2,80,78
2,2,0
2,5,3
9,9,0
3,7,4
2,2,0
2,2,0
3,5,2
2,2,0
100,197,97
3,8,5
2,2,0
8,103,95
2,5,3
2,5,3
2,2,0
2,82,80
2,2,0
2,15,13
1,1,0
3,3,0
51,51,0
2,2,0
2,3,1
2,7,5
1,1,0
2,6,4
2,2,0
2,2,0
3,3,0
2,2,0
2,9,7
2,17,15
2,2,0
2,2,0
2,2,0
3,3,0
3,3,0
1,16,15
1,2,1
2,2,0
2,2,0
8,8,0
3,5,2
1,25,24
2,2,0
2,2,0
2,28,26
2,2,0
3,5,2
9,9,0
2,2,0
3,5,2
3,83,80
1,1,0
0,0,0
3,5,2
4,4,0
2,4,2
1,26,25
2,2,0
3,5,2
2,4,2
2,11,9
3,3,0
9,10,1
40,61,21
3,6,3
3,9,6
3,7,4
2,4,2
2,2,0
23,23,0
3,5,2
0,0,0
1,2,1
2,23,21
3,3,0
91,92,1
6,10,4
2,2,0
2,3,1
2,2,0
3,3,0
1,2,1
2,2,0
3,5,2
1,2,1
3,3,0
3,3,0
2,2,0
2,3,1
4,4,0
2,2,0
12,13,1
1,2,1
0,0,0
51,52,1
3,16,13
2,6,4
3,3,0
3,3,0
2,2,0
1,2,1
2,2,0
3,3,0
2,2,0
2,9,7
2,8,6
8,8,0
3,5,2
6,6,0
3,3,0
2,2,0
3,3,0
3,9,6
30,32,2
2,2,0
12,12,0
3,3,0
2,18,16
4,4,0
2,2,0
7,21,14
47,70,23
2,7,5
4,4,0
96,96,0
3,3,0
3,3,0
2,2,0
9,9,0
2,6,4
2,2,0
47,47,0
2,2,0
2,2,0
2,2,0
2,119,117
2,12,10
1,2,1
3,4,1
21,21,0
2,2,0
3,3,0
1,4,3
3,3,0
2,4,2
2,2,0
2,2,0
8,8,0
1,1,0
45,72,27
3,3,0
100,100,0
2,3,1
2,82,80
2,2,0
23,38,15
1,1,0
9,9,0
3,8,5
1,1,0
2,2,0
3,15,12
2,2,0
1,1,0
3,3,0
2,2,0
2,2,0
2,5,3
3,4,1
2,2,0
3,5,2
2,2,0
4,18,14
3,3,0
3,3,0
2,5,3
8,8,0
8,8,0
10,10,0
2,2,0
2,2,0
2,82,80
3,3,0
9,9,0
91,96,5
7,7,0
20,20,0
2,4,2
3,3,0
1,7,6
3,3,0
2,2,0
11,11,0
2,4,2
3,3,0
9,9,0
2,2,0
5,7,2
3,24,21
2,4,2
2,2,0
2,2,0
2,2,0
2,13,11
8,8,0
51,51,0
2,2,0
8,8,0
2,2,0
3,15,12
2,4,2
2,2,0
11,11,0
2,4,2
2,2,0
2,2,0
2,2,0
2,2,0
3,3,0
2,28,26
86,86,0
2,2,0
1,1,0
0,0,0
3,5,2
2,2,0
3,6,3
8,8,0
1,5,4
4,4,0
2,2,0
2,2,0
2,4,2
2,2,0
2,4,2
11,11,0
2,57,55
2,26,24
8,8,0
3,3,0
4,7,3
2,6,4
3,3,0
15,36,21
3,9,6
3,3,0
2,3,1
2,4,2
2,10,8
2,2,0
2,2,0
11,11,0
3,3,0
2,2,0
3,3,0
2,2,0
2,2,0
2,20,18
0,0,0
2,2,0
9,9,0
2,2,0
2,4,2
2,2,0
3,3,0
2,4,2
2,2,0
3,14,11
2,2,0
2,2,0
2,2,0
3,5,2
1,1,0
1,1,0
3,7,4
1,1,0
2,2,0
2,12,10
6,6,0
2,2,0
2,2,0
2,2,0
9,9,0
2,4,2
2,2,0
2,2,0
2,2,0
3,3,0
2,3,1
3,3,0
2,9,7
3,3,0
1,2,1
2,2,0
3,9,6
2,8,6
2,2,0
2,2,0
2,2,0
1,2,1
3,4,1
2,2,0
2,3,1
2,2,0
20,20,0
0,0,0
2,2,0
2,2,0
2,2,0
2,2,0
3,3,0
2,2,0
2,2,0
2,2,0
2,2,0
2,2,0
3,5,2
3,5,2
2,2,0
3,5,2
5,18,13
3,9,6
1,1,0
2,2,0
2,2,0
2,2,0
3,3,0
3,6,3
3,5,2
1,2,1
9,9,0
1,2,1
2,2,0
3,5,2
2,2,0
9,9,0
3,7,4
2,2,0
8,8,0
2,2,0
3,3,0
11,11,0
4,6,2
2,2,0
4,4,0
2,5,3
3,8,5
6,7,1
9,9,0
2,2,0
18,18,0
56,79,23
3,3,0
3,3,0
2,2,0
2,7,5
2,2,0
2,2,0
2,2,0
2,2,0
2,2,0
15,17,2
3,3,0
3,7,4
3,5,2
3,3,0
2,2,0
4,4,0
1,51,50
0,0,0
2,2,0
2,2,0
1,1,0
2,5,3
2,2,0
0,0,0
2,8,6
2,2,0
8,8,0
2,4,2
10,10,0
80,80,0
1,45,44
1,1,0
2,2,0
8,13,5
3,3,0
2,2,0
3,41,38
0,0,0
2,5,3
154,154,0
2,2,0
2,2,0
2,2,0
2,4,2
2,12,10
2,2,0
2,2,0
2,2,0
3,18,15
2,2,0
2,46,44
2,7,5
2,6,4
3,3,0
2,2,0
1,15,14
3,7,4
2,2,0
2,2,0
3,7,4
1,6,5
8,8,0
2,2,0
2,4,2
1,6,5
2,2,0
2,2,0
2,2,0
1,2,1
2,2,0
1,1,0
3,3,0
6,35,29
3,3,0
2,2,0
2,3,1
3,15,12
0,0,0
3,3,0
2,2,0
2,4,2
4,4,0
1,9,8
8,10,2
2,2,0
3,27,24
2,2,0
2,2,0
3,3,0
2,2,0
2,2,0
2,6,4
3,5,2
3,6,3
2,2,0
2,2,0
3,11,8
1,3,2
2,45,43
2,2,0
17,42,25
12,12,0
1,8,7
12,14,2
2,2,0
1,1,0
2,4,2
2,2,0
4,8,4
3,9,6
1,54,53
15,16,1
2,3,1
1,5,4
1,6,5
3,7,4
5,9,4
1,36,35
3,3,0
1,1,0
2,2,0
2,2,0
3,3,0
2,2,0
2,2,0
3,5,2
3,3,0
3,13,10
3,3,0
3,5,2
2,2,0
15,15,0
2,4,2
2,2,0
3,3,0
3,7,4
2,7,5
2,2,0
2,2,0
3,9,6
2,2,0
7,8,1
2,2,0
3,9,6
4,4,0
8,8,0
24,29,5
2,2,0
4,4,0
1,2,1
3,3,0
2,7,5
2,16,14
11,24,13
3,5,2
2,9,7
2,4,2
2,10,8
3,7,4
1,2,1
2,2,0
1,11,10
1,2,1
2,4,2
3,4,1
1,26,25
3,3,0
2,2,0
1,4,3
1,4,3
2,7,5
2,2,0
3,3,0
2,2,0
2,2,0
47,47,0
2,4,2
2,4,2
2,2,0
2,2,0
2,2,0
3,3,0
3,3,0
2,6,4
0,0,0
3,9,6
3,3,0
48,73,25
2,2,0
1,3,2
2,2,0
2,4,2
2,2,0
3,7,4
2,6,4
3,7,4
2,2,0
1,2,1
2,2,0
3,3,0
2,4,2
2,2,0
2,2,0
0,0,0
3,3,0
3,9,6
2,2,0
11,11,0
2,2,0
2,2,0
2,5,3
2,2,0
8,63,55
2,2,0
1,1,0
2,2,0
2,2,0
3,5,2
2,2,0
3,3,0
2,2,0
0,0,0
4,7,3
3,3,0
2,2,0
2,2,0
2,3,1
2,2,0
9,9,0
3,6,3
2,7,5
3,3,0
9,9,0
4,4,0
2,2,0
2,4,2
2,31,29
3,3,0
3,6,3
2,2,0
3,23,20
6,6,0
2,2,0
2,4,2
0,0,0
3,9,6
3,5,2
3,3,0
3,3,0
1,1,0
2,2,0
2,2,0
3,3,0
2,2,0
2,2,0
10,10,0
2,2,0
1,2,1
54,54,0
3,8,5
9,273,264
2,2,0
2,2,0
2,2,0
0,0,0
3,5,2
42,42,0
3,21,18
2,4,2
2,2,0
36,236,200
3,3,0
2,2,0
2,2,0
2,2,0
9,9,0
2,2,0
2,2,0
109,109,0
3,3,0
8,16,8
1,2,1
8,8,0
0,0,0
2,13,11
3,3,0
3,3,0
6,8,2
2,2,0
5,5,0
1,1,0
3,6,3
3,3,0
2,2,0
1,1,0
2,3,1
3,8,5
1,3,2
2,2,0
5,5,0
3,9,6
2,4,2
9,9,0
2,4,2
3,3,0
2,4,2
2,2,0
1,2,1
1,1,0
2,2,0
2,2,0
2,2,0
2,2,0
3,8,5
8,8,0
2,2,0
8,8,0
3,5,2
3,3,0
3,5,2
2,2,0
2,2,0
2,2,0
2,10,8
2,2,0
0,0,0
3,3,0
3,5,2
3,7,4
1,3,2
0,0,0
4,4,0
3,3,0
2,2,0
2,2,0
2,2,0
2,2,0
3,3,0
2,11,9
2,2,0
3,5,2
3,3,0
2,2,0
2,45,43
2,2,0
1,5,4
4,5,1
3,5,2
2,2,0
2,4,2
3,3,0
2,2,0
8,8,0
2,2,0
6,6,0
2,4,2
1,24,23
2,2,0
2,2,0
2,4,2
2,2,0
5,5,0
1,21,20
2,2,0
59,59,0
1,31,30
2,111,109
3,7,4
14,14,0
2,45,43
9,9,0
2,2,0
2,2,0
2,2,0
2,42,40
2,3,1
2,2,0
3,3,0
3,8,5
1,1,0
1,2,1
2,3,1
1,5,4
2,4,2
3,3,0
2,2,0
2,2,0
2,2,0
2,4,2
3,14,11
3,3,0
2,23,21
2,4,2
3,3,0
0,0,0
3,5,2
2,82,80
2,2,0
3,12,9
1,2,1
0,0,0
1,54,53
3,3,0
2,16,14
2,2,0
2,2,0
3,5,2
2,2,0
3,3,0
2,7,5
1,2,1
2,4,2
2,4,2
2,7,5
2,8,6
2,12,10
2,2,0
3,3,0
2,2,0
3,3,0
2,2,0
4,10,6
2,2,0
3,8,5
10,10,0
2,2,0
2,2,0
2,13,11
2,2,0
3,3,0
0,0,0
3,3,0
2,2,0
3,3,0
15,15,0
2,2,0
9,9,0
3,3,0
1,5,4
0,0,0
3,7,4
3,7,4
3,5,2
2,2,0
3,3,0
2,2,0
2,2,0
2,2,0
2,7,5
2,2,0
2,2,0
3,3,0
2,2,0
4,4,0
2,2,0
3,7,4
3,3,0
3,3,0
1,5,4
8,8,0
2,2,0
2,2,0
2,2,0
3,5,2
1,1,0
3,3,0
0,0,0
2,2,0
2,2,0
0,0,0
7,7,0
2,2,0
3,5,2
2,2,0
2,2,0
2,2,0
1,7,6
0,0,0
2,2,0
3,5,2
0,0,0
8,8,0
2,2,0
2,8,6
11,11,0
3,3,0
3,3,0
3,6,3
2,11,9
40,45,5
2,6,4
2,2,0
2,2,0
0,0,0
3,7,4
2,5,3
2,2,0
2,2,0
2,2,0
1,2,1
2,2,0
3,3,0
3,13,10
3,3,0
4,4,0
2,2,0
2,2,0
101,105,4
12,12,0
2,4,2
2,2,0
0,0,0
3,6,3
2,2,0
1,3,2
3,3,0
2,4,2
1,1,0
5,26,21
2,3,1
2,4,2
2,2,0
2,2,0
2,2,0
2,2,0
2,2,0
2,2,0
2,2,0
2,2,0
2,2,0
2,2,0
2,2,0
0,0,0
1,1,0
2,20,18
0,0,0
2,8,6
2,2,0
2,4,2
3,3,0
2,7,5
2,3,1
0,0,0
2,2,0
1,3,2
3,3,0
2,2,0
2,4,2
2,2,0
3,3,0
1,1,0
6,6,0
2,4,2
8,8,0
4,4,0
8,16,8
0,0,0
2,4,2
2,2,0
2,7,5
2,2,0
50,73,23
3,7,4
1,7,6
2,2,0
2,4,2
2,2,0
2,2,0
2,2,0
0,0,0
1,6,5
2,2,0
3,3,0
2,3,1
4,5,1
2,2,0
3,3,0
1,4,3
2,2,0
2,2,0
2,2,0
2,4,2
2,2,0
2,2,0
3,5,2
2,2,0
3,3,0
74,74,0
1,2,1
2,6,4
2,2,0
2,2,0
2,2,0
2,2,0
3,15,12
0,0,0
1,4,3
2,2,0
2,2,0
2,2,0
2,2,0
1,28,27
51,51,0
2,9,7
2,5,3
2,2,0
2,2,0
2,2,0
1,8,7
1,2,1
0,0,0
3,3,0
4,4,0
3,3,0
0,0,0
2,2,0
3,5,2
3,5,2
1,3,2
3,3,0
2,2,0
5,5,0
9,9,0
2,4,2
2,2,0
3,5,2
25,25,0
2,2,0
4,4,0
1,2,1
2,2,0
27,27,0
1,2,1
2,6,4
3,3,0
2,2,0
3,3,0
2,80,78
2,6,4
3,3,0
3,6,3
3,9,6
2,2,0
2,2,0
2,2,0
2,2,0
2,8,6
2,7,5
1,1,0
3,3,0
2,2,0
1,1,0
2,5,3
3,3,0
2,3,1
2,2,0
4,4,0
2,2,0
3,10,7
8,15,7
3,3,0
2,2,0
2,2,0
3,3,0
3,8,5
3,13,10
1,1,0
2,2,0
5,7,2
2,2,0
3,5,2
2,2,0
1,2,1
4,4,0
3,3,0
1,1,0
99,99,0
2,2,0
3,3,0
2,2,0
2,11,9
2,2,0
3,3,0
2,8,6
2,4,2
0,0,0
2,2,0
77,160,83
1,1,0
3,5,2
21,21,0
3,9,6
3,3,0
3,3,0
1,1,0
2,2,0
2,3,1
2,2,0
2,2,0
11,25,14
2,2,0
2,2,0
2,2,0
2,2,0
2,7,5
2,2,0
2,2,0
2,2,0
2,3,1
3,3,0
5,42,37
2,4,2
2,2,0
51,51,0
1,2,1
0,0,0
2,2,0
2,2,0
2,13,11
3,3,0
2,2,0
3,5,2
4,4,0
3,3,0
2,2,0
2,2,0
2,2,0
2,3,1
4,4,0
2,82,80
3,5,2
1,1,0
1,1,0
0,0,0
2,10,8
1,3,2
2,2,0
3,3,0
3,3,0
0,0,0
2,2,0
2,2,0
2,10,8
2,2,0
2,2,0
2,2,0
8,8,0
3,3,0
2,2,0
28,28,0
1,3,2
2,19,17
2,2,0
33,33,0
2,4,2
2,2,0
0,0,0
0,0,0
2,3,1
2,2,0
3,5,2
6,13,7
2,4,2
1,1,0
2,2,0
3,9,6
2,29,27
3,3,0
2,6,4
1,22,21
3,3,0
2,2,0
2,2,0
3,5,2
3,3,0
3,3,0
1,74,73
6,36,30
2,6,4
1,2,1
9,9,0
2,10,8
3,3,0
0,0,0
2,2,0
6,6,0
2,2,0
5,6,1
2,2,0
3,3,0
2,2,0
2,2,0
1,26,25
2,2,0
3,4,1
2,2,0
2,100,98
3,14,11
2,2,0
1,2,1
8,8,0
6,6,0
2,2,0
2,2,0
3,3,0
3,6,3
2,2,0
2,4,2
3,3,0
2,2,0
6,36,30
0,0,0
3,3,0
71,71,0
2,2,0
2,2,0
1,1,0
3,5,2
2,2,0
3,6,3
3,3,0
3,19,16
2,4,2
2,2,0
3,5,2
2,2,0
3,4,1
2,2,0
2,5,3
49,58,9
2,2,0
7,7,0
2,2,0
2,12,10
1,2,1
2,2,0
2,4,2
2,4,2
2,2,0
3,3,0
3,8,5
8,24,16
2,2,0
2,2,0
12,12,0
3,3,0
3,3,0
2,4,2
23,23,0
2,2,0
9,9,0
2,2,0
3,3,0
3,3,0
2,2,0
2,4,2
2,2,0
3,7,4
3,3,0
2,4,2
2,4,2
3,5,2
3,3,0
2,2,0
3,8,5
2,3,1
2,2,0
3,3,0
2,2,0
3,5,2
9,9,0
2,2,0
9,9,0
22,22,0
3,3,0
8,8,0
3,11,8
9,9,0
2,2,0
2,2,0
3,13,10
2,4,2
0,0,0
3,3,0
3,3,0
2,6,4
1,1,0
2,82,80
2,5,3
3,3,0
1,2,1
1,1,0
1,2,1
3,5,2
2,2,0
2,2,0
2,2,0
2,9,7
2,2,0
8,8,0
2,2,0
3,3,0
2,2,0
2,2,0
2,2,0
2,2,0
3,12,9
3,3,0
2,6,4
2,2,0
3,5,2
3,5,2
9,9,0
3,3,0
2,2,0
2,2,0
3,6,3
8,8,0
0,0,0
3,5,2
2,2,0
2,3,1
2,2,0
2,4,2
2,2,0
2,2,0
2,2,0
2,2,0
2,2,0
3,3,0
2,66,64
2,2,0
4,8,4
1,2,1
1,13,12
4,10,6
3,5,2
61,61,0
4,6,2
2,2,0
3,5,2
2,2,0
26,26,0
2,2,0
2,2,0
3,5,2
9,9,0
2,2,0
0,0,0
2,2,0
1,1,0
2,2,0
2,2,0
2,2,0
2,4,2
2,10,8
3,5,2
2,10,8
2,2,0
3,5,2
9,9,0
2,2,0
2,7,5
3,3,0
8,8,0
3,11,8
1,2,1
100,104,4
2,2,0
2,2,0
2,8,6
2,10,8
2,2,0
3,3,0
3,10,7
3,3,0
0,0,0
2,2,0
41,41,0
37,37,0
2,2,0
1,2,1
2,6,4
1,3,2
2,4,2
3,5,2
2,2,0
1,3,2
2,12,10
2,2,0
3,5,2
3,3,0
3,3,0
3,6,3
13,20,7
2,2,0
98,98,0
3,10,7
2,2,0
2,2,0
8,8,0
2,2,0
2,2,0
3,3,0
2,8,6
4,6,2
2,2,0
2,2,0
3,3,0
2,2,0
2,2,0
3,6,3
2,2,0
2,2,0
3,16,13
3,3,0
2,2,0
2,2,0
2,4,2
2,2,0
2,10,8
2,2,0
2,2,0
2,2,0
2,8,6
4,4,0
2,2,0
2,6,4
1,3,2
2,6,4
1,3,2
3,7,4
1,25,24
2,2,0
1,3,2
2,2,0
2,2,0
3,3,0
3,5,2
2,7,5
2,6,4
3,3,0
2,2,0
2,2,0
2,4,2
2,2,0
3,14,11
8,8,0
3,3,0
1,2,1
33,33,0
3,28,25
3,3,0
2,2,0
32,32,0
1,2,1
3,10,7
12,19,7
2,6,4
0,0,0
0,0,0
8,8,0
5,7,2
10,10,0
3,3,0
1,15,14
3,3,0
1,1,0
2,17,15
3,14,11
2,16,14
2,4,2
2,2,0
11,11,0
9,9,0
2,2,0
2,2,0
1,2,1
2,2,0
2,2,0
2,2,0
0,0,0
3,3,0
2,8,6
3,3,0
3,5,2
0,0,0
100,100,0
2,2,0
3,3,0
3,3,0
3,5,2
3,5,2
2,2,0
20,20,0
3,3,0
2,4,2
2,12,10
2,2,0
6,9,3
2,2,0
3,3,0
8,8,0
3,3,0
3,5,2
3,3,0
2,2,0
3,6,3
2,4,2
3,5,2
2,2,0
2,2,0
2,2,0
3,3,0
133,135,2
2,5,3
2,2,0
2,2,0
2,2,0
3,9,6
2,2,0
2,2,0
4,30,26
2,3,1
2,2,0
2,4,2
2,2,0
2,2,0
2,2,0
1,2,1
2,2,0
2,2,0
2,4,2
2,2,0
2,2,0
2,84,82
3,5,2
1,1,0
2,2,0
1,2,1
2,13,11
1,6,5
2,3,1
3,4,1
2,2,0
0,0,0
3,3,0
1,3,2
3,5,2
2,2,0
2,100,98
2,2,0
3,3,0
10,20,10
3,3,0
4,9,5
1,2,1
3,10,7
2,4,2
9,9,0
2,2,0
3,7,4
4,9,5
3,3,0
4,4,0
6,6,0
3,7,4
12,12,0
3,5,2
2,2,0
2,2,0
3,3,0
52,156,104
0,0,0
3,8,5
3,3,0
2,2,0
2,2,0
2,2,0
2,6,4
2,4,2
3,3,0
2,2,0
7,10,3
3,6,3
2,2,0
2,2,0
4,4,0
2,2,0
3,3,0
2,2,0
0,0,0
2,2,0
2,2,0
1,1,0
2,8,6
2,2,0
2,2,0
2,2,0
2,3,1
11,80,69
0,0,0
11,11,0
3,8,5
2,2,0
22,42,20
2,2,0
0,0,0
3,8,5
2,12,10
2,6,4
1,1,0
2,2,0
3,3,0
2,2,0
9,9,0
2,2,0
2,4,2
2,2,0
3,3,0
1,2,1
56,56,0
2,2,0
0,0,0
3,7,4
2,2,0
4,10,6
22,22,0
3,4,1
42,42,0
2,7,5
2,8,6
2,2,0
2,2,0
2,2,0
2,4,2
2,2,0
1,5,4
2,2,0
3,7,4
2,3,1
9,9,0
3,3,0
6,15,9
2,4,2
2,2,0
2,2,0
0,0,0
99,104,5
0,0,0
8,8,0
3,5,2
2,2,0
2,2,0
2,2,0
3,10,7
2,2,0
2,5,3
3,5,2
10,10,0
2,2,0
1,1,0
2,4,2
3,9,6
2,4,2
3,6,3
2,2,0
3,6,3
3,5,2
2,2,0
1,1,0
1,1,0
1,33,32
0,0,0
3,11,8
2,2,0
2,2,0
29,29,0
2,41,39
3,3,0
3,3,0
17,17,0
3,3,0
2,154,152
1,2,1
1,1,0
2,2,0
2,4,2
24,24,0
2,6,4
2,2,0
2,2,0
2,4,2
2,2,0
2,10,8
8,8,0
2,2,0
3,3,0
4,4,0
2,2,0
5,5,0
3,3,0
3,3,0
2,2,0
2,2,0
2,2,0
4,12,8
2,2,0
2,2,0
2,2,0
2,2,0
2,2,0
1,1,0
8,9,1
2,3,1
2,15,13
4,4,0
3,3,0
1,3,2
1,3,2
1,7,6
3,3,0
2,2,0
1,1,0
3,3,0
2,2,0
2,2,0
2,2,0
60,121,61
6,6,0
3,3,0
8,8,0
2,2,0
1,1,0
2,3,1
2,2,0
2,2,0
2,3,1
2,2,0
26,26,0
0,0,0
13,13,0
3,3,0
2,2,0
5,5,0
2,2,0
3,3,0
2,2,0
4,4,0
3,5,2
2,2,0
0,0,0
2,3,1
9,9,0
3,11,8
22,22,0
3,3,0
1,24,23
2,2,0
2,9,7
1,2,1
2,4,2
3,6,3
2,2,0
5,5,0
1,2,1
2,2,0
2,2,0
2,2,0
2,2,0
0,0,0
3,3,0
3,5,2
5,10,5
4,4,0
3,3,0
2,2,0
2,2,0
9,9,0
2,2,0
2,7,5
2,2,0
2,2,0
2,83,81
3,6,3
3,3,0
2,10,8
0,0,0
2,2,0
4,4,0
2,6,4
1,1,0
2,2,0
9,9,0
3,3,0
4,8,4
4,4,0
3,5,2
27,27,0
2,2,0
6,57,51
2,2,0
2,27,25
2,2,0
2,2,0
2,4,2
2,14,12
2,2,0
2,2,0
3,4,1
2,2,0
2,4,2
3,3,0
4,9,5
2,14,12
3,3,0
2,2,0
12,17,5
1,2,1
2,2,0
2,2,0
2,2,0
2,4,2
3,5,2
3,6,3
3,3,0
3,5,2
2,10,8
0,0,0
3,5,2
9,9,0
5,5,0
1,1,0
2,2,0
3,3,0
1,36,35
20,20,0
3,22,19
0,0,0
2,2,0
2,2,0
4,14,10
2,2,0
6,6,0
0,0,0
3,4,1
2,2,0
2,2,0
2,2,0
1,1,0
2,4,2
2,3,1
87,100,13
2,4,2
8,8,0
3,3,0
2,2,0
1,1,0
3,4,1
3,10,7
2,2,0
1,2,1
2,2,0
97,154,57
3,3,0
3,5,2
2,2,0
1,2,1
2,12,10
4,4,0
2,2,0
3,3,0
4,7,3
3,3,0
2,3,1
1,1,0
7,10,3
2,2,0
2,3,1
1,5,4
2,4,2
3,3,0
2,4,2
133,135,2
2,2,0
3,9,6
2,2,0
10,10,0
51,53,2
2,2,0
3,9,6
2,2,0
2,2,0
2,4,2
0,0,0
3,3,0
4,4,0
2,3,1
2,2,0
2,2,0
6,19,13
2,13,11
2,2,0
1,22,21
2,12,10
3,5,2
14,14,0
2,2,0
2,4,2
3,3,0
2,4,2
2,4,2
4,4,0
2,2,0
7,9,2
2,2,0
3,3,0
4,102,98
0,0,0
2,4,2
2,2,0
2,3,1
12,12,0
2,2,0
0,0,0
3,3,0
1,2,1
1,1,0
26,26,0
2,3,1
4,4,0
2,2,0
8,8,0
3,4,1
3,13,10
2,2,0
1,1,0
2,4,2
2,14,12
3,4,1
2,2,0
2,2,0
2,2,0
2,2,0
57,59,2
36,38,2
1,2,1
2,2,0
2,3,1
5,8,3
1,22,21
1,3,2
3,13,10
2,2,0
51,51,0
1,1,0
2,9,7
2,2,0
0,0,0
3,3,0
2,2,0
1,23,22
0,0,0
9,9,0
3,4,1
2,21,19
3,5,2
2,2,0
2,2,0
2,4,2
3,3,0
2,2,0
2,5,3
2,2,0
2,9,7
3,4,1
2,4,2
1,1,0
2,23,21
2,2,0
99,101,2
3,3,0
2,2,0
2,2,0
2,4,2
2,4,2
2,4,2
2,2,0
3,3,0
3,3,0
2,10,8
2,2,0
2,4,2
2,7,5
2,2,0
8,8,0
2,4,2
1,1,0
2,5,3
2,2,0
2,3,1
2,2,0
3,3,0
1,3,2
2,4,2
3,3,0
3,3,0
2,2,0
2,2,0
2,2,0
2,2,0
1,2,1
2,3,1
8,8,0
2,2,0
2,4,2
0,0,0
3,3,0
14,15,1
2,5,3
3,9,6
3,3,0
2,2,0
3,7,4
3,3,0
3,3,0
3,5,2
2,2,0
2,4,2
3,10,7
2,2,0
3,6,3
3,3,0
0,0,0
4,4,0
2,5,3
3,6,3
2,2,0
8,8,0
1,11,10
1,1,0
1,2,1
3,3,0
4,4,0
2,82,80
2,2,0
4,4,0
2,2,0
2,2,0
3,7,4
9,9,0
2,2,0
2,2,0
1,12,11
1,23,22
2,2,0
1,2,1
4,5,1
24,24,0
3,3,0
1,1,0
2,2,0
46,69,23
3,3,0
1,1,0
3,3,0
2,2,0
2,4,2
4,51,47
2,2,0
2,12,10
1,41,40
14,28,14
3,3,0
3,3,0
123,123,0
1,3,2
43,45,2
2,3,1
3,7,4
0,0,0
88,88,0
2,2,0
2,2,0
2,2,0
2,2,0
2,2,0
3,3,0
2,4,2
2,2,0
3,3,0
2,7,5
2,2,0
2,2,0
1,1,0
1,2,1
2,2,0
2,2,0
2,2,0
3,10,7
3,3,0
24,24,0
3,5,2
2,2,0
3,3,0
16,17,1
8,8,0
3,3,0
2,6,4
1,3,2
18,18,0
2,2,0
2,2,0
2,2,0
18,18,0
8,16,8
3,3,0
2,8,6
2,2,0
2,2,0
20,20,0
3,7,4
2,2,0
2,3,1
2,2,0
2,8,6
2,2,0
3,5,2
0,0,0
2,2,0
2,10,8
9,16,7
2,2,0
2,4,2
2,2,0
89,89,0
2,2,0
2,2,0
4,4,0
2,2,0
2,82,80
3,3,0
100,100,0
3,5,2
2,2,0
2,3,1
2,3,1
12,12,0
406,417,11
2,2,0
2,3,1
2,9,7
2,2,0
6,6,0
2,15,13
2,4,2
8,16,8
9,9,0
2,2,0
2,16,14
2,2,0
2,2,0
10,10,0
2,2,0
1,22,21
3,33,30
2,2,0
2,2,0
2,4,2
2,2,0
3,18,15
3,5,2
2,103,101
2,2,0
2,2,0
3,3,0
2,3,1
2,4,2
1,25,24
2,8,6
9,9,0
20,20,0
3,7,4
38,52,14
0,0,0
8,8,0
12,12,0
2,4,2
1,1,0
0,0,0
8,8,0
1,3,2
2,2,0
3,6,3
2,2,0
2,2,0
2,21,19
3,5,2
2,2,0
2,2,0
2,2,0
2,4,2
52,52,0
0,0,0
2,2,0
3,3,0
1,21,20
2,2,0
2,2,0
2,2,0
6,6,0
2,41,39
0,0,0
0,0,0
3,3,0
4,4,0
3,3,0
100,100,0
4,18,14
2,2,0
11,11,0
3,5,2
2,2,0
2,8,6
1,1,0
0,0,0
2,2,0
3,6,3
3,6,3
10,10,0
2,6,4
51,53,2
3,3,0
3,3,0
3,5,2
3,5,2
46,48,2
2,2,0
2,2,0
2,2,0
2,6,4
3,3,0
1,23,22
2,17,15
8,8,0
3,3,0
3,7,4
3,3,0
4,7,3
2,2,0
8,8,0
2,2,0
3,5,2
2,7,5
2,2,0
3,3,0
1,1,0
2,2,0
2,2,0
3,9,6
10,12,2
3,3,0
2,2,0
6,6,0
2,4,2
1,58,57
3,3,0
2,4,2
3,5,2
2,3,1
1,1,0
2,2,0
2,4,2
2,4,2
2,2,0
2,4,2
2,4,2
2,4,2
2,3,1
2,2,0
2,2,0
8,8,0
1,1,0
1,1,0
3,7,4
3,13,10
3,21,18
6,6,0
6,6,0
2,2,0
3,7,4
9,9,0
315,513,198
0,0,0
2,2,0
2,28,26
1,26,25
4,31,27
2,2,0
100,100,0
1,3,2
135,135,0
5,5,0
3,5,2
3,3,0
2,6,4
2,4,2
2,2,0
2,4,2
0,0,0
1,4,3
2,3,1
2,6,4
0,0,0
1,1,0
2,2,0
1,1,0
3,9,6
5,5,0
3,3,0
1,1,0
4,38,34
1,1,0
1,12,11
3,7,4
2,3,1
2,6,4
3,3,0
2,2,0
2,4,2
2,2,0
2,2,0
3,5,2
0,0,0
0,0,0
2,2,0
2,4,2
2,4,2
35,47,12
2,2,0
3,8,5
3,3,0
1,1,0
2,2,0
3,5,2
3,3,0
3,5,2
3,7,4
0,0,0
2,2,0
2,2,0
3,3,0
2,2,0
3,9,6
2,10,8
2,2,0
11,11,0
2,2,0
3,3,0
8,8,0
2,8,6
1,2,1
2,45,43
2,2,0
32,32,0
2,18,16
3,3,0
2,2,0
10,10,0
3,3,0
7,9,2
2,2,0
2,2,0
3,5,2
18,61,43
3,5,2
45,119,74
2,2,0
3,3,0
3,5,2
2,2,0
2,2,0
3,5,2
2,2,0
2,2,0
3,3,0
2,2,0
2,4,2
2,29,27
0,0,0
6,7,1
3,3,0
9,9,0
2,82,80
2,2,0
5,5,0
2,71,69
2,2,0
6,6,0
2,28,26
16,16,0
2,6,4
2,2,0
2,2,0
2,2,0
2,80,78
3,3,0
2,2,0
3,7,4
2,4,2
1,2,1
3,9,6
16,26,10
38,38,0
1,9,8
3,3,0
3,9,6
2,4,2
3,3,0
0,0,0
2,2,0
2,2,0
2,2,0
2,2,0
13,13,0
2,2,0
4,13,9
3,3,0
8,8,0
2,3,1
2,2,0
2,2,0
2,2,0
5,5,0
8,16,8
2,2,0
1,4,3
4,5,1
3,5,2
2,2,0
3,5,2
0,0,0
3,9,6
2,6,4
3,3,0
1,2,1
20,20,0
2,10,8
3,3,0
2,2,0
3,3,0
28,28,0
3,3,0
1,1,0
3,3,0
2,4,2
9,9,0
2,16,14
0,0,0
2,3,1
3,3,0
6,6,0
2,10,8
2,2,0
6,8,2
3,3,0
5,7,2
2,2,0
12,12,0
3,3,0
2,2,0
2,8,6
3,5,2
2,4,2
1,22,21
2,2,0
2,9,7
3,6,3
2,2,0
2,2,0
9,9,0
2,2,0
6,6,0
8,14,6
8,8,0
100,100,0
2,2,0
2,2,0
2,2,0
2,2,0
3,8,5
8,8,0
3,5,2
1,2,1
2,2,0
1,1,0
1,1,0
2,2,0
11,11,0
2,2,0
2,82,80
3,3,0
2,2,0
2,2,0
2,2,0
2,2,0
1,5,4
5,7,2
2,2,0
3,3,0
3,3,0
2,2,0
1,1,0
3,3,0
3,3,0
1,2,1
2,2,0
2,2,0
3,5,2
3,7,4
11,11,0
3,5,2
3,3,0
3,5,2
16,16,0
2,82,80
2,2,0
10,10,0
0,0,0
3,3,0
84,84,0
3,3,0
2,2,0
2,2,0
2,2,0
2,2,0
2,2,0
1,21,20
2,2,0
2,2,0
2,8,6
2,12,10
3,6,3
2,2,0
3,3,0
2,2,0
2,2,0
2,2,0
3,4,1
3,10,7
2,6,4
2,2,0
2,11,9
8,8,0
2,12,10
2,2,0
2,2,0
9,9,0
4,4,0
2,4,2
1,30,29
2,2,0
2,2,0
2,2,0
2,2,0
2,2,0
2,2,0
2,2,0
2,2,0
3,5,2
2,2,0
2,2,0
2,2,0
2,2,0
2,2,0
1,1,0
37,66,29
1,1,0
2,25,23
2,2,0
3,3,0
1,1,0
2,6,4
0,0,0
3,7,4
2,85,83
2,2,0
3,7,4
1,1,0
2,2,0
0,0,0
2,2,0
3,3,0
68,71,3
8,8,0
1,3,2
100,166,66
2,4,2
1,2,1
2,2,0
1,1,0
3,5,2
88,88,0
2,2,0
2,2,0
2,2,0
2,2,0
3,3,0
3,5,2
3,6,3
19,21,2
10,12,2
4,13,9
2,59,57
3,3,0
2,2,0
2,2,0
2,7,5
3,3,0
2,2,0
2,4,2
2,4,2
3,4,1
9,9,0
2,7,5
1,8,7
2,69,67
3,7,4
2,2,0
3,3,0
3,3,0
1,14,13
1,21,20
70,70,0
2,2,0
3,3,0
2,4,2
3,3,0
8,8,0
7,7,0
8,8,0
3,15,12
4,5,1
1,2,1
3,8,5
1,3,2
3,3,0
3,3,0
3,3,0
2,2,0
3,7,4
3,3,0
1,1,0
1,1,0
0,0,0
3,3,0
2,3,1
3,8,5
76,79,3
3,3,0
2,2,0
3,14,11
2,2,0
2,2,0
21,21,0
3,9,6
2,5,3
0,0,0
2,2,0
3,3,0
1,44,43
2,2,0
3,5,2
8,8,0
8,8,0
2,2,0
2,85,83
26,37,11
2,2,0
8,9,1
2,2,0
3,3,0
3,3,0
2,2,0
2,2,0
2,2,0
2,80,78
11,11,0
100,100,0
3,5,2
2,12,10
2,2,0
2,2,0
3,5,2
3,9,6
3,3,0
2,4,2
3,3,0
2,2,0
3,12,9
5,5,0
3,15,12
1,1,0
3,3,0
3,3,0
2,7,5
2,2,0
2,2,0
0,0,0
2,2,0
1,2,1
2,2,0
2,2,0
6,6,0
2,2,0
2,2,0
3,3,0
2,11,9
2,4,2
2,4,2
4,4,0
2,2,0
3,3,0
2,2,0
2,2,0
1,5,4
2,2,0
2,2,0
2,2,0
1,2,1
8,8,0
8,8,0
3,3,0
3,3,0
2,2,0
2,2,0
2,4,2
2,8,6
2,2,0
2,10,8
3,3,0
88,88,0
3,9,6
3,5,2
5,5,0
25,25,0
8,8,0
2,2,0
8,8,0
2,2,0
2,14,12
2,2,0
81,81,0
2,5,3
9,9,0
3,3,0
2,2,0
3,3,0
3,3,0
2,29,27
83,83,0
3,3,0
3,3,0
2,2,0
2,12,10
1,1,0
2,2,0
2,2,0
3,3,0
2,4,2
90,90,0
4,4,0
2,2,0
3,5,2
3,7,4
2,2,0
3,3,0
3,10,7
2,2,0
2,8,6
0,0,0
2,2,0
2,2,0
2,2,0
2,109,107
0,0,0
3,3,0
3,3,0
1,1,0
2,2,0
3,3,0
46,108,62
2,3,1
13,13,0
4,6,2
0,0,0
2,2,0
2,4,2
3,3,0
21,21,0
2,43,41
8,8,0
2,2,0
0,0,0
2,6,4
2,2,0
13,13,0
1,1,0
0,0,0
3,5,2
2,2,0
8,8,0
2,2,0
2,4,2
3,3,0
2,8,6
2,2,0
5,5,0
2,2,0
4,4,0
2,8,6
57,57,0
2,2,0
2,2,0
2,2,0
3,3,0
2,2,0
2,2,0
5,5,0
3,8,5
45,45,0
2,3,1
2,2,0
3,9,6
11,11,0
2,4,2
5,5,0
51,101,50
2,2,0
22,30,8
2,2,0
2,2,0
3,3,0
3,3,0
2,2,0
9,9,0
2,2,0
1,1,0
8,8,0
2,4,2
2,2,0
120,120,0
1,4,3
2,4,2
2,2,0
1,10,9
2,6,4
8,8,0
2,2,0
3,9,6
2,4,2
2,2,0
2,2,0
13,13,0
7,7,0
3,5,2
2,4,2
2,98,96
8,8,0
2,2,0
2,2,0
1,1,0
3,3,0
2,2,0
2,16,14
3,7,4
3,3,0
1,3,2
2,2,0
43,43,0
3,3,0
3,10,7
2,9,7
2,3,1
0,0,0
3,3,0
2,10,8
2,2,0
3,3,0
3,3,0
6,7,1
3,3,0
3,11,8
3,7,4
2,2,0
2,2,0
5,5,0
2,2,0
2,5,3
2,2,0
5,5,0
17,23,6
3,3,0
2,4,2
98,98,0
2,2,0
0,0,0
5,14,9
8,8,0
48,50,2
0,0,0
3,3,0
1,3,2
2,2,0
2,80,78
3,4,1
1,1,0
3,3,0
2,4,2
2,2,0
2,2,0
2,4,2
2,2,0
2,13,11
2,2,0
4,4,0
2,2,0
3,5,2
1,1,0
2,4,2
3,3,0
1,1,0
3,3,0
2,2,0
3,5,2
0,0,0
6,6,0
1,1,0
2,2,0
1,5,4
2,2,0
2,8,6
4,4,0
3,19,16
3,23,20
1,79,78
2,2,0
8,8,0
3,3,0
3,5,2
2,2,0
2,10,8
2,2,0
3,3,0
2,2,0
2,2,0
9,9,0
2,2,0
20,20,0
20,24,4
3,3,0
2,2,0
2,2,0
1,2,1
2,2,0
3,3,0
5,5,0
0,0,0
3,3,0
3,5,2
2,5,3
2,2,0
1,1,0
18,169,151
3,3,0
3,3,0
2,2,0
2,2,0
2,2,0
10,10,0
1,2,1
14,14,0
3,6,3
1,1,0
2,10,8
8,8,0
5,5,0
2,2,0
2,2,0
2,2,0
2,2,0
2,2,0
9,9,0
127,127,0
4,8,4
3,8,5
3,3,0
1,1,0
3,5,2
2,2,0
2,21,19
2,2,0
4,4,0
0,0,0
2,2,0
60,121,61
2,2,0
2,2,0
2,3,1
1,24,23
2,4,2
1,2,1
2,2,0
2,2,0
30,30,0
2,2,0
3,3,0
0,0,0
0,0,0
3,7,4
3,5,2
3,5,2
2,2,0
2,2,0
2,2,0
3,5,2
2,4,2
2,2,0
3,7,4
3,7,4
2,8,6
2,2,0
2,4,2
3,5,2
2,2,0
3,5,2
0,0,0
1,3,2
1,2,1
2,12,10
2,2,0
36,39,3
3,5,2
8,8,0
3,25,22
2,2,0
1,37,36
1,1,0
1,3,2
2,2,0
2,2,0
18,18,0
2,2,0
2,41,39
2,3,1
3,5,2
2,2,0
3,5,2
3,3,0
2,2,0
1,3,2
2,2,0
2,3,1
3,3,0
1,1,0
2,4,2
1,2,1
123,123,0
3,3,0
2,3,1
2,2,0
2,2,0
2,4,2
2,2,0
3,7,4
2,2,0
2,2,0
2,6,4
2,2,0
2,2,0
1,1,0
3,3,0
8,8,0
2,2,0
3,4,1
3,3,0
2,2,0
56,56,0
2,2,0
3,22,19
5,7,2
3,3,0
2,4,2
3,3,0
3,3,0
8,8,0
14,14,0
2,2,0
1,84,83
3,6,3
3,3,0
48,50,2
1,23,22
2,2,0
8,23,15
22,22,0
3,3,0
2,2,0
1,3,2
3,3,0
3,3,0
0,0,0
0,0,0
1,1,0
2,2,0
5,5,0
2,2,0
2,2,0
2,2,0
2,2,0
2,4,2
21,31,10
3,4,1
3,5,2
2,2,0
2,2,0
0,0,0
12,13,1
1,1,0
9,9,0
3,3,0
9,9,0
2,2,0
3,8,5
9,9,0
10,10,0
3,5,2
1,25,24
2,8,6
2,2,0
3,3,0
3,5,2
2,2,0
3,5,2
11,11,0
2,3,1
11,11,0
2,4,2
3,44,41
0,0,0
2,2,0
2,2,0
3,5,2
2,2,0
1,1,0
2,2,0
2,2,0
2,2,0
9,9,0
11,11,0
2,2,0
0,0,0
2,2,0
3,3,0
13,13,0
3,6,3
1,1,0
3,3,0
1,79,78
2,4,2
1,6,5
0,0,0
1,1,0
2,9,7
9,19,10
4,6,2
2,21,19
3,3,0
1,2,1
2,2,0
2,2,0
2,2,0
2,2,0
2,2,0
1,3,2
2,2,0
2,10,8
1,1,0
1,1,0
2,2,0
2,2,0
3,6,3
2,2,0
9,9,0
3,3,0
4,4,0
2,4,2
3,3,0
2,82,80
2,2,0
2,3,1
26,26,0
3,3,0
0,0,0
2,2,0
3,7,4
3,3,0
2,2,0
3,9,6
2,4,2
2,2,0
1,10,9
3,5,2
2,4,2
1,1,0
3,3,0
2,13,11
2,23,21
2,11,9
2,2,0
1,2,1
1,2,1
2,2,0
6,6,0
2,2,0
5,5,0
2,2,0
3,6,3
1,12,11
3,5,2
0,0,0
0,0,0
2,2,0
2,2,0
8,8,0
2,2,0
2,3,1
3,7,4
2,2,0
2,2,0
1,1,0
2,2,0
0,0,0
1,25,24
2,2,0
1,3,2
8,8,0
1,4,3
2,11,9
2,4,2
2,2,0
2,4,2
2,2,0
2,2,0
3,3,0
3,3,0
1,1,0
2,2,0
4,8,4
3,5,2
3,15,12
2,2,0
2,2,0
3,7,4
2,4,2
15,30,15
1,2,1
3,3,0
3,7,4
5,5,0
1,99,98
2,2,0
1,2,1
2,2,0
11,11,0
2,2,0
2,2,0
8,8,0
0,0,0
2,4,2
2,2,0
1,6,5
2,2,0
125,125,0
2,2,0
2,2,0
16,18,2
3,7,4
2,2,0
2,2,0
8,33,25
1,4,3
2,2,0
3,10,7
4,6,2
47,49,2
8,8,0
38,38,0
2,2,0
1,5,4
2,2,0
7,7,0
43,44,1
3,5,2
2,2,0
3,3,0
90,90,0
2,2,0
2,2,0
3,3,0
3,3,0
2,2,0
1,2,1
1,1,0
26,59,33
2,2,0
2,2,0
2,2,0
3,3,0
3,4,1
2,2,0
22,22,0
9,9,0
3,5,2
2,13,11
3,9,6
2,2,0
2,2,0
2,2,0
2,4,2
2,2,0
3,5,2
3,3,0
1,5,4
3,3,0
3,3,0
2,2,0
24,24,0
3,6,3
3,3,0
3,5,2
8,8,0
3,4,1
5,5,0
2,2,0
2,3,1
3,5,2
8,8,0
1,4,3
3,3,0
2,8,6
6,10,4
3,3,0
2,2,0
2,2,0
3,5,2
3,3,0
9,9,0
3,3,0
3,3,0
2,7,5
1,4,3
3,3,0
2,2,0
2,2,0
2,6,4
2,2,0
1,7,6
1,1,0
3,5,2
2,2,0
0,0,0
3,7,4
2,2,0
9,9,0
2,2,0
3,3,0
3,5,2
2,2,0
2,2,0
2,18,16
3,3,0
2,2,0
2,2,0
2,2,0
2,2,0
2,2,0
2,5,3
2,2,0
1,24,23
2,2,0
2,2,0
2,2,0
3,7,4
2,30,28
2,2,0
2,4,2
2,4,2
3,19,16
36,41,5
3,3,0
2,2,0
0,0,0
3,3,0
2,125,123
2,2,0
1,2,1
2,2,0
3,3,0
23,23,0
2,2,0
2,2,0
2,2,0
2,18,16
2,26,24
5,5,0
3,79,76
8,8,0
2,13,11
2,9,7
8,8,0
8,8,0
2,3,1
3,3,0
2,2,0
2,4,2
9,23,14
2,2,0
4,4,0
3,7,4
5,5,0
11,11,0
0,0,0
2,3,1
1,2,1
3,8,5
17,17,0
0,0,0
2,4,2
18,18,0
2,2,0
100,100,0
0,0,0
3,3,0
64,64,0
3,6,3
2,2,0
3,6,3
1,1,0
8,8,0
10,10,0
2,2,0
8,8,0
14,14,0
2,9,7
3,3,0
2,2,0
2,2,0
3,3,0
3,5,2
2,2,0
20,20,0
2,2,0
2,2,0
2,2,0
3,5,2
2,2,0
2,2,0
2,2,0
3,5,2
3,3,0
1,1,0
0,0,0
2,2,0
2,2,0
100,100,0
1,2,1
2,28,26
4,4,0
1,1,0
2,2,0
3,3,0
2,2,0
2,2,0
2,2,0
3,5,2
3,3,0
2,2,0
1,2,1
2,4,2
3,6,3
2,3,1
2,2,0
11,11,0
1,1,0
0,0,0
2,20,18
2,2,0
2,2,0
8,8,0
3,3,0
3,3,0
3,3,0
22,22,0
2,4,2
2,2,0
2,2,0
2,2,0
60,121,61
3,3,0
2,2,0
3,3,0
2,2,0
2,2,0
0,0,0
50,51,1
19,21,2
3,3,0
5,5,0
2,7,5
0,0,0
2,3,1
14,14,0
2,2,0
2,4,2
2,17,15
2,2,0
2,2,0
3,11,8
1,1,0
3,3,0
3,3,0
2,2,0
3,3,0
8,8,0
3,7,4
3,7,4
7,7,0
2,2,0
2,168,166
2,2,0
0,0,0
0,0,0
2,2,0
2,9,7
0,0,0
2,2,0
8,8,0
9,9,0
3,5,2
3,3,0
2,2,0
2,2,0
2,6,4
3,5,2
3,3,0
1,3,2
9,9,0
2,4,2
7,7,0
12,12,0
0,0,0
2,8,6
1,1,0
1,2,1
2,2,0
2,2,0
11,11,0
1,2,1
6,9,3
0,0,0
3,10,7
2,21,19
1,2,1
2,2,0
44,44,0
2,2,0
1,2,1
1,1,0
2,2,0
3,7,4
2,2,0
2,2,0
9,9,0
2,2,0
2,4,2
2,4,2
0,0,0
3,3,0
3,7,4
3,7,4
3,11,8
1,2,1
1,2,1
1,1,0
3,5,2
1,2,1
3,10,7
2,2,0
8,8,0
2,2,0
2,2,0
37,108,71
2,6,4
3,3,0
0,0,0
2,2,0
3,5,2
9,9,0
2,11,9
3,3,0
3,3,0
3,3,0
51,51,0
3,8,5
2,4,2
4,7,3
61,61,0
2,2,0
6,6,0
2,2,0
2,2,0
40,40,0
2,21,19
8,8,0
2,2,0
2,2,0
2,2,0
3,7,4
3,7,4
5,5,0
3,3,0
2,6,4
2,2,0
22,22,0
3,3,0
2,82,80
2,8,6
3,11,8
3,3,0
2,2,0
3,3,0
3,5,2
2,2,0
2,4,2
1,4,3
2,2,0
2,4,2
2,2,0
9,9,0
2,2,0
2,2,0
1,7,6
3,3,0
2,2,0
8,8,0
2,12,10
63,63,0
2,2,0
3,6,3
2,2,0
8,8,0
2,2,0
31,37,6
2,4,2
2,2,0
2,2,0
3,3,0
2,3,1
2,2,0
3,3,0
11,12,1
10,10,0
3,3,0
2,5,3
3,3,0
27,29,2
2,2,0
3,26,23
1,1,0
3,3,0
3,5,2
3,3,0
4,4,0
8,8,0
2,3,1
2,2,0
2,2,0
3,3,0
2,4,2
0,0,0
2,2,0
2,2,0
1,2,1
2,2,0
3,3,0
1,2,1
3,5,2
3,3,0
2,2,0
2,2,0
1,4,3
2,2,0
1,2,1
6,7,1
6,17,11
3,75,72
2,2,0
1,2,1
100,100,0
2,2,0
2,2,0
1,102,101
3,6,3
2,2,0
2,2,0
1,2,1
3,3,0
5,5,0
6,8,2
100,100,0
2,2,0
2,2,0
2,2,0
3,6,3
3,9,6
2,2,0
2,2,0
3,5,2
1,1,0
2,2,0
3,3,0
4,4,0
9,9,0
2,2,0
3,3,0
2,2,0
3,3,0
1,1,0
3,6,3
3,3,0
2,2,0
1,11,10
2,2,0
61,64,3
2,2,0
2,2,0
11,13,2
5,5,0
1,5,4
0,0,0
2,2,0
3,3,0
3,5,2
0,0,0
2,2,0
2,6,4
1,154,153
2,4,2
133,135,2
2,2,0
4,11,7
2,4,2
2,2,0
20,20,0
1,1,0
1,1,0
1,1,0
2,2,0
8,8,0
1,1,0
2,4,2
2,2,0
2,2,0
8,8,0
3,3,0
3,3,0
8,8,0
3,3,0
3,5,2
2,2,0
3,7,4
1,1,0
2,2,0
2,2,0
2,2,0
2,2,0
2,2,0
3,5,2
1,1,0
3,3,0
3,3,0
0,0,0
9,9,0
2,6,4
2,6,4
3,3,0
1,1,0
3,3,0
3,3,0
2,2,0
2,2,0
2,2,0
2,3,1
3,3,0
23,23,0
3,6,3
2,2,0
2,2,0
2,4,2
1,1,0
3,3,0
3,3,0
2,2,0
2,2,0
3,12,9
2,2,0
1,8,7
8,8,0
3,35,32
2,2,0
46,46,0
2,2,0
2,2,0
2,8,6
0,0,0
2,2,0
1,6,5
2,2,0
3,6,3
8,24,16
3,3,0
1,22,21
5,12,7
2,25,23
4,4,0
2,2,0
2,2,0
2,5,3
2,2,0
2,6,4
3,9,6
2,8,6
8,8,0
3,3,0
2,90,88
2,2,0
5,32,27
2,4,2
2,8,6
3,4,1
3,3,0
2,8,6
9,9,0
0,0,0
2,2,0
2,2,0
2,2,0
18,18,0
1,2,1
2,2,0
2,2,0
1,1,0
11,11,0
2,2,0
3,3,0
1,2,1
3,3,0
3,28,25
3,5,2
3,7,4
9,10,1
3,3,0
1,2,1
2,2,0
2,2,0
3,3,0
0,0,0
2,2,0
2,2,0
2,2,0
3,8,5
100,107,7
52,56,4
0,0,0
20,20,0
2,2,0
20,20,0
4,6,2
2,3,1
2,2,0
3,3,0
3,3,0
3,6,3
233,1515,1282
3,3,0
3,3,0
2,2,0
2,2,0
10,10,0
1,5,4
2,11,9
100,200,100
95,100,5
2,2,0
2,4,2
0,0,0
3,5,2
3,15,12
2,40,38
3,3,0
2,12,10
3,3,0
3,6,3
2,2,0
2,2,0
1,3,2
1,1,0
1,1,0
2,2,0
2,2,0
2,2,0
3,5,2
2,2,0
3,9,6
2,3,1
2,2,0
2,2,0
0,0,0
3,5,2
2,2,0
2,19,17
0,0,0
2,2,0
8,8,0
1,1,0
3,3,0
24,24,0
77,77,0
2,2,0
2,2,0
3,5,2
2,4,2
100,104,4
2,2,0
2,2,0
1,1,0
1,1,0
2,2,0
2,19,17
2,2,0
1,10,9
3,3,0
3,3,0
8,34,26
2,2,0
2,3,1
1,2,1
2,2,0
3,7,4
3,5,2
2,4,2
2,7,5
2,2,0
3,3,0
24,24,0
2,3,1
3,3,0
74,74,0
1,5,4
22,22,0
2,6,4
2,2,0
10,13,3
2,2,0
2,2,0
1,1,0
2,2,0
9,9,0
3,8,5
2,2,0
3,5,2
2,2,0
3,5,2
3,3,0
2,9,7
3,5,2
2,2,0
2,2,0
2,2,0
2,2,0
72,72,0
2,2,0
2,8,6
1,1,0
8,8,0
2,2,0
3,5,2
2,82,80
2,2,0
2,2,0
1,4,3
6,6,0
2,7,5
4,4,0
3,3,0
1,57,56
10,16,6
2,2,0
2,2,0
2,2,0
2,2,0
3,4,1
3,3,0
2,27,25
3,3,0
2,2,0
3,3,0
3,3,0
2,25,23
3,3,0
2,3,1
2,2,0
2,2,0
2,2,0
2,2,0
1,2,1
2,8,6
1,4,3
8,8,0
2,4,2
3,7,4
3,3,0
3,5,2
63,64,1
2,2,0
2,2,0
2,4,2
2,2,0
12,12,0
8,8,0
100,109,9
6,6,0
2,3,1
2,2,0
3,3,0
11,11,0
2,2,0
2,2,0
3,6,3
2,2,0
1,1,0
2,10,8
2,2,0
3,3,0
1,7,6
2,3,1
1,5,4
4,15,11
2,2,0
3,3,0
2,2,0
3,5,2
1,3,2
3,7,4
3,3,0
2,2,0
1,2,1
0,0,0
2,4,2
4,4,0
3,5,2
32,32,0
1,5,4
2,6,4
3,7,4
2,96,94
0,0,0
2,2,0
2,2,0
3,5,2
29,36,7
2,2,0
2,15,13
0,0,0
2,2,0
2,5,3
3,3,0
2,2,0
6,6,0
3,5,2
3,3,0
2,2,0
0,0,0
3,3,0
2,2,0
3,3,0
1,1,0
1,3,2
8,8,0
2,6,4
2,4,2
1,21,20
92,92,0
52,52,0
1,55,54
2,7,5
2,2,0
3,12,9
2,2,0
2,13,11
2,6,4
2,5,3
2,2,0
2,2,0
0,0,0
1,2,1
7,7,0
3,3,0
3,9,6
3,5,2
3,3,0
2,2,0
2,3,1
3,3,0
2,2,0
2,2,0
8,8,0
8,8,0
20,22,2
3,3,0
3,6,3
2,2,0
100,104,4
2,5,3
2,6,4
2,2,0
30,30,0
1,1,0
1,4,3
2,2,0
3,3,0
2,2,0
2,5,3
2,2,0
3,4,1
1,26,25
1,1,0
3,3,0
26,26,0
2,2,0
5,5,0
3,5,2
2,2,0
2,2,0
3,5,2
3,3,0
3,7,4
68,68,0
3,3,0
1,7,6
3,3,0
2,2,0
2,3,1
2,2,0
8,8,0
3,7,4
2,2,0
8,27,19
3,26,23
2,2,0
3,7,4
2,2,0
1,1,0
2,4,2
2,2,0
2,2,0
2,2,0
3,3,0
6,6,0
3,3,0
102,141,39
1,6,5
2,5,3
2,5,3
2,2,0
3,3,0
1,3,2
2,6,4
15,15,0
2,2,0
3,3,0
3,5,2
2,6,4
2,8,6
2,2,0
2,2,0
2,2,0
2,2,0
1,1,0
6,6,0
3,36,33
2,4,2
4,53,49
3,5,2
2,2,0
0,0,0
3,8,5
37,59,22
3,3,0
2,13,11
3,3,0
2,2,0
2,4,2
2,4,2
3,3,0
3,3,0
1,1,0
1,1,0
0,0,0
3,15,12
3,3,0
2,2,0
1,7,6
2,2,0
4,5,1
3,3,0
87,95,8
3,3,0
2,2,0
2,2,0
3,4,1
2,8,6
2,62,60
9,9,0
2,2,0
22,37,15
2,82,80
3,3,0
2,3,1
79,83,4
3,3,0
2,2,0
16,19,3
2,2,0
2,82,80
2,2,0
7,7,0
2,2,0
2,2,0
2,4,2
2,2,0
2,6,4
0,0,0
4,4,0
2,2,0
3,8,5
3,3,0
2,2,0
2,2,0
2,2,0
2,2,0
2,2,0
2,2,0
3,5,2
3,5,2
3,3,0
2,2,0
2,2,0
2,4,2
3,3,0
2,17,15
3,3,0
2,4,2
2,2,0
2,2,0
2,2,0
3,5,2
3,10,7
3,55,52
3,5,2
7,7,0
2,2,0
2,2,0
3,3,0
2,2,0
8,8,0
3,5,2
3,3,0
3,8,5
2,2,0
3,3,0
1,1,0
3,6,3
3,5,2
1,2,1
1,8,7
2,2,0
3,3,0
9,9,0
0,0,0
2,2,0
1,1,0
25,25,0
2,2,0
3,3,0
3,3,0
2,6,4
2,2,0
9,9,0
3,3,0
2,2,0
88,88,0
2,80,78
2,2,0
3,6,3
0,0,0
0,0,0
3,3,0
3,3,0
48,50,2
141,141,0
3,5,2
3,5,2
2,2,0
2,2,0
2,5,3
2,4,2
1,30,29
0,0,0
2,2,0
3,9,6
2,2,0
2,2,0
2,2,0
2,4,2
2,2,0
2,2,0
3,7,4
2,2,0
2,2,0
3,3,0
2,2,0
0,0,0
0,0,0
0,0,0
2,2,0
2,2,0
3,11,8
3,5,2
3,3,0
3,5,2
10,10,0
2,2,0
8,8,0
4,4,0
3,29,26
3,3,0
14,14,0
2,2,0
62,62,0
2,2,0
2,6,4
4,17,13
2,2,0
2,2,0
2,2,0
2,2,0
2,3,1
3,16,13
0,0,0
6,11,5
3,7,4
2,2,0
1,2,1
7,7,0
2,10,8
3,5,2
2,2,0
2,2,0
2,2,0
102,152,50
97,97,0
2,2,0
3,3,0
4,16,12
2,3,1
2,4,2
0,0,0
3,3,0
3,12,9
2,2,0
8,8,0
3,3,0
3,3,0
3,5,2
96,102,6
3,3,0
8,8,0
2,82,80
2,2,0
2,2,0
2,6,4
2,8,6
0,0,0
1,76,75
2,2,0
2,2,0
2,2,0
3,7,4
2,2,0
2,2,0
2,2,0
3,5,2
2,27,25
1,2,1
2,4,2
3,5,2
2,2,0
2,4,2
8,8,0
2,2,0
3,3,0
1,1,0
3,3,0
3,3,0
2,6,4
2,2,0
3,3,0
2,80,78
2,2,0
2,2,0
3,3,0
4,4,0
1,2,1
2,4,2
1,1,0
13,13,0
2,2,0
1,2,1
2,4,2
7,7,0
1,1,0
3,3,0
2,2,0
3,7,4
2,2,0
7,14,7
1,2,1
2,2,0
3,5,2
6,11,5
1,2,1
3,9,6
2,2,0
3,6,3
2,2,0
2,2,0
2,4,2
3,5,2
3,3,0
3,10,7
3,3,0
1,1,0
2,2,0
3,3,0
3,3,0
2,3,1
2,6,4
8,8,0
2,2,0
2,2,0
2,2,0
2,2,0
3,3,0
2,2,0
0,0,0
2,3,1
1,7,6
1,1,0
2,4,2
8,8,0
2,10,8
3,3,0
2,6,4
80,80,0
3,3,0
82,176,94
2,2,0
3,3,0
6,6,0
2,4,2
2,2,0
9,9,0
1,1,0
3,5,2
3,7,4
3,6,3
2,2,0
3,3,0
2,2,0
5,5,0
4,4,0
20,20,0
8,18,10
2,2,0
3,9,6
1,3,2
2,2,0
2,2,0
3,17,14
2,3,1
2,17,15
1,1,0
0,0,0
2,4,2
2,2,0
51,51,0
2,2,0
2,9,7
2,4,2
3,5,2
3,3,0
2,2,0
2,84,82
2,82,80
2,2,0
5,19,14
3,5,2
2,2,0
1,2,1
3,5,2
3,3,0
8,8,0
2,2,0
1,2,1
2,2,0
3,3,0
6,6,0
2,2,0
2,2,0
2,11,9
2,2,0
2,2,0
1,3,2
2,4,2
2,101,99
2,2,0
3,3,0
2,6,4
3,3,0
2,4,2
2,2,0
2,2,0
1,1,0
2,11,9
2,2,0
3,7,4
2,6,4
2,28,26
2,2,0
3,5,2
1,1,0
100,104,4
2,2,0
2,2,0
1,1,0
0,0,0
2,2,0
3,3,0
3,5,2
3,6,3
3,4,1
1,10,9
2,2,0
2,2,0
2,2,0
1,2,1
2,2,0
3,5,2
3,6,3
76,119,43
3,8,5
9,9,0
85,89,4
2,2,0
2,2,0
1,2,1
1,2,1
2,2,0
3,3,0
3,6,3
3,3,0
2,2,0
50,50,0
2,2,0
2,4,2
2,2,0
3,5,2
2,2,0
2,2,0
18,20,2
16,16,0
2,2,0
2,26,24
2,2,0
7,7,0
2,2,0
145,145,0
0,0,0
2,2,0
9,9,0
9,9,0
1,1,0
22,22,0
3,3,0
4,9,5
9,9,0
3,3,0
1,5,4
2,5,3
2,23,21
8,8,0
2,4,2
3,6,3
3,3,0
2,3,1
3,5,2
3,3,0
3,3,0
8,9,1
2,2,0
2,4,2
3,3,0
7,8,1
2,16,14
2,24,22
3,6,3
2,2,0
2,2,0
2,4,2
2,2,0
2,12,10
1,9,8
76,79,3
2,4,2
2,2,0
1,21,20
2,8,6
2,4,2
2,8,6
3,11,8
2,5,3
3,3,0
5,5,0
2,2,0
1,23,22
2,2,0
3,5,2
2,95,93
2,2,0
2,2,0
3,11,8
2,2,0
2,2,0
6,6,0
3,3,0
2,2,0
2,5,3
2,2,0
2,6,4
2,5,3
3,5,2
2,2,0
2,22,20
1,13,12
3,14,11
2,2,0
1,5,4
10,10,0
2,9,7
2,20,18
6,6,0
2,4,2
3,6,3
3,3,0
3,3,0
3,5,2
2,9,7
2,2,0
2,4,2
2,4,2
2,2,0
2,10,8
92,92,0
3,3,0
2,2,0
1,1,0
2,2,0
3,3,0
4,4,0
3,3,0
3,6,3
3,3,0
2,2,0
3,4,1
2,2,0
3,3,0
1,2,1
3,7,4
2,2,0
2,2,0
5,12,7
4,8,4
3,7,4
2,2,0
9,9,0
3,3,0
2,3,1
9,9,0
2,2,0
1,26,25
2,2,0
2,2,0
0,0,0
1,3,2
3,3,0
2,2,0
2,2,0
1,1,0
2,6,4
3,4,1
3,3,0
2,31,29
2,2,0
2,2,0
4,4,0
2,2,0
2,2,0
2,2,0
1,2,1
2,2,0
9,9,0
2,2,0
2,4,2
3,20,17
3,5,2
2,4,2
2,2,0
2,2,0
6,6,0
2,17,15
2,2,0
2,4,2
2,2,0
9,9,0
2,2,0
2,2,0
3,5,2
6,6,0
3,3,0
3,4,1
3,3,0
3,4,1
7,7,0
3,5,2
2,2,0
1,4,3
2,2,0
2,2,0
2,2,0
3,3,0
7,7,0
10,12,2
8,8,0
2,2,0
2,16,14
3,7,4
3,5,2
2,3,1
2,2,0
2,27,25
6,6,0
2,3,1
5,5,0
2,5,3
2,7,5
1,1,0
3,8,5
3,25,22
2,2,0
3,3,0
0,0,0
2,2,0
2,5,3
2,2,0
34,34,0
1,34,33
2,2,0
2,2,0
2,2,0
3,5,2
2,2,0
3,3,0
2,2,0
2,2,0
3,3,0
2,5,3
2,2,0
1,1,0
2,2,0
3,15,12
1,14,13
11,13,2
2,2,0
3,5,2
2,2,0
6,6,0
2,2,0
2,2,0
2,4,2
0,0,0
3,3,0
2,2,0
1,27,26
2,4,2
3,5,2
5,5,0
2,2,0
3,3,0
2,2,0
2,2,0
4,4,0
2,3,1
10,15,5
3,3,0
3,5,2
3,7,4
3,3,0
3,3,0
3,3,0
4,5,1
2,80,78
9,9,0
8,8,0
0,0,0
2,2,0
5,5,0
1,2,1
0,0,0
2,2,0
9,9,0
3,7,4
2,3,1
2,2,0
3,3,0
20,20,0
2,4,2
2,2,0
2,2,0
3,36,33
1,1,0
2,2,0
10,10,0
3,7,4
2,3,1
1,1,0
3,3,0
3,3,0
6,12,6
4,4,0
2,2,0
2,2,0
2,7,5
2,3,1
0,0,0
11,11,0
33,55,22
2,2,0
56,56,0
18,20,2
3,5,2
3,5,2
10,10,0
2,4,2
2,5,3
2,3,1
3,3,0
2,7,5
2,2,0
3,7,4
2,4,2
1,1,0
1,1,0
1,25,24
2,2,0
7,7,0
3,9,6
2,80,78
3,3,0
2,58,56
10,10,0
3,5,2
2,2,0
2,2,0
2,8,6
2,2,0
2,2,0
2,3,1
59,59,0
3,3,0
4,4,0
2,2,0
2,2,0
9,12,3
100,106,6
2,4,2
2,5,3
2,2,0
2,2,0
2,2,0
1,1,0
3,8,5
2,7,5
2,35,33
3,3,0
2,2,0
3,3,0
2,2,0
9,9,0
3,9,6
2,2,0
2,2,0
8,8,0
2,2,0
2,4,2
3,3,0
22,22,0
2,2,0
11,11,0
3,8,5
2,2,0
12,56,44
3,5,2
3,3,0
2,10,8
0,0,0
0,0,0
2,2,0
6,6,0
3,3,0
2,10,8
2,3,1
2,2,0
1,21,20
2,2,0
3,9,6
2,2,0
2,3,1
2,2,0
8,8,0
13,13,0
2,6,4
3,4,1
7,7,0
3,3,0
8,8,0
2,2,0
3,10,7
3,4,1
2,4,2
2,2,0
2,2,0
0,0,0
2,4,2
2,10,8
2,2,0
3,3,0
2,36,34
3,3,0
9,9,0
3,3,0
36,36,0
2,2,0
2,2,0
2,4,2
2,2,0
0,0,0
1,24,23
9,12,3
2,2,0
2,2,0
2,8,6
4,6,2
51,51,0
7,7,0
1,1,0
2,2,0
24,24,0
3,3,0
2,2,0
2,2,0
10,10,0
2,2,0
2,2,0
3,3,0
2,9,7
2,2,0
3,5,2
3,5,2
0,0,0
2,2,0
2,3,1
2,4,2
3,5,2
2,2,0
3,5,2
3,3,0
1,45,44
3,6,3
2,3,1
3,6,3
2,15,13
2,2,0
51,51,0
3,5,2
2,2,0
4,10,6
2,2,0
12,23,11
131,425,294
2,2,0
2,2,0
2,14,12
2,2,0
1,1,0
2,71,69
15,20,5
3,5,2
1,2,1
2,2,0
3,5,2
2,2,0
3,3,0
2,7,5
3,3,0
2,2,0
2,4,2
3,24,21
3,4,1
2,2,0
2,4,2
2,3,1
3,3,0
2,2,0
1,1,0
9,9,0
3,5,2
2,2,0
0,0,0
3,11,8
3,3,0
1,1,0
1,13,12
3,3,0
4,4,0
1,4,3
3,5,2
2,82,80
2,2,0
2,2,0
2,5,3
2,3,1
2,5,3
12,12,0
3,6,3
5,5,0
3,3,0
2,2,0
3,3,0
3,3,0
3,5,2
2,2,0
3,3,0
1,3,2
131,131,0
2,4,2
2,2,0
2,6,4
3,19,16
2,2,0
2,3,1
9,9,0
3,10,7
2,2,0
3,3,0
2,4,2
9,9,0
2,7,5
2,2,0
3,5,2
2,24,22
2,2,0
2,4,2
22,30,8
9,9,0
2,2,0
2,4,2
8,19,11
3,5,2
1,1,0
2,2,0
3,5,2
2,47,45
1,2,1
25,25,0
2,3,1
2,2,0
1,46,45
8,8,0
3,7,4
2,2,0
6,6,0
2,2,0
3,5,2
3,3,0
3,3,0
2,2,0
2,2,0
2,6,4
2,2,0
2,4,2
8,8,0
3,5,2
2,2,0
4,70,66
3,3,0
1,2,1
3,3,0
2,2,0
3,3,0
2,2,0
9,9,0
3,3,0
2,2,0
64,95,31
1,1,0
2,2,0
2,6,4
2,16,14
2,2,0
1,24,23
3,3,0
2,2,0
0,0,0
2,2,0
2,9,7
12,14,2
2,2,0
2,2,0
2,2,0
2,2,0
2,3,1
51,51,0
2,12,10
3,3,0
2,2,0
2,2,0
1,7,6
7,65,58
3,3,0
2,2,0
8,10,2
3,3,0
2,22,20
16,16,0
3,3,0
9,9,0
2,2,0
2,2,0
22,22,0
2,2,0
2,2,0
2,2,0
3,3,0
9,9,0
10,10,0
3,19,16
2,2,0
3,10,7
5,5,0
51,51,0
3,3,0
8,8,0
2,87,85
1,7,6
6,6,0
8,8,0
3,3,0
2,21,19
2,2,0
2,2,0
3,10,7
2,2,0
3,5,2
2,3,1
3,3,0
2,2,0
3,3,0
8,8,0
2,2,0
3,3,0
2,2,0
2,4,2
2,2,0
1,1,0
0,0,0
2,82,80
10,10,0
3,17,14
2,2,0
0,0,0
1,29,28
3,10,7
2,2,0
8,8,0
11,11,0
3,3,0
2,2,0
2,2,0
2,4,2
3,3,0
20,20,0
2,2,0
0,0,0
4,6,2
2,4,2
2,30,28
3,7,4
2,80,78
20,42,22
2,2,0
2,4,2
0,0,0
3,7,4
2,3,1
3,3,0
9,9,0
3,10,7
80,125,45
3,3,0
2,3,1
3,3,0
2,2,0
1,5,4
2,2,0
12,18,6
0,0,0
7,7,0
2,2,0
2,4,2
3,3,0
9,9,0
0,0,0
2,4,2
11,11,0
3,7,4
3,5,2
9,9,0
2,6,4
3,3,0
2,2,0
2,2,0
2,5,3
9,9,0
3,9,6
13,13,0
2,2,0
3,5,2
3,11,8
2,2,0
3,7,4
1,1,0
3,6,3
2,5,3
2,4,2
0,0,0
3,3,0
3,3,0
2,2,0
2,2,0
2,4,2
3,7,4
2,2,0
1,1,0
3,3,0
60,60,0
63,67,4
3,3,0
1,3,2
3,3,0
1,2,1
4,4,0
2,6,4
2,2,0
9,9,0
1,2,1
2,4,2
0,0,0
42,42,0
3,3,0
3,5,2
2,26,24
3,3,0
2,2,0
3,3,0
3,3,0
15,15,0
2,4,2
2,2,0
2,2,0
0,0,0
2,2,0
1,6,5
2,4,2
3,7,4
2,2,0
2,2,0
2,2,0
3,7,4
20,20,0
1,1,0
1,2,1
3,3,0
3,5,2
4,6,2
2,2,0
2,2,0
3,3,0
12,12,0
14,14,0
9,64,55
2,2,0
2,2,0
2,2,0
3,5,2
2,4,2
2,2,0
3,3,0
10,10,0
2,2,0
2,5,3
2,4,2
3,5,2
2,2,0
1,9,8
3,7,4
3,5,2
3,3,0
0,0,0
2,2,0
2,4,2
3,5,2
2,2,0
11,11,0
3,3,0
30,30,0
3,3,0
0,0,0
3,8,5
0,0,0
2,2,0
2,2,0
2,2,0
2,2,0
0,0,0
1,23,22
2,2,0
9,9,0
2,2,0
2,2,0
3,7,4
9,9,0
2,4,2
2,2,0
1,21,20
2,4,2
3,3,0
47,47,0
3,3,0
0,0,0
2,2,0
3,3,0
3,7,4
2,3,1
1,1,0
6,6,0
3,3,0
3,3,0
2,44,42
3,3,0
3,3,0
3,6,3
5,5,0
1,21,20
100,100,0
2,5,3
3,5,2
4,7,3
3,12,9
2,6,4
5,5,0
2,2,0
48,48,0
2,2,0
15,17,2
2,2,0
3,3,0
2,2,0
2,15,13
40,64,24
1,66,65
80,80,0
3,10,7
2,5,3
2,2,0
15,15,0
1,1,0
3,10,7
3,11,8
3,3,0
9,9,0
51,74,23
2,2,0
2,2,0
3,3,0
2,84,82
3,3,0
9,9,0
2,2,0
2,17,15
2,2,0
2,2,0
9,12,3
2,4,2
2,2,0
18,18,0
2,2,0
2,2,0
2,2,0
2,23,21
2,2,0
3,3,0
2,2,0
3,4,1
2,10,8
3,3,0
3,5,2
2,2,0
2,2,0
18,56,38
3,3,0
2,2,0
2,2,0
0,0,0
6,27,21
2,2,0
2,2,0
3,4,1
2,2,0
2,2,0
1,2,1
1,1,0
1,4,3
3,3,0
2,2,0
3,3,0
2,13,11
27,30,3
2,4,2
2,2,0
8,10,2
3,3,0
1,4,3
4,4,0
2,2,0
3,5,2
1,23,22
2,6,4
0,0,0
3,5,2
2,8,6
2,2,0
8,8,0
3,3,0
8,8,0
2,4,2
2,4,2
2,3,1
0,0,0
8,8,0
9,9,0
6,6,0
2,2,0
2,2,0
3,3,0
9,9,0
3,14,11
81,81,0
0,0,0
1,5,4
2,4,2
2,2,0
2,8,6
2,2,0
3,3,0
2,2,0
1,2,1
2,2,0
2,2,0
5,5,0
2,2,0
2,2,0
2,2,0
2,2,0
8,8,0
2,2,0
2,2,0
1,54,53
2,22,20
4,4,0
2,2,0
2,8,6
8,8,0
28,105,77
3,4,1
1,1,0
1,79,78
2,6,4
3,5,2
2,2,0
3,3,0
3,3,0
2,2,0
2,2,0
4,4,0
2,2,0
3,3,0
8,8,0
3,3,0
2,4,2
2,2,0
2,2,0
3,5,2
2,3,1
3,7,4
2,2,0
3,25,22
1,1,0
2,4,2
2,2,0
4,4,0
2,29,27
3,16,13
2,2,0
3,11,8
2,2,0
3,10,7
11,11,0
3,3,0
2,2,0
2,2,0
2,6,4
2,2,0
3,4,1
2,2,0
2,2,0
5,5,0
6,8,2
1,2,1
3,3,0
2,77,75
6,6,0
2,2,0
2,4,2
3,3,0
1,2,1
9,9,0
3,7,4
3,3,0
12,12,0
0,0,0
2,2,0
3,3,0
6,11,5
1,1,0
3,3,0
15,15,0
2,2,0
2,2,0
1,2,1
100,100,0
3,5,2
6,6,0
2,2,0
8,8,0
1,3,2
17,23,6
0,0,0
2,3,1
2,2,0
2,2,0
2,2,0
3,3,0
2,2,0
6,6,0
4,4,0
14,14,0
151,151,0
2,3,1
1,2,1
3,3,0
2,2,0
0,0,0
4,4,0
10,20,10
3,6,3
2,2,0
1,1,0
10,10,0
2,2,0
2,24,22
3,3,0
2,2,0
0,0,0
2,39,37
20,20,0
2,2,0
2,6,4
2,15,13
4,16,12
9,9,0
0,0,0
2,24,22
19,19,0
3,5,2
1,29,28
1,21,20
2,6,4
12,12,0
75,75,0
11,11,0
3,3,0
2,2,0
2,2,0
3,3,0
2,2,0
2,45,43
3,3,0
3,9,6
2,2,0
2,2,0
2,12,10
4,4,0
2,3,1
3,3,0
2,16,14
2,2,0
2,7,5
9,9,0
3,3,0
28,45,17
1,1,0
2,4,2
3,3,0
3,6,3
9,9,0
2,2,0
2,2,0
1,23,22
3,3,0
2,2,0
2,4,2
2,2,0
8,8,0
2,2,0
1,1,0
4,4,0
2,2,0
3,3,0
2,2,0
2,3,1
2,2,0
2,2,0
5,5,0
8,8,0
3,3,0
2,2,0
8,8,0
4,4,0
3,3,0
5,8,3
6,7,1
4,4,0
3,3,0
4,5,1
2,2,0
4,4,0
1,4,3
2,2,0
2,74,72
0,0,0
2,7,5
19,19,0
20,20,0
27,27,0
2,2,0
2,2,0
2,3,1
2,2,0
2,2,0
0,0,0
2,4,2
2,10,8
2,2,0
2,2,0
1,40,39
147,147,0
3,3,0
3,3,0
2,2,0
5,5,0
5,25,20
1,26,25
8,8,0
0,0,0
3,5,2
1,2,1
2,2,0
3,3,0
1,4,3
2,3,1
2,2,0
1,1,0
2,80,78
2,4,2
2,2,0
60,85,25
2,2,0
2,2,0
5,5,0
2,2,0
2,2,0
3,3,0
2,2,0
0,0,0
2,3,1
2,2,0
2,2,0
2,2,0
1,2,1
11,11,0
9,9,0
3,3,0
2,4,2
1,1,0
3,12,9
2,6,4
11,11,0
3,4,1
51,52,1
2,2,0
3,3,0
2,5,3
103,103,0
2,2,0
1,1,0
3,3,0
2,2,0
10,98,88
2,2,0
6,6,0
2,2,0
3,12,9
3,5,2
3,5,2
2,2,0
49,100,51
5,5,0
3,6,3
3,5,2
2,6,4
3,3,0
2,4,2
1,6,5
2,9,7
29,87,58
16,34,18
3,3,0
1,2,1
2,4,2
2,2,0
47,49,2
9,10,1
2,129,127
1,2,1
1,9,8
8,8,0
2,19,17
3,11,8
37,108,71
2,2,0
89,89,0
1,1,0
2,2,0
2,2,0
68,68,0
4,4,0
2,4,2
2,25,23
2,2,0
2,2,0
3,17,14
2,2,0
0,0,0
2,82,80
2,3,1
2,10,8
2,61,59
9,53,44
3,5,2
8,8,0
2,2,0
2,46,44
3,3,0
2,37,35
6,6,0
0,0,0
3,7,4
2,3,1
1,1,0
3,3,0
3,3,0
2,2,0
3,3,0
2,2,0
3,3,0
3,3,0
2,86,84
9,9,0
3,3,0
8,8,0
1,1,0
2,2,0
3,3,0
2,11,9
3,7,4
3,3,0
3,3,0
4,4,0
8,8,0
8,16,8
2,2,0
1,1,0
2,2,0
3,15,12
154,157,3
2,5,3
9,9,0
3,7,4
3,3,0
2,2,0
9,9,0
3,3,0
2,2,0
12,12,0
3,7,4
2,2,0
1,1,0
2,2,0
3,4,1
9,9,0
3,7,4
2,2,0
2,2,0
1,2,1
2,2,0
2,2,0
2,6,4
1,2,1
2,2,0
3,3,0
1,1,0
3,7,4
2,2,0
2,6,4
3,5,2
3,3,0
2,2,0
2,82,80
2,2,0
3,3,0
3,3,0
3,5,2
3,13,10
2,2,0
2,2,0
4,70,66
8,8,0
18,57,39
20,20,0
2,2,0
5,5,0
2,2,0
1,2,1
3,5,2
3,5,2
2,2,0
3,3,0
2,4,2
2,4,2
2,2,0
11,13,2
2,10,8
3,9,6
3,3,0
7,7,0
2,2,0
8,8,0
2,16,14
5,5,0
2,2,0
3,5,2
3,13,10
0,0,0
2,2,0
3,14,11
3,5,2
4,7,3
2,11,9
2,4,2
2,2,0
2,4,2
3,6,3
3,3,0
2,2,0
2,7,5
2,2,0
6,6,0
3,3,0
0,0,0
2,2,0
2,2,0
2,3,1
2,2,0
2,8,6
1,2,1
2,2,0
1,22,21
2,2,0
3,3,0
1,1,0
2,3,1
12,12,0
60,62,2
3,3,0
2,2,0
2,4,2
2,2,0
1,2,1
2,4,2
2,2,0
2,4,2
2,7,5
37,53,16
2,2,0
9,9,0
3,5,2
3,5,2
3,3,0
75,81,6
2,2,0
2,2,0
2,2,0
20,20,0
1,1,0
2,2,0
2,2,0
3,3,0
2,2,0
3,3,0
2,2,0
0,0,0
2,2,0
0,0,0
1,2,1
4,4,0
3,15,12
2,2,0
2,2,0
8,8,0
9,9,0
2,2,0
2,2,0
2,80,78
2,2,0
3,3,0
1,2,1
1,2,1
3,3,0
2,9,7
2,2,0
3,5,2
2,11,9
8,8,0
3,3,0
1,26,25
2,2,0
2,2,0
2,2,0
2,2,0
3,5,2
4,7,3
2,6,4
42,97,55
2,5,3
2,2,0
2,2,0
13,13,0
2,2,0
2,2,0
2,2,0
2,2,0
1,3,2
3,9,6
0,0,0
2,2,0
1,4,3
2,2,0
2,2,0
2,16,14
2,2,0
3,3,0
2,2,0
2,2,0
3,5,2
17,17,0
44,46,2
2,2,0
5,5,0
3,5,2
3,9,6
2,2,0
2,2,0
2,2,0
2,4,2
2,5,3
3,5,2
2,2,0
22,22,0
3,3,0
0,0,0
1,1,0
3,3,0
2,2,0
0,0,0
3,8,5
2,2,0
46,108,62
2,2,0
3,3,0
1,2,1
0,0,0
0,0,0
2,2,0
2,2,0
14,17,3
3,5,2
2,12,10
8,8,0
2,4,2
2,4,2
2,2,0
2,2,0
2,2,0
118,136,18
3,5,2
3,3,0
2,4,2
0,0,0
1,30,29
3,3,0
14,15,1
3,3,0
2,13,11
7,104,97
2,4,2
2,8,6
2,2,0
3,5,2
3,4,1
2,2,0
2,2,0
3,13,10
3,4,1
5,7,2
3,5,2
0,0,0
1,1,0
2,10,8
30,34,4
3,3,0
1,4,3
3,3,0
2,2,0
19,20,1
4,37,33
2,2,0
3,3,0
3,4,1
11,11,0
2,2,0
1,2,1
2,6,4
11,13,2
6,6,0
12,12,0
1,1,0
3,3,0
2,2,0
2,2,0
4,7,3
1,2,1
2,2,0
23,23,0
29,30,1
3,3,0
3,5,2
2,2,0
2,2,0
2,2,0
2,2,0
8,8,0
2,2,0
3,3,0
2,4,2
2,5,3
1,1,0
2,2,0
10,10,0
3,6,3
3,3,0
3,7,4
2,2,0
1,3,2
3,5,2
77,77,0
2,2,0
2,2,0
3,3,0
90,95,5
14,14,0
3,5,2
4,4,0
3,6,3
2,3,1
1,3,2
1,5,4
1,1,0
3,9,6
2,2,0
4,29,25
1,1,0
2,2,0
0,0,0
3,10,7
2,3,1
2,2,0
3,3,0
3,5,2
3,16,13
0,0,0
2,7,5
3,3,0
3,5,2
2,2,0
2,2,0
2,2,0
3,5,2
2,2,0
0,0,0
2,2,0
2,2,0
0,0,0
3,8,5
2,2,0
2,3,1
3,5,2
8,8,0
3,3,0
2,6,4
3,3,0
3,3,0
5,5,0
0,0,0
2,15,13
2,70,68
2,2,0
2,3,1
2,6,4
4,4,0
2,2,0
2,2,0
1,1,0
2,2,0
1,1,0
60,60,0
3,3,0
2,6,4
0,0,0
1,1,0
2,2,0
2,4,2
2,8,6
1,5,4
3,7,4
7,7,0
1,1,0
2,2,0
8,8,0
2,4,2
3,5,2
3,3,0
2,3,1
2,2,0
2,2,0
2,4,2
3,3,0
2,2,0
2,2,0
3,9,6
2,2,0
0,0,0
3,4,1
175,175,0
8,8,0
3,5,2
3,5,2
3,3,0
30,34,4
2,4,2
4,6,2
3,3,0
2,6,4
2,2,0
3,5,2
2,2,0
1,12,11
0,0,0
102,102,0
2,60,58
2,2,0
4,4,0
2,2,0
2,2,0
8,8,0
30,30,0
2,2,0
0,0,0
2,2,0
3,7,4
3,3,0
3,3,0
2,2,0
3,3,0
0,0,0
3,3,0
7,7,0
2,82,80
2,2,0
8,11,3
1,3,2
3,9,6
17,19,2
2,2,0
2,2,0
2,2,0
0,0,0
2,2,0
2,3,1
2,4,2
4,10,6
2,84,82
9,11,2
2,2,0
1,2,1
2,2,0
4,6,2
2,2,0
2,2,0
2,2,0
5,5,0
2,2,0
2,2,0
3,6,3
3,11,8
2,4,2
2,2,0
2,2,0
2,8,6
60,60,0
3,3,0
10,10,0
0,0,0
2,2,0
3,3,0
2,2,0
4,10,6
3,5,2
2,6,4
4,10,6
1,27,26
3,3,0
1,24,23
2,2,0
3,8,5
3,3,0
2,2,0
34,114,80
3,3,0
9,9,0
2,6,4
2,2,0
2,3,1
2,2,0
9,9,0
2,2,0
2,9,7
2,2,0
2,2,0
2,2,0
1,1,0
75,75,0
2,2,0
2,2,0
2,4,2
2,4,2
12,12,0
3,9,6
2,2,0
2,4,2
2,2,0
2,2,0
6,6,0
2,2,0
2,2,0
79,182,103
2,2,0
2,2,0
9,9,0
9,18,9
2,4,2
2,2,0
0,0,0
3,5,2
2,2,0
3,3,0
36,58,22
2,2,0
9,9,0
3,3,0
3,3,0
3,7,4
1,2,1
9,9,0
3,5,2
2,3,1
26,26,0
2,2,0
3,4,1
4,4,0
17,17,0
34,36,2
3,3,0
0,0,0
3,6,3
3,3,0
38,78,40
2,2,0
10,98,88
2,6,4
2,4,2
2,2,0
2,2,0
2,2,0
96,96,0
2,6,4
0,0,0
2,14,12
2,2,0
3,8,5
2,80,78
2,2,0
1,25,24
2,2,0
8,8,0
60,121,61
2,3,1
2,21,19
2,2,0
3,8,5
7,7,0
3,3,0
1,1,0
3,3,0
18,21,3
2,2,0
2,2,0
0,0,0
2,2,0
2,2,0
2,2,0
11,11,0
3,3,0
2,2,0
2,4,2
100,104,4
1,2,1
2,5,3
0,0,0
1,2,1
2,3,1
3,3,0
2,19,17
2,2,0
6,33,27
15,15,0
3,3,0
3,5,2
2,11,9
3,3,0
2,4,2
2,2,0
2,2,0
2,2,0
2,3,1
2,2,0
8,8,0
3,7,4
2,2,0
3,3,0
2,9,7
2,4,2
8,8,0
2,2,0
2,2,0
4,4,0
3,5,2
4,4,0
3,6,3
10,10,0
2,2,0
2,6,4
2,12,10
44,123,79
1,62,61
3,3,0
2,2,0
2,2,0
8,8,0
2,2,0
2,2,0
3,3,0
8,26,18
2,2,0
3,3,0
2,2,0
2,2,0
2,2,0
3,3,0
2,4,2
2,2,0
2,2,0
1,1,0
2,2,0
1,1,0
2,6,4
3,79,76
2,4,2
2,2,0
1,26,25
2,2,0
3,3,0
2,12,10
2,2,0
2,2,0
3,5,2
38,38,0
0,0,0
4,4,0
2,2,0
2,8,6
2,4,2
8,8,0
8,8,0
0,0,0
3,3,0
1,1,0
2,2,0
2,4,2
1,6,5
8,8,0
2,2,0
3,3,0
2,2,0
2,4,2
8,8,0
2,2,0
2,2,0
8,8,0
2,2,0
6,8,2
2,9,7
2,2,0
3,5,2
1,55,54
3,12,9
8,11,3
2,2,0
2,2,0
2,2,0
3,3,0
2,2,0
2,2,0
0,0,0
2,2,0
0,0,0
34,34,0
2,2,0
3,5,2
2,8,6
2,10,8
2,2,0
1,1,0
2,2,0
2,14,12
2,3,1
1,1,0
2,2,0
3,5,2
2,2,0
3,9,6
1,2,1
36,36,0
2,2,0
2,2,0
1,20,19
3,3,0
0,0,0
3,6,3
2,2,0
3,3,0
2,2,0
2,45,43
3,3,0
4,4,0
2,2,0
1,1,0
3,8,5
6,6,0
2,4,2
2,6,4
2,2,0
0,0,0
2,2,0
2,2,0
9,9,0
2,28,26
2,2,0
98,242,144
10,17,7
2,4,2
2,4,2
3,5,2
20,20,0
2,2,0
2,6,4
1,2,1
2,2,0
2,2,0
2,82,80
3,3,0
3,51,48
3,5,2
2,2,0
2,2,0
2,2,0
1,1,0
2,2,0
2,11,9
1,1,0
1,1,0
1,2,1
3,7,4
9,20,11
2,2,0
2,2,0
3,3,0
8,8,0
3,3,0
2,4,2
2,4,2
0,0,0
2,2,0
3,5,2
3,46,43
1,3,2
9,9,0
51,51,0
2,2,0
3,3,0
3,5,2
2,2,0
0,0,0
4,4,0
3,8,5
2,2,0
2,2,0
2,12,10
2,2,0
100,100,0
2,2,0
2,2,0
5,5,0
3,5,2
2,4,2
2,2,0
0,0,0
2,2,0
2,2,0
2,2,0
3,3,0
1,2,1
2,2,0
3,5,2
3,3,0
0,0,0
2,2,0
2,3,1
9,9,0
2,3,1
2,2,0
2,2,0
3,3,0
1,2,1
2,11,9
2,5,3
3,3,0
2,17,15
2,2,0
0,0,0
2,18,16
2,2,0
3,3,0
22,22,0
2,2,0
2,2,0
3,9,6
8,8,0
3,4,1
8,8,0
4,6,2
3,3,0
3,3,0
2,2,0
2,2,0
3,3,0
3,3,0
0,0,0
2,13,11
3,10,7
3,7,4
12,18,6
1,1,0
2,4,2
5,82,77
2,2,0
2,2,0
4,6,2
0,0,0
1,2,1
3,8,5
2,4,2
1,2,1
2,2,0
2,3,1
9,9,0
2,2,0
7,56,49
4,8,4
2,2,0
2,6,4
0,0,0
2,48,46
8,8,0
2,2,0
2,3,1
2,2,0
2,2,0
4,10,6
3,6,3
3,3,0
0,0,0
12,12,0
4,10,6
8,8,0
3,3,0
8,8,0
2,2,0
3,3,0
2,2,0
2,4,2
23,34,11
3,8,5
2,2,0
0,0,0
1,1,0
2,3,1
2,2,0
3,7,4
2,4,2
2,2,0
0,0,0
4,4,0
3,5,2
3,3,0
2,2,0
2,82,80
1,3,2
3,5,2
56,56,0
2,4,2
2,2,0
2,2,0
2,2,0
2,2,0
7,8,1
3,7,4
2,2,0
1,1,0
3,16,13
2,4,2
3,3,0
8,8,0
8,8,0
2,2,0
2,2,0
3,3,0
3,3,0
2,2,0
2,4,2
1,2,1
2,3,1
6,6,0
2,12,10
2,2,0
100,200,100
3,7,4
2,2,0
100,100,0
3,13,10
17,17,0
2,4,2
2,2,0
2,2,0
2,4,2
2,3,1
2,2,0
2,2,0
1,3,2
3,3,0
100,104,4
2,2,0
3,5,2
2,2,0
2,2,0
2,2,0
6,30,24
4,4,0
8,8,0
3,3,0
8,8,0
2,8,6
1,2,1
3,9,6
2,2,0
2,2,0
3,3,0
2,6,4
2,2,0
2,2,0
2,10,8
2,2,0
2,22,20
2,2,0
2,2,0
2,2,0
13,16,3
2,4,2
2,2,0
3,8,5
6,6,0
3,4,1
3,3,0
2,2,0
2,2,0
5,5,0
3,3,0
3,3,0
1,3,2
6,34,28
2,2,0
2,2,0
2,4,2
2,2,0
3,11,8
3,3,0
2,2,0
3,12,9
3,3,0
2,2,0
26,44,18
2,2,0
2,2,0
2,4,2
2,2,0
1,2,1
3,3,0
3,3,0
8,8,0
8,8,0
11,58,47
2,2,0
2,2,0
2,2,0
3,10,7
2,2,0
3,3,0
2,2,0
2,2,0
11,11,0
3,7,4
3,5,2
1,2,1
9,9,0
2,2,0
8,18,10
3,3,0
2,2,0
2,2,0
2,13,11
2,2,0
2,2,0
13,13,0
1,2,1
2,2,0
2,2,0
0,0,0
2,2,0
3,7,4
8,8,0
2,2,0
3,3,0
2,2,0
2,82,80
3,3,0
2,2,0
2,2,0
23,26,3
1,1,0
2,7,5
4,4,0
3,14,11
3,3,0
1,4,3
1,2,1
2,25,23
2,2,0
2,8,6
2,2,0
4,4,0
3,3,0
2,2,0
2,2,0
2,2,0
3,3,0
1,1,0
60,121,61
0,0,0
3,5,2
2,2,0
2,2,0
2,2,0
2,4,2
2,10,8
3,10,7
2,2,0
1,1,0
4,4,0
2,2,0
3,3,0
3,3,0
2,2,0
8,8,0
42,42,0
2,2,0
2,2,0
2,4,2
2,2,0
2,2,0
10,10,0
9,9,0
1,1,0
2,2,0
2,2,0
2,2,0
3,13,10
2,7,5
3,5,2
3,5,2
2,10,8
2,2,0
10,10,0
2,2,0
2,2,0
2,12,10
10,10,0
3,5,2
3,3,0
2,2,0
3,5,2
2,2,0
2,2,0
2,2,0
20,20,0
2,2,0
3,5,2
3,3,0
9,17,8
2,2,0
2,2,0
3,3,0
2,2,0
3,9,6
2,2,0
18,18,0
7,10,3
3,5,2
2,2,0
1,3,2
2,2,0
22,22,0
3,3,0
2,2,0
2,2,0
2,4,2
2,8,6
3,3,0
2,2,0
8,8,0
3,6,3
2,2,0
3,3,0
2,2,0
3,3,0
3,9,6
2,2,0
2,2,0
1,4,3
0,0,0
0,0,0
0,0,0
5,11,6
3,5,2
3,5,2
2,59,57
3,3,0
2,2,0
3,3,0
2,4,2
2,2,0
2,2,0
2,4,2
3,12,9
3,23,20
3,5,2
11,11,0
2,3,1
1,1,0
4,5,1
1,1,0
3,3,0
1,2,1
2,2,0
2,20,18
2,2,0
3,12,9
9,9,0
3,3,0
9,9,0
3,3,0
0,0,0
2,3,1
2,2,0
2,16,14
2,2,0
3,5,2
1,3,2
2,53,51
8,8,0
0,0,0
2,22,20
1,2,1
4,4,0
3,3,0
2,2,0
1,1,0
2,2,0
3,5,2
2,2,0
1,1,0
2,2,0
2,2,0
85,85,0
2,7,5
2,2,0
1,79,78
8,8,0
6,6,0
2,2,0
3,5,2
2,2,0
2,2,0
2,2,0
8,8,0
3,3,0
3,16,13
29,29,0
3,11,8
2,2,0
12,12,0
2,2,0
8,8,0
1,3,2
2,13,11
2,5,3
51,57,6
2,3,1
3,8,5
1,4,3
2,2,0
2,2,0
2,13,11
2,14,12
5,5,0
2,2,0
0,0,0
39,56,17
1,8,7
2,6,4
2,11,9
2,6,4
1,2,1
2,2,0
2,2,0
0,0,0
2,2,0
2,6,4
2,2,0
10,22,12
2,2,0
16,16,0
2,10,8
3,3,0
10,27,17
8,21,13
3,3,0
2,2,0
1,2,1
22,65,43
2,2,0
3,3,0
2,2,0
1,2,1
8,8,0
3,5,2
9,9,0
3,3,0
3,4,1
2,2,0
5,7,2
1,1,0
3,3,0
2,2,0
2,2,0
3,5,2
2,47,45
2,2,0
2,2,0
2,18,16
2,2,0
20,20,0
0,0,0
2,16,14
2,4,2
3,3,0
1,78,77
3,3,0
3,7,4
2,5,3
2,2,0
3,9,6
3,7,4
3,3,0
0,0,0
1,2,1
2,2,0
2,2,0
2,4,2
6,29,23
1,1,0
3,3,0
2,2,0
3,11,8
2,2,0
2,4,2
2,2,0
2,13,11
2,2,0
1,13,12
3,5,2
8,8,0
2,4,2
0,0,0
48,48,0
2,2,0
8,13,5
129,129,0
2,2,0
0,0,0
10,59,49
31,31,0
6,23,17
2,2,0
4,4,0
8,16,8
3,3,0
2,48,46
3,3,0
2,2,0
2,2,0
5,7,2
1,2,1
3,7,4
1,2,1
3,5,2
47,49,2
2,2,0
2,2,0
2,2,0
1,2,1
3,5,2
66,232,166
1,28,27
2,80,78
8,8,0
2,3,1
0,0,0
2,2,0
1,65,64
2,4,2
2,2,0
1,9,8
11,11,0
1,1,0
3,7,4
0,0,0
0,0,0
2,10,8
2,2,0
10,10,0
2,2,0
3,3,0
3,5,2
2,2,0
1,23,22
3,3,0
4,4,0
2,5,3
0,0,0
3,3,0
2,2,0
2,2,0
2,2,0
9,9,0
34,34,0
6,6,0
2,2,0
2,4,2
2,2,0
2,2,0
3,3,0
2,7,5
4,7,3
1,2,1
1,1,0
2,2,0
19,19,0
42,43,1
10,10,0
2,2,0
2,2,0
2,2,0
2,2,0
3,7,4
3,3,0
3,7,4
6,10,4
2,2,0
2,21,19
38,75,37
2,2,0
3,3,0
9,9,0
2,2,0
8,8,0
19,19,0
3,3,0
3,11,8
2,2,0
2,2,0
2,2,0
2,2,0
4,4,0
2,2,0
2,2,0
4,4,0
2,5,3
100,200,100
2,2,0
3,4,1
2,2,0
2,2,0
2,2,0
2,2,0
2,7,5
3,4,1
3,3,0
2,2,0
2,2,0
1,6,5
2,2,0
3,3,0
2,2,0
20,20,0
1,1,0
2,4,2
2,2,0
0,0,0
3,11,8
6,6,0
3,3,0
2,3,1
2,2,0
2,2,0
1,3,2
3,8,5
2,4,2
2,2,0
2,2,0
8,8,0
2,2,0
3,3,0
2,2,0
22,22,0
1,2,1
2,2,0
19,21,2
2,82,80
1,2,1
2,2,0
6,6,0
2,2,0
2,2,0
2,2,0
2,2,0
3,5,2
2,2,0
2,2,0
3,3,0
2,2,0
4,47,43
2,2,0
2,2,0
2,4,2
2,2,0
11,13,2
1,24,23
3,3,0
3,8,5
3,5,2
1,2,1
3,3,0
2,2,0
2,2,0
3,3,0
2,2,0
2,3,1
3,3,0
3,5,2
2,2,0
2,2,0
3,6,3
2,4,2
2,2,0
3,3,0
3,3,0
1,79,78
2,2,0
2,2,0
0,0,0
2,2,0
0,0,0
8,8,0
3,6,3
1,7,6
11,11,0
3,3,0
2,2,0
3,5,2
3,3,0
7,7,0
3,8,5
4,8,4
1,48,47
3,5,2
2,2,0
9,9,0
10,21,11
2,2,0
3,3,0
2,2,0
9,54,45
2,4,2
66,70,4
3,5,2
3,3,0
3,3,0
3,3,0
3,12,9
2,2,0
3,7,4
3,3,0
2,2,0
2,4,2
2,2,0
3,4,1
3,5,2
2,2,0
1,1,0
8,8,0
2,4,2
2,2,0
3,11,8
2,2,0
3,3,0
2,2,0
52,156,104
1,1,0
1,2,1
2,2,0
2,2,0
2,2,0
2,3,1
1,2,1
2,2,0
2,2,0
1,3,2
9,9,0
3,3,0
3,11,8
7,7,0
1,5,4
5,5,0
17,17,0
2,2,0
1,23,22
103,103,0
3,3,0
3,3,0
2,4,2
0,0,0
2,2,0
2,2,0
2,2,0
4,6,2
0,0,0
5,5,0
2,2,0
90,173,83
2,4,2
6,6,0
2,4,2
2,2,0
2,28,26
8,8,0
3,3,0
3,3,0
8,8,0
3,5,2
3,3,0
2,2,0
8,8,0
3,3,0
2,2,0
3,3,0
2,6,4
1,24,23
2,2,0
3,3,0
10,10,0
3,6,3
2,2,0
3,8,5
2,2,0
3,3,0
2,2,0
16,16,0
7,8,1
2,2,0
2,20,18
18,18,0
11,11,0
2,2,0
2,2,0
1,2,1
3,4,1
1,7,6
3,3,0
2,2,0
2,5,3
2,2,0
1,2,1
9,15,6
2,17,15
2,12,10
13,95,82
2,4,2
3,5,2
2,2,0
2,2,0
3,5,2
2,4,2
3,3,0
2,2,0
25,25,0
3,3,0
8,8,0
2,2,0
0,0,0
2,4,2
10,138,128
6,6,0
2,4,2
0,0,0
1,1,0
2,2,0
2,2,0
8,8,0
2,2,0
2,4,2
2,4,2
3,7,4
2,2,0
3,3,0
2,2,0
1,3,2
2,5,3
2,2,0
0,0,0
2,2,0
3,3,0
1,4,3
1,20,19
10,12,2
1,2,1
2,4,2
2,2,0
2,2,0
2,2,0
4,4,0
9,9,0
3,3,0
2,3,1
8,8,0
3,3,0
2,2,0
2,2,0
2,8,6
2,2,0
2,2,0
4,6,2
1,2,1
3,8,5
3,9,6
1,24,23
12,12,0
6,9,3
3,5,2
2,2,0
3,3,0
1,24,23
3,3,0
3,3,0
3,5,2
3,3,0
3,3,0
3,5,2
2,2,0
1,2,1
4,15,11
2,5,3
3,3,0
2,5,3
11,11,0
3,5,2
2,2,0
9,9,0
3,3,0
100,104,4
2,2,0
2,2,0
8,8,0
3,3,0
2,2,0
2,2,0
2,2,0
33,33,0
3,5,2
2,5,3
2,5,3
2,2,0
1,2,1
3,3,0
2,2,0
0,0,0
2,2,0
2,2,0
2,2,0
2,2,0
2,2,0
2,2,0
2,2,0
2,3,1
2,2,0
101,101,0
3,3,0
3,3,0
3,5,2
2,2,0
2,2,0
2,2,0
3,5,2
2,13,11
3,3,0
2,2,0
8,8,0
2,2,0
2,4,2
3,3,0
3,8,5
1,1,0
2,2,0
3,3,0
2,2,0
2,2,0
1,3,2
2,2,0
0,0,0
3,5,2
15,16,1
2,2,0
2,2,0
0,0,0
2,2,0
1,1,0
3,9,6
2,2,0
2,2,0
1,5,4
8,8,0
2,2,0
2,14,12
9,9,0
2,2,0
2,2,0
1,1,0
20,20,0
3,6,3
3,5,2
4,19,15
2,7,5
3,3,0
2,2,0
3,3,0
8,8,0
2,2,0
3,3,0
1,2,1
3,3,0
2,2,0
2,2,0
2,2,0
1,2,1
0,0,0
9,9,0
2,2,0
2,2,0
2,4,2
3,46,43
3,5,2
2,8,6
2,2,0
2,3,1
3,3,0
3,3,0
3,6,3
3,3,0
2,4,2
2,80,78
1,2,1
5,5,0
3,3,0
9,9,0
2,3,1
9,9,0
5,16,11
2,2,0
3,5,2
3,3,0
100,100,0
2,3,1
8,8,0
2,82,80
3,3,0
3,5,2
2,84,82
2,6,4
3,3,0
1,2,1
3,9,6
3,3,0
2,2,0
3,3,0
2,2,0
3,3,0
28,28,0
2,3,1
1,1,0
3,3,0
7,7,0
2,3,1
2,2,0
100,300,200
6,6,0
4,5,1
2,2,0
68,68,0
1,6,5
3,3,0
30,30,0
2,2,0
3,5,2
2,2,0
2,2,0
3,5,2
5,6,1
3,8,5
2,4,2
2,4,2
2,4,2
0,0,0
2,2,0
2,2,0
1,1,0
1,46,45
3,9,6
6,6,0
22,22,0
2,2,0
2,6,4
0,0,0
2,2,0
2,2,0
2,3,1
89,97,8
2,82,80
3,5,2
0,0,0
2,41,39
2,2,0
2,2,0
1,2,1
2,2,0
90,90,0
6,13,7
2,6,4
2,13,11
2,2,0
3,5,2
2,2,0
3,3,0
2,2,0
3,7,4
2,2,0
2,3,1
2,2,0
19,19,0
3,9,6
9,9,0
6,6,0
2,2,0
2,2,0
7,7,0
3,3,0
2,8,6
3,3,0
2,2,0
2,2,0
9,9,0
1,1,0
2,2,0
2,7,5
2,8,6
3,5,2
3,5,2
7,8,1
3,3,0
81,207,126
22,22,0
2,4,2
2,2,0
2,2,0
2,2,0
1,1,0
2,4,2
2,2,0
2,7,5
1,8,7
2,2,0
1,1,0
20,20,0
8,8,0
4,4,0
1,2,1
3,6,3
10,10,0
3,3,0
12,12,0
4,6,2
10,10,0
12,12,0
2,2,0
2,7,5
2,13,11
2,2,0
1,1,0
3,3,0
11,11,0
1,1,0
2,12,10
8,8,0
3,7,4
4,4,0
3,9,6
9,9,0
3,5,2
2,10,8
2,2,0
9,9,0
3,9,6
2,2,0
2,2,0
2,4,2
2,2,0
2,2,0
2,2,0
2,2,0
3,6,3
3,3,0
6,6,0
2,6,4
8,8,0
129,129,0
2,15,13
1,3,2
4,8,4
1,2,1
3,3,0
2,2,0
8,8,0
2,2,0
3,5,2
2,2,0
1,4,3
3,3,0
0,0,0
3,10,7
3,4,1
20,20,0
11,11,0
3,4,1
0,0,0
3,3,0
0,0,0
2,2,0
3,5,2
98,104,6
2,2,0
0,0,0
0,0,0
11,11,0
0,0,0
2,15,13
91,91,0
11,11,0
1,1,0
2,2,0
3,11,8
3,10,7
13,13,0
2,8,6
9,10,1
2,2,0
2,4,2
2,2,0
2,4,2
2,5,3
5,5,0
2,2,0
3,17,14
0,0,0
1,2,1
3,5,2
2,8,6
8,8,0
2,2,0
2,4,2
3,8,5
3,7,4
3,7,4
2,4,2
2,2,0
2,2,0
4,4,0
1,8,7
2,2,0
2,2,0
1,2,1
2,2,0
2,6,4
3,3,0
2,2,0
2,4,2
2,2,0
5,5,0
3,3,0
3,3,0
5,5,0
1,2,1
1,2,1
3,3,0
3,3,0
2,4,2
3,5,2
2,2,0
7,21,14
14,17,3
2,7,5
55,55,0
1,2,1
2,2,0
3,4,1
2,86,84
2,2,0
2,2,0
2,2,0
2,6,4
2,23,21
2,2,0
2,2,0
3,5,2
3,15,12
2,2,0
2,2,0
2,2,0
3,3,0
3,3,0
2,3,1
2,2,0
2,2,0
2,2,0
3,3,0
2,2,0
3,3,0
40,144,104
2,2,0
3,82,79
2,2,0
2,2,0
9,11,2
3,3,0
2,2,0
1,1,0
3,5,2
2,2,0
3,7,4
26,64,38
3,3,0
2,2,0
6,9,3
98,98,0
3,4,1
2,2,0
4,4,0
4,6,2
2,3,1
3,5,2
2,2,0
2,97,95
1,57,56
2,4,2
3,7,4
3,3,0
2,10,8
2,26,24
12,34,22
9,9,0
2,4,2
3,5,2
0,0,0
2,2,0
3,3,0
8,8,0
2,2,0
2,13,11
3,3,0
1,1,0
2,2,0
3,3,0
1,1,0
1,22,21
2,2,0
2,25,23
2,2,0
0,0,0
3,3,0
2,2,0
2,2,0
3,5,2
2,4,2
14,15,1
8,8,0
2,4,2
3,69,66
1,2,1
3,3,0
2,2,0
3,7,4
2,3,1
4,4,0
3,3,0
2,6,4
0,0,0
3,3,0
2,2,0
9,9,0
2,2,0
3,5,2
1,1,0
77,77,0
3,3,0
2,2,0
10,10,0
2,2,0
2,2,0
0,0,0
2,2,0
3,3,0
2,2,0
1,1,0
4,4,0
3,3,0
9,9,0
2,2,0
15,21,6
2,2,0
1,1,0
2,2,0
3,6,3
2,4,2
2,3,1
3,6,3
3,3,0
3,26,23
2,2,0
2,2,0
1,1,0
2,7,5
2,2,0
2,5,3
32,35,3
3,3,0
3,5,2
1,3,2
3,3,0
2,2,0
2,4,2
7,11,4
2,3,1
2,2,0
2,2,0
2,4,2
1,1,0
3,3,0
52,55,3
2,2,0
20,49,29
2,3,1
1,14,13
2,2,0
3,5,2
2,2,0
2,2,0
23,23,0
3,5,2
6,6,0
2,6,4
2,2,0
3,7,4
2,2,0
2,29,27
2,2,0
3,3,0
2,2,0
2,2,0
2,35,33
1,2,1
0,0,0
4,4,0
22,22,0
17,17,0
1,5,4
3,10,7
3,11,8
2,27,25
2,2,0
2,2,0
2,4,2
3,5,2
3,3,0
2,4,2
2,3,1
2,6,4
2,3,1
1,2,1
1,1,0
2,2,0
3,5,2
2,2,0
10,10,0
3,8,5
2,2,0
13,13,0
2,4,2
3,3,0
2,2,0
2,2,0
2,2,0
8,14,6
2,2,0
2,4,2
80,82,2
3,6,3
1,1,0
0,0,0
2,9,7
4,9,5
2,3,1
2,2,0
2,2,0
2,2,0
4,5,1
2,2,0
3,3,0
1,1,0
2,2,0
3,3,0
3,3,0
3,3,0
2,2,0
1,1,0
6,6,0
2,2,0
2,2,0
1,2,1
0,0,0
2,4,2
2,2,0
2,2,0
9,9,0
3,3,0
2,2,0
1,3,2
1,1,0
3,3,0
3,3,0
2,4,2
2,2,0
100,106,6
2,12,10
2,2,0
3,5,2
8,8,0
10,32,22
1,1,0
2,2,0
2,4,2
2,2,0
2,2,0
2,6,4
3,3,0
58,67,9
2,4,2
2,2,0
3,3,0
2,8,6
2,2,0
1,1,0
1,2,1
3,7,4
14,14,0
2,4,2
2,2,0
8,8,0
1,29,28
2,2,0
1,4,3
6,34,28
2,2,0
2,2,0
2,2,0
1,3,2
2,2,0
1,2,1
2,2,0
2,2,0
2,2,0
3,3,0
8,8,0
2,2,0
3,6,3
81,138,57
2,2,0
3,5,2
3,3,0
2,2,0
2,2,0
2,2,0
0,0,0
2,2,0
3,3,0
3,9,6
2,2,0
3,3,0
2,2,0
2,5,3
2,2,0
2,2,0
2,2,0
2,2,0
2,11,9
2,2,0
2,2,0
2,2,0
3,3,0
0,0,0
3,5,2
2,5,3
3,10,7
6,26,20
1,3,2
3,3,0
7,8,1
0,0,0
3,3,0
1,2,1
2,2,0
2,2,0
8,8,0
2,2,0
3,3,0
2,2,0
3,6,3
9,9,0
2,2,0
2,2,0
3,3,0
2,2,0
26,26,0
3,22,19
5,5,0
2,2,0
3,16,13
8,8,0
9,9,0
20,20,0
0,0,0
3,9,6
1,1,0
2,2,0
8,8,0
3,3,0
3,3,0
9,9,0
2,2,0
2,3,1
2,2,0
2,6,4
1,1,0
1,1,0
13,13,0
8,8,0
5,102,97
2,2,0
3,5,2
0,0,0
26,26,0
22,22,0
3,5,2
2,2,0
50,50,0
4,6,2
5,5,0
2,2,0
2,2,0
3,3,0
2,2,0
3,3,0
3,3,0
2,14,12
81,81,0
2,2,0
3,13,10
2,4,2
2,2,0
5,13,8
3,3,0
2,5,3
1,1,0
2,69,67
3,3,0
3,15,12
2,2,0
3,17,14
387,431,44
2,2,0
3,3,0
2,2,0
1,2,1
1,1,0
3,3,0
3,3,0
2,2,0
2,2,0
2,4,2
2,2,0
1,2,1
107,275,168
2,4,2
3,9,6
0,0,0
2,2,0
3,5,2
2,2,0
3,5,2
2,2,0
1,4,3
2,16,14
3,3,0
1,1,0
0,0,0
1,1,0
2,2,0
4,4,0
3,3,0
2,2,0
70,72,2
1,1,0
2,2,0
3,5,2
3,5,2
3,3,0
0,0,0
2,6,4
3,5,2
2,13,11
2,2,0
3,3,0
3,6,3
3,5,2
51,51,0
2,2,0
2,8,6
2,2,0
2,3,1
8,8,0
2,25,23
2,4,2
1,5,4
1,3,2
0,0,0
3,5,2
2,2,0
2,2,0
4,82,78
2,2,0
2,2,0
3,4,1
2,2,0
2,2,0
2,2,0
3,28,25
2,2,0
2,2,0
2,80,78
2,5,3
3,3,0
3,3,0
2,2,0
3,3,0
3,32,29
3,5,2
2,4,2
1,1,0
6,36,30
3,3,0
2,8,6
2,4,2
0,0,0
2,8,6
2,2,0
2,2,0
3,3,0
8,8,0
2,3,1
2,2,0
2,8,6
2,14,12
1,2,1
3,7,4
10,10,0
3,3,0
2,4,2
1,4,3
6,6,0
2,2,0
1,2,1
2,2,0
2,2,0
9,9,0
9,9,0
4,4,0
1,1,0
2,2,0
0,0,0
2,2,0
3,11,8
2,2,0
0,0,0
1,2,1
2,2,0
2,2,0
3,3,0
2,3,1
2,4,2
2,2,0
2,2,0
0,0,0
2,2,0
0,0,0
6,6,0
3,5,2
2,2,0
2,2,0
3,5,2
2,2,0
2,2,0
2,2,0
3,5,2
2,2,0
2,2,0
2,2,0
2,2,0
2,2,0
2,2,0
3,5,2
56,56,0
3,3,0
2,47,45
3,3,0
2,2,0
1,24,23
1,1,0
3,3,0
2,2,0
2,2,0
1,1,0
1,2,1
3,5,2
2,2,0
3,6,3
2,2,0
3,3,0
3,9,6
106,106,0
1,7,6
16,24,8
2,40,38
4,4,0
3,12,9
2,4,2
0,0,0
2,4,2
1,79,78
9,9,0
2,4,2
1,2,1
2,11,9
3,9,6
21,21,0
66,72,6
3,3,0
7,7,0
2,2,0
2,4,2
2,4,2
3,3,0
2,2,0
4,14,10
2,2,0
2,2,0
3,3,0
6,6,0
2,4,2
3,3,0
2,2,0
1,1,0
2,2,0
2,2,0
3,8,5
3,3,0
2,2,0
10,10,0
5,11,6
3,3,0
2,2,0
2,2,0
3,3,0
2,2,0
3,3,0
0,0,0
0,0,0
1,1,0
3,5,2
70,70,0
2,2,0
3,3,0
2,2,0
2,2,0
3,9,6
2,2,0
1,1,0
2,2,0
1,83,82
27,27,0
2,2,0
2,80,78
2,2,0
3,5,2
2,2,0
2,5,3
1,1,0
3,3,0
1,2,1
3,3,0
3,4,1
3,7,4
4,21,17
2,2,0
2,2,0
2,2,0
2,2,0
22,22,0
0,0,0
3,3,0
2,2,0
2,8,6
22,22,0
2,2,0
2,4,2
1,2,1
9,9,0
3,10,7
7,7,0
10,16,6
3,3,0
2,2,0
2,2,0
1,1,0
3,3,0
2,4,2
3,3,0
5,6,1
2,2,0
2,2,0
2,2,0
2,2,0
3,5,2
2,2,0
3,7,4
1,2,1
2,34,32
4,8,4
3,5,2
4,4,0
3,3,0
2,2,0
2,2,0
3,10,7
2,2,0
2,2,0
0,0,0
2,2,0
123,123,0
3,5,2
3,8,5
2,2,0
2,12,10
2,40,38
3,3,0
1,5,4
2,2,0
2,8,6
2,4,2
2,8,6
2,2,0
3,3,0
2,2,0
3,3,0
2,84,82
2,4,2
3,3,0
8,8,0
16,16,0
2,2,0
11,11,0
3,5,2
28,45,17
1,11,10
2,2,0
2,4,2
3,71,68
2,2,0
2,2,0
1,3,2
2,2,0
2,75,73
3,3,0
2,2,0
2,2,0
6,6,0
3,3,0
2,2,0
3,5,2
14,14,0
2,2,0
2,2,0
2,2,0
1,1,0
3,3,0
2,2,0
100,102,2
2,26,24
0,0,0
3,3,0
2,2,0
2,82,80
2,2,0
2,2,0
3,7,4
3,12,9
15,15,0
8,12,4
2,3,1
6,6,0
5,5,0
3,3,0
2,6,4
0,0,0
9,9,0
2,5,3
3,7,4
2,4,2
2,27,25
10,10,0
2,2,0
1,7,6
2,2,0
2,4,2
0,0,0
3,24,21
2,4,2
2,4,2
3,3,0
2,2,0
2,8,6
1,1,0
0,0,0
1,2,1
24,24,0
21,41,20
0,0,0
3,3,0
3,11,8
1,1,0
3,6,3
2,2,0
2,6,4
2,2,0
3,6,3
8,8,0
3,3,0
2,2,0
2,2,0
2,6,4
37,37,0
2,2,0
3,3,0
2,2,0
36,36,0
2,2,0
2,2,0
3,3,0
0,0,0
3,8,5
2,4,2
2,2,0
2,2,0
2,5,3
2,2,0
6,7,1
3,3,0
3,3,0
2,2,0
2,2,0
2,2,0
2,2,0
2,4,2
2,2,0
2,2,0
1,55,54
6,6,0
2,4,2
0,0,0
2,2,0
2,2,0
1,25,24
2,2,0
2,2,0
3,14,11
1,25,24
1,1,0
2,2,0
3,3,0
3,6,3
2,2,0
3,7,4
2,2,0
8,8,0
3,3,0
2,2,0
1,79,78
3,3,0
2,80,78
2,2,0
3,3,0
2,2,0
2,2,0
2,4,2
3,3,0
2,2,0
2,15,13
9,9,0
3,25,22
30,30,0
96,100,4
2,2,0
1,1,0
2,2,0
2,3,1
8,8,0
2,25,23
3,14,11
100,100,0
2,5,3
3,3,0
3,19,16
2,2,0
2,6,4
0,0,0
2,4,2
2,2,0
2,2,0
2,4,2
2,2,0
6,6,0
3,3,0
0,0,0
3,3,0
2,2,0
2,2,0
2,2,0
3,3,0
2,7,5
1,1,0
2,2,0
14,20,6
46,46,0
11,11,0
3,3,0
3,7,4
3,3,0
0,0,0
2,4,2
3,3,0
16,16,0
2,2,0
2,2,0
3,3,0
2,2,0
3,7,4
91,95,4
3,9,6
1,21,20
2,5,3
2,2,0
2,2,0
2,2,0
2,2,0
2,5,3
2,6,4
2,10,8
2,3,1
2,2,0
2,4,2
2,2,0
2,2,0
2,2,0
8,8,0
10,57,47
1,3,2
3,3,0
2,4,2
2,4,2
2,2,0
1,2,1
2,2,0
1,2,1
6,11,5
3,3,0
2,30,28
3,16,13
3,7,4
2,2,0
3,3,0
2,15,13
9,9,0
3,4,1
9,9,0
3,6,3
2,2,0
3,9,6
2,2,0
3,7,4
2,4,2
2,3,1
3,5,2
2,6,4
2,12,10
3,5,2
8,8,0
3,6,3
2,4,2
1,2,1
2,2,0
3,6,3
2,4,2
3,7,4
2,2,0
3,5,2
0,0,0
2,3,1
2,2,0
4,4,0
2,2,0
85,101,16
3,21,18
2,6,4
3,3,0
2,2,0
6,6,0
3,9,6
7,7,0
2,4,2
2,2,0
2,2,0
3,5,2
8,18,10
3,8,5
3,5,2
2,2,0
2,2,0
2,2,0
9,9,0
2,2,0
2,2,0
3,17,14
11,12,1
10,10,0
2,2,0
10,10,0
1,4,3
9,9,0
2,2,0
3,7,4
11,13,2
3,7,4
10,70,60
2,2,0
2,2,0
2,11,9
3,5,2
8,8,0
2,2,0
3,3,0
3,7,4
2,7,5
3,9,6
3,5,2
2,3,1
2,2,0
1,28,27
2,2,0
9,9,0
2,2,0
0,0,0
11,11,0
1,1,0
2,2,0
3,3,0
0,0,0
1,29,28
9,9,0
2,85,83
3,3,0
2,2,0
2,2,0
3,3,0
8,11,3
1,2,1
1,2,1
4,4,0
3,8,5
8,8,0
2,2,0
3,3,0
2,47,45
2,2,0
6,6,0
2,2,0
9,9,0
3,3,0
7,27,20
1,1,0
10,11,1
2,2,0
3,3,0
2,8,6
3,3,0
1,1,0
48,53,5
2,2,0
3,3,0
2,2,0
1,1,0
3,4,1
2,2,0
2,4,2
2,2,0
3,3,0
1,1,0
2,4,2
3,3,0
2,4,2
3,5,2
2,4,2
2,4,2
3,3,0
2,4,2
2,2,0
2,5,3
9,9,0
1,1,0
2,2,0
2,4,2
17,17,0
3,3,0
2,4,2
2,31,29
2,2,0
2,2,0
2,2,0
2,2,0
1,7,6
2,2,0
3,3,0
4,4,0
3,3,0
2,4,2
3,7,4
2,2,0
0,0,0
3,7,4
2,2,0
2,2,0
2,2,0
2,17,15
3,5,2
2,2,0
2,2,0
2,2,0
3,3,0
2,2,0
1,7,6
2,2,0
3,6,3
2,2,0
2,4,2
2,12,10
1,19,18
1,1,0
2,2,0
13,13,0
3,3,0
2,2,0
2,2,0
2,2,0
2,2,0
1,1,0
5,5,0
2,2,0
2,2,0
3,3,0
2,2,0
3,3,0
2,6,4
8,8,0
2,2,0
0,0,0
3,5,2
9,9,0
3,3,0
10,10,0
2,2,0
2,4,2
1,1,0
2,7,5
3,5,2
2,2,0
1,25,24
0,0,0
2,2,0
2,2,0
2,24,22
1,4,3
3,4,1
8,16,8
5,5,0
82,103,21
1,104,103
10,10,0
2,2,0
2,2,0
0,0,0
2,2,0
3,3,0
4,4,0
3,3,0
25,25,0
0,0,0
2,2,0
7,7,0
8,8,0
2,2,0
2,5,3
2,2,0
2,5,3
2,2,0
2,116,114
3,8,5
2,8,6
2,7,5
2,2,0
2,2,0
3,3,0
3,14,11
3,6,3
7,7,0
3,3,0
3,3,0
2,2,0
8,8,0
2,4,2
3,6,3
2,2,0
3,3,0
9,9,0
28,28,0
2,19,17
2,9,7
3,3,0
2,2,0
2,2,0
10,10,0
3,10,7
2,16,14
2,2,0
1,3,2
3,3,0
2,7,5
2,2,0
2,2,0
2,2,0
2,2,0
0,0,0
3,18,15
1,2,1
3,3,0
1,3,2
1,24,23
18,18,0
8,8,0
3,12,9
2,2,0
3,3,0
2,63,61
2,6,4
2,2,0
70,79,9
2,5,3
1,3,2
0,0,0
2,2,0
2,4,2
0,0,0
2,5,3
3,6,3
9,9,0
2,2,0
11,11,0
1,2,1
3,3,0
5,6,1
2,4,2
3,3,0
4,4,0
0,0,0
8,8,0
2,3,1
0,0,0
2,2,0
2,2,0
2,13,11
10,10,0
3,5,2
3,3,0
2,2,0
81,81,0
2,2,0
3,3,0
5,5,0
9,9,0
3,3,0
3,5,2
3,3,0
2,2,0
21,21,0
4,4,0
2,2,0
2,2,0
2,4,2
11,11,0
3,5,2
2,7,5
2,2,0
12,12,0
2,2,0
2,2,0
5,14,9
9,9,0
7,7,0
10,31,21
3,3,0
2,59,57
3,5,2
3,3,0
2,4,2
3,3,0
2,2,0
3,5,2
99,211,112
3,3,0
2,2,0
3,3,0
2,4,2
4,4,0
3,6,3
3,21,18
9,9,0
3,4,1
1,2,1
9,9,0
2,4,2
2,4,2
9,9,0
2,2,0
9,9,0
2,12,10
3,3,0
12,21,9
2,2,0
2,2,0
4,4,0
1,2,1
100,100,0
10,10,0
2,2,0
14,59,45
2,2,0
18,18,0
3,7,4
2,2,0
2,2,0
3,7,4
2,2,0
3,4,1
3,4,1
3,3,0
1,5,4
2,6,4
2,2,0
2,14,12
2,2,0
3,34,31
3,18,15
51,51,0
3,3,0
3,9,6
2,2,0
3,5,2
2,3,1
2,2,0
3,9,6
2,4,2
3,7,4
3,3,0
2,2,0
1,1,0
3,7,4
2,2,0
2,2,0
3,3,0
2,2,0
4,13,9
2,11,9
1,2,1
2,4,2
2,4,2
100,104,4
4,4,0
1,1,0
2,2,0
3,3,0
0,0,0
2,2,0
2,2,0
2,13,11
2,2,0
2,2,0
3,3,0
2,7,5
2,2,0
2,2,0
1,3,2
3,3,0
2,2,0
3,3,0
3,3,0
2,2,0
2,2,0
2,3,1
129,129,0
2,2,0
2,2,0
2,10,8
2,2,0
2,4,2
2,2,0
19,19,0
2,2,0
2,23,21
1,1,0
3,3,0
2,2,0
2,5,3
49,49,0
2,8,6
3,9,6
2,2,0
3,7,4
2,2,0
3,7,4
3,3,0
4,4,0
1,2,1
3,3,0
2,4,2
3,5,2
2,2,0
0,0,0
2,47,45
1,1,0
6,35,29
3,8,5
2,2,0
2,2,0
3,5,2
2,57,55
9,9,0
2,2,0
28,122,94
3,3,0
8,30,22
9,9,0
2,9,7
2,2,0
3,3,0
2,2,0
1,1,0
16,18,2
0,0,0
9,9,0
2,12,10
3,3,0
2,2,0
2,2,0
2,2,0
3,3,0
2,5,3
3,3,0
2,4,2
2,25,23
1,2,1
2,2,0
2,2,0
2,2,0
2,2,0
3,3,0
1,9,8
2,4,2
3,9,6
2,4,2
3,3,0
8,8,0
3,3,0
3,3,0
4,4,0
1,6,5
2,4,2
3,3,0
6,6,0
2,2,0
3,5,2
2,2,0
2,2,0
0,0,0
2,2,0
3,3,0
2,2,0
3,7,4
11,11,0
2,2,0
48,50,2
2,4,2
2,2,0
2,2,0
30,39,9
3,6,3
1,4,3
152,186,34
2,6,4
2,2,0
3,10,7
3,3,0
2,4,2
5,5,0
3,3,0
3,7,4
2,2,0
2,2,0
4,6,2
4,18,14
2,46,44
1,1,0
2,8,6
3,3,0
3,3,0
2,2,0
2,2,0
3,3,0
2,3,1
2,2,0
3,3,0
2,2,0
3,7,4
2,2,0
3,4,1
1,96,95
3,3,0
3,4,1
2,21,19
3,3,0
4,4,0
3,6,3
1,2,1
2,4,2
2,2,0
4,4,0
2,2,0
3,3,0
8,8,0
2,2,0
1,7,6
8,8,0
2,2,0
3,3,0
2,85,83
2,2,0
4,5,1
0,0,0
2,2,0
2,2,0
1,1,0
1,30,29
2,34,32
2,2,0
2,2,0
1,29,28
2,2,0
100,105,5
2,2,0
9,19,10
6,8,2
2,4,2
3,3,0
2,2,0
1,1,0
5,5,0
2,2,0
2,4,2
8,8,0
3,3,0
3,3,0
3,3,0
3,3,0
1,4,3
2,28,26
2,2,0
2,4,2
1,22,21
3,8,5
3,5,2
8,8,0
3,3,0
0,0,0
2,2,0
3,5,2
2,2,0
3,3,0
2,2,0
8,8,0
2,4,2
2,2,0
3,3,0
2,2,0
2,2,0
3,10,7
2,2,0
2,26,24
2,2,0
2,2,0
2,2,0
2,2,0
2,2,0
2,16,14
9,26,17
8,8,0
16,16,0
3,3,0
23,23,0
3,3,0
8,8,0
2,2,0
2,10,8
1,3,2
3,10,7
3,3,0
2,2,0
2,2,0
2,12,10
3,6,3
3,3,0
1,3,2
1,2,1
2,2,0
2,2,0
3,5,2
2,2,0
2,2,0
3,7,4
13,20,7
2,2,0
3,3,0
9,9,0
3,10,7
0,0,0
2,82,80
3,3,0
2,2,0
2,2,0
2,4,2
3,5,2
2,2,0
1,1,0
1,1,0
2,2,0
3,9,6
2,2,0
2,2,0
136,136,0
45,119,74
8,8,0
3,7,4
2,2,0
45,119,74
2,2,0
2,3,1
2,2,0
2,2,0
3,3,0
2,2,0
100,100,0
1,1,0
3,3,0
3,7,4
2,2,0
1,2,1
8,16,8
2,14,12
3,3,0
3,3,0
2,2,0
2,2,0
8,8,0
0,0,0
1,1,0
20,20,0
3,3,0
2,2,0
3,3,0
2,4,2
9,9,0
23,25,2
2,2,0
2,2,0
1,2,1
2,2,0
1,2,1
3,3,0
0,0,0
1,2,1
1,4,3
4,13,9
2,4,2
2,2,0
2,2,0
2,2,0
3,5,2
2,21,19
2,5,3
49,49,0
2,2,0
11,11,0
2,5,3
2,2,0
2,2,0
2,2,0
3,3,0
10,18,8
9,9,0
2,2,0
3,3,0
1,1,0
3,3,0
3,3,0
3,5,2
2,2,0
8,8,0
9,9,0
2,2,0
2,2,0
3,3,0
8,8,0
1,27,26
3,3,0
2,2,0
3,3,0
3,5,2
2,2,0
3,3,0
2,2,0
3,7,4
2,5,3
1,10,9
2,2,0
3,5,2
2,2,0
2,2,0
0,0,0
3,3,0
3,3,0
2,2,0
69,69,0
14,112,98
1,2,1
3,4,1
2,2,0
2,2,0
19,19,0
3,9,6
5,5,0
9,9,0
1,1,0
2,2,0
3,14,11
2,2,0
3,3,0
2,2,0
3,4,1
2,2,0
3,5,2
2,2,0
8,8,0
2,2,0
2,2,0
21,21,0
2,2,0
4,4,0
2,2,0
3,6,3
2,6,4
3,3,0
2,2,0
0,0,0
2,2,0
3,3,0
3,13,10
3,3,0
2,2,0
2,5,3
1,1,0
3,3,0
2,2,0
2,2,0
2,2,0
2,2,0
3,3,0
2,2,0
2,2,0
9,9,0
2,2,0
3,3,0
2,4,2
2,2,0
2,5,3
1,1,0
1,4,3
2,2,0
2,2,0
3,3,0
2,2,0
104,104,0
2,2,0
2,26,24
2,2,0
8,12,4
3,9,6
51,51,0
2,2,0
3,3,0
2,2,0
2,14,12
2,2,0
2,6,4
2,2,0
2,2,0
1,4,3
2,2,0
2,2,0
0,0,0
3,3,0
4,4,0
2,89,87
2,2,0
2,4,2
3,42,39
54,150,96
3,3,0
2,2,0
3,5,2
2,2,0
9,9,0
1,1,0
2,2,0
2,2,0
2,7,5
2,2,0
2,4,2
2,2,0
1,1,0
3,4,1
2,2,0
2,2,0
9,9,0
3,17,14
11,11,0
2,2,0
2,2,0
3,3,0
8,8,0
2,2,0
1,26,25
2,7,5
1,1,0
3,3,0
2,3,1
1,1,0
3,3,0
2,3,1
2,2,0
1,1,0
1,1,0
2,7,5
4,4,0
5,5,0
3,3,0
4,4,0
3,18,15
4,6,2
10,10,0
0,0,0
2,2,0
2,2,0
2,2,0
3,5,2
3,5,2
2,2,0
2,2,0
8,9,1
3,7,4
100,100,0
3,3,0
3,3,0
3,5,2
2,2,0
2,2,0
0,0,0
81,81,0
3,5,2
2,2,0
3,4,1
97,116,19
3,3,0
2,2,0
4,7,3
1,2,1
100,104,4
1,3,2
32,32,0
0,0,0
2,2,0
3,3,0
3,5,2
11,11,0
2,2,0
2,2,0
0,0,0
1,21,20
3,3,0
3,8,5
3,3,0
6,6,0
2,2,0
2,4,2
2,2,0
3,3,0
4,10,6
2,2,0
2,2,0
3,13,10
2,2,0
2,2,0
2,8,6
2,2,0
2,2,0
2,2,0
2,4,2
3,3,0
6,6,0
4,6,2
1,1,0
2,2,0
3,3,0
8,8,0
2,2,0
3,3,0
12,12,0
2,23,21
2,4,2
5,5,0
3,9,6
3,3,0
1,11,10
0,0,0
3,3,0
2,2,0
2,2,0
2,9,7
24,24,0
2,2,0
2,2,0
2,2,0
2,2,0
2,17,15
8,8,0
0,0,0
3,5,2
2,3,1
2,2,0
2,2,0
16,16,0
2,102,100
1,1,0
2,2,0
2,4,2
2,3,1
0,0,0
2,3,1
2,2,0
3,3,0
8,8,0
6,6,0
8,8,0
2,2,0
2,2,0
6,6,0
25,29,4
2,2,0
1,9,8
0,0,0
3,9,6
3,3,0
1,1,0
2,2,0
2,50,48
53,53,0
2,6,4
2,2,0
3,3,0
3,5,2
3,5,2
2,2,0
3,7,4
3,7,4
2,7,5
3,3,0
14,14,0
3,3,0
3,3,0
3,3,0
3,9,6
3,3,0
2,2,0
3,5,2
2,2,0
0,0,0
3,13,10
2,2,0
3,7,4
2,2,0
2,6,4
1,2,1
6,6,0
2,4,2
3,3,0
2,2,0
1,4,3
13,13,0
105,326,221
2,2,0
2,9,7
3,5,2
2,2,0
3,3,0
3,3,0
2,2,0
2,2,0
2,3,1
2,2,0
3,3,0
3,5,2
2,5,3
3,10,7
3,3,0
3,3,0
3,5,2
2,2,0
16,34,18
2,3,1
2,2,0
98,218,120
13,13,0
2,2,0
12,13,1
2,4,2
2,6,4
1,3,2
3,3,0
2,3,1
1,3,2
129,129,0
2,19,17
2,2,0
2,2,0
8,8,0
2,3,1
2,2,0
2,2,0
45,45,0
3,3,0
3,3,0
2,2,0
2,2,0
17,25,8
8,8,0
1,20,19
2,2,0
2,2,0
2,3,1
2,2,0
3,9,6
2,2,0
1,1,0
2,2,0
3,9,6
4,13,9
1,1,0
2,9,7
6,6,0
3,17,14
3,8,5
3,3,0
5,5,0
2,2,0
0,0,0
2,2,0
1,40,39
10,10,0
2,2,0
89,91,2
2,2,0
2,2,0
2,6,4
46,47,1
2,2,0
20,20,0
2,2,0
19,36,17
3,3,0
2,2,0
2,2,0
3,5,2
2,2,0
2,2,0
2,2,0
2,4,2
69,69,0
3,3,0
3,3,0
0,0,0
1,3,2
2,2,0
3,3,0
3,5,2
2,2,0
2,2,0
90,173,83
100,100,0
3,11,8
0,0,0
2,6,4
2,2,0
2,2,0
2,8,6
8,8,0
3,3,0
3,3,0
2,4,2
2,2,0
2,4,2
2,2,0
2,2,0
8,8,0
9,10,1
2,2,0
4,4,0
2,2,0
2,2,0
0,0,0
2,2,0
1,1,0
2,2,0
0,0,0
3,3,0
3,8,5
3,3,0
3,3,0
2,2,0
42,42,0
19,40,21
2,4,2
2,4,2
3,3,0
2,2,0
3,5,2
2,82,80
2,2,0
9,9,0
2,2,0
3,6,3
2,2,0
2,3,1
2,2,0
3,3,0
3,8,5
2,7,5
2,2,0
1,1,0
2,9,7
2,8,6
3,3,0
12,12,0
2,2,0
2,4,2
4,8,4
2,2,0
3,4,1
2,2,0
2,2,0
4,4,0
3,7,4
1,12,11
2,14,12
2,2,0
3,3,0
3,3,0
2,2,0
2,65,63
2,2,0
2,3,1
1,2,1
3,4,1
2,2,0
4,7,3
2,2,0
3,3,0
2,2,0
2,2,0
2,2,0
2,2,0
2,2,0
2,2,0
3,5,2
1,47,46
2,10,8
2,2,0
3,19,16
2,2,0
2,3,1
2,4,2
2,2,0
2,2,0
2,2,0
2,2,0
2,4,2
2,2,0
2,33,31
10,18,8
2,2,0
2,2,0
1,2,1
1,4,3
2,2,0
3,4,1
8,8,0
1,1,0
2,2,0
1,3,2
63,67,4
3,10,7
2,2,0
3,6,3
1,58,57
2,3,1
1,1,0
3,3,0
3,5,2
2,4,2
2,4,2
81,81,0
2,2,0
2,2,0
2,2,0
3,5,2
2,2,0
23,23,0
3,3,0
2,2,0
5,5,0
8,8,0
2,2,0
1,1,0
2,2,0
2,2,0
2,2,0
3,3,0
9,23,14
3,21,18
20,20,0
0,0,0
6,6,0
2,2,0
2,4,2
2,2,0
8,16,8
2,3,1
1,1,0
2,5,3
2,5,3
1,4,3
2,2,0
2,2,0
62,62,0
2,2,0
2,6,4
2,2,0
2,2,0
3,3,0
6,6,0
2,4,2
2,6,4
3,3,0
2,2,0
2,2,0
2,2,0
3,3,0
2,19,17
2,2,0
2,8,6
3,3,0
6,18,12
3,7,4
2,2,0
2,5,3
11,11,0
10,10,0
2,2,0
3,6,3
0,0,0
1,1,0
9,9,0
3,27,24
1,4,3
3,13,10
1,4,3
51,51,0
5,15,10
3,5,2
3,8,5
2,2,0
21,21,0
3,9,6
3,13,10
2,2,0
11,11,0
2,4,2
1,1,0
3,3,0
3,7,4
3,5,2
3,3,0
0,0,0
2,4,2
2,2,0
1,7,6
2,170,168
2,2,0
9,9,0
3,5,2
3,4,1
1,2,1
3,3,0
2,2,0
2,2,0
28,124,96
2,4,2
3,3,0
9,9,0
2,2,0
2,2,0
2,4,2
2,2,0
3,5,2
3,4,1
2,4,2
2,3,1
3,5,2
2,2,0
2,2,0
2,2,0
2,2,0
3,3,0
2,2,0
1,1,0
2,2,0
2,3,1
2,2,0
0,0,0
2,2,0
2,2,0
1,1,0
23,23,0
8,17,9
2,21,19
2,4,2
19,19,0
3,10,7
2,2,0
2,2,0
2,11,9
52,156,104
2,2,0
56,56,0
3,4,1
2,2,0
2,8,6
9,9,0
3,3,0
3,3,0
3,5,2
3,3,0
2,2,0
0,0,0
1,2,1
1,1,0
2,2,0
3,5,2
2,4,2
2,2,0
2,14,12
2,2,0
2,2,0
3,3,0
3,9,6
2,2,0
2,2,0
2,2,0
1,1,0
0,0,0
0,0,0
2,2,0
3,5,2
3,3,0
3,3,0
7,7,0
3,5,2
2,2,0
1,10,9
2,2,0
2,2,0
2,2,0
3,7,4
2,4,2
2,2,0
3,3,0
3,3,0
8,8,0
1,1,0
2,2,0
2,2,0
2,2,0
2,2,0
3,3,0
2,2,0
3,9,6
3,16,13
3,5,2
3,3,0
3,3,0
0,0,0
2,2,0
1,1,0
4,27,23
3,26,23
2,2,0
46,46,0
59,133,74
2,2,0
3,3,0
3,3,0
2,2,0
0,0,0
2,2,0
2,2,0
2,2,0
0,0,0
3,6,3
3,3,0
1,2,1
0,0,0
3,3,0
8,8,0
2,2,0
2,47,45
8,8,0
2,2,0
1,3,2
2,2,0
1,1,0
2,2,0
2,2,0
3,9,6
2,2,0
1,1,0
2,6,4
0,0,0
107,107,0
3,4,1
6,10,4
3,3,0
2,19,17
9,16,7
3,5,2
3,3,0
3,3,0
2,2,0
2,2,0
2,2,0
4,4,0
2,4,2
2,2,0
11,11,0
1,2,1
2,2,0
6,6,0
2,2,0
2,2,0
20,23,3
3,3,0
2,2,0
10,17,7
1,3,2
4,6,2
2,2,0
1,5,4
3,3,0
0,0,0
1,1,0
9,9,0
0,0,0
6,36,30
3,4,1
9,9,0
2,2,0
3,14,11
2,9,7
133,135,2
2,2,0
9,9,0
2,4,2
3,3,0
1,1,0
1,2,1
3,11,8
2,2,0
3,3,0
2,31,29
3,8,5
1,3,2
2,4,2
100,100,0
24,27,3
2,4,2
3,3,0
4,5,1
2,6,4
2,2,0
3,7,4
3,3,0
2,2,0
3,5,2
2,7,5
11,13,2
3,6,3
2,2,0
2,19,17
2,23,21
18,18,0
2,2,0
3,3,0
2,21,19
2,12,10
4,6,2
21,63,42
2,2,0
8,8,0
1,1,0
2,2,0
2,21,19
2,2,0
10,10,0
10,11,1
4,7,3
2,2,0
2,2,0
2,2,0
7,7,0
19,19,0
2,4,2
2,4,2
8,11,3
2,2,0
3,3,0
3,3,0
30,30,0
2,12,10
2,2,0
2,2,0
3,3,0
4,4,0
1,2,1
1,1,0
1,2,1
3,3,0
2,45,43
6,6,0
2,5,3
28,28,0
2,2,0
4,6,2
3,3,0
7,7,0
2,2,0
2,2,0
88,88,0
2,2,0
3,4,1
2,2,0
3,5,2
3,16,13
2,9,7
3,7,4
3,3,0
4,75,71
3,3,0
3,5,2
3,3,0
3,3,0
2,86,84
2,2,0
6,6,0
2,2,0
2,2,0
2,2,0
83,87,4
2,2,0
2,2,0
2,2,0
4,4,0
2,2,0
3,5,2
1,2,1
3,4,1
2,5,3
3,3,0
1,9,8
2,5,3
11,11,0
62,64,2
1,1,0
2,2,0
29,29,0
1,2,1
3,3,0
3,9,6
8,8,0
2,6,4
1,2,1
3,3,0
2,2,0
0,0,0
14,14,0
1,2,1
2,3,1
2,2,0
2,2,0
2,2,0
3,7,4
2,2,0
2,2,0
3,5,2
4,8,4
4,4,0
5,7,2
2,2,0
11,11,0
72,74,2
2,4,2
2,2,0
3,3,0
2,2,0
3,5,2
1,10,9
2,8,6
3,11,8
3,5,2
2,4,2
2,3,1
2,6,4
2,2,0
34,34,0
2,2,0
1,2,1
2,2,0
9,9,0
2,11,9
2,4,2
4,4,0
3,3,0
10,11,1
4,4,0
2,2,0
2,2,0
2,2,0
2,2,0
0,0,0
2,2,0
3,6,3
2,8,6
2,2,0
2,2,0
2,3,1
6,10,4
2,2,0
3,7,4
3,4,1
1,1,0
68,68,0
3,18,15
2,12,10
2,2,0
2,2,0
2,2,0
2,2,0
0,0,0
3,3,0
2,2,0
2,2,0
0,0,0
2,2,0
14,26,12
3,5,2
3,4,1
2,2,0
3,3,0
2,4,2
2,2,0
2,2,0
2,2,0
2,2,0
2,2,0
3,5,2
2,2,0
2,2,0
3,3,0
3,5,2
2,2,0
3,3,0
4,4,0
2,2,0
2,2,0
2,5,3
2,2,0
59,59,0
2,2,0
45,133,88
1,1,0
2,2,0
2,17,15
1,3,2
1,5,4
14,18,4
6,6,0
9,18,9
3,7,4
3,5,2
37,108,71
20,20,0
3,3,0
3,4,1
2,2,0
10,10,0
3,3,0
9,9,0
2,2,0
2,2,0
2,2,0
3,20,17
2,2,0
57,57,0
2,2,0
2,5,3
2,2,0
2,2,0
3,5,2
3,12,9
3,3,0
2,2,0
2,2,0
2,6,4
3,3,0
1,3,2
2,4,2
5,5,0
3,3,0
3,3,0
2,2,0
6,11,5
1,2,1
0,0,0
3,3,0
2,2,0
2,2,0
2,2,0
3,5,2
3,3,0
2,2,0
1,1,0
3,3,0
4,5,1
2,2,0
2,17,15
3,3,0
45,119,74
2,2,0
2,2,0
15,15,0
100,200,100
2,2,0
2,2,0
8,8,0
2,2,0
2,2,0
12,12,0
12,32,20
2,2,0
0,0,0
3,3,0
3,5,2
2,4,2
2,4,2
0,0,0
2,2,0
2,4,2
0,0,0
2,2,0
0,0,0
8,8,0
3,3,0
3,5,2
2,15,13
3,3,0
3,6,3
0,0,0
2,2,0
3,3,0
2,2,0
3,5,2
2,2,0
3,3,0
7,7,0
0,0,0
6,19,13
3,3,0
9,9,0
2,2,0
34,130,96
2,86,84
2,4,2
2,2,0
2,2,0
2,2,0
8,8,0
2,3,1
35,35,0
2,2,0
22,22,0
22,22,0
2,2,0
2,4,2
2,2,0
2,2,0
3,3,0
2,2,0
3,7,4
5,5,0
3,3,0
3,3,0
3,5,2
3,3,0
2,2,0
8,8,0
4,4,0
2,2,0
2,4,2
3,8,5
2,4,2
2,4,2
2,2,0
2,6,4
2,2,0
1,16,15
18,61,43
2,19,17
2,2,0
2,2,0
0,0,0
6,6,0
3,3,0
2,13,11
100,104,4
4,4,0
2,2,0
2,4,2
2,2,0
3,6,3
3,3,0
2,2,0
2,2,0
2,2,0
2,4,2
3,8,5
1,19,18
1,1,0
6,6,0
2,2,0
1,1,0
2,7,5
3,3,0
19,25,6
2,3,1
2,2,0
3,3,0
1,1,0
2,2,0
8,8,0
2,4,2
2,2,0
3,3,0
3,3,0
1,2,1
3,5,2
8,8,0
2,2,0
10,16,6
3,5,2
2,2,0
2,2,0
2,4,2
2,2,0
2,2,0
3,5,2
0,0,0
15,15,0
9,9,0
3,6,3
3,3,0
6,6,0
2,4,2
3,3,0
3,3,0
4,4,0
3,3,0
2,31,29
3,9,6
6,13,7
2,6,4
2,10,8
3,9,6
3,5,2
140,140,0
3,25,22
3,3,0
3,3,0
2,2,0
2,12,10
2,2,0
3,5,2
5,5,0
25,28,3
3,4,1
2,4,2
141,141,0
2,2,0
2,3,1
2,2,0
2,2,0
2,4,2
2,5,3
2,2,0
4,4,0
2,2,0
2,2,0
2,2,0
3,11,8
3,3,0
2,2,0
2,3,1
3,7,4
2,6,4
2,2,0
3,6,3
3,5,2
1,71,70
2,2,0
3,3,0
3,3,0
4,4,0
2,2,0
3,3,0
2,15,13
0,0,0
3,6,3
3,3,0
2,2,0
2,2,0
2,2,0
0,0,0
8,8,0
2,17,15
3,5,2
3,4,1
2,2,0
19,31,12
3,3,0
0,0,0
1,5,4
8,16,8
3,3,0
2,14,12
2,3,1
3,3,0
3,3,0
2,2,0
3,3,0
2,2,0
16,35,19
1,1,0
2,3,1
2,7,5
2,2,0
43,43,0
3,3,0
2,2,0
2,2,0
2,5,3
9,9,0
3,3,0
3,5,2
1,2,1
2,4,2
2,3,1
0,0,0
2,3,1
2,6,4
3,17,14
80,80,0
5,5,0
5,7,2
1,1,0
2,2,0
2,2,0
3,3,0
1,2,1
2,2,0
2,2,0
2,9,7
2,2,0
3,3,0
3,3,0
2,2,0
36,38,2
2,3,1
18,18,0
1,4,3
3,6,3
3,3,0
3,8,5
2,2,0
2,2,0
3,3,0
2,2,0
1,2,1
3,9,6
3,5,2
5,7,2
3,5,2
3,7,4
6,6,0
12,55,43
2,4,2
2,2,0
2,2,0
1,1,0
0,0,0
8,8,0
2,8,6
2,2,0
2,4,2
3,11,8
2,4,2
3,3,0
4,4,0
2,2,0
2,2,0
2,2,0
2,2,0
3,3,0
2,2,0
2,3,1
0,0,0
0,0,0
1,2,1
1,1,0
2,5,3
2,2,0
6,6,0
2,2,0
2,5,3
3,3,0
2,4,2
3,3,0
2,2,0
2,10,8
3,4,1
2,2,0
2,2,0
2,3,1
0,0,0
3,5,2
3,3,0
2,2,0
0,0,0
2,2,0
2,2,0
3,3,0
4,8,4
2,2,0
2,2,0
2,4,2
2,2,0
3,3,0
2,2,0
2,2,0
2,2,0
3,3,0
2,6,4
3,3,0
3,3,0
5,11,6
1,1,0
2,4,2
2,2,0
4,7,3
3,3,0
90,180,90
6,6,0
2,2,0
2,2,0
3,3,0
3,5,2
2,4,2
2,2,0
3,3,0
2,2,0
2,2,0
4,4,0
3,3,0
3,7,4
2,45,43
2,4,2
2,3,1
2,3,1
4,73,69
3,4,1
2,2,0
3,3,0
2,2,0
2,2,0
3,3,0
5,5,0
3,5,2
2,7,5
2,2,0
1,4,3
2,23,21
3,5,2
3,107,104
2,4,2
3,3,0
4,8,4
2,4,2
2,98,96
2,2,0
3,3,0
0,0,0
1,1,0
0,0,0
1,3,2
2,2,0
3,16,13
3,3,0
2,6,4
3,5,2
2,2,0
2,2,0
2,5,3
2,4,2
2,2,0
2,5,3
2,2,0
10,10,0
3,6,3
2,2,0
2,2,0
3,5,2
2,2,0
2,6,4
2,2,0
11,11,0
3,10,7
2,2,0
0,0,0
3,3,0
3,3,0
0,0,0
2,2,0
3,9,6
3,3,0
9,9,0
2,4,2
10,10,0
1,1,0
1,4,3
2,2,0
2,4,2
1,3,2
129,236,107
2,2,0
3,3,0
3,3,0
3,3,0
3,7,4
2,2,0
3,3,0
2,70,68
1,7,6
3,3,0
3,3,0
2,6,4
1,2,1
9,13,4
3,3,0
1,31,30
2,13,11
1,2,1
2,2,0
3,5,2
2,4,2
2,2,0
3,3,0
0,0,0
2,2,0
2,2,0
45,45,0
71,71,0
0,0,0
1,2,1
3,5,2
2,2,0
6,6,0
46,54,8
2,2,0
3,5,2
1,1,0
9,9,0
0,0,0
30,38,8
38,45,7
2,2,0
1,1,0
2,2,0
3,6,3
3,5,2
2,2,0
3,6,3
3,3,0
2,2,0
2,2,0
3,6,3
2,2,0
8,8,0
2,2,0
3,16,13
2,2,0
2,2,0
2,2,0
2,2,0
2,2,0
3,3,0
1,3,2
8,8,0
2,2,0
3,5,2
3,3,0
3,5,2
2,2,0
3,3,0
3,27,24
2,11,9
3,3,0
4,14,10
2,3,1
16,16,0
2,2,0
2,2,0
3,7,4
3,3,0
2,2,0
3,24,21
2,2,0
3,7,4
2,2,0
5,5,0
4,4,0
2,4,2
2,12,10
2,2,0
2,4,2
3,3,0
8,8,0
2,2,0
2,2,0
2,2,0
20,20,0
2,2,0
90,90,0
0,0,0
4,14,10
3,3,0
2,2,0
3,3,0
2,2,0
6,6,0
0,0,0
3,3,0
5,63,58
2,4,2
2,2,0
3,6,3
3,8,5
2,2,0
2,4,2
2,4,2
2,2,0
2,2,0
2,5,3
2,6,4
3,3,0
100,104,4
60,60,0
2,2,0
2,2,0
3,4,1
3,3,0
3,4,1
3,5,2
0,0,0
17,17,0
2,2,0
1,1,0
1,20,19
1,3,2
3,3,0
2,2,0
3,4,1
8,8,0
84,164,80
5,5,0
2,8,6
5,5,0
2,2,0
140,140,0
1,4,3
3,3,0
2,2,0
1,2,1
2,2,0
2,47,45
3,3,0
9,9,0
0,0,0
3,3,0
3,3,0
3,3,0
2,2,0
2,2,0
1,1,0
2,2,0
4,5,1
2,2,0
2,2,0
1,1,0
2,2,0
2,15,13
3,3,0
0,0,0
2,4,2
2,2,0
1,10,9
5,7,2
2,2,0
2,2,0
0,0,0
3,3,0
22,22,0
3,5,2
3,26,23
2,2,0
0,0,0
20,20,0
2,3,1
45,45,0
3,3,0
3,3,0
2,2,0
3,13,10
2,23,21
2,46,44
9,9,0
3,3,0
30,32,2
3,3,0
0,0,0
2,6,4
3,9,6
3,5,2
1,2,1
2,6,4
2,2,0
2,5,3
1,22,21
2,5,3
9,17,8
2,2,0
24,59,35
3,3,0
2,84,82
4,4,0
3,3,0
37,37,0
2,2,0
2,2,0
3,3,0
3,5,2
2,2,0
2,4,2
13,13,0
2,2,0
3,16,13
3,4,1
2,4,2
2,2,0
4,4,0
3,79,76
2,2,0
5,5,0
0,0,0
2,3,1
2,2,0
3,5,2
5,140,135
3,3,0
2,2,0
2,2,0
2,3,1
2,8,6
2,6,4
0,0,0
2,2,0
0,0,0
15,23,8
6,15,9
2,2,0
3,3,0
2,2,0
4,4,0
43,43,0
2,2,0
3,3,0
2,4,2
9,18,9
2,2,0
2,2,0
2,4,2
3,14,11
3,3,0
2,2,0
9,9,0
2,10,8
11,11,0
2,2,0
15,22,7
3,3,0
2,2,0
2,4,2
2,6,4
2,4,2
3,6,3
2,2,0
6,6,0
2,4,2
11,22,11
1,25,24
2,27,25
3,9,6
2,4,2
2,2,0
2,2,0
2,2,0
3,3,0
3,3,0
2,2,0
9,9,0
2,2,0
2,2,0
2,4,2
50,50,0
3,5,2
3,5,2
100,104,4
2,2,0
2,2,0
200,364,164
3,3,0
2,2,0
3,5,2
3,3,0
2,2,0
9,9,0
3,5,2
3,6,3
1,1,0
2,2,0
1,29,28
8,8,0
3,5,2
2,2,0
2,2,0
2,10,8
2,2,0
2,2,0
3,5,2
3,3,0
3,3,0
2,4,2
3,22,19
2,2,0
1,2,1
2,3,1
2,2,0
2,6,4
1,2,1
3,15,12
2,2,0
10,15,5
61,61,0
3,7,4
3,6,3
3,3,0
19,19,0
11,11,0
2,2,0
2,2,0
1,57,56
2,3,1
3,3,0
2,2,0
0,0,0
2,2,0
2,2,0
3,5,2
9,9,0
2,3,1
2,4,2
2,2,0
1,1,0
8,8,0
2,3,1
3,6,3
2,2,0
2,2,0
2,6,4
3,5,2
3,4,1
1,1,0
2,2,0
2,2,0
1,1,0
1,1,0
3,7,4
2,4,2
2,2,0
2,2,0
2,2,0
51,51,0
5,5,0
2,27,25
0,0,0
2,2,0
3,5,2
2,2,0
100,106,6
1,7,6
0,0,0
10,64,54
2,2,0
3,3,0
2,6,4
2,2,0
100,104,4
1,1,0
2,4,2
1,1,0
0,0,0
2,2,0
2,2,0
3,6,3
65,143,78
2,2,0
2,2,0
13,15,2
3,3,0
5,5,0
2,5,3
2,2,0
2,4,2
2,2,0
2,82,80
2,2,0
3,9,6
2,2,0
2,2,0
1,3,2
3,7,4
3,5,2
1,20,19
6,6,0
3,3,0
2,2,0
2,2,0
11,20,9
1,1,0
2,3,1
3,3,0
3,4,1
1,3,2
2,3,1
2,2,0
3,10,7
3,3,0
2,2,0
1,1,0
2,2,0
51,51,0
2,6,4
10,14,4
3,3,0
9,9,0
22,22,0
2,4,2
2,2,0
96,135,39
2,2,0
12,20,8
9,9,0
3,3,0
3,3,0
3,3,0
2,4,2
3,7,4
1,1,0
2,2,0
2,2,0
3,8,5
1,1,0
6,6,0
1,2,1
3,3,0
1,1,0
0,0,0
2,2,0
2,2,0
3,3,0
2,2,0
8,10,2
2,2,0
9,9,0
2,5,3
2,6,4
2,2,0
2,2,0
2,2,0
1,1,0
3,5,2
2,2,0
2,2,0
1,5,4
7,41,34
1,82,81
2,2,0
0,0,0
8,12,4
2,4,2
2,6,4
3,6,3
1,6,5
0,0,0
2,2,0
3,5,2
36,36,0
2,2,0
3,22,19
2,2,0
3,3,0
2,2,0
3,3,0
1,14,13
1,36,35
3,9,6
2,3,1
2,21,19
2,2,0
8,8,0
2,27,25
2,2,0
5,7,2
1,1,0
1,2,1
2,11,9
8,8,0
2,10,8
2,2,0
2,4,2
2,45,43
2,10,8
2,2,0
1,2,1
2,2,0
2,2,0
3,10,7
2,2,0
3,3,0
2,2,0
2,2,0
8,8,0
3,3,0
3,3,0
2,2,0
2,12,10
6,6,0
40,41,1
3,5,2
2,2,0
2,3,1
1,14,13
3,3,0
2,2,0
2,3,1
3,5,2
3,7,4
1,1,0
2,2,0
48,75,27
33,35,2
2,2,0
2,2,0
3,5,2
2,2,0
2,2,0
2,2,0
2,2,0
2,2,0
8,8,0
3,5,2
3,3,0
3,5,2
56,56,0
2,5,3
2,4,2
3,5,2
2,2,0
10,10,0
4,4,0
2,2,0
2,2,0
2,4,2
2,4,2
9,9,0
2,2,0
9,9,0
2,2,0
4,20,16
10,10,0
3,3,0
15,15,0
2,2,0
3,5,2
2,3,1
15,21,6
3,3,0
2,3,1
3,8,5
3,9,6
99,131,32
9,9,0
3,6,3
2,2,0
2,2,0
2,6,4
2,2,0
2,2,0
95,95,0
8,10,2
10,10,0
2,2,0
2,2,0
3,7,4
48,48,0
3,9,6
3,11,8
3,3,0
3,3,0
2,2,0
3,3,0
3,3,0
1,1,0
7,7,0
18,18,0
2,2,0
2,2,0
2,2,0
4,4,0
6,6,0
2,2,0
0,0,0
8,8,0
9,9,0
2,2,0
3,3,0
2,2,0
1,1,0
2,2,0
3,7,4
2,2,0
3,7,4
3,5,2
3,4,1
3,3,0
4,4,0
3,3,0
2,2,0
34,34,0
3,28,25
3,10,7
1,1,0
2,4,2
2,35,33
3,9,6
3,9,6
3,5,2
2,2,0
2,4,2
2,7,5
2,2,0
2,3,1
0,0,0
3,3,0
2,2,0
2,2,0
2,6,4
2,2,0
9,9,0
2,2,0
3,5,2
2,2,0
2,82,80
3,3,0
1,7,6
2,2,0
3,6,3
3,3,0
2,2,0
2,2,0
5,5,0
100,100,0
3,5,2
3,3,0
0,0,0
4,4,0
2,2,0
3,3,0
3,7,4
2,2,0
9,9,0
2,2,0
3,3,0
3,7,4
1,1,0
2,2,0
4,7,3
2,2,0
10,10,0
3,3,0
3,3,0
2,7,5
2,2,0
8,8,0
2,2,0
2,2,0
2,2,0
2,2,0
2,6,4
0,0,0
3,10,7
2,2,0
2,2,0
1,1,0
2,2,0
1,29,28
2,2,0
2,55,53
8,22,14
3,6,3
116,116,0
2,4,2
2,7,5
3,3,0
3,3,0
2,7,5
10,10,0
3,5,2
3,3,0
2,6,4
0,0,0
2,5,3
2,2,0
2,13,11
2,2,0
2,2,0
3,3,0
1,1,0
4,5,1
3,7,4
37,37,0
2,2,0
3,9,6
1,2,1
1,21,20
9,9,0
3,5,2
1,6,5
4,6,2
3,3,0
2,4,2
7,11,4
2,2,0
2,2,0
5,5,0
1,1,0
1,7,6
1,2,1
2,14,12
3,3,0
3,5,2
2,3,1
3,5,2
2,2,0
2,3,1
2,6,4
4,4,0
2,6,4
29,33,4
2,4,2
2,2,0
2,19,17
3,3,0
2,29,27
2,7,5
6,6,0
3,5,2
3,4,1
2,8,6
2,2,0
3,3,0
2,4,2
3,13,10
2,4,2
2,11,9
33,33,0
2,2,0
2,2,0
3,5,2
3,3,0
8,8,0
7,7,0
1,5,4
2,3,1
1,2,1
1,1,0
2,2,0
5,9,4
2,2,0
53,90,37
3,3,0
2,2,0
3,3,0
20,20,0
2,2,0
3,4,1
3,3,0
2,4,2
2,19,17
3,9,6
2,6,4
2,22,20
2,6,4
3,3,0
3,5,2
1,4,3
3,5,2
3,3,0
2,2,0
2,4,2
17,17,0
0,0,0
2,2,0
2,2,0
3,3,0
3,3,0
12,12,0
3,5,2
2,2,0
2,2,0
2,4,2
2,2,0
3,5,2
3,16,13
3,3,0
2,11,9
1,22,21
3,12,9
4,4,0
2,2,0
50,50,0
22,22,0
1,2,1
7,7,0
2,2,0
28,30,2
9,9,0
1,26,25
1,2,1
3,5,2
3,3,0
2,2,0
3,3,0
2,2,0
2,2,0
2,2,0
2,2,0
97,106,9
0,0,0
2,21,19
3,3,0
3,6,3
1,1,0
3,3,0
8,8,0
2,2,0
3,3,0
42,44,2
3,8,5
2,5,3
2,2,0
2,2,0
2,24,22
3,3,0
2,19,17
2,2,0
5,5,0
3,18,15
2,4,2
9,9,0
3,26,23
2,4,2
2,2,0
2,2,0
9,9,0
2,2,0
23,23,0
2,6,4
2,4,2
2,2,0
4,4,0
8,8,0
2,4,2
1,4,3
2,2,0
15,21,6
3,3,0
4,8,4
3,3,0
3,5,2
3,11,8
9,9,0
315,493,178
2,15,13
1,2,1
3,3,0
3,16,13
1,1,0
1,3,2
3,3,0
2,30,28
2,2,0
2,2,0
2,5,3
2,2,0
3,10,7
3,3,0
3,3,0
100,200,100
2,2,0
2,2,0
3,5,2
2,4,2
2,2,0
0,0,0
3,7,4
2,4,2
2,5,3
3,3,0
8,8,0
2,4,2
8,16,8
1,23,22
2,9,7
2,2,0
2,2,0
3,5,2
2,2,0
15,19,4
0,0,0
3,3,0
8,8,0
20,20,0
2,2,0
2,27,25
1,1,0
2,2,0
8,8,0
3,5,2
2,2,0
3,13,10
2,4,2
2,2,0
15,23,8
8,8,0
8,8,0
2,4,2
2,3,1
1,3,2
2,2,0
2,2,0
3,3,0
2,2,0
1,178,177
0,0,0
3,3,0
2,2,0
100,100,0
4,17,13
2,2,0
2,2,0
2,20,18
2,2,0
3,5,2
2,18,16
9,9,0
3,3,0
2,2,0
2,4,2
2,2,0
1,10,9
1,5,4
2,2,0
2,2,0
1,1,0
3,9,6
2,4,2
2,2,0
2,2,0
2,2,0
2,6,4
21,21,0
2,2,0
2,2,0
3,3,0
5,49,44
0,0,0
2,44,42
2,2,0
2,4,2
8,8,0
5,5,0
2,2,0
0,0,0
4,4,0
2,2,0
2,2,0
2,2,0
3,13,10
3,5,2
2,2,0
11,11,0
2,11,9
2,2,0
3,15,12
3,3,0
3,10,7
2,2,0
3,3,0
3,6,3
2,2,0
8,8,0
2,2,0
2,2,0
3,7,4
2,4,2
2,3,1
2,8,6
2,2,0
6,6,0
4,4,0
2,2,0
2,2,0
2,3,1
1,2,1
3,3,0
3,4,1
9,9,0
2,3,1
3,5,2
54,56,2
2,88,86
3,3,0
10,10,0
12,12,0
3,3,0
2,2,0
2,4,2
2,2,0
2,2,0
2,2,0
9,9,0
3,3,0
2,12,10
1,1,0
2,2,0
2,2,0
2,2,0
3,3,0
3,5,2
40,118,78
2,2,0
21,21,0
8,8,0
2,2,0
4,4,0
14,14,0
2,2,0
2,7,5
2,2,0
3,3,0
56,56,0
3,3,0
30,30,0
3,3,0
3,7,4
1,4,3
2,2,0
3,4,1
1,1,0
8,24,16
5,8,3
2,3,1
9,88,79
2,2,0
9,9,0
2,6,4
2,2,0
0,0,0
2,2,0
8,8,0
2,2,0
2,2,0
3,3,0
2,2,0
2,3,1
2,2,0
9,9,0
2,6,4
3,3,0
2,2,0
2,2,0
16,16,0
1,26,25
0,0,0
1,5,4
2,3,1
2,2,0
3,3,0
1,3,2
14,57,43
2,2,0
2,5,3
2,2,0
2,60,58
2,4,2
2,2,0
1,1,0
3,25,22
3,3,0
2,2,0
2,2,0
3,3,0
3,7,4
1,2,1
2,9,7
2,2,0
2,5,3
0,0,0
3,3,0
2,2,0
3,3,0
3,3,0
2,2,0
2,2,0
2,2,0
3,6,3
1,1,0
2,2,0
2,2,0
3,5,2
1,2,1
6,6,0
37,37,0
2,2,0
1,2,1
3,3,0
9,9,0
3,5,2
3,3,0
3,5,2
3,3,0
10,10,0
4,64,60
22,22,0
2,2,0
2,2,0
2,4,2
100,106,6
3,4,1
4,4,0
4,4,0
3,3,0
3,5,2
3,32,29
2,2,0
2,2,0
5,5,0
3,3,0
1,1,0
2,2,0
2,2,0
1,42,41
2,2,0
2,2,0
24,24,0
2,2,0
2,4,2
10,11,1
2,2,0
0,0,0
2,2,0
2,2,0
2,2,0
2,2,0
1,25,24
2,2,0
2,2,0
1,1,0
2,2,0
3,7,4
3,3,0
3,8,5
2,2,0
3,5,2
1,1,0
0,0,0
2,11,9
3,4,1
2,2,0
3,3,0
2,2,0
2,2,0
2,2,0
2,2,0
3,3,0
2,2,0
2,3,1
3,5,2
3,3,0
2,2,0
1,2,1
2,2,0
3,3,0
0,0,0
2,5,3
1,10,9
2,5,3
2,2,0
2,2,0
3,51,48
2,2,0
2,4,2
2,2,0
2,2,0
3,5,2
3,4,1
1,3,2
2,4,2
2,6,4
2,2,0
2,20,18
8,8,0
2,2,0
2,2,0
2,2,0
2,2,0
3,3,0
2,2,0
2,2,0
2,2,0
3,3,0
2,12,10
4,7,3
2,3,1
7,7,0
2,2,0
2,2,0
2,2,0
7,7,0
2,2,0
3,5,2
2,16,14
3,3,0
3,3,0
1,21,20
56,68,12
1,8,7
6,6,0
3,3,0
0,0,0
2,2,0
8,8,0
3,5,2
1,2,1
8,8,0
2,21,19
3,8,5
1,2,1
2,2,0
2,13,11
2,7,5
2,82,80
2,2,0
3,3,0
2,53,51
2,2,0
2,6,4
2,12,10
1,1,0
11,105,94
2,4,2
1,1,0
3,5,2
2,2,0
1,2,1
3,3,0
11,11,0
3,3,0
2,2,0
2,2,0
2,2,0
12,12,0
1,1,0
3,3,0
2,6,4
3,21,18
2,7,5
48,50,2
12,12,0
2,2,0
2,2,0
1,27,26
2,2,0
3,6,3
2,2,0
2,2,0
1,41,40
3,3,0
2,3,1
1,14,13
11,11,0
2,2,0
1,4,3
0,0,0
3,3,0
60,60,0
2,10,8
3,16,13
2,2,0
2,2,0
3,3,0
115,243,128
2,2,0
3,3,0
2,2,0
3,3,0
2,6,4
1,2,1
4,4,0
2,2,0
3,3,0
2,2,0
2,2,0
3,3,0
2,4,2
2,80,78
2,2,0
90,90,0
2,3,1
2,4,2
3,5,2
2,2,0
2,2,0
2,7,5
2,20,18
3,3,0
2,2,0
2,2,0
2,2,0
3,3,0
3,9,6
2,2,0
2,3,1
3,3,0
2,9,7
1,2,1
2,2,0
2,5,3
1,2,1
2,2,0
1,10,9
2,2,0
16,32,16
2,2,0
2,2,0
3,4,1
2,2,0
3,7,4
4,4,0
2,2,0
3,14,11
2,4,2
3,6,3
3,3,0
3,7,4
3,3,0
3,5,2
2,4,2
2,9,7
1,2,1
2,2,0
16,16,0
2,8,6
2,2,0
2,2,0
2,2,0
2,5,3
8,8,0
1,4,3
2,2,0
3,3,0
3,5,2
3,5,2
3,9,6
3,3,0
2,2,0
3,3,0
2,2,0
3,3,0
100,100,0
2,2,0
2,2,0
0,0,0
10,11,1
2,2,0
3,3,0
3,5,2
2,2,0
2,2,0
2,72,70
3,4,1
0,0,0
3,9,6
2,2,0
2,4,2
3,3,0
3,3,0
2,2,0
2,5,3
0,0,0
0,0,0
1,2,1
2,2,0
1,5,4
3,15,12
2,2,0
9,9,0
2,2,0
2,2,0
12,12,0
100,105,5
1,3,2
1,1,0
2,2,0
3,3,0
2,2,0
3,5,2
2,2,0
3,3,0
3,23,20
2,4,2
3,3,0
1,28,27
2,2,0
2,2,0
3,3,0
3,3,0
2,4,2
3,3,0
2,4,2
2,2,0
2,2,0
3,3,0
2,2,0
8,8,0
2,4,2
3,5,2
2,3,1
2,2,0
3,5,2
2,2,0
3,3,0
2,2,0
8,8,0
2,4,2
2,8,6
2,13,11
1,2,1
2,2,0
3,4,1
3,10,7
1,1,0
3,14,11
0,0,0
2,55,53
3,3,0
2,2,0
28,42,14
1,21,20
3,3,0
3,6,3
2,2,0
0,0,0
8,8,0
2,2,0
3,3,0
3,3,0
3,3,0
3,3,0
2,2,0
2,2,0
2,4,2
11,11,0
60,66,6
0,0,0
3,7,4
4,4,0
3,3,0
1,2,1
3,9,6
2,2,0
3,5,2
6,27,21
2,2,0
8,8,0
2,8,6
9,9,0
3,3,0
9,11,2
8,8,0
2,2,0
2,2,0
3,3,0
2,2,0
2,2,0
2,2,0
3,3,0
2,82,80
3,6,3
0,0,0
2,4,2
3,7,4
2,2,0
3,3,0
2,2,0
46,54,8
2,2,0
2,2,0
3,3,0
3,15,12
2,2,0
2,6,4
2,34,32
3,11,8
3,3,0
2,2,0
2,2,0
1,2,1
5,5,0
51,51,0
2,2,0
2,2,0
47,47,0
19,19,0
2,2,0
2,37,35
2,2,0
2,2,0
10,23,13
3,3,0
3,5,2
5,5,0
3,3,0
2,2,0
3,3,0
1,3,2
74,74,0
2,1479,1477
3,3,0
15,15,0
2,2,0
22,22,0
2,2,0
1,6,5
3,6,3
2,11,9
2,3,1
2,2,0
2,2,0
70,70,0
3,9,6
2,20,18
139,139,0
2,2,0
1,1,0
27,31,4
2,2,0
2,2,0
2,6,4
2,2,0
2,20,18
1,2,1
2,2,0
2,2,0
1,20,19
1,1,0
2,13,11
0,0,0
2,2,0
1,1,0
6,6,0
1,2,1
2,2,0
2,2,0
3,5,2
2,2,0
3,4,1
8,10,2
3,3,0
1,1,0
2,4,2
71,71,0
3,3,0
2,3,1
2,4,2
0,0,0
2,13,11
2,2,0
1,3,2
2,2,0
100,104,4
2,5,3
3,3,0
2,2,0
3,8,5
4,4,0
2,7,5
3,3,0
2,35,33
2,10,8
0,0,0
2,12,10
2,4,2
2,2,0
48,53,5
2,2,0
2,2,0
3,3,0
2,2,0
3,12,9
8,8,0
3,5,2
2,2,0
10,10,0
3,7,4
1,1,0
2,2,0
1,7,6
3,5,2
1,22,21
7,7,0
3,3,0
3,3,0
2,4,2
2,2,0
2,3,1
2,2,0
3,7,4
69,69,0
15,26,11
3,5,2
2,2,0
14,14,0
3,6,3
2,2,0
2,2,0
2,2,0
2,2,0
8,8,0
0,0,0
1,22,21
4,4,0
2,2,0
3,7,4
2,2,0
3,3,0
2,2,0
9,9,0
3,3,0
3,3,0
2,5,3
3,6,3
3,3,0
72,117,45
3,3,0
3,3,0
2,4,2
2,2,0
1,1,0
2,4,2
1,2,1
2,3,1
2,2,0
2,2,0
3,3,0
2,2,0
2,2,0
2,2,0
3,4,1
2,2,0
2,2,0
2,2,0
3,3,0
2,21,19
2,2,0
0,0,0
9,9,0
2,2,0
9,9,0
2,2,0
2,2,0
2,2,0
3,3,0
4,4,0
2,2,0
2,4,2
1,1,0
2,2,0
2,2,0
2,2,0
1,6,5
2,2,0
2,2,0
2,2,0
2,3,1
2,2,0
131,131,0
3,3,0
2,12,10
2,3,1
2,12,10
1,7,6
3,3,0
3,7,4
2,2,0
2,4,2
0,0,0
2,2,0
2,2,0
2,2,0
1,3,2
9,9,0
2,2,0
2,4,2
3,3,0
50,114,64
2,2,0
2,2,0
2,4,2
11,11,0
2,2,0
1,2,1
0,0,0
3,5,2
2,2,0
3,3,0
12,26,14
3,8,5
2,2,0
2,2,0
2,4,2
2,2,0
2,2,0
156,192,36
2,2,0
51,51,0
16,16,0
4,4,0
3,3,0
0,0,0
8,8,0
2,4,2
2,2,0
3,8,5
0,0,0
1,1,0
2,2,0
0,0,0
2,2,0
12,12,0
4,4,0
2,2,0
2,11,9
5,5,0
3,3,0
5,5,0
2,2,0
0,0,0
3,5,2
12,12,0
8,8,0
3,4,1
2,2,0
2,2,0
2,2,0
2,2,0
1,6,5
81,81,0
0,0,0
3,5,2
2,2,0
2,13,11
2,13,11
2,2,0
133,135,2
2,4,2
8,11,3
1,1,0
3,3,0
1,2,1
2,2,0
2,2,0
1,1,0
51,51,0
2,3,1
8,8,0
2,6,4
2,2,0
2,2,0
3,16,13
3,3,0
6,6,0
2,2,0
3,7,4
2,2,0
1,1,0
2,16,14
2,2,0
1,1,0
2,2,0
3,3,0
2,2,0
2,4,2
95,96,1
134,264,130
2,3,1
2,2,0
2,69,67
2,3,1
2,4,2
2,2,0
2,2,0
4,4,0
3,3,0
3,5,2
2,2,0
2,21,19
2,2,0
3,3,0
4,5,1
1,1,0
139,160,21
3,3,0
2,2,0
2,4,2
2,8,6
3,5,2
5,5,0
2,2,0
3,3,0
2,2,0
6,8,2
3,3,0
2,3,1
2,2,0
2,2,0
8,8,0
2,5,3
2,2,0
10,35,25
1,20,19
9,9,0
10,12,2
2,2,0
2,2,0
0,0,0
0,0,0
2,7,5
2,2,0
2,2,0
3,5,2
1,2,1
3,3,0
1,10,9
2,2,0
2,2,0
32,32,0
2,4,2
2,2,0
0,0,0
2,2,0
2,82,80
43,43,0
2,2,0
2,8,6
17,21,4
2,2,0
2,2,0
4,4,0
2,2,0
2,2,0
3,3,0
2,4,2
4,82,78
2,2,0
3,3,0
3,3,0
2,2,0
3,9,6
1,8,7
2,4,2
1,3,2
3,21,18
3,3,0
3,4,1
3,3,0
3,5,2
2,2,0
2,3,1
2,2,0
3,3,0
2,4,2
2,2,0
1,4,3
3,5,2
2,2,0
2,4,2
2,2,0
1,4,3
2,4,2
2,2,0
17,17,0
51,57,6
3,3,0
8,8,0
10,10,0
2,2,0
3,3,0
3,3,0
3,5,2
2,2,0
2,5,3
2,30,28
3,3,0
2,2,0
2,2,0
3,5,2
4,4,0
2,2,0
3,25,22
1,1,0
2,2,0
2,4,2
0,0,0
4,4,0
0,0,0
0,0,0
3,3,0
2,2,0
2,4,2
3,11,8
3,3,0
2,2,0
3,5,2
2,2,0
11,11,0
3,16,13
10,10,0
3,6,3
2,2,0
3,7,4
3,5,2
2,2,0
2,2,0
3,5,2
2,2,0
2,11,9
2,4,2
2,2,0
2,2,0
2,2,0
3,3,0
3,3,0
2,2,0
2,3,1
3,21,18
2,6,4
10,30,20
9,9,0
1,8,7
2,2,0
2,16,14
2,45,43
2,6,4
3,3,0
1,1,0
20,20,0
3,3,0
2,84,82
3,3,0
0,0,0
2,3,1
2,3,1
3,3,0
3,3,0
3,5,2
1,2,1
2,2,0
2,6,4
2,2,0
3,3,0
2,2,0
9,9,0
5,5,0
3,9,6
2,2,0
2,2,0
67,67,0
2,80,78
3,3,0
9,9,0
3,5,2
2,2,0
3,4,1
1,1,0
3,10,7
8,8,0
2,2,0
8,8,0
3,3,0
2,2,0
2,2,0
2,2,0
9,9,0
2,2,0
2,2,0
3,3,0
0,0,0
3,3,0
2,4,2
2,5,3
3,6,3
1,2,1
5,5,0
1,1,0
2,2,0
3,3,0
1,1,0
2,2,0
10,12,2
2,2,0
2,2,0
2,2,0
2,2,0
2,4,2
2,2,0
2,2,0
2,11,9
3,3,0
3,5,2
1,26,25
2,2,0
1,21,20
2,2,0
2,2,0
2,2,0
2,2,0
0,0,0
8,8,0
3,3,0
2,2,0
2,2,0
1,1,0
3,3,0
3,3,0
3,3,0
1,2,1
60,60,0
2,2,0
2,11,9
2,4,2
2,2,0
4,6,2
3,3,0
2,2,0
3,3,0
2,2,0
2,2,0
2,96,94
3,3,0
3,4,1
6,7,1
2,6,4
100,104,4
2,2,0
3,5,2
51,51,0
2,2,0
2,2,0
2,2,0
3,5,2
2,5,3
2,2,0
2,8,6
2,2,0
3,3,0
2,2,0
3,3,0
1,1,0
3,6,3
2,2,0
3,41,38
0,0,0
1,1,0
5,11,6
2,2,0
3,13,10
1,1,0
2,3,1
3,3,0
8,8,0
43,43,0
2,4,2
13,13,0
2,2,0
2,5,3
2,19,17
3,5,2
21,21,0
3,3,0
2,2,0
2,4,2
78,78,0
0,0,0
3,11,8
9,9,0
3,14,11
1,1,0
3,3,0
2,4,2
2,2,0
2,2,0
11,11,0
7,7,0
43,45,2
3,19,16
2,2,0
2,2,0
3,7,4
3,3,0
0,0,0
2,20,18
0,0,0
2,2,0
2,2,0
2,2,0
3,3,0
1,28,27
2,2,0
3,5,2
2,2,0
1,1,0
2,2,0
3,5,2
1,3,2
3,3,0
2,2,0
9,9,0
3,7,4
9,9,0
3,3,0
2,2,0
2,2,0
3,5,2
2,2,0
12,12,0
3,3,0
1,36,35
2,4,2
3,3,0
3,3,0
2,2,0
24,24,0
7,7,0
35,47,12
3,5,2
2,4,2
2,3,1
1,2,1
2,2,0
3,3,0
0,0,0
1,2,1
0,0,0
3,3,0
2,4,2
2,2,0
1,1,0
3,3,0
2,2,0
2,8,6
3,3,0
2,2,0
3,3,0
9,18,9
1,6,5
3,5,2
2,4,2
2,2,0
3,3,0
2,2,0
0,0,0
8,10,2
28,35,7
2,2,0
5,8,3
3,7,4
2,2,0
3,4,1
2,3,1
2,2,0
11,11,0
2,17,15
2,2,0
3,3,0
1,1,0
8,8,0
2,2,0
2,2,0
2,2,0
2,12,10
0,0,0
0,0,0
1,7,6
7,14,7
2,5,3
2,2,0
3,3,0
3,3,0
3,3,0
3,3,0
2,4,2
2,4,2
20,20,0
3,3,0
3,3,0
2,2,0
1,1,0
2,2,0
2,2,0
3,10,7
2,2,0
1,2,1
3,3,0
24,24,0
2,2,0
51,51,0
2,2,0
2,10,8
3,3,0
0,0,0
3,3,0
8,8,0
2,4,2
2,2,0
3,7,4
0,0,0
3,9,6
1,1,0
2,88,86
9,9,0
6,6,0
2,2,0
40,118,78
2,2,0
1,3,2
3,5,2
2,2,0
2,2,0
2,2,0
8,8,0
8,8,0
3,3,0
3,4,1
20,20,0
1,1,0
2,2,0
22,22,0
2,2,0
3,6,3
1,4,3
2,8,6
2,2,0
4,4,0
3,3,0
8,8,0
1,7,6
3,3,0
3,6,3
2,2,0
2,2,0
2,2,0
2,24,22
2,2,0
3,5,2
3,5,2
2,2,0
3,3,0
6,15,9
3,3,0
100,100,0
3,3,0
58,58,0
2,2,0
4,4,0
2,2,0
3,3,0
1,3,2
2,2,0
2,28,26
2,2,0
8,8,0
3,3,0
4,6,2
3,7,4
2,2,0
2,2,0
3,4,1
3,3,0
3,3,0
2,4,2
1,2,1
2,2,0
2,76,74
3,6,3
4,4,0
3,3,0
3,4,1
2,2,0
3,9,6
2,4,2
2,2,0
3,5,2
2,2,0
3,3,0
1,4,3
0,0,0
2,2,0
2,2,0
3,3,0
2,3,1
4,6,2
2,2,0
2,2,0
4,18,14
3,5,2
2,2,0
2,2,0
34,37,3
68,98,30
2,3,1
2,2,0
2,2,0
3,7,4
24,24,0
2,2,0
2,2,0
2,2,0
2,2,0
2,2,0
100,102,2
2,2,0
3,5,2
1,73,72
53,61,8
2,2,0
2,2,0
2,2,0
2,2,0
2,2,0
1,21,20
3,3,0
14,14,0
3,3,0
2,2,0
3,9,6
2,6,4
3,3,0
2,2,0
3,5,2
3,3,0
0,0,0
33,33,0
2,2,0
2,7,5
4,4,0
4,4,0
2,6,4
1,36,35
3,3,0
2,2,0
2,2,0
2,2,0
2,2,0
3,3,0
2,2,0
1,1,0
3,3,0
2,30,28
2,2,0
3,5,2
3,3,0
23,23,0
1,3,2
3,7,4
2,3,1
2,2,0
2,2,0
2,2,0
2,2,0
2,2,0
1,1,0
3,10,7
6,6,0
2,2,0
3,7,4
3,10,7
2,6,4
2,2,0
3,7,4
2,2,0
3,6,3
11,11,0
3,3,0
1,1,0
1,3,2
1,36,35
1,1,0
2,2,0
0,0,0
2,6,4
3,3,0
3,5,2
2,2,0
46,46,0
3,7,4
2,2,0
1,1,0
9,9,0
2,10,8
0,0,0
2,10,8
2,4,2
2,2,0
3,3,0
2,2,0
2,4,2
40,40,0
2,4,2
2,2,0
3,3,0
3,3,0
4,4,0
2,2,0
4,4,0
3,3,0
2,2,0
2,3,1
2,2,0
3,10,7
2,2,0
2,2,0
2,11,9
8,8,0
10,11,1
2,3,1
3,10,7
4,55,51
2,8,6
2,2,0
2,4,2
2,2,0
2,2,0
3,3,0
2,4,2
12,12,0
3,3,0
8,8,0
3,3,0
2,2,0
9,9,0
2,2,0
2,2,0
4,4,0
12,12,0
3,5,2
0,0,0
8,8,0
5,5,0
2,2,0
5,5,0
3,3,0
3,3,0
2,2,0
2,2,0
3,3,0
2,4,2
3,14,11
9,9,0
3,25,22
2,2,0
9,9,0
1,1,0
1,44,43
2,2,0
2,5,3
3,6,3
2,4,2
2,2,0
9,9,0
0,0,0
1,4,3
163,167,4
2,2,0
3,6,3
6,6,0
3,7,4
3,3,0
2,2,0
2,2,0
2,14,12
3,3,0
2,2,0
10,10,0
103,103,0
2,8,6
0,0,0
1,11,10
3,17,14
1,24,23
1,1,0
3,5,2
3,5,2
2,2,0
1,1,0
2,2,0
2,8,6
2,2,0
4,4,0
2,40,38
2,2,0
2,3,1
2,2,0
3,7,4
2,2,0
3,3,0
3,3,0
2,2,0
0,0,0
2,4,2
20,20,0
3,3,0
2,2,0
3,3,0
2,2,0
3,7,4
2,2,0
2,4,2
3,3,0
3,7,4
3,3,0
3,3,0
4,4,0
2,2,0
6,6,0
3,3,0
2,2,0
3,5,2
3,3,0
0,0,0
3,6,3
3,5,2
2,2,0
3,3,0
2,4,2
2,2,0
2,10,8
3,6,3
8,8,0
3,8,5
2,2,0
2,2,0
1,2,1
2,2,0
3,3,0
3,3,0
0,0,0
2,2,0
2,4,2
2,2,0
3,3,0
2,2,0
2,2,0
1,2,1
36,36,0
8,8,0
2,2,0
3,7,4
30,31,1
2,6,4
2,2,0
3,10,7
2,5,3
3,3,0
3,9,6
2,4,2
3,3,0
2,2,0
2,2,0
2,2,0
3,3,0
2,2,0
2,2,0
3,8,5
2,2,0
2,4,2
2,9,7
8,8,0
2,2,0
2,2,0
2,2,0
1,14,13
2,2,0
3,5,2
2,8,6
2,4,2
2,2,0
2,2,0
0,0,0
9,9,0
2,2,0
1,1,0
3,10,7
2,2,0
1,61,60
2,4,2
2,2,0
3,5,2
3,7,4
3,3,0
2,4,2
2,2,0
1,2,1
8,32,24
2,2,0
1,1,0
3,11,8
3,3,0
11,11,0
2,2,0
3,3,0
3,7,4
3,5,2
4,4,0
3,7,4
3,3,0
2,4,2
2,2,0
2,2,0
3,8,5
3,3,0
2,2,0
3,17,14
2,8,6
2,2,0
1,1,0
2,2,0
2,2,0
3,3,0
20,23,3
2,5,3
3,3,0
2,2,0
3,3,0
3,3,0
2,2,0
3,8,5
2,4,2
46,49,3
1,1,0
6,6,0
2,2,0
0,0,0
3,9,6
3,3,0
2,15,13
62,62,0
1,1,0
2,2,0
2,3,1
2,2,0
3,3,0
100,200,100
3,3,0
3,3,0
8,8,0
2,2,0
33,33,0
2,8,6
2,2,0
0,0,0
2,2,0
0,0,0
1,3,2
3,3,0
3,3,0
2,4,2
3,5,2
27,27,0
2,2,0
2,13,11
2,6,4
2,2,0
3,3,0
2,2,0
2,2,0
3,5,2
3,3,0
3,3,0
2,2,0
2,2,0
3,3,0
2,6,4
1,1,0
2,4,2
3,4,1
2,2,0
2,3,1
3,3,0
3,7,4
1,56,55
3,20,17
8,8,0
3,7,4
2,215,213
3,3,0
2,3,1
2,2,0
63,63,0
3,12,9
2,2,0
9,9,0
3,3,0
2,2,0
1,1,0
2,2,0
11,11,0
2,2,0
2,3,1
3,5,2
2,2,0
2,3,1
1,2,1
1,1,0
2,2,0
0,0,0
0,0,0
11,11,0
1,2,1
3,5,2
0,0,0
3,6,3
3,9,6
2,4,2
2,2,0
2,2,0
2,2,0
2,2,0
4,7,3
3,5,2
8,8,0
3,3,0
2,3,1
3,3,0
1,1,0
99,99,0
3,3,0
3,19,16
2,22,20
406,417,11
2,2,0
22,22,0
2,2,0
2,4,2
2,2,0
2,2,0
2,2,0
9,9,0
2,2,0
8,8,0
0,0,0
2,2,0
2,2,0
1,2,1
8,8,0
2,2,0
2,2,0
2,3,1
2,2,0
2,2,0
2,2,0
3,17,14
2,2,0
3,11,8
3,3,0
9,9,0
2,4,2
11,11,0
2,4,2
8,8,0
2,3,1
6,29,23
2,2,0
1,1,0
3,5,2
2,5,3
1,3,2
2,95,93
3,9,6
2,2,0
11,11,0
3,5,2
2,2,0
3,3,0
3,3,0
3,15,12
72,125,53
2,10,8
3,5,2
3,5,2
109,109,0
1,61,60
14,14,0
3,10,7
9,10,1
2,3,1
2,6,4
2,2,0
2,2,0
2,2,0
3,19,16
2,2,0
51,101,50
1,4,3
1,2,1
1,2,1
2,10,8
4,4,0
2,2,0
77,112,35
3,4,1
1,2,1
3,4,1
9,9,0
2,2,0
2,2,0
100,100,0
3,8,5
2,10,8
2,2,0
1,2,1
2,2,0
2,2,0
10,22,12
2,9,7
1,1,0
14,14,0
3,11,8
2,2,0
2,4,2
9,9,0
3,3,0
2,2,0
2,2,0
2,2,0
2,3,1
2,7,5
1,2,1
2,4,2
3,3,0
3,3,0
3,3,0
87,87,0
3,3,0
2,2,0
3,6,3
4,4,0
3,6,3
2,2,0
0,0,0
0,0,0
2,2,0
2,2,0
2,5,3
1,1,0
2,80,78
52,156,104
7,7,0
42,125,83
2,17,15
22,22,0
0,0,0
476,476,0
3,7,4
2,2,0
3,3,0
2,2,0
0,0,0
8,8,0
2,2,0
1,1,0
2,2,0
1,1,0
2,2,0
10,10,0
0,0,0
3,3,0
3,3,0
8,8,0
2,2,0
3,6,3
3,5,2
3,5,2
16,17,1
0,0,0
2,54,52
2,2,0
7,15,8
1,1,0
3,3,0
17,17,0
1,1,0
2,2,0
2,4,2
9,9,0
2,2,0
2,2,0
2,2,0
3,8,5
6,10,4
3,3,0
2,5,3
2,2,0
2,4,2
2,2,0
2,2,0
2,2,0
3,13,10
8,10,2
10,13,3
2,2,0
2,2,0
6,9,3
3,5,2
2,5,3
2,2,0
2,2,0
34,34,0
3,5,2
2,2,0
2,6,4
9,9,0
2,3,1
2,4,2
2,2,0
8,8,0
2,2,0
2,3,1
3,5,2
3,3,0
2,2,0
2,2,0
2,3,1
2,2,0
2,2,0
2,2,0
3,3,0
2,4,2
7,7,0
11,11,0
1,10,9
3,5,2
3,3,0
3,3,0
2,94,92
3,3,0
3,5,2
10,10,0
3,5,2
2,2,0
3,5,2
3,5,2
2,4,2
2,2,0
2,2,0
1,1,0
0,0,0
3,9,6
2,4,2
3,11,8
2,2,0
2,101,99
22,22,0
2,4,2
2,17,15
3,3,0
2,2,0
2,2,0
1,105,104
3,4,1
9,11,2
1,1,0
2,2,0
2,2,0
1,1,0
1,1,0
2,4,2
6,6,0
2,6,4
3,3,0
3,3,0
3,6,3
4,4,0
3,3,0
2,12,10
2,2,0
1,2,1
1,1,0
2,2,0
2,2,0
11,11,0
7,22,15
3,11,8
2,5,3
3,62,59
2,3,1
2,5,3
3,5,2
3,3,0
2,80,78
1,2,1
3,7,4
2,7,5
3,5,2
4,4,0
2,2,0
3,3,0
2,5,3
1,2,1
2,2,0
1,5,4
2,2,0
2,2,0
2,2,0
2,2,0
3,5,2
8,8,0
78,85,7
2,3,1
2,2,0
2,2,0
2,2,0
2,5,3
3,10,7
2,2,0
0,0,0
2,80,78
0,0,0
1,2,1
16,16,0
2,2,0
22,65,43
1,21,20
2,2,0
2,2,0
12,12,0
11,13,2
6,6,0
2,2,0
23,23,0
0,0,0
1,2,1
0,0,0
2,3,1
2,2,0
2,2,0
14,14,0
2,2,0
78,145,67
3,8,5
2,2,0
2,2,0
3,5,2
2,2,0
3,8,5
2,2,0
2,2,0
2,2,0
3,4,1
8,8,0
3,3,0
3,6,3
3,7,4
2,2,0
3,6,3
2,2,0
1,2,1
2,2,0
3,26,23
0,0,0
2,2,0
2,13,11
2,2,0
2,4,2
2,2,0
2,18,16
2,4,2
2,2,0
3,5,2
2,2,0
2,5,3
1,1,0
2,2,0
2,2,0
2,2,0
2,2,0
2,2,0
2,2,0
2,2,0
3,3,0
2,4,2
0,0,0
2,2,0
2,6,4
1,2,1
3,3,0
1,1,0
3,7,4
3,5,2
1,1,0
1,2,1
2,3,1
3,10,7
4,4,0
2,9,7
2,21,19
1,4,3
90,90,0
2,11,9
3,3,0
1,1,0
5,5,0
3,3,0
2,24,22
2,56,54
3,9,6
2,4,2
2,2,0
81,95,14
3,3,0
2,2,0
7,9,2
1,4,3
2,2,0
3,3,0
2,2,0
9,9,0
2,2,0
2,2,0
11,11,0
2,2,0
2,4,2
2,4,2
2,2,0
2,2,0
2,2,0
2,2,0
3,3,0
1,39,38
3,3,0
5,5,0
2,2,0
3,3,0
2,2,0
1,2,1
3,9,6
2,2,0
51,51,0
2,2,0
3,3,0
3,5,2
0,0,0
2,2,0
2,2,0
2,4,2
2,3,1
11,11,0
2,2,0
2,2,0
3,3,0
3,7,4
0,0,0
2,18,16
3,21,18
24,24,0
2,4,2
2,2,0
3,6,3
2,2,0
4,4,0
2,2,0
2,28,26
4,9,5
2,2,0
3,3,0
12,16,4
3,3,0
46,46,0
7,7,0
3,4,1
2,2,0
2,2,0
3,3,0
15,26,11
3,5,2
1,1,0
2,2,0
2,2,0
3,8,5
3,4,1
12,12,0
1,13,12
2,4,2
2,23,21
3,4,1
9,10,1
2,3,1
4,9,5
127,127,0
3,3,0
2,2,0
2,5,3
3,7,4
1,3,2
1,3,2
2,2,0
74,74,0
2,9,7
1,2,1
2,4,2
2,2,0
2,28,26
2,3,1
2,3,1
3,3,0
3,3,0
12,12,0
2,2,0
2,2,0
2,11,9
2,2,0
2,2,0
2,2,0
6,50,44
2,2,0
3,3,0
2,2,0
0,0,0
2,2,0
2,6,4
2,16,14
2,2,0
6,6,0
3,11,8
2,2,0
2,2,0
2,2,0
0,0,0
2,2,0
3,3,0
28,28,0
1,1,0
90,173,83
82,82,0
3,3,0
4,4,0
3,7,4
132,150,18
2,2,0
2,4,2
1,1,0
3,3,0
0,0,0
8,8,0
8,16,8
1,1,0
1,2,1
6,35,29
3,9,6
8,8,0
2,3,1
2,4,2
3,15,12
3,3,0
3,5,2
10,10,0
2,2,0
1,1,0
1,2,1
8,11,3
2,2,0
8,8,0
2,4,2
2,2,0
2,2,0
2,12,10
3,3,0
2,2,0
8,8,0
2,2,0
235,638,403
3,3,0
2,2,0
7,7,0
2,4,2
2,2,0
4,4,0
2,2,0
2,2,0
9,12,3
4,8,4
2,2,0
3,3,0
2,2,0
3,3,0
2,2,0
3,3,0
2,2,0
9,9,0
1,2,1
8,8,0
3,3,0
1,2,1
78,266,188
2,13,11
3,3,0
3,8,5
406,417,11
24,24,0
2,17,15
2,2,0
2,2,0
3,3,0
2,2,0
2,2,0
11,11,0
2,2,0
10,10,0
2,2,0
2,10,8
0,0,0
2,6,4
1,2,1
1,2,1
48,48,0
2,5,3
3,3,0
3,3,0
2,4,2
2,2,0
2,8,6
2,2,0
6,8,2
3,5,2
21,21,0
2,2,0
2,2,0
3,9,6
2,2,0
3,7,4
9,9,0
3,3,0
2,2,0
2,2,0
2,8,6
2,2,0
3,3,0
2,80,78
2,2,0
2,2,0
1,3,2
4,4,0
1,2,1
2,8,6
1,1,0
2,12,10
3,3,0
3,5,2
8,8,0
3,3,0
2,2,0
6,6,0
2,11,9
10,12,2
3,3,0
2,2,0
2,2,0
2,2,0
2,2,0
5,5,0
2,4,2
2,4,2
2,4,2
0,0,0
2,23,21
2,2,0
1,2,1
3,3,0
3,5,2
2,2,0
3,7,4
0,0,0
2,2,0
8,8,0
0,0,0
1,4,3
62,64,2
3,15,12
2,2,0
2,2,0
2,2,0
1,3,2
2,2,0
16,16,0
3,3,0
1,1,0
3,3,0
2,9,7
3,6,3
1,1,0
2,2,0
11,11,0
3,9,6
2,2,0
3,3,0
3,5,2
2,2,0
2,2,0
3,5,2
2,2,0
2,2,0
2,2,0
2,2,0
2,2,0
4,6,2
3,5,2
0,0,0
3,3,0
8,8,0
3,3,0
2,2,0
2,2,0
2,16,14
3,3,0
2,2,0
2,4,2
2,2,0
2,2,0
2,2,0
3,3,0
4,4,0
2,4,2
18,24,6
6,6,0
3,3,0
2,2,0
1,1,0
1,2,1
0,0,0
3,3,0
0,0,0
2,2,0
2,2,0
3,3,0
4,4,0
3,3,0
2,2,0
2,2,0
0,0,0
3,3,0
3,3,0
2,2,0
2,2,0
1,2,1
3,5,2
2,2,0
2,4,2
2,2,0
2,2,0
2,2,0
2,4,2
2,12,10
100,100,0
3,6,3
3,7,4
2,2,0
2,2,0
2,2,0
2,2,0
2,10,8
2,2,0
2,82,80
2,2,0
2,2,0
2,2,0
4,4,0
8,8,0
4,4,0
2,2,0
3,3,0
1,3,2
3,5,2
2,2,0
4,4,0
1,20,19
2,2,0
2,2,0
2,5,3
9,9,0
3,6,3
9,16,7
2,2,0
2,2,0
2,4,2
2,2,0
3,78,75
4,4,0
1,2,1
3,6,3
2,2,0
2,7,5
2,2,0
2,2,0
1,5,4
2,5,3
2,8,6
3,10,7
2,5,3
1,1,0
2,2,0
18,19,1
3,5,2
3,3,0
4,30,26
4,4,0
2,2,0
2,2,0
3,3,0
3,3,0
2,2,0
3,3,0
3,3,0
10,10,0
2,2,0
12,12,0
2,2,0
3,4,1
2,4,2
3,15,12
2,2,0
2,2,0
2,2,0
2,2,0
2,2,0
2,4,2
2,2,0
2,2,0
1,2,1
3,3,0
33,33,0
3,12,9
1,1,0
66,70,4
2,2,0
9,9,0
2,2,0
3,3,0
2,2,0
1,1,0
2,12,10
2,2,0
2,2,0
1,1,0
0,0,0
2,2,0
2,5,3
2,2,0
3,5,2
6,6,0
2,2,0
4,4,0
3,3,0
3,3,0
2,2,0
5,5,0
3,3,0
2,2,0
2,8,6
5,5,0
1,28,27
2,2,0
2,2,0
2,2,0
3,3,0
2,4,2
442,442,0
6,25,19
1,2,1
2,2,0
2,2,0
2,2,0
3,3,0
2,2,0
39,39,0
3,5,2
2,2,0
3,9,6
2,2,0
2,3,1
2,3,1
2,7,5
15,15,0
3,3,0
2,2,0
81,138,57
1,1,0
8,8,0
3,3,0
2,2,0
3,3,0
3,8,5
8,24,16
2,2,0
3,7,4
1,7,6
2,4,2
4,4,0
3,5,2
0,0,0
2,2,0
3,3,0
0,0,0
3,5,2
2,8,6
8,8,0
22,24,2
1,2,1
2,2,0
2,2,0
3,3,0
9,68,59
2,66,64
2,2,0
12,12,0
2,2,0
3,3,0
2,2,0
8,8,0
100,102,2
3,3,0
2,2,0
3,3,0
3,3,0
6,6,0
2,2,0
2,2,0
2,2,0
4,5,1
2,2,0
2,2,0
2,2,0
2,2,0
2,2,0
2,2,0
2,2,0
2,2,0
3,3,0
1,2,1
2,2,0
3,3,0
2,8,6
2,2,0
2,2,0
5,5,0
3,3,0
2,2,0
2,2,0
2,3,1
2,4,2
2,2,0
2,28,26
115,116,1
2,2,0
81,181,100
3,5,2
2,2,0
1,1,0
3,3,0
2,2,0
2,2,0
35,48,13
2,3,1
2,2,0
3,3,0
4,4,0
2,3,1
2,5,3
6,6,0
2,2,0
2,2,0
2,3,1
0,0,0
3,5,2
2,4,2
3,5,2
2,2,0
2,8,6
2,2,0
2,7,5
2,4,2
3,3,0
29,30,1
2,2,0
2,2,0
3,5,2
3,5,2
1,33,32
8,16,8
2,19,17
4,4,0
3,6,3
2,2,0
3,5,2
4,4,0
1,1,0
2,7,5
11,11,0
4,16,12
63,83,20
2,4,2
12,16,4
2,11,9
100,227,127
2,12,10
2,2,0
2,3,1
2,2,0
6,6,0
3,3,0
1,1,0
2,2,0
2,2,0
38,126,88
2,2,0
1,6,5
3,6,3
2,2,0
2,2,0
1,4,3
3,11,8
3,3,0
15,22,7
2,2,0
17,17,0
3,3,0
2,2,0
3,3,0
3,3,0
1,1,0
0,0,0
3,5,2
1,1,0
3,3,0
8,42,34
3,13,10
2,10,8
1,1,0
8,8,0
2,2,0
3,6,3
2,2,0
1,8,7
2,2,0
2,2,0
9,9,0
3,3,0
5,5,0
3,5,2
2,2,0
2,2,0
3,7,4
3,3,0
2,4,2
2,2,0
3,3,0
2,2,0
41,41,0
0,0,0
3,4,1
9,18,9
0,0,0
3,3,0
3,17,14
2,2,0
2,2,0
2,2,0
2,2,0
2,2,0
2,8,6
173,173,0
3,3,0
3,3,0
3,7,4
3,18,15
2,2,0
90,375,285
2,2,0
6,8,2
2,80,78
50,57,7
3,3,0
2,13,11
6,7,1
2,2,0
2,4,2
11,11,0
2,2,0
2,4,2
6,6,0
1,3,2
3,3,0
2,2,0
3,3,0
2,2,0
2,18,16
2,2,0
5,5,0
2,4,2
51,74,23
2,2,0
2,2,0
2,80,78
2,4,2
2,2,0
2,10,8
3,3,0
3,13,10
3,5,2
2,2,0
3,7,4
2,12,10
3,6,3
1,4,3
3,4,1
3,12,9
3,6,3
1,4,3
2,4,2
2,2,0
0,0,0
2,23,21
2,2,0
2,2,0
3,7,4
3,5,2
2,2,0
2,2,0
1,1,0
2,25,23
11,11,0
3,3,0
2,8,6
3,3,0
2,2,0
2,2,0
2,2,0
2,5,3
2,6,4
3,7,4
3,3,0
3,6,3
2,2,0
2,2,0
2,2,0
2,2,0
2,7,5
3,5,2
0,0,0
0,0,0
3,3,0
2,2,0
2,2,0
2,4,2
3,5,2
3,7,4
20,20,0
2,4,2
1,2,1
2,2,0
2,2,0
6,7,1
3,3,0
2,2,0
2,2,0
2,44,42
1,2,1
13,13,0
3,3,0
1,1,0
0,0,0
2,2,0
3,3,0
11,11,0
3,3,0
3,6,3
5,38,33
2,4,2
10,10,0
2,2,0
3,5,2
1,2,1
5,5,0
3,3,0
1,1,0
1,3,2
6,6,0
2,2,0
3,5,2
2,3,1
3,3,0
1,27,26
180,200,20
2,3,1
3,6,3
52,156,104
2,9,7
2,76,74
1,1,0
8,8,0
2,3,1
0,0,0
3,3,0
3,5,2
5,5,0
2,2,0
3,14,11
1,1,0
5,5,0
2,8,6
5,5,0
2,2,0
9,9,0
3,3,0
2,2,0
9,9,0
2,2,0
8,8,0
2,2,0
100,104,4
2,2,0
0,0,0
2,3,1
2,2,0
8,8,0
442,442,0
15,15,0
1,1,0
2,71,69
3,3,0
28,34,6
1,1,0
4,4,0
2,3,1
2,2,0
2,9,7
85,98,13
2,2,0
2,2,0
3,5,2
2,6,4
3,3,0
3,24,21
3,5,2
2,2,0
2,2,0
2,2,0
1,1,0
2,84,82
1,1,0
2,10,8
2,2,0
9,9,0
2,4,2
3,6,3
1,7,6
2,2,0
2,2,0
1,2,1
9,9,0
2,3,1
11,12,1
2,2,0
3,7,4
2,2,0
3,8,5
2,2,0
2,2,0
2,2,0
2,2,0
2,2,0
21,22,1
3,3,0
2,8,6
3,3,0
3,3,0
2,2,0
2,2,0
3,3,0
2,10,8
3,5,2
2,2,0
6,6,0
2,2,0
3,3,0
2,2,0
1,4,3
2,2,0
1,1,0
1,2,1
3,3,0
2,2,0
3,3,0
2,4,2
2,2,0
37,37,0
2,2,0
3,3,0
2,2,0
1,2,1
2,2,0
2,2,0
2,4,2
2,60,58
3,11,8
60,60,0
1,2,1
7,7,0
2,9,7
3,3,0
2,7,5
3,3,0
3,11,8
1,1,0
1,2,1
2,2,0
55,56,1
2,2,0
3,5,2
2,2,0
3,7,4
2,2,0
1,2,1
1,27,26
3,5,2
0,0,0
1,2,1
2,8,6
2,4,2
2,7,5
2,2,0
2,4,2
4,47,43
2,2,0
3,7,4
3,6,3
2,6,4
2,2,0
120,120,0
3,9,6
3,3,0
5,6,1
3,3,0
2,2,0
2,2,0
8,8,0
2,6,4
18,18,0
2,2,0
2,2,0
0,0,0
9,9,0
0,0,0
2,2,0
16,26,10
2,2,0
3,5,2
2,2,0
2,3,1
9,10,1
2,4,2
4,4,0
2,2,0
2,2,0
1,2,1
2,3,1
2,2,0
2,2,0
2,37,35
6,6,0
2,2,0
3,7,4
3,3,0
2,14,12
2,2,0
2,2,0
37,112,75
2,2,0
2,2,0
0,0,0
2,2,0
2,2,0
12,12,0
9,9,0
2,2,0
0,0,0
3,3,0
2,4,2
1,24,23
3,13,10
3,3,0
2,2,0
3,5,2
2,2,0
2,10,8
29,29,0
3,5,2
3,8,5
3,4,1
6,6,0
9,12,3
3,5,2
83,83,0
2,2,0
2,2,0
2,4,2
3,3,0
30,30,0
4,8,4
8,8,0
6,6,0
1,1,0
3,7,4
2,2,0
2,2,0
2,2,0
3,3,0
2,2,0
3,5,2
2,2,0
51,67,16
3,9,6
2,2,0
2,2,0
2,2,0
0,0,0
442,442,0
2,2,0
2,2,0
3,3,0
8,24,16
1,26,25
2,2,0
3,3,0
2,2,0
1,55,54
3,3,0
1,27,26
3,4,1
13,13,0
2,2,0
2,2,0
3,3,0
2,2,0
2,2,0
7,7,0
2,2,0
2,2,0
2,2,0
2,4,2
3,3,0
2,82,80
4,4,0
2,2,0
2,4,2
2,2,0
2,8,6
3,5,2
3,3,0
0,0,0
99,107,8
2,2,0
2,2,0
2,2,0
35,35,0
3,3,0
2,4,2
8,8,0
8,8,0
3,6,3
3,5,2
2,2,0
12,13,1
8,11,3
2,7,5
3,3,0
1,2,1
3,3,0
2,2,0
2,3,1
2,2,0
3,5,2
3,9,6
3,3,0
1,2,1
3,4,1
2,2,0
3,3,0
1,1,0
2,2,0
9,9,0
3,9,6
2,2,0
2,2,0
2,2,0
23,23,0
2,2,0
3,3,0
2,2,0
8,8,0
2,2,0
2,2,0
13,13,0
2,2,0
3,5,2
3,3,0
18,18,0
10,15,5
6,6,0
2,2,0
2,2,0
1,6,5
2,4,2
8,8,0
2,2,0
9,9,0
2,2,0
2,4,2
0,0,0
2,2,0
2,2,0
3,5,2
3,3,0
2,2,0
2,2,0
238,238,0
2,2,0
2,2,0
2,2,0
3,3,0
2,4,2
8,8,0
2,2,0
9,9,0
2,50,48
6,6,0
8,8,0
2,8,6
1,2,1
8,8,0
2,2,0
3,4,1
1,1,0
0,0,0
3,3,0
40,45,5
3,5,2
2,2,0
2,2,0
2,6,4
2,2,0
2,2,0
2,2,0
0,0,0
2,2,0
0,0,0
2,2,0
3,5,2
3,3,0
2,2,0
10,10,0
2,2,0
1,65,64
2,112,110
1,1,0
9,9,0
2,2,0
3,3,0
2,2,0
2,2,0
3,3,0
4,4,0
2,3,1
3,3,0
3,5,2
4,4,0
1,1,0
1,4,3
2,2,0
1,3,2
1,20,19
2,2,0
3,5,2
86,182,96
3,11,8
2,2,0
2,2,0
3,7,4
2,17,15
0,0,0
2,8,6
2,2,0
0,0,0
2,2,0
2,2,0
3,5,2
8,8,0
8,8,0
1,2,1
2,33,31
2,4,2
8,8,0
2,2,0
3,8,5
2,3,1
2,2,0
7,7,0
3,5,2
3,3,0
2,3,1
1,2,1
2,2,0
3,3,0
2,2,0
3,3,0
3,5,2
14,14,0
4,4,0
2,4,2
3,8,5
2,2,0
51,51,0
194,195,1
2,2,0
3,3,0
3,3,0
2,2,0
2,4,2
3,4,1
3,3,0
3,5,2
2,17,15
1,3,2
2,2,0
0,0,0
12,12,0
3,3,0
10,10,0
3,5,2
0,0,0
2,2,0
2,2,0
2,43,41
2,2,0
3,17,14
0,0,0
2,4,2
9,9,0
4,8,4
2,9,7
8,8,0
3,3,0
2,2,0
1,1,0
1,1,0
3,3,0
6,11,5
3,3,0
3,7,4
2,2,0
2,2,0
3,5,2
8,8,0
2,2,0
2,2,0
2,2,0
2,32,30
0,0,0
2,2,0
2,4,2
2,3,1
2,2,0
3,12,9
2,46,44
3,5,2
3,3,0
5,5,0
3,3,0
5,9,4
2,2,0
2,2,0
3,3,0
2,6,4
1,54,53
3,5,2
2,7,5
2,16,14
3,5,2
3,3,0
3,3,0
2,2,0
2,2,0
3,5,2
3,3,0
3,3,0
2,2,0
22,22,0
1,5,4
3,3,0
2,2,0
2,2,0
0,0,0
3,5,2
3,3,0
2,2,0
1,2,1
2,2,0
3,3,0
2,2,0
3,14,11
3,5,2
3,3,0
2,2,0
2,2,0
2,6,4
1,1,0
1,2,1
2,2,0
3,3,0
2,2,0
3,7,4
3,5,2
2,3,1
0,0,0
2,4,2
3,5,2
2,2,0
3,3,0
3,3,0
3,3,0
2,12,10
22,22,0
2,2,0
57,60,3
2,2,0
3,3,0
2,6,4
3,3,0
2,2,0
3,6,3
3,3,0
2,4,2
2,6,4
3,3,0
9,9,0
2,5,3
3,3,0
2,2,0
2,2,0
2,2,0
3,8,5
3,3,0
2,2,0
3,3,0
0,0,0
2,2,0
2,2,0
8,11,3
3,3,0
2,2,0
2,8,6
5,5,0
2,2,0
2,2,0
2,2,0
2,2,0
2,2,0
2,4,2
2,48,46
4,10,6
2,4,2
35,35,0
3,3,0
2,2,0
7,7,0
2,2,0
1,1,0
8,26,18
2,2,0
2,2,0
0,0,0
2,12,10
2,2,0
4,4,0
1,33,32
3,3,0
3,3,0
51,51,0
3,3,0
104,104,0
3,3,0
2,2,0
4,29,25
40,40,0
2,4,2
11,11,0
1,1,0
2,2,0
8,8,0
2,6,4
7,7,0
2,2,0
2,4,2
1,2,1
13,13,0
2,2,0
0,0,0
3,21,18
29,40,11
1,5,4
8,8,0
2,2,0
0,0,0
2,2,0
22,22,0
3,8,5
3,3,0
4,7,3
3,3,0
0,0,0
3,3,0
3,3,0
2,4,2
2,2,0
6,8,2
3,5,2
0,0,0
2,2,0
2,2,0
2,2,0
2,4,2
2,2,0
8,8,0
2,2,0
2,2,0
3,3,0
3,3,0
3,3,0
2,2,0
2,8,6
2,2,0
9,9,0
2,2,0
1,2,1
6,17,11
3,5,2
3,3,0
2,2,0
3,3,0
3,5,2
2,2,0
3,3,0
2,12,10
2,2,0
1,1,0
1,2,1
2,2,0
2,2,0
2,2,0
2,2,0
2,2,0
2,2,0
5,5,0
3,3,0
2,2,0
0,0,0
2,2,0
2,2,0
3,3,0
2,2,0
2,2,0
2,80,78
2,2,0
2,4,2
2,7,5
3,3,0
3,3,0
2,4,2
2,2,0
66,74,8
2,4,2
2,2,0
3,3,0
2,2,0
22,22,0
2,2,0
3,3,0
3,5,2
5,5,0
1,3,2
9,9,0
2,12,10
52,52,0
3,3,0
3,3,0
2,2,0
2,2,0
8,8,0
9,9,0
3,5,2
11,11,0
2,3,1
2,2,0
1,4,3
3,5,2
3,3,0
3,3,0
3,3,0
3,3,0
4,4,0
2,3,1
9,9,0
3,3,0
2,2,0
2,2,0
2,2,0
3,7,4
67,67,0
3,3,0
2,2,0
2,2,0
3,3,0
2,98,96
2,2,0
3,3,0
3,9,6
2,9,7
3,3,0
0,0,0
25,25,0
2,2,0
6,6,0
3,3,0
1,2,1
3,3,0
3,5,2
3,3,0
3,3,0
1,2,1
3,15,12
2,11,9
43,43,0
2,2,0
0,0,0
1,3,2
2,8,6
2,2,0
2,4,2
2,2,0
2,5,3
3,5,2
2,6,4
8,9,1
20,81,61
2,2,0
3,3,0
3,9,6
2,45,43
1,1,0
2,2,0
3,3,0
2,2,0
3,5,2
2,2,0
3,14,11
2,2,0
2,2,0
0,0,0
4,6,2
2,2,0
2,2,0
6,6,0
3,5,2
3,3,0
2,84,82
3,5,2
3,9,6
3,3,0
3,3,0
1,2,1
5,13,8
2,2,0
2,2,0
2,2,0
6,6,0
2,2,0
2,2,0
6,6,0
3,3,0
3,5,2
2,2,0
1,4,3
2,3,1
2,80,78
3,3,0
3,26,23
2,10,8
60,114,54
2,2,0
8,8,0
2,4,2
3,10,7
2,4,2
4,8,4
2,2,0
2,2,0
2,4,2
2,2,0
1,1,0
5,5,0
2,2,0
2,2,0
3,5,2
2,2,0
2,27,25
2,2,0
2,2,0
3,5,2
8,8,0
2,3,1
2,7,5
2,2,0
2,2,0
2,2,0
3,5,2
2,2,0
4,4,0
2,2,0
2,2,0
2,2,0
3,4,1
2,2,0
2,5,3
2,2,0
5,9,4
2,2,0
2,2,0
2,26,24
9,9,0
2,2,0
2,2,0
14,23,9
1,1,0
3,5,2
3,3,0
4,4,0
12,12,0
3,3,0
2,2,0
2,2,0
3,4,1
2,2,0
3,3,0
3,7,4
2,2,0
15,36,21
3,28,25
3,5,2
2,2,0
3,5,2
1,6,5
46,46,0
3,7,4
3,7,4
2,4,2
2,2,0
2,2,0
81,138,57
2,2,0
3,7,4
2,2,0
2,2,0
2,2,0
27,27,0
0,0,0
2,3,1
6,6,0
1,1,0
2,2,0
2,2,0
3,4,1
2,2,0
2,2,0
2,4,2
2,2,0
1,73,72
200,364,164
17,17,0
3,8,5
3,3,0
3,9,6
2,2,0
84,84,0
2,2,0
1,1,0
5,5,0
2,2,0
10,13,3
8,8,0
2,2,0
3,4,1
2,2,0
1,23,22
2,2,0
1,5,4
1,5,4
3,7,4
3,3,0
2,2,0
3,5,2
2,12,10
28,28,0
3,3,0
1,1,0
2,2,0
2,2,0
100,100,0
2,2,0
2,2,0
2,2,0
3,6,3
3,3,0
2,8,6
2,2,0
2,2,0
0,0,0
2,2,0
1,7,6
2,2,0
1,1,0
2,2,0
50,50,0
2,2,0
3,5,2
2,2,0
4,4,0
2,10,8
3,5,2
0,0,0
2,2,0
2,2,0
0,0,0
2,2,0
2,2,0
0,0,0
2,14,12
8,44,36
3,3,0
4,78,74
16,18,2
6,6,0
8,8,0
5,5,0
2,16,14
1,1,0
1,1,0
1,75,74
2,6,4
3,7,4
57,70,13
1,1,0
3,3,0
2,2,0
2,2,0
2,2,0
2,2,0
2,2,0
3,6,3
2,2,0
1,3,2
2,3,1
2,2,0
2,2,0
2,4,2
2,2,0
3,5,2
2,14,12
3,4,1
2,11,9
3,3,0
3,3,0
2,2,0
2,16,14
2,2,0
1,4,3
0,0,0
3,3,0
2,2,0
2,2,0
2,2,0
1,21,20
2,2,0
8,8,0
4,4,0
11,11,0
2,2,0
1,5,4
2,2,0
3,5,2
58,58,0
2,13,11
9,12,3
5,5,0
2,2,0
2,4,2
2,2,0
1,1,0
3,13,10
2,4,2
2,4,2
3,3,0
3,8,5
2,2,0
3,5,2
5,6,1
2,2,0
2,5,3
3,9,6
3,3,0
10,10,0
8,8,0
4,4,0
1,9,8
2,2,0
1,65,64
2,2,0
2,2,0
1,2,1
1,1,0
3,4,1
2,2,0
2,4,2
2,2,0
1,1,0
9,9,0
2,2,0
0,0,0
2,2,0
3,5,2
2,2,0
9,10,1
2,2,0
2,2,0
1,3,2
2,2,0
3,9,6
0,0,0
2,2,0
8,8,0
2,2,0
1,1,0
3,10,7
3,3,0
3,3,0
23,23,0
0,0,0
8,21,13
2,3,1
2,2,0
2,13,11
2,2,0
56,56,0
2,2,0
3,3,0
9,9,0
3,3,0
2,2,0
2,11,9
3,7,4
2,2,0
2,2,0
3,3,0
2,13,11
2,2,0
0,0,0
2,5,3
79,79,0
2,8,6
3,3,0
9,9,0
2,2,0
0,0,0
2,2,0
11,11,0
2,2,0
3,5,2
2,2,0
2,2,0
2,2,0
2,2,0
3,5,2
5,5,0
4,4,0
5,5,0
3,5,2
2,2,0
17,17,0
3,3,0
2,23,21
4,70,66
2,62,60
2,2,0
2,2,0
2,82,80
3,3,0
2,2,0
3,3,0
2,2,0
3,3,0
3,3,0
2,2,0
2,2,0
1,1,0
31,31,0
2,2,0
2,2,0
2,16,14
1,67,66
3,5,2
18,18,0
0,0,0
5,5,0
0,0,0
2,2,0
2,2,0
2,4,2
0,0,0
2,2,0
0,0,0
2,2,0
2,2,0
2,13,11
2,2,0
2,2,0
2,9,7
2,2,0
2,2,0
2,2,0
3,10,7
3,3,0
4,4,0
1,2,1
2,4,2
7,7,0
3,7,4
8,8,0
1,2,1
0,0,0
3,3,0
2,10,8
6,6,0
2,2,0
3,4,1
2,4,2
2,2,0
2,2,0
2,2,0
2,3,1
2,2,0
5,5,0
3,5,2
2,2,0
1,21,20
3,3,0
2,2,0
1,7,6
1,1,0
3,3,0
5,18,13
8,8,0
3,5,2
2,15,13
1,2,1
3,7,4
2,2,0
25,25,0
3,3,0
3,5,2
3,3,0
10,10,0
0,0,0
9,11,2
2,4,2
2,4,2
2,2,0
2,2,0
1,4,3
3,3,0
2,2,0
2,2,0
2,2,0
2,6,4
2,2,0
0,0,0
8,8,0
3,5,2
0,0,0
4,4,0
0,0,0
3,5,2
9,9,0
3,5,2
6,6,0
2,2,0
3,7,4
2,4,2
2,2,0
21,21,0
1,3,2
2,2,0
2,4,2
2,2,0
2,2,0
28,28,0
2,2,0
2,2,0
3,7,4
0,0,0
1,1,0
6,6,0
1,2,1
1,4,3
11,11,0
1,21,20
3,4,1
7,7,0
10,10,0
1,1,0
2,2,0
1,2,1
8,8,0
54,68,14
2,2,0
1,1,0
2,2,0
2,2,0
3,5,2
2,4,2
12,12,0
2,2,0
8,8,0
2,4,2
8,8,0
3,3,0
9,9,0
0,0,0
2,6,4
1,4,3
2,2,0
3,3,0
1,2,1
2,2,0
3,3,0
2,2,0
2,2,0
2,80,78
2,2,0
77,156,79
90,267,177
0,0,0
1,3,2
1,2,1
2,2,0
2,2,0
2,2,0
3,5,2
9,9,0
3,6,3
3,3,0
3,5,2
3,4,1
2,2,0
3,3,0
10,18,8
2,4,2
2,28,26
1,81,80
2,2,0
5,5,0
4,46,42
4,4,0
2,2,0
3,5,2
2,4,2
2,2,0
3,7,4
0,0,0
2,2,0
3,3,0
2,2,0
2,4,2
72,74,2
4,30,26
2,3,1
3,3,0
2,2,0
2,4,2
2,2,0
2,2,0
2,4,2
107,107,0
0,0,0
10,19,9
2,2,0
2,6,4
2,2,0
3,7,4
3,3,0
2,22,20
2,25,23
2,2,0
1,1,0
2,2,0
2,2,0
2,2,0
9,9,0
1,3,2
3,3,0
2,2,0
1,2,1
2,5,3
2,2,0
2,2,0
2,2,0
2,2,0
3,5,2
1,3,2
3,3,0
6,8,2
2,2,0
2,2,0
1,20,19
2,4,2
3,5,2
1,2,1
2,2,0
1,3,2
9,9,0
2,19,17
2,2,0
2,2,0
2,4,2
2,2,0
2,2,0
165,174,9
0,0,0
100,101,1
3,3,0
2,2,0
9,32,23
0,0,0
3,3,0
0,0,0
2,2,0
3,3,0
2,2,0
1,25,24
10,10,0
2,2,0
3,3,0
3,5,2
2,2,0
1,4,3
3,3,0
2,2,0
2,2,0
2,2,0
17,19,2
3,3,0
2,2,0
22,44,22
3,3,0
3,3,0
2,16,14
0,0,0
2,6,4
2,7,5
2,2,0
2,20,18
2,2,0
2,5,3
3,24,21
2,2,0
2,2,0
5,22,17
1,74,73
3,3,0
1,5,4
1,24,23
3,3,0
4,4,0
2,2,0
9,9,0
2,2,0
2,4,2
3,9,6
2,5,3
4,6,2
2,2,0
2,2,0
2,2,0
3,5,2
10,10,0
3,3,0
1,1,0
129,129,0
5,5,0
2,2,0
3,3,0
2,2,0
2,8,6
3,3,0
2,2,0
2,2,0
1,2,1
2,4,2
0,0,0
2,2,0
2,2,0
3,3,0
0,0,0
3,3,0
22,22,0
1,3,2
3,3,0
1,3,2
0,0,0
5,10,5
2,6,4
0,0,0
1,1,0
2,2,0
3,4,1
3,3,0
2,2,0
2,2,0
56,56,0
3,5,2
2,2,0
2,2,0
0,0,0
3,8,5
2,2,0
2,2,0
2,2,0
3,3,0
1,1,0
2,2,0
3,12,9
2,2,0
0,0,0
2,13,11
2,2,0
2,2,0
2,2,0
2,2,0
2,2,0
3,3,0
1,1,0
2,2,0
85,85,0
4,5,1
9,9,0
0,0,0
106,251,145
2,2,0
1,2,1
2,2,0
3,3,0
3,7,4
2,2,0
2,2,0
2,3,1
3,8,5
8,23,15
4,4,0
2,2,0
3,3,0
2,2,0
3,9,6
2,9,7
1,3,2
3,5,2
3,17,14
2,2,0
2,2,0
100,100,0
6,6,0
2,4,2
2,2,0
3,13,10
2,12,10
2,80,78
8,8,0
2,2,0
3,7,4
2,2,0
2,4,2
3,3,0
3,10,7
1,2,1
2,2,0
2,2,0
3,5,2
2,2,0
100,104,4
51,65,14
3,8,5
2,2,0
7,24,17
3,3,0
8,8,0
2,2,0
2,2,0
3,3,0
3,14,11
3,5,2
3,10,7
2,143,141
8,9,1
20,20,0
1,1,0
2,47,45
2,4,2
8,8,0
3,7,4
2,2,0
2,6,4
2,2,0
2,2,0
3,7,4
1,6,5
3,3,0
2,6,4
2,2,0
3,5,2
1,4,3
2,4,2
100,104,4
2,2,0
0,0,0
46,48,2
1,2,1
2,2,0
2,27,25
1,1,0
4,10,6
3,8,5
2,2,0
0,0,0
2,2,0
2,2,0
2,20,18
2,4,2
1,3,2
2,4,2
10,10,0
3,3,0
3,3,0
9,20,11
37,108,71
99,102,3
4,4,0
2,16,14
2,7,5
2,2,0
3,3,0
3,3,0
6,6,0
2,2,0
2,2,0
2,2,0
3,8,5
3,3,0
3,3,0
9,339,330
2,2,0
3,9,6
1,2,1
3,5,2
3,3,0
0,0,0
3,5,2
0,0,0
2,2,0
3,7,4
3,9,6
3,6,3
1,35,34
2,2,0
2,4,2
0,0,0
26,26,0
6,6,0
3,9,6
3,3,0
2,2,0
9,9,0
2,2,0
3,8,5
15,19,4
3,3,0
2,2,0
0,0,0
75,75,0
4,4,0
4,4,0
2,2,0
2,2,0
2,2,0
1,1,0
2,2,0
3,4,1
3,3,0
3,3,0
2,7,5
3,17,14
2,2,0
100,104,4
5,6,1
102,102,0
6,9,3
2,2,0
2,2,0
2,2,0
1,1,0
2,8,6
3,3,0
2,2,0
3,3,0
2,2,0
11,12,1
2,2,0
2,2,0
4,8,4
120,120,0
3,5,2
94,94,0
2,4,2
1,3,2
2,2,0
2,6,4
8,8,0
2,2,0
2,4,2
6,6,0
2,2,0
3,4,1
2,2,0
5,7,2
14,14,0
8,8,0
15,36,21
2,2,0
114,114,0
2,2,0
0,0,0
2,2,0
2,2,0
2,2,0
1,1,0
3,7,4
2,2,0
2,2,0
2,10,8
8,8,0
3,5,2
2,2,0
2,2,0
3,5,2
1,3,2
3,5,2
9,9,0
2,2,0
2,2,0
2,2,0
2,5,3
5,25,20
2,4,2
2,2,0
1,2,1
2,6,4
2,2,0
2,81,79
2,2,0
1,1,0
3,3,0
3,4,1
1,1,0
2,2,0
2,2,0
2,4,2
4,4,0
1,1,0
3,3,0
4,4,0
100,100,0
2,2,0
3,3,0
22,22,0
2,2,0
6,17,11
2,2,0
2,2,0
11,12,1
2,2,0
2,2,0
0,0,0
50,50,0
3,5,2
2,2,0
2,2,0
2,2,0
2,6,4
2,2,0
3,3,0
3,5,2
3,6,3
2,2,0
3,3,0
3,3,0
2,2,0
100,100,0
3,7,4
6,32,26
20,20,0
2,4,2
2,15,13
2,6,4
58,59,1
1,1,0
3,3,0
2,2,0
2,2,0
3,3,0
2,2,0
3,3,0
2,2,0
2,2,0
2,2,0
2,2,0
6,6,0
8,10,2
4,5,1
1,4,3
1,4,3
5,22,17
1,27,26
2,2,0
2,2,0
2,2,0
3,3,0
2,6,4
2,2,0
3,3,0
8,8,0
2,2,0
3,3,0
2,17,15
2,2,0
3,18,15
3,3,0
3,5,2
9,9,0
9,9,0
3,5,2
2,2,0
2,2,0
3,10,7
3,7,4
3,9,6
2,2,0
2,2,0
2,2,0
2,2,0
2,4,2
1,1,0
2,2,0
9,9,0
3,5,2
2,2,0
3,5,2
4,4,0
2,2,0
2,2,0
3,8,5
1,24,23
2,2,0
2,2,0
5,5,0
1,2,1
2,2,0
2,2,0
2,2,0
4,9,5
2,2,0
2,2,0
5,5,0
2,2,0
2,2,0
2,2,0
4,4,0
2,2,0
3,3,0
2,2,0
2,3,1
3,3,0
59,134,75
2,3,1
3,8,5
3,3,0
2,2,0
0,0,0
2,2,0
3,4,1
2,8,6
2,4,2
2,2,0
2,7,5
2,2,0
2,4,2
3,3,0
17,23,6
3,5,2
2,2,0
9,9,0
0,0,0
2,4,2
2,2,0
3,5,2
3,4,1
23,23,0
2,2,0
1,1,0
1,1,0
2,2,0
2,3,1
2,2,0
2,2,0
74,77,3
2,2,0
0,0,0
8,8,0
2,9,7
2,2,0
2,2,0
3,7,4
2,2,0
1,1,0
2,2,0
6,6,0
24,24,0
22,22,0
6,6,0
3,7,4
9,9,0
2,2,0
2,3,1
2,4,2
9,9,0
7,7,0
2,5,3
3,3,0
2,2,0
2,2,0
12,12,0
2,2,0
3,8,5
11,11,0
2,2,0
2,24,22
8,12,4
4,12,8
1,1,0
2,2,0
5,19,14
2,2,0
10,10,0
3,3,0
8,8,0
3,3,0
3,3,0
1,2,1
2,4,2
2,2,0
2,2,0
0,0,0
2,3,1
4,4,0
2,37,35
2,2,0
2,2,0
2,2,0
12,12,0
2,2,0
16,16,0
3,8,5
2,2,0
3,3,0
2,2,0
2,2,0
2,2,0
2,2,0
4,6,2
3,5,2
3,3,0
2,2,0
2,8,6
7,7,0
3,4,1
3,3,0
2,2,0
3,5,2
3,6,3
3,7,4
2,2,0
9,9,0
2,2,0
2,2,0
2,2,0
3,9,6
2,2,0
2,2,0
1,1,0
2,4,2
1,5,4
2,2,0
10,10,0
2,11,9
2,2,0
1,2,1
2,4,2
2,31,29
11,11,0
3,27,24
3,3,0
100,100,0
3,5,2
2,2,0
2,37,35
64,192,128
0,0,0
3,7,4
2,2,0
9,9,0
3,3,0
1,1,0
7,7,0
2,4,2
6,6,0
3,3,0
1,2,1
2,2,0
2,2,0
3,3,0
2,4,2
2,9,7
2,2,0
3,9,6
14,14,0
2,2,0
0,0,0
1,2,1
2,6,4
1,1,0
2,2,0
3,3,0
2,3,1
107,107,0
2,2,0
82,82,0
3,7,4
2,2,0
4,6,2
2,2,0
1,1,0
0,0,0
7,11,4
2,2,0
3,3,0
2,2,0
1,1,0
9,9,0
2,8,6
3,3,0
3,3,0
2,16,14
3,3,0
1,1,0
2,2,0
7,15,8
2,2,0
2,2,0
2,2,0
2,2,0
2,2,0
2,10,8
2,2,0
3,5,2
2,2,0
3,121,118
3,5,2
3,6,3
1,2,1
2,2,0
6,6,0
2,12,10
2,2,0
2,2,0
2,17,15
2,4,2
2,2,0
53,56,3
2,2,0
30,30,0
2,2,0
2,82,80
22,27,5
2,2,0
46,46,0
2,2,0
3,8,5
3,5,2
1,4,3
2,2,0
3,3,0
44,44,0
0,0,0
2,6,4
8,8,0
3,5,2
2,7,5
2,4,2
0,0,0
3,3,0
0,0,0
2,4,2
2,2,0
3,7,4
2,2,0
2,2,0
2,2,0
2,2,0
3,3,0
2,2,0
3,5,2
2,2,0
0,0,0
2,2,0
2,2,0
2,2,0
2,4,2
2,2,0
3,9,6
15,15,0
2,2,0
8,8,0
3,3,0
4,4,0
10,10,0
2,84,82
2,4,2
1,1,0
3,3,0
2,28,26
3,5,2
5,48,43
2,2,0
2,4,2
14,15,1
3,3,0
2,6,4
2,4,2
2,2,0
2,4,2
3,3,0
1,9,8
3,12,9
2,2,0
1,4,3
2,2,0
2,2,0
60,87,27
2,4,2
3,3,0
2,2,0
4,4,0
100,100,0
14,14,0
13,13,0
2,2,0
1,21,20
2,2,0
0,0,0
3,8,5
2,2,0
8,8,0
11,11,0
2,2,0
1,1,0
3,3,0
2,4,2
3,5,2
1,3,2
2,2,0
1,1,0
6,8,2
3,7,4
2,11,9
2,4,2
3,8,5
20,20,0
2,2,0
2,2,0
4,4,0
2,2,0
1,2,1
2,2,0
8,8,0
2,2,0
2,4,2
2,4,2
3,4,1
3,5,2
5,9,4
2,4,2
51,51,0
2,2,0
3,3,0
10,10,0
3,8,5
2,2,0
2,4,2
8,8,0
15,17,2
0,0,0
3,10,7
2,2,0
3,23,20
2,2,0
2,2,0
3,7,4
3,3,0
3,18,15
0,0,0
4,4,0
9,9,0
3,3,0
0,0,0
2,6,4
2,5,3
38,38,0
3,3,0
2,2,0
2,2,0
2,2,0
1,2,1
2,2,0
13,13,0
2,2,0
1,1,0
2,5,3
1,2,1
3,3,0
0,0,0
2,4,2
7,8,1
2,2,0
2,2,0
8,8,0
1,5,4
0,0,0
1,2,1
139,139,0
3,3,0
3,10,7
10,19,9
1,1,0
2,2,0
28,45,17
2,2,0
3,5,2
2,8,6
2,2,0
2,4,2
3,11,8
2,5,3
2,69,67
14,22,8
2,11,9
3,5,2
2,2,0
4,6,2
2,2,0
0,0,0
0,0,0
6,6,0
2,10,8
8,8,0
1,1,0
2,2,0
3,3,0
2,8,6
2,2,0
1,1,0
3,3,0
2,2,0
3,3,0
2,2,0
2,2,0
2,2,0
3,3,0
0,0,0
2,2,0
2,2,0
9,9,0
3,3,0
2,2,0
8,8,0
3,3,0
8,8,0
2,2,0
2,2,0
2,2,0
3,7,4
17,17,0
15,15,0
8,8,0
2,2,0
2,4,2
3,3,0
31,31,0
4,4,0
2,3,1
2,2,0
2,2,0
2,2,0
2,3,1
2,2,0
3,3,0
3,5,2
3,5,2
2,4,2
2,12,10
10,10,0
1,2,1
2,4,2
2,2,0
37,37,0
2,3,1
2,13,11
2,2,0
10,10,0
12,12,0
4,4,0
2,2,0
2,2,0
2,2,0
3,3,0
2,18,16
1,2,1
2,2,0
2,2,0
3,3,0
1,23,22
3,9,6
22,22,0
2,8,6
2,2,0
2,8,6
2,2,0
2,2,0
2,2,0
0,0,0
2,2,0
11,50,39
3,5,2
19,64,45
5,10,5
2,2,0
2,2,0
2,2,0
1,1,0
2,2,0
4,4,0
2,3,1
3,3,0
1,1,0
73,73,0
4,4,0
2,2,0
2,2,0
2,2,0
2,2,0
2,2,0
2,2,0
3,5,2
0,0,0
2,6,4
3,3,0
2,2,0
3,3,0
2,2,0
2,2,0
4,9,5
1,2,1
3,8,5
2,7,5
2,2,0
3,3,0
3,5,2
9,9,0
1,3,2
23,23,0
3,7,4
2,2,0
33,33,0
1,5,4
3,5,2
3,9,6
2,9,7
2,2,0
1,2,1
0,0,0
1,7,6
2,2,0
2,2,0
2,2,0
2,2,0
1,2,1
10,10,0
4,4,0
3,3,0
34,34,0
3,3,0
3,5,2
3,10,7
2,2,0
3,5,2
2,2,0
2,2,0
2,2,0
2,2,0
3,3,0
3,3,0
2,3,1
2,2,0
2,2,0
10,10,0
1,1,0
2,2,0
3,21,18
0,0,0
72,122,50
100,100,0
2,4,2
9,9,0
1,26,25
2,2,0
1,4,3
2,12,10
3,3,0
2,2,0
3,5,2
2,2,0
2,4,2
8,8,0
3,9,6
9,9,0
2,4,2
2,2,0
2,2,0
3,5,2
1,22,21
3,7,4
2,2,0
6,6,0
2,2,0
2,2,0
3,7,4
2,2,0
4,12,8
1,1,0
76,79,3
1,2,1
2,2,0
3,4,1
2,10,8
9,9,0
1,5,4
2,2,0
2,4,2
2,4,2
2,13,11
8,8,0
3,3,0
1,3,2
9,9,0
3,5,2
2,2,0
0,0,0
2,2,0
2,2,0
2,3,1
3,3,0
2,2,0
4,6,2
3,11,8
8,8,0
2,2,0
0,0,0
2,6,4
3,3,0
51,51,0
3,3,0
2,2,0
6,8,2
10,10,0
100,104,4
2,2,0
2,7,5
10,10,0
3,3,0
3,3,0
8,8,0
2,2,0
1,1,0
1,1,0
3,3,0
3,5,2
3,3,0
2,2,0
8,8,0
2,2,0
3,3,0
3,3,0
1,26,25
2,2,0
1,2,1
3,3,0
4,4,0
100,104,4
2,31,29
2,2,0
2,2,0
2,2,0
2,3,1
2,2,0
1,1,0
2,2,0
3,7,4
2,2,0
3,3,0
1,19,18
2,10,8
4,8,4
2,2,0
3,3,0
1,1,0
2,4,2
9,9,0
2,2,0
2,2,0
4,14,10
11,13,2
2,2,0
2,2,0
20,20,0
4,6,2
1,1,0
4,7,3
1,1,0
3,3,0
2,2,0
20,20,0
3,12,9
2,2,0
9,9,0
3,3,0
2,2,0
3,7,4
2,2,0
2,2,0
3,16,13
2,6,4
2,2,0
1,2,1
2,2,0
2,2,0
2,2,0
3,15,12
0,0,0
2,28,26
2,2,0
22,23,1
2,2,0
2,2,0
2,2,0
3,4,1
25,25,0
5,12,7
13,13,0
2,2,0
3,3,0
2,2,0
1,1,0
2,2,0
2,2,0
0,0,0
3,9,6
8,8,0
2,2,0
2,2,0
2,2,0
3,7,4
3,5,2
3,7,4
139,216,77
3,3,0
2,2,0
2,2,0
9,9,0
2,2,0
1,1,0
3,3,0
2,2,0
3,3,0
1,3,2
11,34,23
2,5,3
2,5,3
2,2,0
2,2,0
40,59,19
3,10,7
2,2,0
3,5,2
2,2,0
3,9,6
10,10,0
2,2,0
1,79,78
1,1,0
100,100,0
22,22,0
3,5,2
2,2,0
2,2,0
3,3,0
2,9,7
3,3,0
9,9,0
2,2,0
2,2,0
1,3,2
4,20,16
3,3,0
1,2,1
3,4,1
8,10,2
3,3,0
4,29,25
2,2,0
2,2,0
8,8,0
2,2,0
1,4,3
2,13,11
0,0,0
19,19,0
6,6,0
3,3,0
2,4,2
2,2,0
50,52,2
2,2,0
3,5,2
2,2,0
3,17,14
2,2,0
26,28,2
40,40,0
2,55,53
9,12,3
4,14,10
3,3,0
1,1,0
1,1,0
175,175,0
3,5,2
3,3,0
2,4,2
3,5,2
2,2,0
4,4,0
3,4,1
2,2,0
2,4,2
2,2,0
3,7,4
2,13,11
3,3,0
2,2,0
3,7,4
0,0,0
147,147,0
2,3,1
2,2,0
3,3,0
3,5,2
4,4,0
2,4,2
2,2,0
2,2,0
2,2,0
3,3,0
2,2,0
2,2,0
2,45,43
2,3,1
2,3,1
3,5,2
2,2,0
0,0,0
1,2,1
2,2,0
3,10,7
3,5,2
2,2,0
2,2,0
2,2,0
3,3,0
2,2,0
2,4,2
3,3,0
2,3,1
9,9,0
8,8,0
2,4,2
3,3,0
1,5,4
48,74,26
13,13,0
2,2,0
3,3,0
3,3,0
2,2,0
2,4,2
3,3,0
2,2,0
2,2,0
1,1,0
3,5,2
2,30,28
3,3,0
2,2,0
2,4,2
3,3,0
0,0,0
3,5,2
2,75,73
3,3,0
2,2,0
2,2,0
2,2,0
7,7,0
3,3,0
3,3,0
2,2,0
16,18,2
2,2,0
51,51,0
3,3,0
1,1,0
2,2,0
2,6,4
2,3,1
2,2,0
2,2,0
1,2,1
3,31,28
2,2,0
3,5,2
2,2,0
3,5,2
1,81,80
2,2,0
1,1,0
3,5,2
1,7,6
2,2,0
2,2,0
2,2,0
2,2,0
9,9,0
2,4,2
98,98,0
3,3,0
2,4,2
20,20,0
4,15,11
2,2,0
3,3,0
2,4,2
1,27,26
3,8,5
2,6,4
3,5,2
2,2,0
1,1,0
5,5,0
3,3,0
31,31,0
2,6,4
3,5,2
2,2,0
2,2,0
1,1,0
6,26,20
2,2,0
2,4,2
3,3,0
3,3,0
2,3,1
3,7,4
2,2,0
3,5,2
2,2,0
2,2,0
18,18,0
2,2,0
1,2,1
1,10,9
8,8,0
2,2,0
3,3,0
2,8,6
7,7,0
3,3,0
8,8,0
2,2,0
3,3,0
2,2,0
2,2,0
2,3,1
2,2,0
2,2,0
2,2,0
1,2,1
2,2,0
100,100,0
3,7,4
2,2,0
2,4,2
3,3,0
3,3,0
2,2,0
1,1,0
9,9,0
3,5,2
2,2,0
3,3,0
2,3,1
2,14,12
2,2,0
6,6,0
2,2,0
2,2,0
3,3,0
2,2,0
2,2,0
2,2,0
8,8,0
3,9,6
2,2,0
2,2,0
3,3,0
6,6,0
2,2,0
2,2,0
1,27,26
1,2,1
0,0,0
81,95,14
2,2,0
2,8,6
2,2,0
3,8,5
2,11,9
2,4,2
6,6,0
1,3,2
81,83,2
2,2,0
2,2,0
3,78,75
2,2,0
3,7,4
2,2,0
2,2,0
2,4,2
3,12,9
2,2,0
3,4,1
6,11,5
4,11,7
3,3,0
2,2,0
3,3,0
2,2,0
0,0,0
2,2,0
2,2,0
11,11,0
2,2,0
3,7,4
6,6,0
3,4,1
3,5,2
2,3,1
3,3,0
3,4,1
1,11,10
2,2,0
2,2,0
2,4,2
2,6,4
0,0,0
82,82,0
1,2,1
2,4,2
2,2,0
3,3,0
2,2,0
1,1,0
2,2,0
3,3,0
8,8,0
2,4,2
3,3,0
2,2,0
2,8,6
3,17,14
3,3,0
3,4,1
2,2,0
2,2,0
1,55,54
8,8,0
1,3,2
3,8,5
8,18,10
0,0,0
2,6,4
3,7,4
2,2,0
5,5,0
2,2,0
2,2,0
2,2,0
3,3,0
4,4,0
2,2,0
2,2,0
2,2,0
3,25,22
2,2,0
2,2,0
2,5,3
3,5,2
15,15,0
2,2,0
2,2,0
3,3,0
3,4,1
10,12,2
3,3,0
3,3,0
1,22,21
3,3,0
2,2,0
0,0,0
2,2,0
3,9,6
1,1,0
1,2,1
46,54,8
4,4,0
4,4,0
3,3,0
2,2,0
2,2,0
2,22,20
3,11,8
23,23,0
2,4,2
3,3,0
1,2,1
2,4,2
8,16,8
68,68,0
2,12,10
2,2,0
11,11,0
3,3,0
2,2,0
9,9,0
2,19,17
2,2,0
0,0,0
3,3,0
3,7,4
8,8,0
3,5,2
3,3,0
3,3,0
3,3,0
2,2,0
3,8,5
9,9,0
2,2,0
3,3,0
2,2,0
83,83,0
2,8,6
2,3,1
3,5,2
2,2,0
2,2,0
0,0,0
18,18,0
2,4,2
3,7,4
1,4,3
3,7,4
3,7,4
1,1,0
2,2,0
2,4,2
2,2,0
2,4,2
2,2,0
2,18,16
1,11,10
9,9,0
2,16,14
53,53,0
11,11,0
2,4,2
4,8,4
2,2,0
2,2,0
3,3,0
3,6,3
2,2,0
27,27,0
3,3,0
26,26,0
2,2,0
11,11,0
3,21,18
5,6,1
3,10,7
4,11,7
3,3,0
2,6,4
0,0,0
1,1,0
2,2,0
8,8,0
1,1,0
4,4,0
1,1,0
3,7,4
3,6,3
2,2,0
9,9,0
3,5,2
2,12,10
2,17,15
2,2,0
2,2,0
2,11,9
2,24,22
7,7,0
11,13,2
3,10,7
8,12,4
1,2,1
1,2,1
2,2,0
2,4,2
3,3,0
2,2,0
3,5,2
3,3,0
3,12,9
2,2,0
3,3,0
3,3,0
3,5,2
2,3,1
3,3,0
2,2,0
4,4,0
3,4,1
3,12,9
3,8,5
1,2,1
5,5,0
2,2,0
3,3,0
3,3,0
2,4,2
3,3,0
2,2,0
4,4,0
2,2,0
1,4,3
2,2,0
2,2,0
2,82,80
6,9,3
2,3,1
2,2,0
4,4,0
2,2,0
2,6,4
3,3,0
133,135,2
2,2,0
2,5,3
2,2,0
2,10,8
2,2,0
3,3,0
2,4,2
2,6,4
2,2,0
1,2,1
2,6,4
9,9,0
2,3,1
1,2,1
8,8,0
2,2,0
22,25,3
2,2,0
1,6,5
23,58,35
2,2,0
4,13,9
2,2,0
2,3,1
16,16,0
2,2,0
3,3,0
2,3,1
1,3,2
1,22,21
3,5,2
3,3,0
2,4,2
9,9,0
3,7,4
2,2,0
3,3,0
2,2,0
2,2,0
81,81,0
9,9,0
2,2,0
2,2,0
8,8,0
6,6,0
2,4,2
10,10,0
2,2,0
2,2,0
3,3,0
0,0,0
3,6,3
3,3,0
2,2,0
3,5,2
1,1,0
2,9,7
1,1,0
2,2,0
3,3,0
3,5,2
2,2,0
56,132,76
2,4,2
1,3,2
3,3,0
2,5,3
3,3,0
3,43,40
2,2,0
1,5,4
3,5,2
3,3,0
9,9,0
3,6,3
3,3,0
2,2,0
3,27,24
3,3,0
2,2,0
2,2,0
2,6,4
3,5,2
2,4,2
2,2,0
2,5,3
2,2,0
0,0,0
1,1,0
6,6,0
3,5,2
2,2,0
2,2,0
2,80,78
1,2,1
2,6,4
6,6,0
3,3,0
2,2,0
2,2,0
2,2,0
3,5,2
2,2,0
2,2,0
3,3,0
2,2,0
2,2,0
2,2,0
3,3,0
16,23,7
2,2,0
2,2,0
3,3,0
9,9,0
2,2,0
2,2,0
3,3,0
2,6,4
2,2,0
100,104,4
2,2,0
2,2,0
3,4,1
2,2,0
0,0,0
2,2,0
2,7,5
2,5,3
2,2,0
2,2,0
2,4,2
8,8,0
3,3,0
2,2,0
3,3,0
17,17,0
6,6,0
2,6,4
2,2,0
2,2,0
2,80,78
1,2,1
0,0,0
9,9,0
1,1,0
2,2,0
2,2,0
0,0,0
2,2,0
1,25,24
2,4,2
2,2,0
2,2,0
2,2,0
2,2,0
2,2,0
2,2,0
2,4,2
2,2,0
3,3,0
2,13,11
2,2,0
2,4,2
2,2,0
2,4,2
2,2,0
2,2,0
2,2,0
2,28,26
4,4,0
2,2,0
3,5,2
2,2,0
2,2,0
9,9,0
2,2,0
4,4,0
2,2,0
3,3,0
2,2,0
1,2,1
3,3,0
2,5,3
1,3,2
2,2,0
2,4,2
2,7,5
2,9,7
3,3,0
47,49,2
10,10,0
1,1,0
3,5,2
9,9,0
0,0,0
2,2,0
1,2,1
3,3,0
2,2,0
2,2,0
3,8,5
2,2,0
2,2,0
40,40,0
2,2,0
1,23,22
1,2,1
2,2,0
2,2,0
2,2,0
2,5,3
51,53,2
8,8,0
9,9,0
3,3,0
2,2,0
3,5,2
2,4,2
3,7,4
3,3,0
2,2,0
2,2,0
4,52,48
2,2,0
3,3,0
2,2,0
2,2,0
9,9,0
1,1,0
3,9,6
5,5,0
2,3,1
10,10,0
3,3,0
8,8,0
3,3,0
1,1,0
4,4,0
42,43,1
2,2,0
3,13,10
2,2,0
2,2,0
1,1,0
3,5,2
3,11,8
1,4,3
2,80,78
2,2,0
3,9,6
2,3,1
3,4,1
3,9,6
2,6,4
5,5,0
3,10,7
3,4,1
3,5,2
2,2,0
3,5,2
1,5,4
2,2,0
2,2,0
4,4,0
4,4,0
8,8,0
2,4,2
2,2,0
15,15,0
3,3,0
1,2,1
3,28,25
111,120,9
2,4,2
3,5,2
3,3,0
6,11,5
0,0,0
1,1,0
2,3,1
1,2,1
3,3,0
1,1,0
8,8,0
2,6,4
3,7,4
4,4,0
2,4,2
3,3,0
2,4,2
2,2,0
2,2,0
2,2,0
9,15,6
2,2,0
30,32,2
3,5,2
1,1,0
2,6,4
2,2,0
17,17,0
3,3,0
2,2,0
3,5,2
2,6,4
4,11,7
2,6,4
3,8,5
3,5,2
4,4,0
2,2,0
3,3,0
3,5,2
1,1,0
3,5,2
3,4,1
2,2,0
3,5,2
4,4,0
2,15,13
8,8,0
3,3,0
8,8,0
3,9,6
3,6,3
2,2,0
9,9,0
98,98,0
3,3,0
1,1,0
1,2,1
2,2,0
2,6,4
3,3,0
4,4,0
8,8,0
2,2,0
2,20,18
3,5,2
28,122,94
0,0,0
1,1,0
1,1,0
2,2,0
26,72,46
6,6,0
3,3,0
2,4,2
2,2,0
90,186,96
2,2,0
3,4,1
3,7,4
2,2,0
2,5,3
2,2,0
3,5,2
12,12,0
2,2,0
3,8,5
3,8,5
1,1,0
2,2,0
2,2,0
3,10,7
2,2,0
0,0,0
2,2,0
7,9,2
2,2,0
2,2,0
2,2,0
2,2,0
3,5,2
5,7,2
2,2,0
2,2,0
2,2,0
2,2,0
59,134,75
2,2,0
11,11,0
2,2,0
1,11,10
1,1,0
2,2,0
3,3,0
2,2,0
1,1,0
5,5,0
2,45,43
3,11,8
104,129,25
2,2,0
0,0,0
3,3,0
2,2,0
1,2,1
2,2,0
2,2,0
3,6,3
1,1,0
2,2,0
2,2,0
2,4,2
2,2,0
2,2,0
1,4,3
4,4,0
39,39,0
2,4,2
4,9,5
2,2,0
3,19,16
3,4,1
3,5,2
6,6,0
2,2,0
3,5,2
3,3,0
3,9,6
3,3,0
0,0,0
2,2,0
3,3,0
2,2,0
2,4,2
8,8,0
2,82,80
9,9,0
3,3,0
2,11,9
2,17,15
2,2,0
3,5,2
3,3,0
2,74,72
7,7,0
2,2,0
9,9,0
9,9,0
2,2,0
3,17,14
6,6,0
2,2,0
3,7,4
2,2,0
2,2,0
3,3,0
2,13,11
0,0,0
2,4,2
2,2,0
1,117,116
1,1,0
3,5,2
9,9,0
3,5,2
48,50,2
2,2,0
2,2,0
2,2,0
3,3,0
4,4,0
2,2,0
2,2,0
1,20,19
3,3,0
6,35,29
2,2,0
2,2,0
2,2,0
2,31,29
10,10,0
2,2,0
0,0,0
1,7,6
0,0,0
3,7,4
6,19,13
3,5,2
2,2,0
2,2,0
1,2,1
2,4,2
5,5,0
2,2,0
3,3,0
2,2,0
2,2,0
2,2,0
1,11,10
3,3,0
2,4,2
1,4,3
4,4,0
1,1,0
4,56,52
4,12,8
2,2,0
3,3,0
2,2,0
1,2,1
14,16,2
7,7,0
2,2,0
3,5,2
3,3,0
2,18,16
2,2,0
1,4,3
2,2,0
1,62,61
2,2,0
2,2,0
3,8,5
98,217,119
3,3,0
2,2,0
9,9,0
2,2,0
20,20,0
2,2,0
6,12,6
3,5,2
3,3,0
0,0,0
1,77,76
2,4,2
3,7,4
3,9,6
2,4,2
0,0,0
2,18,16
8,8,0
2,2,0
0,0,0
1,2,1
3,3,0
3,3,0
3,3,0
34,35,1
62,62,0
2,2,0
3,10,7
1,3,2
3,5,2
2,2,0
9,9,0
0,0,0
2,6,4
0,0,0
2,2,0
1,1,0
2,2,0
2,19,17
3,3,0
3,5,2
3,3,0
2,2,0
38,41,3
2,2,0
3,7,4
8,8,0
16,16,0
4,4,0
1,3,2
2,2,0
3,10,7
3,3,0
2,4,2
1,1,0
1,1,0
20,114,94
3,5,2
1,2,1
2,2,0
8,13,5
10,10,0
3,91,88
7,7,0
100,100,0
2,2,0
3,7,4
2,3,1
2,2,0
61,61,0
1,1,0
2,2,0
2,2,0
10,10,0
2,4,2
3,3,0
3,13,10
3,10,7
2,2,0
2,2,0
2,4,2
3,3,0
3,3,0
2,2,0
1,1,0
2,4,2
7,7,0
2,2,0
0,0,0
2,4,2
2,2,0
5,5,0
2,10,8
2,2,0
2,4,2
2,2,0
2,2,0
1,1,0
3,4,1
2,2,0
6,6,0
2,19,17
6,101,95
4,4,0
3,9,6
2,2,0
51,65,14
3,5,2
0,0,0
2,2,0
2,60,58
3,3,0
2,4,2
6,34,28
18,103,85
1,8,7
2,2,0
3,3,0
2,2,0
2,4,2
2,2,0
27,27,0
2,3,1
2,10,8
1,1,0
2,5,3
2,18,16
3,3,0
2,8,6
3,5,2
2,2,0
2,2,0
3,3,0
3,3,0
3,3,0
2,2,0
1,23,22
2,2,0
2,84,82
2,2,0
2,2,0
2,4,2
2,2,0
2,2,0
0,0,0
63,63,0
2,2,0
3,5,2
2,2,0
3,5,2
3,3,0
11,11,0
2,2,0
2,2,0
2,2,0
1,2,1
1,1,0
3,11,8
2,2,0
2,2,0
1,3,2
3,3,0
2,2,0
3,6,3
3,3,0
1,1,0
2,26,24
2,2,0
3,3,0
1,26,25
2,2,0
2,2,0
2,4,2
8,8,0
24,24,0
76,172,96
3,3,0
2,2,0
3,5,2
2,2,0
2,2,0
3,3,0
2,2,0
3,3,0
2,2,0
2,2,0
8,8,0
1,9,8
1,2,1
2,2,0
2,2,0
3,3,0
6,6,0
3,3,0
3,3,0
10,10,0
2,2,0
1,2,1
2,2,0
2,2,0
120,120,0
2,13,11
1,2,1
2,2,0
3,3,0
3,6,3
2,21,19
2,9,7
43,46,3
2,2,0
2,2,0
1,10,9
3,5,2
3,3,0
2,6,4
2,2,0
7,7,0
2,4,2
2,2,0
2,2,0
10,10,0
3,3,0
5,6,1
1,1,0
2,2,0
3,8,5
8,8,0
2,4,2
3,14,11
0,0,0
2,2,0
2,4,2
2,4,2
1,3,2
2,6,4
0,0,0
2,4,2
1,3,2
2,2,0
1,2,1
2,3,1
2,2,0
12,12,0
3,5,2
2,2,0
9,9,0
2,2,0
2,2,0
3,3,0
3,3,0
0,0,0
2,2,0
2,2,0
3,7,4
3,4,1
2,2,0
2,13,11
2,5,3
0,0,0
1,2,1
46,46,0
3,3,0
3,3,0
2,6,4
3,20,17
3,13,10
2,2,0
12,37,25
1,1,0
2,2,0
2,2,0
0,0,0
2,4,2
2,4,2
2,6,4
8,8,0
2,2,0
3,91,88
2,3,1
2,2,0
2,2,0
3,3,0
1,4,3
3,9,6
9,9,0
2,2,0
3,3,0
2,4,2
2,2,0
19,19,0
1,2,1
9,9,0
3,3,0
2,6,4
2,3,1
3,5,2
2,66,64
90,90,0
2,2,0
2,2,0
20,20,0
5,9,4
3,4,1
0,0,0
11,11,0
2,2,0
2,12,10
2,5,3
30,30,0
2,2,0
3,5,2
3,3,0
9,9,0
6,6,0
1,2,1
2,10,8
1,2,1
2,2,0
3,24,21
4,6,2
2,2,0
8,8,0
0,0,0
2,6,4
2,2,0
6,9,3
2,5,3
3,4,1
3,7,4
3,6,3
3,3,0
2,5,3
2,2,0
2,2,0
2,18,16
0,0,0
2,2,0
2,2,0
3,3,0
2,2,0
3,6,3
140,140,0
2,4,2
3,9,6
3,5,2
2,2,0
2,2,0
2,2,0
19,19,0
2,2,0
4,11,7
3,5,2
2,25,23
2,12,10
2,3,1
0,0,0
1,2,1
2,6,4
2,2,0
2,2,0
8,10,2
9,12,3
2,2,0
2,2,0
24,24,0
9,9,0
2,2,0
1,1,0
7,7,0
2,2,0
2,69,67
2,4,2
26,26,0
20,22,2
7,7,0
2,2,0
0,0,0
2,2,0
3,3,0
5,7,2
2,2,0
3,15,12
2,5,3
2,2,0
26,28,2
0,0,0
3,3,0
2,6,4
2,11,9
2,2,0
3,9,6
1,1,0
2,2,0
3,7,4
3,6,3
2,2,0
2,32,30
1,1,0
9,9,0
3,3,0
8,8,0
2,11,9
2,2,0
3,3,0
2,4,2
8,16,8
1,1,0
3,3,0
2,11,9
2,2,0
2,2,0
8,12,4
2,2,0
3,10,7
3,3,0
3,3,0
2,2,0
2,2,0
2,2,0
2,2,0
0,0,0
3,5,2
2,4,2
3,8,5
2,2,0
5,5,0
3,3,0
3,3,0
1,1,0
3,3,0
2,2,0
3,9,6
2,2,0
6,6,0
0,0,0
3,3,0
2,2,0
109,109,0
8,8,0
2,4,2
2,2,0
3,7,4
2,2,0
2,2,0
2,2,0
2,2,0
66,77,11
2,2,0
2,18,16
2,2,0
2,2,0
3,3,0
3,6,3
2,2,0
2,3,1
3,3,0
28,30,2
3,3,0
10,15,5
7,102,95
2,2,0
2,2,0
0,0,0
2,2,0
2,2,0
2,4,2
1,2,1
3,3,0
2,2,0
2,2,0
2,2,0
2,2,0
2,3,1
2,2,0
2,2,0
0,0,0
3,5,2
3,3,0
2,2,0
2,2,0
3,5,2
2,2,0
3,3,0
1,1,0
1,1,0
2,2,0
5,10,5
2,2,0
2,2,0
0,0,0
13,13,0
0,0,0
2,2,0
3,9,6
0,0,0
71,71,0
3,10,7
16,59,43
2,16,14
3,5,2
3,3,0
2,2,0
3,3,0
3,6,3
3,3,0
3,5,2
2,40,38
2,2,0
2,6,4
56,84,28
2,2,0
2,2,0
3,7,4
2,2,0
2,2,0
12,12,0
2,4,2
2,2,0
2,2,0
2,4,2
2,2,0
2,4,2
2,2,0
3,3,0
3,3,0
2,2,0
3,9,6
3,5,2
2,2,0
3,3,0
1,7,6
0,0,0
1,1,0
2,2,0
2,2,0
2,5,3
2,2,0
2,2,0
9,9,0
3,5,2
2,10,8
0,0,0
1,3,2
2,2,0
3,7,4
2,2,0
2,4,2
79,79,0
3,5,2
2,2,0
2,2,0
3,3,0
2,2,0
2,10,8
2,2,0
9,9,0
3,7,4
2,2,0
3,3,0
8,8,0
2,6,4
156,300,144
3,7,4
3,3,0
3,7,4
2,2,0
3,5,2
2,2,0
2,2,0
3,3,0
3,3,0
2,8,6
3,3,0
10,11,1
2,2,0
2,2,0
1,1,0
3,3,0
3,11,8
2,2,0
1,1,0
3,7,4
3,3,0
0,0,0
145,145,0
2,2,0
1,2,1
2,2,0
3,5,2
12,12,0
4,4,0
3,6,3
3,4,1
3,5,2
70,166,96
9,9,0
4,8,4
2,2,0
2,2,0
0,0,0
3,7,4
2,5,3
2,3,1
3,3,0
2,3,1
7,7,0
3,5,2
2,2,0
2,7,5
2,2,0
2,2,0
12,12,0
2,2,0
9,9,0
2,4,2
3,6,3
3,4,1
2,11,9
2,2,0
2,4,2
2,19,17
42,52,10
0,0,0
3,3,0
2,36,34
3,7,4
3,5,2
2,4,2
77,77,0
3,11,8
0,0,0
3,3,0
3,3,0
3,3,0
2,2,0
3,3,0
2,2,0
3,5,2
2,2,0
10,10,0
2,2,0
2,2,0
3,11,8
1,3,2
6,6,0
3,3,0
2,2,0
2,2,0
2,2,0
2,2,0
1,9,8
2,2,0
2,5,3
3,7,4
80,80,0
2,6,4
1,3,2
3,4,1
3,3,0
1,1,0
2,3,1
9,9,0
2,2,0
2,2,0
3,21,18
3,3,0
2,2,0
2,2,0
2,2,0
2,2,0
2,2,0
2,2,0
2,2,0
2,6,4
22,22,0
6,6,0
1,2,1
2,5,3
8,8,0
6,6,0
1,2,1
1,2,1
3,5,2
16,22,6
21,21,0
11,11,0
2,2,0
2,2,0
3,5,2
2,6,4
2,28,26
3,9,6
2,2,0
1,1,0
2,2,0
3,5,2
2,2,0
2,15,13
1,1,0
2,2,0
2,2,0
4,7,3
35,35,0
3,3,0
2,2,0
2,10,8
8,8,0
2,2,0
2,2,0
2,2,0
0,0,0
3,5,2
0,0,0
2,2,0
1,1,0
3,3,0
2,2,0
2,2,0
4,5,1
1,2,1
101,105,4
0,0,0
2,2,0
2,2,0
3,3,0
2,2,0
2,4,2
2,4,2
2,4,2
3,3,0
2,2,0
3,3,0
2,2,0
2,2,0
2,2,0
15,15,0
4,4,0
2,2,0
2,3,1
1,2,1
1,69,68
1,1,0
2,2,0
3,7,4
2,2,0
3,3,0
2,2,0
3,5,2
2,13,11
2,2,0
2,2,0
2,4,2
1,1,0
10,10,0
12,90,78
2,3,1
14,14,0
3,3,0
2,2,0
3,9,6
9,9,0
2,2,0
3,3,0
2,2,0
1,1,0
2,2,0
30,30,0
1,1,0
4,4,0
2,2,0
3,3,0
2,2,0
2,2,0
2,4,2
2,2,0
30,30,0
9,11,2
2,2,0
2,2,0
3,3,0
3,3,0
2,2,0
2,7,5
3,8,5
3,6,3
3,3,0
1,29,28
2,2,0
50,50,0
2,2,0
2,3,1
2,4,2
1,4,3
2,2,0
8,8,0
2,2,0
3,3,0
2,2,0
2,4,2
2,13,11
8,8,0
2,2,0
3,8,5
3,6,3
2,2,0
2,2,0
16,16,0
2,2,0
1,2,1
3,5,2
2,2,0
1,2,1
9,9,0
2,2,0
2,2,0
3,3,0
3,3,0
2,2,0
52,53,1
2,2,0
131,370,239
2,2,0
2,2,0
2,2,0
9,9,0
2,2,0
2,2,0
3,7,4
2,12,10
3,7,4
3,8,5
3,3,0
3,5,2
2,2,0
15,15,0
2,6,4
3,7,4
2,2,0
2,2,0
8,34,26
1,4,3
4,4,0
2,4,2
2,17,15
2,2,0
2,4,2
2,2,0
3,12,9
2,2,0
2,3,1
5,5,0
1,1,0
2,4,2
2,2,0
2,2,0
1,26,25
3,8,5
2,2,0
2,2,0
3,23,20
3,3,0
2,3,1
2,6,4
6,7,1
3,17,14
2,2,0
2,2,0
0,0,0
4,4,0
1,45,44
2,2,0
2,3,1
1,3,2
2,2,0
0,0,0
2,2,0
3,3,0
2,2,0
22,22,0
2,2,0
2,2,0
5,5,0
9,9,0
6,6,0
8,8,0
3,7,4
2,5,3
3,6,3
2,2,0
3,6,3
3,3,0
3,5,2
2,2,0
2,9,7
2,2,0
3,3,0
3,5,2
1,1,0
3,6,3
2,2,0
3,5,2
135,135,0
2,8,6
2,4,2
1,79,78
2,6,4
3,5,2
2,8,6
3,3,0
2,2,0
1,2,1
1,27,26
2,2,0
9,9,0
10,22,12
3,5,2
3,3,0
2,2,0
2,15,13
2,2,0
1,4,3
3,5,2
1,3,2
2,2,0
1,4,3
2,2,0
2,4,2
4,4,0
2,3,1
2,2,0
1,3,2
8,8,0
76,79,3
6,7,1
3,5,2
3,4,1
2,2,0
3,5,2
2,9,7
2,2,0
2,2,0
2,2,0
3,3,0
3,4,1
2,2,0
11,11,0
2,5,3
4,8,4
2,2,0
2,4,2
1,1,0
1,26,25
2,23,21
3,5,2
2,2,0
56,56,0
3,3,0
2,4,2
2,7,5
1,1,0
2,2,0
2,2,0
4,4,0
2,2,0
3,3,0
2,4,2
2,2,0
1,3,2
3,16,13
2,4,2
27,27,0
2,4,2
2,2,0
2,2,0
3,3,0
2,2,0
3,3,0
9,9,0
3,3,0
2,2,0
3,4,1
2,2,0
3,3,0
3,3,0
3,5,2
2,6,4
140,141,1
2,2,0
2,7,5
2,2,0
2,4,2
3,3,0
2,4,2
3,3,0
2,16,14
2,2,0
2,2,0
2,3,1
3,7,4
1,2,1
19,20,1
2,2,0
2,2,0
2,2,0
2,2,0
2,15,13
1,3,2
4,4,0
2,4,2
2,2,0
2,2,0
2,9,7
2,2,0
3,3,0
2,2,0
1,2,1
2,4,2
3,8,5
2,3,1
2,2,0
2,2,0
0,0,0
2,2,0
3,3,0
1,7,6
3,7,4
2,2,0
2,2,0
2,2,0
2,4,2
9,9,0
2,2,0
2,4,2
3,3,0
3,3,0
2,2,0
0,0,0
9,9,0
3,5,2
5,5,0
1,3,2
2,2,0
2,2,0
5,5,0
2,2,0
1,3,2
2,4,2
0,0,0
1,1,0
3,7,4
71,71,0
3,3,0
3,5,2
1,28,27
3,5,2
3,3,0
100,100,0
3,3,0
2,4,2
2,4,2
2,2,0
1,2,1
3,3,0
23,62,39
2,2,0
12,222,210
3,9,6
2,35,33
2,2,0
5,12,7
2,2,0
3,4,1
3,9,6
2,2,0
2,2,0
1,26,25
9,9,0
0,0,0
2,2,0
2,2,0
3,114,111
2,11,9
78,78,0
2,2,0
2,2,0
2,3,1
9,9,0
2,2,0
2,2,0
2,2,0
2,2,0
2,2,0
6,7,1
3,3,0
2,2,0
0,0,0
2,2,0
2,2,0
3,10,7
3,3,0
2,48,46
2,2,0
9,9,0
3,5,2
9,10,1
2,2,0
2,2,0
3,7,4
2,97,95
3,17,14
2,2,0
2,2,0
1,24,23
3,3,0
21,23,2
2,2,0
2,6,4
2,2,0
2,4,2
3,12,9
2,8,6
2,6,4
2,2,0
2,3,1
2,8,6
4,4,0
3,6,3
2,2,0
3,5,2
5,5,0
3,6,3
3,5,2
3,5,2
1,1,0
3,6,3
1,4,3
2,2,0
2,2,0
3,3,0
3,23,20
79,162,83
2,8,6
3,3,0
2,4,2
3,6,3
2,12,10
2,19,17
2,2,0
2,2,0
2,2,0
2,4,2
2,2,0
8,9,1
1,2,1
3,5,2
3,5,2
2,2,0
1,2,1
1,2,1
2,6,4
1,4,3
0,0,0
1,2,1
3,7,4
3,7,4
20,20,0
9,9,0
3,3,0
3,3,0
2,2,0
2,60,58
9,10,1
2,2,0
2,6,4
4,5,1
2,2,0
2,17,15
2,2,0
6,8,2
8,8,0
2,9,7
9,13,4
4,5,1
2,2,0
2,2,0
2,4,2
3,3,0
2,2,0
3,9,6
3,3,0
2,20,18
2,4,2
0,0,0
2,2,0
0,0,0
2,4,2
9,9,0
3,5,2
2,2,0
3,5,2
3,9,6
2,2,0
3,3,0
2,28,26
2,2,0
2,8,6
2,16,14
2,2,0
3,3,0
12,12,0
2,3,1
3,3,0
3,5,2
20,20,0
2,2,0
2,12,10
2,12,10
1,1,0
3,5,2
0,0,0
2,3,1
2,6,4
1,2,1
6,6,0
3,6,3
3,4,1
2,2,0
2,2,0
2,2,0
4,6,2
3,5,2
2,2,0
10,10,0
3,48,45
3,3,0
3,3,0
1,1,0
24,29,5
2,2,0
17,18,1
2,2,0
1,5,4
5,5,0
5,5,0
2,2,0
2,2,0
2,4,2
4,4,0
2,2,0
2,4,2
2,2,0
3,3,0
2,2,0
0,0,0
2,2,0
154,154,0
1,2,1
2,2,0
2,2,0
2,2,0
19,41,22
2,2,0
8,8,0
1,74,73
1,1,0
1,2,1
3,3,0
3,3,0
0,0,0
5,5,0
10,10,0
2,2,0
1,129,128
2,3,1
3,3,0
3,3,0
6,6,0
2,2,0
2,13,11
1,2,1
3,3,0
3,3,0
1,1,0
8,8,0
2,2,0
2,2,0
2,2,0
2,4,2
9,9,0
17,18,1
2,2,0
2,2,0
1,2,1
2,2,0
1,1,0
3,3,0
3,3,0
2,5,3
8,8,0
3,3,0
3,3,0
8,8,0
3,12,9
2,2,0
0,0,0
3,9,6
2,2,0
2,3,1
3,3,0
2,2,0
2,7,5
50,50,0
8,16,8
2,6,4
7,7,0
3,3,0
2,2,0
3,6,3
2,6,4
2,4,2
3,5,2
3,3,0
3,5,2
2,2,0
3,3,0
0,0,0
2,2,0
0,0,0
3,3,0
2,2,0
2,2,0
5,5,0
2,2,0
2,2,0
2,2,0
3,5,2
2,6,4
3,3,0
2,4,2
0,0,0
1,31,30
2,4,2
2,2,0
30,34,4
2,3,1
2,2,0
3,3,0
8,8,0
2,4,2
2,2,0
3,5,2
4,4,0
2,12,10
2,46,44
3,4,1
2,2,0
6,8,2
2,2,0
8,8,0
0,0,0
2,6,4
2,2,0
2,2,0
3,5,2
51,51,0
2,2,0
1,1,0
0,0,0
2,4,2
0,0,0
7,7,0
3,5,2
1,11,10
8,8,0
3,3,0
2,2,0
2,2,0
0,0,0
1,1,0
2,4,2
3,3,0
2,19,17
0,0,0
2,4,2
2,2,0
1,2,1
2,2,0
12,12,0
3,3,0
3,3,0
2,2,0
4,4,0
3,3,0
3,3,0
2,2,0
2,2,0
1,1,0
1,20,19
2,16,14
5,13,8
3,3,0
2,2,0
3,7,4
3,3,0
3,21,18
2,2,0
2,16,14
2,2,0
1,44,43
2,2,0
15,26,11
2,2,0
2,2,0
3,3,0
2,2,0
3,5,2
2,2,0
2,2,0
2,2,0
0,0,0
2,2,0
10,10,0
2,2,0
3,3,0
27,27,0
3,3,0
0,0,0
10,10,0
1,1,0
2,2,0
2,2,0
3,3,0
2,2,0
1,3,2
1,2,1
4,4,0
1,1,0
2,2,0
2,2,0
1,2,1
9,9,0
3,3,0
1,28,27
2,2,0
2,2,0
240,240,0
2,2,0
3,5,2
2,2,0
44,215,171
2,2,0
3,3,0
3,3,0
2,3,1
2,24,22
2,4,2
3,3,0
2,5,3
2,2,0
3,3,0
2,2,0
3,5,2
2,4,2
3,4,1
3,4,1
0,0,0
10,10,0
9,9,0
3,3,0
3,3,0
3,7,4
2,2,0
0,0,0
2,2,0
3,3,0
1,20,19
2,3,1
2,2,0
2,2,0
2,2,0
3,3,0
0,0,0
1,2,1
8,8,0
2,5,3
8,8,0
3,5,2
3,7,4
8,8,0
63,84,21
2,8,6
2,4,2
3,5,2
1,25,24
2,2,0
2,2,0
3,7,4
2,2,0
4,6,2
1,1,0
98,215,117
2,4,2
2,2,0
2,2,0
3,3,0
3,3,0
2,3,1
3,3,0
2,2,0
2,2,0
8,8,0
2,5,3
2,90,88
2,2,0
2,2,0
1,26,25
9,9,0
2,6,4
7,7,0
4,10,6
2,2,0
2,2,0
3,3,0
3,7,4
8,8,0
120,120,0
3,7,4
2,2,0
2,2,0
0,0,0
3,3,0
1,93,92
2,4,2
2,2,0
2,4,2
2,27,25
2,2,0
3,3,0
1,4,3
2,6,4
2,2,0
2,2,0
2,2,0
1,2,1
3,5,2
4,15,11
3,5,2
0,0,0
3,7,4
2,2,0
2,3,1
133,133,0
1,3,2
1,2,1
3,3,0
3,3,0
1,1,0
2,2,0
2,4,2
2,15,13
2,4,2
1,1,0
2,2,0
2,2,0
2,2,0
3,3,0
2,2,0
2,2,0
2,2,0
2,2,0
2,7,5
42,116,74
2,2,0
2,2,0
2,2,0
2,2,0
8,8,0
2,5,3
7,52,45
9,9,0
3,6,3
2,2,0
2,8,6
2,2,0
6,6,0
9,9,0
2,3,1
2,2,0
3,3,0
0,0,0
3,7,4
2,2,0
100,166,66
0,0,0
2,2,0
2,2,0
2,2,0
1,84,83
2,2,0
0,0,0
2,2,0
3,3,0
2,3,1
0,0,0
2,14,12
0,0,0
3,6,3
3,3,0
2,2,0
2,6,4
0,0,0
88,368,280
2,2,0
14,14,0
0,0,0
5,5,0
2,2,0
3,3,0
86,127,41
2,2,0
55,150,95
3,12,9
2,2,0
2,4,2
1,24,23
0,0,0
60,60,0
2,5,3
2,2,0
2,2,0
2,2,0
91,95,4
3,3,0
2,2,0
4,4,0
3,3,0
12,12,0
1,3,2
2,2,0
4,4,0
0,0,0
11,11,0
2,4,2
3,14,11
2,2,0
2,2,0
2,2,0
2,10,8
1,9,8
67,67,0
2,2,0
2,2,0
2,2,0
9,9,0
2,2,0
9,9,0
2,12,10
2,11,9
3,3,0
3,22,19
3,3,0
3,12,9
2,2,0
3,5,2
3,3,0
2,2,0
1,1,0
2,2,0
2,6,4
3,3,0
9,9,0
3,3,0
2,5,3
0,0,0
2,3,1
2,80,78
2,2,0
9,9,0
10,20,10
2,2,0
2,2,0
2,2,0
9,9,0
2,2,0
0,0,0
94,94,0
2,2,0
3,6,3
2,2,0
2,4,2
2,6,4
0,0,0
2,2,0
9,9,0
98,98,0
2,2,0
4,4,0
2,2,0
3,5,2
3,7,4
1,1,0
3,3,0
6,6,0
8,8,0
2,6,4
2,2,0
2,5,3
2,4,2
2,4,2
2,2,0
2,2,0
3,3,0
4,4,0
3,3,0
2,2,0
3,3,0
2,2,0
0,0,0
2,4,2
2,15,13
18,18,0
6,34,28
2,2,0
9,9,0
3,3,0
3,3,0
2,2,0
6,15,9
2,2,0
2,2,0
3,3,0
3,5,2
406,417,11
3,5,2
2,2,0
10,10,0
2,4,2
0,0,0
20,98,78
3,3,0
3,3,0
1,3,2
2,2,0
3,4,1
2,4,2
2,30,28
2,2,0
2,2,0
3,3,0
3,3,0
44,49,5
2,2,0
9,9,0
3,3,0
61,61,0
3,3,0
3,3,0
3,3,0
3,3,0
2,2,0
3,17,14
0,0,0
3,3,0
2,2,0
3,3,0
5,5,0
2,2,0
1,2,1
2,2,0
2,2,0
9,9,0
5,5,0
2,45,43
3,3,0
22,22,0
2,2,0
1,1,0
2,6,4
4,4,0
51,53,2
2,4,2
3,5,2
40,40,0
2,2,0
3,7,4
2,4,2
2,2,0
0,0,0
2,2,0
3,7,4
0,0,0
2,2,0
1,76,75
77,77,0
2,2,0
3,7,4
2,16,14
2,2,0
3,3,0
4,16,12
3,5,2
2,2,0
9,9,0
1,2,1
6,6,0
2,2,0
2,5,3
8,8,0
1,2,1
8,8,0
2,3,1
2,8,6
3,3,0
2,2,0
3,3,0
2,4,2
2,5,3
3,9,6
2,7,5
2,2,0
22,22,0
2,2,0
2,2,0
2,2,0
3,3,0
7,7,0
1,2,1
11,11,0
2,2,0
2,2,0
3,3,0
2,2,0
18,68,50
0,0,0
2,84,82
2,4,2
2,2,0
1,1,0
80,80,0
2,2,0
2,2,0
3,3,0
2,2,0
2,2,0
9,9,0
2,10,8
2,2,0
9,14,5
1,4,3
2,38,36
3,14,11
3,6,3
3,5,2
0,0,0
3,5,2
7,12,5
29,34,5
1,8,7
14,14,0
0,0,0
3,10,7
2,2,0
2,8,6
2,2,0
64,65,1
2,2,0
3,3,0
3,3,0
3,5,2
2,2,0
0,0,0
3,5,2
0,0,0
3,5,2
6,8,2
11,11,0
2,2,0
1,2,1
2,2,0
2,2,0
2,2,0
3,3,0
70,70,0
3,9,6
2,8,6
3,3,0
2,2,0
3,3,0
0,0,0
3,7,4
2,2,0
2,6,4
2,4,2
2,2,0
2,2,0
3,3,0
3,3,0
1,22,21
2,2,0
2,2,0
5,21,16
3,5,2
2,2,0
3,3,0
2,2,0
2,4,2
3,5,2
2,16,14
99,109,10
11,11,0
5,5,0
2,2,0
3,3,0
8,8,0
2,2,0
8,8,0
3,3,0
1,24,23
9,9,0
2,2,0
2,2,0
2,4,2
9,9,0
3,5,2
5,5,0
10,10,0
3,5,2
47,53,6
2,6,4
2,2,0
3,3,0
3,3,0
2,2,0
9,9,0
98,134,36
2,2,0
2,2,0
16,16,0
3,7,4
3,3,0
2,2,0
3,5,2
2,2,0
2,4,2
2,2,0
1,9,8
2,2,0
2,2,0
3,3,0
2,5,3
2,6,4
2,2,0
1,2,1
1,28,27
11,11,0
2,2,0
455,455,0
3,3,0
3,3,0
2,21,19
0,0,0
2,2,0
68,68,0
2,2,0
0,0,0
101,150,49
3,3,0
8,8,0
2,45,43
2,2,0
1,3,2
9,9,0
2,23,21
2,80,78
9,9,0
2,4,2
0,0,0
11,11,0
1,2,1
3,4,1
2,13,11
5,32,27
1,1,0
12,17,5
3,3,0
0,0,0
2,2,0
3,3,0
2,4,2
6,34,28
9,9,0
5,6,1
2,4,2
3,3,0
2,4,2
2,2,0
1,9,8
3,4,1
3,3,0
2,4,2
1,2,1
2,2,0
3,3,0
3,24,21
0,0,0
2,5,3
2,4,2
3,13,10
1,5,4
2,2,0
3,5,2
2,2,0
2,2,0
3,3,0
3,4,1
2,5,3
2,2,0
3,14,11
3,3,0
2,8,6
4,4,0
2,33,31
3,7,4
1,22,21
9,9,0
2,2,0
2,7,5
2,4,2
2,2,0
3,3,0
40,40,0
9,9,0
2,4,2
2,12,10
6,6,0
303,303,0
15,15,0
2,2,0
0,0,0
2,2,0
1,11,10
9,9,0
44,86,42
11,11,0
60,60,0
3,7,4
3,6,3
2,2,0
2,2,0
3,5,2
2,2,0
2,2,0
6,10,4
0,0,0
2,4,2
2,2,0
3,23,20
2,2,0
2,6,4
2,2,0
2,8,6
0,0,0
11,11,0
2,15,13
3,3,0
2,5,3
101,101,0
1,1,0
1,2,1
3,9,6
2,2,0
4,4,0
2,2,0
2,2,0
2,2,0
1,1,0
2,4,2
1,20,19
3,3,0
1,2,1
6,6,0
46,54,8
4,6,2
2,2,0
2,3,1
3,5,2
2,2,0
2,9,7
2,2,0
2,2,0
2,4,2
1,2,1
2,2,0
2,2,0
3,24,21
3,3,0
2,34,32
20,20,0
2,2,0
18,19,1
2,2,0
8,25,17
2,2,0
2,2,0
1,1,0
3,13,10
2,2,0
2,82,80
8,8,0
100,109,9
4,4,0
8,8,0
4,10,6
42,42,0
2,2,0
2,4,2
0,0,0
3,5,2
2,4,2
3,3,0
2,2,0
2,2,0
3,3,0
2,2,0
1,2,1
2,2,0
1,3,2
1,1,0
3,7,4
1,1,0
2,2,0
8,8,0
2,2,0
3,4,1
1,3,2
3,3,0
3,3,0
2,8,6
2,2,0
3,6,3
4,4,0
3,5,2
8,8,0
3,3,0
2,12,10
2,4,2
5,7,2
3,3,0
2,2,0
3,6,3
1,1,0
2,4,2
2,2,0
2,82,80
2,2,0
2,2,0
2,2,0
1,1,0
2,2,0
2,2,0
2,8,6
3,4,1
10,10,0
40,40,0
1,2,1
2,2,0
3,5,2
5,7,2
2,4,2
2,2,0
2,2,0
34,34,0
2,2,0
2,2,0
11,84,73
1,2,1
3,6,3
3,3,0
0,0,0
3,11,8
3,3,0
7,7,0
2,2,0
6,8,2
2,2,0
3,5,2
442,442,0
6,6,0
82,83,1
3,5,2
14,14,0
3,3,0
7,7,0
3,4,1
2,2,0
2,2,0
2,2,0
0,0,0
2,4,2
2,2,0
20,20,0
2,2,0
2,40,38
0,0,0
9,20,11
3,3,0
2,2,0
3,3,0
2,4,2
8,8,0
3,3,0
4,4,0
2,2,0
2,2,0
3,9,6
2,2,0
2,48,46
2,2,0
15,17,2
98,98,0
2,17,15
2,2,0
2,18,16
0,0,0
2,3,1
1,1,0
2,4,2
0,0,0
2,2,0
3,3,0
2,9,7
2,2,0
3,20,17
22,28,6
3,3,0
2,2,0
8,8,0
2,2,0
2,2,0
2,2,0
2,2,0
80,89,9
3,5,2
2,10,8
2,2,0
1,1,0
2,2,0
1,6,5
3,3,0
3,5,2
0,0,0
2,6,4
52,156,104
1,2,1
2,4,2
9,9,0
3,27,24
2,2,0
0,0,0
4,72,68
2,4,2
2,8,6
3,3,0
3,5,2
2,80,78
2,2,0
2,2,0
2,2,0
2,2,0
2,4,2
2,4,2
2,2,0
1,2,1
2,2,0
1,2,1
6,6,0
8,10,2
2,6,4
2,6,4
10,10,0
1,1,0
8,8,0
51,51,0
3,5,2
153,153,0
2,2,0
3,3,0
3,3,0
2,2,0
2,2,0
3,12,9
2,11,9
2,7,5
3,4,1
2,2,0
51,51,0
56,58,2
2,8,6
2,2,0
2,5,3
2,2,0
5,5,0
5,5,0
1,1,0
13,13,0
2,5,3
2,2,0
3,7,4
51,51,0
2,2,0
2,2,0
2,11,9
3,5,2
5,5,0
5,5,0
2,2,0
1,2,1
4,4,0
3,7,4
8,8,0
3,19,16
2,13,11
8,8,0
2,2,0
2,2,0
15,15,0
1,1,0
2,4,2
3,3,0
20,20,0
3,3,0
2,2,0
13,13,0
2,2,0
2,2,0
2,2,0
2,2,0
2,2,0
3,3,0
3,10,7
3,3,0
3,3,0
3,3,0
1,1,0
2,2,0
3,5,2
3,7,4
8,8,0
2,2,0
2,2,0
9,9,0
406,417,11
1,1,0
1,2,1
2,2,0
2,2,0
2,2,0
23,27,4
18,61,43
1,1,0
2,2,0
12,12,0
2,2,0
3,5,2
2,2,0
2,2,0
8,8,0
3,3,0
2,2,0
2,2,0
3,7,4
2,13,11
1,2,1
3,3,0
3,8,5
3,5,2
3,7,4
3,3,0
41,41,0
2,4,2
2,3,1
2,2,0
2,7,5
2,2,0
2,2,0
2,2,0
2,2,0
40,43,3
2,13,11
3,3,0
2,2,0
0,0,0
2,2,0
2,15,13
4,4,0
3,5,2
2,10,8
2,2,0
3,5,2
2,2,0
2,3,1
1,1,0
2,2,0
3,3,0
2,2,0
2,2,0
2,36,34
2,4,2
1,3,2
0,0,0
2,2,0
3,5,2
20,20,0
22,42,20
2,4,2
2,80,78
3,5,2
2,5,3
2,2,0
2,2,0
2,2,0
2,2,0
3,12,9
6,9,3
2,2,0
2,2,0
2,2,0
3,5,2
3,5,2
3,3,0
2,6,4
18,56,38
3,5,2
3,9,6
0,0,0
3,5,2
1,1,0
8,8,0
30,30,0
3,5,2
1,1,0
8,11,3
5,6,1
2,2,0
3,8,5
2,2,0
1,1,0
2,2,0
2,4,2
2,2,0
2,2,0
2,2,0
0,0,0
2,2,0
0,0,0
2,5,3
3,7,4
2,2,0
2,4,2
1,1,0
3,3,0
2,2,0
5,6,1
2,2,0
18,18,0
2,2,0
0,0,0
2,6,4
3,5,2
3,4,1
15,21,6
11,11,0
2,2,0
3,3,0
3,34,31
3,5,2
1,2,1
9,9,0
2,2,0
2,4,2
3,5,2
2,2,0
2,2,0
9,9,0
129,129,0
2,2,0
2,4,2
2,2,0
7,11,4
3,3,0
1,6,5
2,2,0
2,16,14
10,10,0
3,3,0
2,23,21
2,2,0
3,29,26
4,4,0
2,2,0
2,2,0
1,1,0
2,5,3
1,79,78
2,2,0
1,4,3
3,3,0
93,281,188
3,3,0
194,195,1
2,2,0
2,2,0
0,0,0
1,24,23
2,85,83
2,2,0
2,4,2
3,3,0
6,6,0
3,3,0
2,2,0
2,2,0
3,3,0
2,9,7
2,57,55
1,2,1
2,2,0
156,156,0
1,1,0
3,3,0
0,0,0
8,8,0
2,2,0
3,5,2
3,3,0
2,2,0
3,79,76
2,2,0
3,11,8
18,72,54
2,4,2
2,2,0
2,2,0
2,2,0
2,2,0
2,2,0
3,3,0
2,4,2
2,13,11
2,2,0
2,2,0
3,3,0
2,2,0
6,6,0
1,20,19
8,8,0
2,3,1
12,79,67
2,2,0
2,2,0
2,6,4
2,2,0
1,2,1
3,5,2
2,4,2
3,11,8
2,6,4
2,2,0
41,44,3
3,5,2
80,80,0
2,2,0
3,3,0
2,2,0
139,216,77
22,22,0
2,2,0
3,3,0
2,3,1
2,4,2
2,2,0
4,4,0
2,2,0
2,41,39
0,0,0
3,13,10
4,41,37
8,8,0
2,17,15
3,3,0
3,9,6
16,41,25
1,1,0
2,3,1
9,9,0
3,5,2
28,28,0
9,9,0
2,2,0
3,7,4
3,3,0
2,2,0
3,3,0
3,5,2
2,4,2
3,5,2
2,5,3
2,4,2
8,8,0
3,3,0
3,3,0
3,18,15
3,5,2
2,2,0
68,68,0
2,2,0
3,3,0
8,16,8
3,3,0
1,2,1
1,9,8
1,1,0
2,2,0
3,3,0
2,2,0
3,3,0
2,3,1
2,3,1
2,2,0
3,5,2
2,4,2
9,9,0
3,4,1
2,2,0
2,4,2
2,2,0
6,6,0
5,5,0
2,3,1
2,2,0
2,2,0
2,2,0
3,9,6
2,2,0
3,3,0
3,5,2
3,3,0
1,1,0
2,2,0
3,5,2
3,4,1
2,3,1
2,4,2
0,0,0
3,13,10
2,2,0
20,20,0
0,0,0
4,4,0
2,3,1
0,0,0
1,2,1
2,4,2
2,4,2
2,2,0
2,2,0
3,6,3
2,2,0
2,2,0
22,22,0
0,0,0
2,2,0
4,4,0
9,9,0
2,2,0
2,2,0
2,2,0
2,2,0
2,2,0
3,3,0
100,104,4
3,5,2
0,0,0
2,2,0
2,2,0
2,2,0
3,3,0
10,22,12
3,5,2
11,11,0
2,8,6
3,5,2
2,2,0
3,5,2
4,4,0
3,3,0
2,7,5
2,2,0
6,6,0
2,2,0
3,9,6
9,9,0
2,24,22
0,0,0
2,4,2
2,2,0
3,5,2
3,3,0
51,100,49
2,2,0
2,15,13
3,5,2
3,6,3
2,2,0
2,4,2
2,4,2
1,1,0
8,8,0
2,2,0
3,3,0
3,7,4
4,4,0
3,3,0
12,13,1
3,3,0
1,23,22
2,4,2
2,9,7
2,2,0
2,2,0
2,2,0
2,2,0
9,9,0
3,3,0
2,2,0
3,3,0
2,2,0
2,4,2
3,7,4
2,2,0
15,15,0
3,3,0
2,4,2
2,2,0
2,2,0
2,2,0
2,2,0
3,3,0
2,2,0
2,2,0
2,2,0
3,3,0
1,18,17
3,3,0
3,5,2
1,1,0
2,2,0
0,0,0
8,9,1
3,3,0
2,2,0
2,2,0
2,2,0
2,2,0
3,13,10
2,4,2
2,2,0
2,2,0
2,2,0
3,3,0
3,7,4
2,2,0
2,2,0
2,2,0
3,6,3
12,12,0
3,7,4
3,5,2
31,98,67
3,17,14
2,2,0
2,5,3
1,21,20
5,7,2
2,2,0
2,2,0
3,5,2
1,1,0
2,2,0
2,2,0
2,2,0
2,2,0
26,26,0
3,3,0
3,14,11
1,9,8
8,8,0
2,21,19
2,82,80
2,2,0
30,30,0
3,5,2
2,2,0
2,3,1
2,2,0
12,12,0
3,5,2
3,4,1
3,5,2
43,43,0
35,45,10
3,3,0
3,5,2
3,5,2
2,2,0
2,2,0
3,9,6
2,4,2
9,9,0
2,4,2
2,2,0
2,4,2
53,54,1
2,2,0
2,2,0
2,2,0
52,52,0
2,6,4
2,2,0
21,22,1
3,5,2
3,5,2
3,3,0
43,43,0
0,0,0
2,2,0
2,82,80
8,8,0
2,2,0
2,2,0
8,8,0
2,2,0
8,8,0
2,2,0
0,0,0
1,1,0
3,3,0
1,2,1
2,2,0
56,56,0
3,7,4
2,2,0
26,66,40
2,2,0
3,3,0
2,2,0
2,2,0
2,2,0
2,2,0
1,2,1
3,3,0
2,3,1
2,25,23
10,10,0
2,2,0
2,4,2
2,4,2
2,4,2
1,1,0
4,4,0
3,5,2
10,10,0
2,2,0
2,4,2
2,2,0
2,2,0
2,2,0
2,2,0
2,2,0
11,11,0
2,8,6
2,2,0
2,6,4
2,2,0
0,0,0
3,3,0
3,3,0
2,2,0
2,2,0
3,8,5
3,5,2
2,4,2
2,5,3
2,17,15
2,2,0
2,82,80
3,3,0
0,0,0
2,2,0
2,2,0
1,4,3
2,2,0
2,2,0
2,2,0
2,10,8
3,4,1
4,4,0
2,2,0
2,2,0
2,2,0
2,2,0
2,2,0
2,8,6
2,5,3
2,2,0
8,8,0
2,2,0
2,8,6
2,2,0
3,3,0
2,3,1
4,4,0
7,7,0
2,2,0
2,4,2
3,3,0
2,2,0
2,2,0
1,2,1
1,1,0
2,2,0
2,7,5
54,54,0
2,2,0
2,2,0
2,8,6
40,40,0
1,2,1
1,2,1
3,5,2
1,1,0
2,2,0
2,2,0
2,12,10
3,4,1
2,2,0
3,3,0
0,0,0
4,4,0
45,45,0
2,3,1
3,5,2
2,2,0
3,8,5
0,0,0
3,3,0
2,2,0
4,4,0
2,2,0
1,5,4
2,15,13
14,16,2
3,9,6
3,3,0
8,10,2
4,4,0
2,4,2
3,3,0
1,8,7
2,3,1
3,6,3
2,2,0
1,4,3
2,2,0
4,13,9
3,7,4
2,2,0
2,4,2
2,2,0
2,2,0
3,3,0
2,2,0
3,3,0
2,4,2
2,4,2
2,2,0
2,2,0
2,2,0
3,3,0
2,2,0
2,8,6
2,4,2
2,2,0
2,2,0
2,2,0
12,62,50
100,104,4
1,102,101
58,58,0
2,3,1
2,2,0
4,4,0
3,3,0
8,8,0
3,7,4
4,4,0
2,2,0
3,7,4
1,20,19
2,4,2
4,4,0
3,6,3
3,12,9
2,2,0
3,3,0
0,0,0
2,2,0
2,4,2
6,10,4
1,2,1
0,0,0
2,4,2
2,2,0
3,5,2
2,6,4
2,2,0
2,2,0
2,2,0
2,2,0
2,2,0
3,20,17
3,3,0
2,4,2
3,8,5
9,9,0
8,8,0
2,2,0
2,5,3
3,3,0
0,0,0
3,28,25
2,4,2
1,1,0
3,3,0
2,2,0
2,7,5
0,0,0
2,2,0
141,141,0
3,3,0
133,135,2
9,9,0
2,2,0
2,2,0
2,2,0
1,4,3
2,23,21
2,180,178
2,18,16
2,2,0
2,2,0
3,5,2
3,3,0
2,2,0
1,1,0
1,2,1
2,3,1
2,2,0
2,7,5
1,2,1
5,5,0
2,2,0
4,4,0
3,3,0
3,3,0
1,1,0
2,4,2
2,80,78
2,2,0
3,3,0
3,3,0
81,81,0
2,2,0
3,3,0
16,16,0
2,2,0
2,2,0
2,6,4
2,2,0
0,0,0
3,3,0
11,11,0
2,6,4
13,15,2
3,3,0
2,35,33
2,2,0
9,9,0
2,2,0
3,3,0
2,2,0
9,9,0
2,2,0
2,2,0
3,5,2
2,4,2
2,5,3
2,2,0
3,3,0
1,5,4
1,4,3
100,100,0
2,2,0
3,3,0
2,2,0
3,5,2
2,6,4
9,9,0
2,2,0
2,4,2
9,9,0
9,9,0
3,3,0
3,6,3
2,2,0
2,2,0
2,5,3
2,3,1
3,3,0
2,2,0
0,0,0
1,2,1
2,2,0
3,3,0
4,4,0
2,2,0
5,6,1
3,3,0
11,11,0
2,2,0
3,29,26
2,2,0
2,2,0
3,3,0
2,2,0
3,3,0
1,3,2
3,3,0
8,19,11
2,2,0
10,10,0
8,8,0
2,2,0
2,2,0
1,20,19
3,5,2
1,25,24
3,4,1
1,1,0
3,3,0
19,19,0
3,3,0
2,3,1
2,2,0
20,20,0
3,9,6
6,6,0
2,2,0
1,2,1
0,0,0
2,2,0
3,9,6
8,8,0
2,6,4
3,5,2
2,2,0
3,12,9
3,11,8
3,3,0
2,6,4
1,2,1
2,2,0
3,3,0
2,2,0
3,23,20
11,11,0
1,25,24
2,2,0
2,2,0
2,2,0
3,3,0
9,9,0
1,1,0
2,2,0
3,3,0
2,2,0
2,2,0
2,5,3
2,2,0
3,3,0
1,5,4
2,2,0
3,3,0
2,3,1
2,2,0
3,3,0
2,2,0
3,3,0
32,32,0
0,0,0
2,2,0
2,2,0
24,24,0
3,3,0
3,71,68
35,47,12
2,2,0
2,2,0
2,2,0
3,7,4
3,3,0
0,0,0
81,83,2
2,2,0
2,7,5
3,5,2
6,10,4
10,10,0
2,29,27
2,2,0
1,4,3
2,4,2
2,9,7
5,5,0
2,2,0
2,2,0
2,2,0
2,2,0
8,21,13
2,2,0
3,3,0
2,40,38
1,4,3
0,0,0
1,3,2
2,2,0
2,2,0
2,2,0
2,2,0
1,1,0
2,6,4
3,3,0
2,2,0
2,2,0
8,8,0
0,0,0
1,2,1
3,10,7
48,48,0
3,11,8
2,2,0
4,27,23
2,6,4
2,4,2
2,2,0
21,30,9
3,7,4
2,2,0
0,0,0
1,2,1
1,2,1
2,2,0
1,2,1
1,1,0
2,2,0
5,6,1
2,4,2
5,6,1
3,5,2
10,10,0
3,7,4
2,2,0
2,3,1
2,2,0
9,9,0
14,14,0
2,2,0
2,2,0
3,4,1
0,0,0
1,2,1
1,3,2
161,161,0
3,3,0
2,7,5
1,1,0
2,2,0
1,1,0
30,30,0
1,5,4
1,8,7
3,3,0
11,11,0
3,5,2
3,6,3
3,9,6
2,2,0
3,7,4
2,2,0
3,5,2
1,2,1
10,10,0
2,20,18
4,4,0
2,4,2
1,2,1
3,3,0
3,9,6
8,8,0
3,5,2
1,2,1
1,2,1
22,80,58
3,3,0
1,2,1
21,35,14
6,8,2
2,2,0
8,8,0
2,2,0
3,16,13
3,6,3
1,3,2
1,4,3
2,2,0
2,2,0
9,9,0
10,10,0
5,5,0
2,4,2
3,5,2
2,2,0
2,2,0
3,9,6
2,2,0
9,9,0
3,3,0
2,2,0
3,7,4
2,2,0
2,2,0
2,2,0
2,2,0
3,3,0
2,2,0
7,7,0
6,17,11
2,2,0
2,2,0
51,51,0
2,2,0
7,38,31
2,3,1
4,57,53
2,4,2
6,6,0
3,6,3
120,242,122
2,2,0
2,4,2
2,2,0
1,2,1
2,2,0
2,5,3
2,2,0
6,11,5
14,14,0
3,6,3
2,6,4
1,2,1
2,4,2
0,0,0
4,11,7
2,3,1
2,2,0
1,1,0
3,5,2
2,2,0
2,3,1
2,2,0
6,19,13
9,9,0
2,13,11
1,2,1
0,0,0
1,2,1
29,87,58
12,12,0
2,2,0
2,2,0
37,112,75
9,9,0
9,9,0
2,4,2
100,104,4
2,5,3
8,8,0
2,2,0
177,177,0
1,3,2
2,2,0
3,5,2
3,3,0
2,5,3
2,80,78
1,1,0
3,3,0
2,2,0
3,3,0
100,100,0
2,6,4
3,10,7
8,8,0
8,8,0
2,2,0
2,3,1
2,2,0
3,3,0
2,2,0
3,7,4
8,8,0
3,6,3
25,26,1
2,2,0
2,2,0
2,2,0
3,3,0
3,3,0
2,21,19
20,20,0
2,2,0
3,3,0
6,24,18
2,2,0
2,2,0
7,7,0
2,3,1
2,2,0
1,1,0
33,45,12
2,8,6
0,0,0
88,88,0
1,1,0
2,2,0
3,9,6
2,2,0
2,2,0
4,13,9
2,2,0
2,2,0
2,2,0
8,8,0
1,7,6
6,6,0
50,50,0
11,11,0
3,3,0
1,1,0
8,8,0
3,5,2
3,3,0
1,62,61
2,4,2
2,2,0
1,2,1
3,3,0
2,4,2
2,2,0
3,3,0
20,20,0
2,2,0
26,60,34
3,3,0
2,4,2
2,4,2
86,86,0
2,5,3
2,2,0
0,0,0
3,5,2
1,4,3
3,6,3
3,7,4
2,2,0
2,2,0
3,5,2
2,2,0
12,12,0
2,2,0
3,3,0
22,22,0
8,8,0
1,27,26
2,2,0
9,9,0
3,7,4
9,9,0
2,2,0
20,21,1
24,24,0
9,23,14
1,8,7
2,2,0
1,8,7
1,2,1
2,16,14
3,3,0
3,3,0
2,2,0
5,5,0
1,2,1
3,3,0
2,2,0
3,5,2
3,4,1
2,2,0
2,4,2
2,2,0
6,8,2
2,2,0
3,3,0
2,4,2
1,5,4
6,8,2
2,2,0
3,7,4
2,2,0
9,9,0
2,4,2
2,2,0
2,2,0
6,6,0
3,3,0
2,2,0
2,80,78
2,2,0
2,3,1
6,6,0
3,3,0
3,5,2
0,0,0
2,2,0
3,6,3
3,6,3
1,2,1
3,3,0
3,3,0
3,3,0
2,5,3
20,25,5
3,9,6
2,2,0
2,6,4
76,76,0
91,93,2
9,9,0
2,2,0
2,2,0
2,2,0
2,2,0
2,2,0
2,2,0
1,4,3
2,3,1
1,27,26
3,10,7
3,3,0
1,1,0
3,3,0
2,2,0
3,3,0
2,2,0
1,1,0
19,19,0
2,2,0
3,3,0
2,4,2
2,4,2
3,3,0
3,5,2
2,2,0
2,3,1
4,4,0
2,2,0
2,87,85
3,3,0
2,2,0
2,28,26
2,4,2
3,7,4
1,1,0
3,3,0
2,2,0
2,2,0
3,3,0
9,9,0
2,2,0
2,2,0
2,4,2
2,6,4
1,1,0
33,35,2
4,49,45
3,10,7
3,18,15
2,2,0
2,2,0
2,2,0
6,20,14
2,3,1
2,2,0
38,46,8
2,2,0
3,3,0
8,8,0
2,2,0
1,23,22
2,2,0
3,6,3
3,5,2
4,6,2
0,0,0
2,10,8
52,55,3
1,1,0
5,5,0
2,2,0
9,9,0
2,2,0
2,4,2
1,5,4
2,3,1
3,14,11
3,3,0
4,4,0
3,5,2
2,2,0
2,2,0
3,10,7
2,4,2
2,19,17
3,5,2
0,0,0
2,2,0
3,5,2
2,2,0
2,2,0
3,3,0
3,5,2
1,5,4
2,2,0
3,3,0
3,3,0
2,2,0
2,4,2
2,2,0
2,2,0
2,2,0
2,2,0
2,51,49
3,3,0
2,4,2
2,82,80
2,2,0
2,2,0
22,22,0
98,195,97
2,2,0
2,2,0
9,18,9
2,4,2
2,2,0
2,2,0
3,3,0
2,2,0
2,7,5
11,11,0
2,4,2
2,2,0
2,4,2
2,40,38
3,10,7
3,5,2
2,6,4
2,2,0
2,4,2
2,2,0
3,7,4
2,2,0
3,6,3
2,3,1
3,7,4
2,2,0
45,47,2
2,2,0
82,82,0
2,2,0
3,3,0
2,4,2
4,31,27
2,2,0
3,27,24
3,3,0
2,6,4
8,16,8
2,2,0
4,6,2
26,26,0
1,1,0
3,7,4
2,2,0
2,2,0
2,8,6
2,2,0
9,9,0
3,5,2
7,7,0
2,2,0
2,6,4
3,3,0
6,8,2
2,14,12
1,1,0
2,2,0
2,135,133
1,2,1
0,0,0
1,2,1
100,100,0
2,5,3
2,2,0
2,6,4
2,4,2
3,3,0
2,5,3
0,0,0
3,3,0
3,3,0
2,2,0
2,4,2
3,3,0
3,7,4
2,2,0
3,3,0
2,2,0
3,5,2
2,4,2
2,5,3
80,80,0
2,2,0
3,3,0
2,3,1
10,12,2
2,2,0
2,2,0
1,22,21
0,0,0
10,10,0
2,14,12
1,4,3
5,5,0
2,10,8
1,2,1
2,2,0
2,4,2
1,2,1
2,80,78
0,0,0
3,3,0
3,7,4
2,2,0
3,7,4
3,13,10
2,4,2
25,25,0
2,2,0
2,3,1
23,30,7
16,24,8
3,5,2
2,2,0
2,2,0
3,5,2
2,2,0
2,2,0
2,2,0
90,321,231
2,2,0
3,5,2
1,1,0
5,5,0
100,104,4
4,5,1
2,2,0
15,35,20
15,15,0
3,6,3
3,3,0
2,2,0
2,2,0
1,2,1
1,2,1
3,3,0
2,3,1
2,4,2
8,8,0
10,11,1
135,140,5
0,0,0
3,3,0
2,2,0
3,3,0
3,3,0
2,2,0
48,50,2
3,3,0
0,0,0
2,68,66
2,2,0
2,2,0
2,2,0
36,38,2
3,3,0
1,20,19
1,1,0
11,22,11
2,4,2
2,12,10
2,5,3
2,2,0
2,6,4
9,9,0
2,2,0
2,2,0
12,12,0
1,1,0
3,9,6
2,5,3
0,0,0
2,2,0
0,0,0
2,2,0
1,2,1
3,8,5
2,15,13
2,6,4
2,9,7
173,173,0
3,5,2
3,5,2
3,3,0
3,5,2
2,4,2
173,173,0
14,14,0
1,5,4
2,4,2
2,2,0
9,9,0
3,7,4
3,5,2
22,22,0
2,2,0
2,2,0
3,5,2
2,2,0
2,2,0
3,3,0
2,9,7
3,5,2
1,2,1
6,13,7
2,2,0
4,4,0
3,11,8
3,8,5
2,8,6
2,2,0
2,2,0
2,69,67
3,8,5
1,2,1
1,1,0
2,2,0
2,2,0
3,3,0
5,5,0
2,2,0
2,2,0
4,14,10
1,10,9
2,2,0
3,5,2
9,11,2
2,2,0
2,2,0
4,4,0
2,2,0
2,4,2
5,5,0
3,4,1
5,5,0
2,4,2
2,2,0
2,4,2
3,5,2
2,2,0
0,0,0
3,4,1
0,0,0
3,3,0
11,11,0
2,2,0
1,25,24
3,3,0
3,5,2
2,2,0
3,3,0
2,6,4
2,2,0
2,2,0
3,3,0
105,379,274
3,3,0
16,16,0
62,62,0
2,2,0
2,4,2
2,30,28
44,44,0
1,4,3
3,3,0
2,2,0
2,2,0
1,2,1
2,2,0
2,2,0
1,1,0
2,12,10
3,3,0
2,2,0
3,3,0
4,4,0
2,2,0
2,2,0
0,0,0
2,2,0
2,2,0
2,2,0
3,3,0
2,2,0
2,2,0
2,4,2
8,8,0
3,5,2
2,2,0
2,7,5
10,12,2
0,0,0
3,3,0
3,5,2
2,2,0
3,7,4
3,5,2
1,4,3
2,12,10
1,1,0
3,9,6
2,2,0
2,2,0
3,4,1
2,2,0
0,0,0
3,3,0
1,3,2
2,2,0
2,4,2
9,9,0
2,6,4
3,7,4
2,2,0
2,2,0
3,3,0
3,8,5
2,2,0
2,2,0
78,78,0
2,2,0
60,60,0
3,4,1
2,2,0
3,8,5
2,2,0
1,1,0
2,40,38
2,4,2
10,11,1
3,3,0
3,3,0
3,4,1
2,2,0
2,2,0
3,5,2
1,1,0
2,2,0
2,2,0
1,2,1
3,4,1
4,6,2
3,3,0
3,6,3
1,1,0
3,3,0
3,5,2
2,35,33
2,2,0
3,8,5
3,3,0
3,3,0
6,6,0
3,3,0
8,8,0
2,2,0
0,0,0
3,5,2
2,2,0
2,2,0
1,3,2
3,3,0
2,5,3
3,3,0
2,3,1
3,3,0
2,5,3
3,3,0
3,5,2
9,9,0
3,3,0
3,7,4
2,2,0
20,20,0
2,2,0
1,2,1
9,9,0
2,2,0
2,8,6
2,2,0
3,3,0
4,4,0
1,1,0
3,5,2
1,1,0
3,3,0
2,2,0
2,2,0
2,2,0
2,2,0
3,3,0
2,2,0
0,0,0
11,11,0
2,2,0
2,2,0
2,12,10
2,2,0
2,4,2
2,2,0
2,2,0
5,7,2
3,3,0
2,4,2
0,0,0
2,2,0
2,3,1
1,1,0
0,0,0
8,8,0
2,2,0
3,9,6
3,3,0
3,9,6
3,3,0
2,6,4
3,7,4
474,1311,837
2,2,0
2,2,0
3,7,4
2,2,0
3,3,0
22,22,0
3,3,0
3,5,2
2,4,2
3,5,2
2,2,0
3,7,4
0,0,0
3,3,0
4,4,0
3,13,10
2,3,1
2,25,23
2,2,0
3,13,10
2,8,6
3,3,0
2,82,80
2,2,0
3,4,1
2,2,0
3,14,11
1,2,1
3,5,2
2,3,1
2,2,0
2,2,0
3,7,4
2,2,0
6,6,0
2,2,0
2,4,2
1,1,0
2,18,16
3,5,2
2,2,0
2,2,0
2,2,0
3,8,5
58,58,0
3,3,0
3,3,0
2,2,0
3,3,0
3,4,1
2,6,4
9,9,0
2,2,0
2,2,0
23,23,0
2,7,5
2,2,0
1,1,0
2,2,0
2,2,0
2,2,0
2,2,0
8,8,0
3,76,73
72,72,0
2,2,0
2,2,0
0,0,0
2,2,0
3,3,0
5,28,23
2,6,4
3,3,0
1,3,2
3,8,5
2,2,0
2,9,7
4,4,0
0,0,0
3,3,0
2,4,2
2,4,2
1,2,1
2,2,0
2,2,0
3,3,0
4,4,0
8,8,0
3,12,9
1,16,15
3,3,0
2,6,4
2,2,0
2,19,17
2,4,2
2,80,78
3,3,0
3,6,3
2,12,10
2,2,0
2,2,0
2,2,0
3,3,0
2,2,0
2,2,0
2,2,0
2,12,10
2,6,4
3,20,17
8,8,0
3,5,2
1,1,0
2,4,2
1,1,0
2,2,0
3,3,0
3,3,0
3,5,2
2,2,0
2,2,0
3,5,2
2,2,0
1,1,0
3,18,15
2,2,0
3,7,4
2,2,0
14,14,0
3,5,2
2,2,0
2,2,0
3,7,4
2,4,2
2,2,0
3,3,0
3,8,5
3,3,0
2,6,4
3,3,0
3,3,0
7,7,0
3,3,0
2,2,0
2,2,0
2,10,8
3,6,3
2,4,2
3,3,0
3,3,0
3,8,5
2,31,29
2,2,0
3,27,24
3,7,4
2,88,86
2,2,0
2,2,0
1,1,0
3,3,0
2,5,3
0,0,0
2,2,0
2,4,2
3,3,0
3,7,4
2,2,0
0,0,0
1,4,3
1,3,2
2,6,4
8,8,0
2,2,0
2,2,0
2,30,28
98,204,106
3,3,0
8,25,17
1,4,3
2,2,0
2,2,0
2,2,0
2,2,0
2,4,2
2,2,0
2,9,7
8,8,0
2,5,3
3,8,5
2,2,0
87,87,0
3,3,0
2,2,0
3,3,0
3,10,7
3,3,0
3,3,0
2,2,0
3,3,0
11,25,14
2,2,0
2,2,0
3,3,0
2,5,3
2,2,0
2,2,0
2,2,0
2,2,0
2,2,0
2,2,0
0,0,0
0,0,0
3,3,0
2,2,0
2,2,0
2,2,0
1,15,14
3,8,5
2,28,26
2,4,2
1,2,1
0,0,0
2,6,4
2,2,0
12,12,0
2,2,0
10,10,0
2,5,3
2,2,0
3,3,0
3,3,0
2,4,2
2,2,0
2,3,1
2,2,0
6,6,0
12,12,0
3,5,2
4,4,0
1,1,0
0,0,0
3,7,4
13,13,0
2,3,1
3,5,2
2,4,2
2,2,0
2,2,0
8,8,0
2,3,1
70,70,0
2,2,0
2,3,1
2,11,9
1,2,1
3,3,0
3,3,0
7,7,0
3,7,4
1,2,1
0,0,0
7,10,3
2,2,0
1,1,0
3,5,2
1,2,1
3,46,43
14,14,0
3,3,0
2,2,0
2,2,0
2,2,0
2,39,37
2,82,80
3,3,0
3,7,4
3,3,0
2,2,0
1,4,3
2,2,0
22,22,0
2,2,0
3,3,0
2,32,30
2,4,2
3,5,2
1,1,0
1,23,22
3,3,0
2,2,0
2,2,0
25,25,0
3,3,0
2,3,1
2,3,1
2,4,2
0,0,0
2,2,0
3,9,6
0,0,0
6,8,2
3,3,0
1,1,0
2,3,1
6,6,0
12,13,1
4,4,0
1,3,2
3,5,2
3,5,2
2,12,10
3,19,16
2,2,0
2,2,0
7,18,11
3,3,0
1,25,24
2,2,0
2,2,0
2,4,2
3,3,0
1,2,1
2,2,0
2,2,0
14,14,0
75,153,78
2,2,0
3,15,12
6,6,0
3,3,0
3,3,0
2,2,0
2,7,5
3,5,2
3,3,0
93,94,1
3,3,0
3,3,0
9,282,273
2,3,1
2,2,0
2,4,2
2,2,0
3,10,7
3,3,0
3,9,6
2,2,0
2,2,0
9,9,0
2,2,0
2,6,4
18,37,19
3,24,21
2,2,0
0,0,0
100,127,27
26,31,5
20,20,0
3,3,0
93,93,0
2,2,0
2,7,5
3,5,2
2,2,0
2,4,2
9,9,0
2,4,2
1,1,0
2,2,0
3,6,3
2,2,0
2,9,7
2,2,0
5,15,10
2,2,0
3,3,0
12,12,0
3,3,0
3,5,2
2,2,0
2,2,0
3,5,2
2,2,0
3,3,0
18,18,0
5,5,0
3,5,2
3,6,3
2,2,0
2,2,0
1,2,1
2,2,0
2,2,0
3,3,0
3,3,0
3,6,3
3,3,0
3,7,4
2,2,0
10,20,10
2,2,0
2,2,0
1,1,0
2,2,0
11,13,2
3,9,6
4,4,0
1,1,0
3,24,21
3,5,2
3,9,6
1,1,0
0,0,0
2,2,0
1,3,2
2,5,3
3,3,0
8,8,0
7,7,0
2,2,0
2,8,6
3,7,4
2,2,0
3,10,7
1,1,0
2,2,0
8,11,3
2,2,0
2,3,1
2,2,0
2,2,0
3,3,0
2,2,0
1,1,0
2,8,6
1,2,1
0,0,0
34,36,2
2,2,0
2,2,0
8,8,0
2,76,74
3,3,0
3,11,8
2,7,5
10,25,15
2,2,0
2,2,0
6,6,0
3,3,0
3,7,4
52,53,1
3,3,0
1,3,2
1,4,3
3,3,0
4,4,0
2,2,0
15,15,0
2,2,0
5,5,0
10,10,0
3,7,4
3,7,4
3,4,1
9,9,0
2,2,0
12,12,0
3,5,2
2,4,2
2,2,0
132,132,0
2,2,0
0,0,0
5,37,32
2,4,2
3,7,4
2,4,2
4,4,0
7,7,0
1,61,60
2,22,20
2,2,0
2,2,0
2,2,0
2,2,0
3,3,0
1,1,0
3,24,21
3,5,2
6,51,45
2,2,0
2,2,0
2,4,2
20,20,0
2,3,1
3,9,6
2,2,0
8,8,0
3,9,6
1,2,1
1,2,1
3,6,3
3,3,0
2,2,0
8,8,0
2,2,0
2,4,2
2,7,5
2,2,0
2,2,0
3,6,3
7,7,0
1,8,7
2,2,0
2,40,38
6,17,11
3,5,2
9,9,0
3,4,1
2,2,0
2,2,0
2,4,2
2,80,78
2,2,0
2,2,0
3,7,4
2,13,11
3,5,2
3,3,0
3,3,0
3,3,0
3,13,10
10,10,0
2,2,0
3,3,0
2,4,2
1,1,0
2,2,0
1,1,0
9,9,0
4,5,1
1,3,2
2,5,3
3,3,0
80,80,0
17,17,0
2,5,3
2,3,1
2,2,0
2,4,2
2,13,11
0,0,0
2,5,3
3,7,4
2,2,0
2,5,3
4,4,0
28,105,77
2,2,0
3,5,2
1,3,2
2,21,19
0,0,0
2,67,65
2,8,6
3,5,2
2,2,0
1,1,0
2,2,0
3,7,4
3,3,0
2,2,0
8,8,0
2,2,0
0,0,0
2,24,22
1,26,25
0,0,0
2,5,3
3,14,11
2,2,0
2,4,2
3,5,2
0,0,0
21,21,0
0,0,0
37,99,62
3,3,0
3,3,0
3,5,2
2,2,0
2,2,0
2,4,2
3,5,2
9,9,0
0,0,0
2,2,0
1,3,2
2,2,0
2,2,0
2,2,0
2,7,5
10,10,0
2,2,0
2,3,1
2,2,0
2,2,0
3,3,0
1,1,0
2,2,0
4,4,0
2,2,0
2,5,3
2,2,0
9,9,0
8,8,0
1,2,1
2,2,0
2,4,2
0,0,0
3,3,0
2,4,2
2,2,0
2,2,0
2,4,2
2,2,0
2,2,0
2,5,3
2,2,0
2,2,0
3,3,0
0,0,0
3,3,0
30,93,63
2,17,15
3,3,0
2,7,5
3,3,0
3,5,2
3,3,0
2,2,0
2,2,0
3,3,0
2,2,0
2,3,1
3,7,4
2,17,15
2,2,0
2,4,2
2,2,0
100,100,0
2,3,1
2,5,3
2,2,0
1,25,24
4,4,0
1,1,0
2,2,0
4,4,0
23,70,47
2,8,6
6,6,0
2,2,0
3,4,1
3,3,0
3,3,0
4,5,1
2,2,0
0,0,0
3,3,0
3,7,4
2,2,0
3,8,5
50,50,0
2,13,11
2,8,6
0,0,0
3,10,7
3,3,0
3,8,5
1,2,1
2,2,0
1,2,1
8,8,0
3,5,2
3,6,3
33,33,0
2,2,0
3,3,0
2,35,33
2,3,1
2,2,0
57,159,102
5,26,21
2,2,0
3,5,2
0,0,0
2,2,0
3,3,0
2,5,3
3,3,0
2,2,0
3,3,0
3,3,0
1,1,0
3,3,0
2,2,0
0,0,0
2,2,0
2,2,0
2,4,2
0,0,0
2,7,5
3,3,0
2,8,6
1,1,0
2,7,5
2,2,0
3,3,0
2,86,84
2,2,0
10,20,10
0,0,0
3,3,0
3,5,2
55,56,1
3,13,10
100,100,0
2,2,0
2,7,5
2,2,0
2,6,4
3,3,0
3,19,16
100,104,4
3,3,0
3,10,7
2,5,3
1,1,0
3,3,0
2,2,0
2,2,0
2,2,0
2,3,1
1,1,0
2,2,0
2,2,0
1,8,7
2,2,0
2,2,0
2,2,0
2,2,0
2,2,0
2,2,0
2,2,0
2,4,2
2,2,0
2,2,0
2,2,0
2,2,0
1,1,0
3,3,0
2,5,3
1,1,0
3,3,0
3,3,0
1,1,0
8,8,0
1,20,19
3,3,0
3,3,0
3,11,8
8,15,7
2,6,4
2,2,0
1,1,0
2,2,0
9,11,2
7,8,1
29,29,0
0,0,0
2,6,4
3,3,0
2,7,5
1,1,0
2,2,0
2,2,0
2,2,0
3,7,4
3,3,0
4,5,1
2,5,3
2,2,0
2,2,0
2,2,0
2,5,3
2,2,0
2,2,0
10,11,1
3,3,0
3,3,0
2,2,0
2,2,0
2,2,0
2,2,0
2,4,2
2,2,0
3,3,0
2,2,0
3,7,4
3,3,0
3,7,4
7,7,0
1,1,0
3,9,6
48,94,46
2,2,0
2,75,73
20,20,0
1,1,0
3,5,2
2,3,1
2,2,0
1,1,0
3,9,6
9,9,0
3,3,0
15,15,0
2,4,2
3,5,2
2,2,0
3,5,2
6,6,0
3,19,16
0,0,0
4,7,3
2,4,2
51,51,0
1,2,1
10,10,0
3,3,0
2,2,0
3,3,0
2,6,4
2,2,0
2,4,2
3,3,0
2,3,1
1,1,0
6,6,0
3,3,0
2,4,2
2,97,95
2,2,0
3,5,2
2,2,0
4,4,0
3,3,0
2,2,0
2,2,0
3,3,0
3,3,0
3,5,2
1,1,0
2,2,0
3,9,6
2,80,78
6,6,0
2,2,0
2,2,0
12,12,0
2,13,11
3,3,0
2,2,0
2,2,0
3,6,3
2,20,18
3,4,1
2,2,0
2,2,0
100,100,0
3,11,8
4,6,2
47,49,2
2,2,0
3,3,0
2,2,0
38,40,2
2,3,1
2,2,0
3,3,0
2,2,0
2,2,0
2,2,0
2,4,2
2,4,2
2,2,0
2,2,0
2,2,0
6,6,0
3,3,0
2,82,80
2,6,4
2,2,0
3,5,2
2,4,2
2,4,2
2,3,1
3,3,0
3,11,8
2,2,0
2,2,0
4,4,0
2,4,2
3,5,2
2,11,9
2,2,0
2,2,0
3,3,0
0,0,0
3,3,0
3,3,0
1,2,1
9,9,0
1,1,0
2,8,6
2,2,0
3,3,0
2,4,2
3,4,1
2,2,0
2,2,0
1,1,0
2,2,0
2,14,12
2,2,0
3,3,0
3,3,0
2,2,0
2,2,0
8,8,0
2,123,121
3,3,0
2,2,0
4,101,97
8,8,0
11,11,0
2,4,2
2,2,0
2,2,0
2,4,2
2,2,0
2,2,0
40,45,5
43,43,0
3,3,0
2,12,10
9,9,0
2,4,2
2,21,19
1,5,4
3,3,0
2,2,0
2,2,0
2,4,2
1,6,5
3,11,8
4,4,0
0,0,0
2,3,1
1,2,1
2,2,0
2,2,0
3,3,0
2,2,0
2,2,0
3,3,0
3,7,4
10,10,0
2,6,4
18,18,0
2,6,4
3,5,2
2,2,0
3,3,0
2,2,0
4,4,0
3,3,0
2,2,0
0,0,0
11,11,0
2,4,2
2,11,9
9,9,0
3,17,14
2,4,2
3,3,0
0,0,0
2,7,5
9,9,0
2,2,0
2,2,0
1,20,19
3,6,3
3,5,2
2,4,2
3,3,0
3,3,0
3,3,0
3,5,2
2,2,0
2,3,1
2,5,3
3,8,5
55,55,0
2,2,0
3,8,5
2,2,0
3,3,0
1,20,19
2,4,2
21,21,0
2,2,0
5,5,0
3,7,4
2,2,0
2,4,2
2,5,3
2,22,20
0,0,0
3,3,0
2,4,2
2,4,2
4,4,0
2,2,0
2,2,0
2,3,1
2,3,1
2,2,0
3,3,0
2,12,10
2,2,0
8,8,0
3,11,8
3,25,22
2,3,1
3,3,0
4,4,0
0,0,0
2,12,10
3,5,2
2,13,11
2,2,0
3,5,2
2,2,0
2,2,0
2,2,0
8,8,0
3,5,2
3,3,0
1,2,1
4,4,0
2,3,1
2,2,0
2,2,0
2,2,0
3,3,0
2,2,0
2,4,2
7,7,0
2,80,78
3,9,6
3,3,0
2,2,0
2,2,0
3,3,0
2,3,1
2,14,12
2,5,3
2,2,0
3,3,0
3,11,8
3,3,0
3,5,2
1,2,1
1,1,0
2,2,0
107,107,0
3,4,1
3,3,0
2,2,0
2,90,88
0,0,0
48,53,5
3,13,10
3,56,53
2,4,2
2,6,4
3,3,0
2,2,0
1,4,3
2,2,0
2,2,0
3,5,2
3,21,18
3,3,0
2,2,0
94,174,80
2,2,0
1,23,22
0,0,0
2,2,0
2,4,2
22,22,0
2,2,0
2,2,0
2,2,0
2,4,2
1,2,1
2,4,2
2,2,0
2,2,0
2,8,6
2,14,12
2,6,4
2,4,2
0,0,0
2,9,7
2,2,0
2,4,2
2,2,0
2,2,0
2,2,0
2,2,0
3,3,0
100,105,5
2,2,0
9,9,0
2,2,0
3,3,0
2,2,0
14,33,19
2,10,8
0,0,0
37,108,71
2,2,0
2,2,0
1,2,1
2,2,0
2,2,0
2,2,0
1,3,2
2,2,0
2,3,1
3,8,5
3,3,0
1,3,2
0,0,0
2,2,0
2,2,0
3,3,0
3,12,9
2,4,2
44,44,0
3,3,0
8,8,0
3,5,2
2,2,0
2,2,0
3,3,0
2,2,0
2,2,0
2,2,0
3,3,0
2,6,4
1,1,0
6,35,29
2,2,0
2,2,0
3,11,8
22,24,2
2,4,2
2,2,0
5,5,0
2,2,0
3,5,2
3,5,2
3,12,9
0,0,0
2,2,0
2,2,0
81,205,124
3,6,3
2,2,0
3,3,0
1,1,0
2,4,2
2,2,0
2,3,1
3,3,0
15,28,13
0,0,0
2,2,0
2,2,0
1,2,1
4,4,0
2,2,0
1,21,20
3,3,0
34,34,0
2,2,0
2,2,0
2,2,0
2,3,1
2,2,0
2,2,0
2,2,0
2,2,0
11,12,1
2,2,0
2,8,6
3,3,0
0,0,0
2,6,4
3,5,2
1,62,61
2,2,0
2,2,0
3,5,2
2,9,7
3,3,0
3,5,2
68,68,0
3,3,0
3,3,0
8,8,0
2,2,0
3,3,0
3,12,9
11,14,3
6,6,0
8,8,0
13,14,1
6,35,29
2,27,25
2,8,6
2,11,9
2,2,0
1,1,0
2,3,1
54,55,1
1,22,21
9,9,0
2,4,2
43,44,1
132,132,0
15,15,0
8,8,0
139,216,77
3,4,1
4,10,6
1,2,1
100,104,4
1,8,7
3,3,0
3,3,0
3,3,0
2,3,1
0,0,0
2,6,4
2,2,0
1,3,2
3,3,0
0,0,0
2,2,0
1,1,0
2,6,4
3,3,0
0,0,0
6,7,1
8,8,0
2,2,0
2,9,7
0,0,0
3,3,0
2,2,0
2,2,0
2,6,4
2,2,0
2,7,5
3,3,0
2,2,0
3,11,8
2,2,0
2,2,0
2,9,7
2,29,27
2,2,0
12,12,0
0,0,0
28,28,0
2,2,0
3,3,0
3,3,0
2,2,0
3,3,0
2,2,0
20,20,0
3,9,6
3,3,0
1,1,0
3,3,0
6,10,4
22,65,43
1,2,1
2,2,0
2,2,0
3,3,0
3,3,0
2,2,0
2,4,2
1,2,1
2,3,1
2,2,0
2,4,2
97,106,9
12,12,0
2,2,0
8,8,0
2,2,0
2,2,0
2,2,0
2,18,16
2,7,5
2,2,0
3,7,4
1,1,0
1,2,1
2,2,0
3,3,0
3,3,0
3,7,4
1,1,0
2,2,0
2,2,0
3,11,8
3,11,8
3,5,2
7,16,9
2,2,0
10,10,0
2,2,0
3,3,0
3,3,0
2,4,2
1,1,0
3,3,0
2,4,2
2,2,0
3,3,0
8,8,0
2,4,2
3,3,0
1,7,6
11,11,0
2,2,0
3,3,0
2,4,2
3,3,0
3,3,0
2,6,4
3,3,0
2,2,0
2,2,0
0,0,0
0,0,0
4,8,4
3,11,8
2,2,0
3,3,0
2,2,0
2,8,6
2,37,35
1,2,1
2,4,2
2,2,0
2,2,0
2,2,0
2,2,0
18,21,3
2,2,0
21,21,0
8,15,7
9,9,0
100,100,0
3,3,0
2,2,0
2,2,0
2,4,2
2,2,0
3,6,3
8,8,0
3,6,3
9,9,0
100,100,0
2,2,0
8,8,0
0,0,0
8,8,0
2,9,7
13,13,0
1,10,9
3,3,0
2,2,0
2,2,0
3,11,8
2,2,0
8,11,3
15,16,1
3,3,0
0,0,0
2,2,0
2,2,0
2,119,117
3,5,2
3,3,0
2,7,5
2,4,2
3,5,2
3,3,0
2,2,0
3,3,0
5,5,0
3,3,0
2,2,0
1,2,1
3,3,0
2,2,0
8,8,0
10,10,0
3,5,2
2,2,0
2,4,2
2,2,0
3,5,2
12,13,1
2,2,0
1,1,0
1,2,1
3,4,1
2,2,0
2,2,0
0,0,0
2,4,2
2,13,11
2,2,0
0,0,0
2,2,0
2,4,2
1,1,0
2,8,6
6,7,1
2,2,0
1,6,5
2,7,5
2,2,0
2,2,0
2,2,0
9,9,0
2,8,6
2,2,0
6,6,0
3,3,0
3,19,16
1,15,14
3,13,10
2,2,0
3,3,0
2,2,0
1,23,22
2,2,0
2,2,0
2,3,1
8,9,1
2,2,0
19,19,0
2,2,0
2,4,2
0,0,0
2,2,0
2,2,0
4,6,2
1,44,43
9,9,0
1,2,1
1,2,1
8,8,0
3,5,2
16,18,2
4,14,10
2,2,0
1,12,11
1,40,39
2,2,0
2,2,0
2,4,2
24,24,0
2,2,0
3,3,0
2,2,0
3,3,0
3,3,0
2,2,0
2,2,0
2,2,0
19,143,124
4,5,1
3,6,3
3,3,0
5,9,4
0,0,0
1,1,0
0,0,0
3,3,0
2,8,6
0,0,0
3,7,4
2,2,0
2,2,0
2,2,0
2,2,0
3,3,0
3,3,0
3,3,0
2,82,80
2,4,2
1,1,0
96,135,39
3,3,0
2,2,0
3,7,4
3,9,6
2,56,54
49,49,0
14,14,0
3,5,2
0,0,0
2,4,2
2,2,0
1,1,0
2,3,1
3,3,0
2,2,0
3,3,0
2,2,0
2,2,0
2,3,1
47,144,97
3,5,2
2,2,0
2,6,4
3,3,0
2,4,2
2,2,0
1,1,0
23,23,0
1,1,0
2,2,0
2,2,0
2,2,0
3,3,0
3,3,0
8,16,8
0,0,0
3,7,4
2,2,0
2,2,0
2,2,0
1,4,3
11,11,0
3,5,2
2,3,1
3,13,10
2,2,0
2,39,37
2,2,0
8,8,0
0,0,0
2,14,12
2,2,0
3,3,0
2,2,0
2,2,0
2,2,0
4,4,0
2,2,0
1,2,1
2,2,0
9,9,0
4,4,0
3,3,0
3,8,5
2,2,0
2,2,0
2,2,0
2,2,0
2,2,0
2,2,0
2,2,0
2,2,0
20,85,65
3,13,10
2,2,0
11,11,0
2,8,6
2,2,0
2,2,0
2,2,0
2,2,0
1,1,0
3,3,0
2,2,0
102,102,0
2,2,0
6,6,0
2,11,9
2,2,0
2,8,6
2,2,0
2,2,0
2,2,0
1,3,2
3,3,0
3,3,0
2,6,4
0,0,0
6,6,0
3,3,0
1,26,25
14,16,2
0,0,0
2,2,0
3,3,0
2,2,0
6,27,21
2,2,0
2,6,4
7,10,3
44,44,0
9,14,5
2,8,6
2,23,21
3,8,5
9,20,11
2,2,0
2,4,2
2,2,0
1,14,13
8,8,0
2,4,2
2,26,24
3,4,1
2,6,4
3,5,2
2,2,0
3,3,0
2,2,0
23,23,0
3,3,0
3,5,2
3,5,2
10,10,0
8,8,0
1,1,0
3,10,7
2,17,15
1,1,0
1,2,1
0,0,0
2,2,0
3,3,0
2,8,6
81,81,0
2,2,0
2,4,2
2,2,0
3,3,0
2,2,0
3,7,4
1,2,1
1,2,1
3,5,2
2,2,0
2,2,0
2,3,1
2,2,0
2,2,0
3,3,0
1,1,0
7,9,2
2,2,0
2,2,0
2,2,0
2,3,1
3,3,0
2,2,0
2,2,0
2,8,6
2,2,0
1,30,29
3,5,2
17,20,3
2,2,0
11,11,0
0,0,0
4,10,6
1,2,1
1,1,0
2,2,0
3,18,15
2,3,1
2,2,0
1,5,4
2,2,0
2,2,0
2,2,0
3,9,6
2,2,0
3,3,0
3,5,2
3,6,3
2,2,0
1,8,7
2,3,1
3,3,0
2,3,1
0,0,0
2,4,2
2,7,5
3,3,0
2,10,8
2,8,6
3,4,1
2,2,0
3,4,1
3,3,0
2,2,0
0,0,0
3,7,4
2,18,16
2,8,6
2,21,19
3,5,2
2,3,1
0,0,0
2,4,2
2,2,0
2,2,0
8,11,3
3,12,9
2,3,1
1,1,0
2,2,0
2,2,0
9,9,0
2,2,0
3,3,0
1,1,0
7,21,14
2,2,0
2,2,0
2,10,8
2,2,0
3,5,2
3,5,2
2,2,0
2,3,1
2,2,0
1,3,2
19,19,0
20,20,0
2,2,0
3,7,4
7,10,3
3,5,2
2,2,0
9,9,0
51,51,0
2,2,0
2,6,4
1,2,1
8,8,0
12,12,0
3,3,0
1,2,1
2,2,0
2,2,0
3,80,77
5,5,0
2,2,0
5,5,0
3,5,2
3,14,11
1,2,1
2,2,0
3,4,1
2,9,7
2,2,0
60,60,0
3,3,0
2,2,0
1,2,1
3,3,0
1,96,95
3,3,0
2,2,0
1,1,0
0,0,0
3,3,0
2,2,0
2,2,0
51,51,0
2,5,3
2,2,0
3,3,0
2,2,0
2,52,50
3,3,0
1,12,11
2,63,61
3,10,7
3,3,0
1,1,0
2,2,0
4,6,2
2,2,0
3,3,0
3,7,4
3,3,0
1,209,208
3,3,0
2,57,55
2,14,12
63,63,0
2,5,3
3,3,0
2,3,1
2,2,0
2,2,0
2,2,0
10,10,0
2,4,2
3,5,2
2,2,0
3,7,4
3,3,0
2,2,0
2,6,4
3,6,3
1,9,8
2,5,3
2,6,4
2,2,0
9,12,3
2,5,3
2,2,0
1,2,1
2,4,2
3,15,12
2,2,0
2,8,6
7,7,0
9,9,0
4,7,3
3,5,2
10,10,0
3,3,0
1,1,0
5,27,22
3,3,0
1,2,1
2,2,0
3,3,0
2,2,0
2,2,0
3,7,4
18,24,6
2,4,2
8,9,1
4,7,3
1,1,0
3,3,0
2,2,0
3,3,0
3,3,0
3,3,0
9,9,0
1,14,13
2,2,0
20,20,0
2,2,0
2,2,0
2,2,0
3,6,3
3,6,3
2,11,9
14,14,0
2,2,0
9,9,0
3,3,0
3,3,0
2,3,1
2,2,0
3,7,4
3,3,0
2,5,3
0,0,0
0,0,0
4,5,1
2,4,2
3,3,0
100,104,4
3,5,2
2,4,2
2,2,0
2,2,0
2,2,0
2,2,0
2,3,1
8,16,8
3,3,0
2,2,0
1,1,0
2,49,47
3,5,2
2,2,0
3,9,6
3,6,3
2,8,6
3,3,0
2,2,0
2,2,0
2,82,80
2,2,0
3,3,0
2,3,1
2,3,1
2,7,5
2,2,0
2,10,8
2,13,11
1,2,1
0,0,0
3,3,0
2,2,0
24,26,2
1,1,0
3,3,0
2,4,2
2,2,0
3,3,0
2,4,2
2,6,4
3,3,0
26,26,0
1,9,8
3,5,2
2,2,0
2,2,0
3,5,2
2,2,0
9,9,0
2,2,0
2,2,0
3,3,0
2,2,0
15,15,0
2,5,3
9,9,0
2,2,0
2,4,2
3,3,0
1,1,0
8,8,0
2,2,0
102,102,0
2,2,0
4,5,1
3,3,0
1,2,1
2,2,0
8,8,0
1,1,0
2,2,0
2,2,0
2,2,0
3,6,3
3,4,1
2,10,8
3,8,5
81,94,13
2,2,0
20,20,0
2,2,0
9,9,0
4,13,9
1,1,0
3,3,0
3,3,0
2,2,0
9,9,0
4,4,0
3,3,0
8,8,0
1,9,8
1,2,1
8,8,0
3,5,2
5,5,0
3,5,2
3,9,6
2,2,0
2,2,0
2,12,10
2,6,4
2,2,0
3,4,1
8,12,4
2,2,0
1,25,24
3,3,0
2,2,0
11,15,4
3,8,5
2,111,109
2,2,0
1,41,40
2,4,2
2,2,0
8,8,0
2,2,0
2,2,0
1,1,0
56,56,0
2,7,5
3,5,2
3,3,0
2,83,81
3,3,0
2,4,2
3,7,4
1,1,0
0,0,0
3,7,4
2,2,0
3,3,0
2,11,9
0,0,0
2,2,0
2,2,0
2,4,2
2,2,0
3,7,4
2,2,0
8,8,0
2,13,11
7,7,0
8,8,0
12,12,0
51,51,0
2,2,0
3,3,0
1,4,3
8,8,0
2,2,0
2,2,0
3,7,4
2,2,0
2,2,0
2,2,0
2,3,1
3,3,0
4,6,2
24,40,16
3,8,5
2,2,0
3,9,6
26,28,2
2,2,0
1,2,1
2,2,0
10,10,0
60,60,0
2,63,61
1,22,21
19,21,2
2,2,0
2,2,0
2,2,0
1,2,1
3,3,0
2,2,0
1,2,1
1,3,2
3,6,3
2,2,0
3,3,0
2,2,0
2,2,0
1,9,8
2,2,0
2,2,0
2,8,6
5,6,1
2,4,2
2,45,43
2,2,0
1,2,1
2,2,0
2,2,0
2,2,0
120,120,0
3,3,0
1,1,0
3,3,0
9,9,0
2,2,0
2,2,0
2,2,0
2,2,0
2,2,0
3,4,1
3,3,0
1,2,1
3,8,5
0,0,0
2,2,0
3,7,4
3,3,0
2,2,0
2,7,5
3,3,0
2,4,2
2,4,2
6,6,0
3,3,0
2,4,2
3,3,0
2,3,1
0,0,0
3,3,0
2,2,0
1,2,1
2,2,0
1,1,0
9,9,0
3,3,0
1,7,6
11,11,0
2,2,0
4,4,0
2,96,94
8,8,0
1,1,0
2,2,0
3,3,0
3,6,3
2,2,0
3,5,2
3,3,0
27,30,3
3,3,0
15,15,0
10,14,4
3,5,2
3,5,2
68,68,0
2,2,0
0,0,0
1,1,0
2,2,0
3,5,2
2,4,2
2,2,0
2,2,0
3,3,0
3,5,2
2,2,0
7,7,0
2,2,0
3,3,0
2,2,0
9,9,0
3,9,6
2,2,0
1,3,2
3,9,6
2,2,0
6,6,0
2,2,0
2,2,0
8,8,0
5,7,2
5,5,0
10,14,4
2,5,3
3,3,0
2,2,0
100,104,4
3,4,1
3,5,2
103,112,9
3,3,0
2,2,0
3,3,0
2,4,2
2,2,0
3,3,0
3,7,4
7,7,0
2,2,0
5,5,0
9,9,0
3,5,2
3,3,0
98,195,97
1,23,22
1,3,2
2,2,0
2,3,1
2,2,0
2,2,0
8,13,5
2,2,0
1,11,10
22,22,0
51,51,0
1,1,0
4,7,3
1,1,0
4,4,0
3,3,0
3,3,0
2,2,0
3,5,2
2,4,2
3,3,0
3,3,0
1,2,1
1,3,2
3,6,3
3,3,0
3,3,0
2,4,2
2,2,0
1,20,19
3,8,5
2,2,0
5,5,0
2,6,4
0,0,0
2,2,0
2,4,2
2,2,0
2,2,0
2,2,0
0,0,0
74,74,0
2,6,4
9,9,0
2,4,2
0,0,0
10,12,2
1,19,18
2,5,3
2,2,0
2,6,4
3,3,0
16,17,1
10,10,0
2,2,0
2,2,0
4,4,0
0,0,0
3,3,0
2,4,2
2,2,0
3,9,6
2,2,0
2,2,0
2,4,2
8,8,0
8,12,4
2,8,6
7,7,0
1,1,0
2,2,0
2,2,0
2,2,0
2,2,0
3,5,2
35,38,3
3,9,6
2,2,0
2,2,0
3,3,0
3,5,2
2,2,0
1,1,0
2,2,0
0,0,0
2,7,5
3,3,0
2,3,1
3,3,0
2,2,0
1,1,0
56,56,0
5,5,0
2,4,2
2,2,0
6,6,0
118,207,89
3,3,0
2,37,35
3,3,0
18,18,0
3,3,0
3,3,0
2,2,0
2,2,0
3,3,0
2,2,0
2,2,0
3,3,0
2,5,3
2,4,2
2,4,2
1,96,95
2,4,2
2,2,0
1,2,1
2,2,0
2,2,0
2,14,12
3,3,0
3,7,4
1,5,4
3,11,8
2,2,0
4,4,0
1,2,1
1,1,0
2,2,0
3,5,2
0,0,0
1,2,1
1,2,1
2,19,17
2,4,2
3,3,0
9,9,0
3,5,2
2,2,0
2,5,3
1,1,0
8,8,0
6,10,4
2,2,0
2,2,0
2,2,0
1,1,0
0,0,0
3,3,0
2,2,0
1,1,0
2,2,0
2,2,0
3,5,2
1,1,0
1,1,0
2,7,5
51,51,0
8,8,0
3,5,2
6,9,3
1,4,3
1,23,22
12,12,0
11,11,0
0,0,0
2,2,0
2,2,0
98,204,106
8,8,0
3,5,2
9,9,0
2,2,0
2,2,0
2,3,1
2,9,7
0,0,0
1,4,3
2,3,1
3,3,0
1,19,18
3,5,2
2,2,0
2,2,0
3,3,0
2,2,0
2,2,0
2,2,0
2,8,6
2,2,0
2,2,0
1,22,21
0,0,0
2,3,1
88,88,0
3,3,0
2,2,0
5,5,0
2,2,0
2,4,2
8,8,0
0,0,0
2,2,0
2,2,0
2,27,25
3,3,0
9,19,10
2,2,0
2,2,0
3,5,2
2,2,0
3,3,0
2,2,0
129,129,0
3,3,0
2,80,78
2,2,0
4,5,1
1,1,0
2,2,0
2,6,4
2,4,2
2,18,16
2,6,4
3,7,4
0,0,0
3,3,0
26,30,4
3,5,2
3,3,0
2,2,0
2,23,21
2,2,0
3,8,5
2,2,0
3,3,0
2,2,0
2,2,0
3,3,0
2,2,0
2,2,0
2,2,0
2,2,0
2,4,2
3,3,0
3,3,0
3,3,0
2,6,4
3,4,1
2,2,0
3,16,13
21,21,0
2,4,2
2,2,0
2,2,0
0,0,0
3,5,2
2,2,0
1,58,57
1,2,1
2,2,0
3,7,4
2,3,1
2,4,2
2,2,0
2,4,2
2,3,1
22,22,0
2,2,0
2,4,2
0,0,0
2,27,25
3,9,6
2,2,0
14,14,0
2,2,0
2,5,3
1,1,0
9,9,0
2,2,0
4,4,0
72,74,2
8,8,0
2,2,0
0,0,0
51,51,0
24,25,1
2,2,0
2,4,2
3,3,0
4,14,10
2,2,0
1,2,1
3,3,0
3,23,20
0,0,0
3,3,0
3,15,12
2,6,4
1,3,2
6,10,4
2,2,0
2,2,0
2,4,2
41,41,0
1,1,0
20,23,3
3,3,0
2,2,0
3,3,0
3,3,0
100,100,0
3,9,6
2,11,9
2,4,2
2,47,45
2,3,1
3,3,0
2,2,0
3,3,0
3,5,2
2,7,5
0,0,0
1,2,1
2,4,2
2,2,0
0,0,0
2,2,0
2,2,0
2,2,0
9,17,8
2,2,0
3,9,6
2,2,0
2,2,0
1,2,1
1,5,4
2,5,3
3,7,4
2,2,0
3,3,0
3,3,0
3,3,0
2,2,0
3,3,0
3,3,0
2,2,0
2,43,41
3,3,0
3,3,0
3,3,0
2,2,0
3,3,0
3,6,3
3,3,0
3,3,0
60,73,13
46,54,8
0,0,0
2,88,86
2,2,0
3,7,4
3,3,0
45,45,0
10,10,0
2,3,1
3,4,1
2,2,0
3,5,2
97,97,0
3,3,0
3,3,0
3,3,0
3,9,6
2,2,0
2,2,0
3,3,0
1,28,27
2,2,0
2,2,0
3,3,0
1,96,95
2,3,1
58,58,0
2,4,2
39,39,0
3,3,0
3,3,0
3,5,2
5,5,0
2,2,0
10,10,0
2,2,0
15,15,0
2,2,0
2,2,0
1,7,6
3,3,0
2,82,80
2,4,2
35,35,0
2,5,3
8,87,79
3,12,9
46,54,8
30,30,0
3,3,0
2,4,2
1,1,0
2,2,0
3,3,0
2,2,0
8,8,0
3,3,0
1,23,22
1,2,1
2,2,0
2,2,0
2,5,3
2,2,0
3,3,0
3,5,2
14,14,0
2,2,0
3,5,2
0,0,0
17,17,0
2,3,1
2,21,19
2,2,0
3,7,4
5,5,0
8,8,0
3,7,4
2,2,0
37,108,71
3,3,0
2,2,0
2,4,2
3,3,0
2,2,0
39,93,54
3,9,6
2,2,0
2,2,0
3,4,1
3,9,6
2,2,0
8,8,0
1,1,0
2,9,7
4,4,0
1,1,0
8,8,0
2,2,0
3,3,0
3,3,0
0,0,0
9,9,0
3,3,0
2,4,2
2,2,0
7,36,29
0,0,0
1,1,0
1,118,117
3,3,0
10,20,10
2,2,0
3,3,0
2,2,0
1,16,15
2,11,9
3,5,2
1,2,1
2,2,0
2,2,0
9,9,0
2,2,0
2,6,4
2,4,2
2,3,1
2,2,0
2,4,2
2,4,2
2,4,2
8,8,0
2,13,11
26,26,0
2,2,0
3,3,0
8,8,0
2,14,12
8,8,0
3,3,0
3,3,0
18,18,0
2,4,2
1,1,0
46,54,8
39,39,0
2,4,2
2,2,0
3,9,6
2,2,0
2,10,8
9,9,0
2,4,2
10,12,2
3,5,2
2,2,0
1,1,0
2,2,0
2,4,2
2,2,0
2,2,0
17,17,0
2,82,80
1,3,2
8,8,0
3,6,3
2,4,2
3,7,4
2,2,0
3,3,0
3,3,0
3,3,0
6,6,0
0,0,0
1,1,0
2,28,26
2,2,0
2,82,80
3,3,0
2,2,0
1,1,0
5,7,2
2,8,6
3,11,8
2,8,6
9,9,0
2,9,7
2,2,0
30,30,0
3,3,0
3,5,2
2,2,0
2,2,0
2,84,82
3,3,0
3,6,3
3,3,0
8,8,0
3,5,2
3,5,2
3,3,0
2,2,0
3,6,3
2,7,5
2,2,0
0,0,0
3,3,0
1,1,0
2,2,0
4,4,0
15,15,0
2,2,0
5,5,0
3,7,4
1,1,0
2,2,0
3,3,0
1,2,1
2,4,2
1,3,2
3,3,0
6,6,0
2,2,0
3,9,6
2,2,0
1,3,2
3,3,0
2,11,9
3,5,2
3,6,3
0,0,0
2,2,0
3,8,5
2,12,10
2,2,0
2,2,0
8,12,4
5,5,0
1,7,6
2,4,2
3,3,0
2,2,0
22,22,0
3,3,0
0,0,0
3,3,0
1,1,0
2,4,2
32,35,3
2,2,0
2,2,0
54,54,0
2,2,0
2,2,0
0,0,0
3,3,0
2,2,0
3,3,0
2,6,4
3,5,2
2,4,2
3,3,0
3,9,6
3,5,2
2,4,2
2,3,1
2,2,0
0,0,0
8,8,0
1,1,0
2,2,0
3,4,1
2,2,0
0,0,0
3,3,0
2,3,1
2,2,0
2,2,0
2,2,0
2,3,1
16,16,0
2,2,0
1,2,1
2,2,0
3,8,5
0,0,0
1,1,0
1,1,0
1,1,0
4,4,0
9,9,0
6,22,16
3,7,4
2,7,5
39,82,43
3,3,0
2,80,78
3,5,2
2,2,0
3,3,0
2,2,0
2,8,6
1,1,0
0,0,0
8,8,0
1,3,2
3,3,0
2,8,6
2,2,0
1,1,0
0,0,0
2,2,0
2,4,2
0,0,0
3,3,0
0,0,0
3,5,2
2,11,9
2,2,0
2,2,0
2,4,2
2,2,0
2,4,2
3,3,0
2,2,0
3,7,4
2,2,0
3,5,2
0,0,0
3,5,2
2,4,2
0,0,0
54,73,19
9,9,0
1,13,12
3,7,4
3,3,0
2,2,0
2,4,2
2,2,0
2,7,5
3,3,0
3,3,0
3,12,9
2,2,0
3,73,70
3,3,0
2,2,0
3,5,2
3,5,2
2,2,0
1,5,4
2,2,0
9,9,0
3,3,0
2,6,4
2,2,0
51,51,0
3,5,2
2,3,1
1,7,6
2,6,4
2,2,0
3,12,9
1,2,1
3,5,2
2,2,0
2,2,0
24,69,45
2,8,6
2,3,1
11,11,0
2,84,82
46,46,0
2,2,0
1,1,0
2,2,0
6,7,1
2,2,0
2,2,0
3,10,7
2,2,0
8,8,0
2,2,0
2,80,78
1,1,0
2,2,0
2,2,0
6,6,0
8,8,0
1,11,10
2,2,0
2,2,0
3,3,0
0,0,0
2,9,7
2,90,88
15,15,0
2,2,0
2,2,0
2,12,10
3,7,4
2,2,0
4,4,0
2,2,0
2,4,2
3,9,6
1,6,5
2,2,0
77,77,0
71,71,0
1,2,1
10,12,2
2,2,0
2,2,0
9,9,0
3,3,0
4,4,0
2,6,4
3,3,0
2,11,9
1,2,1
3,5,2
11,11,0
37,99,62
2,2,0
2,4,2
2,2,0
2,2,0
2,2,0
3,3,0
3,3,0
3,9,6
3,3,0
4,4,0
9,9,0
35,35,0
1,1,0
2,6,4
3,3,0
2,4,2
11,11,0
11,11,0
2,2,0
3,5,2
2,2,0
9,9,0
52,52,0
2,2,0
13,13,0
1,21,20
2,2,0
2,5,3
2,6,4
2,21,19
2,2,0
3,3,0
3,5,2
2,6,4
1,3,2
2,2,0
5,7,2
3,3,0
3,3,0
3,7,4
2,4,2
2,4,2
3,7,4
2,2,0
2,9,7
2,3,1
2,13,11
3,5,2
2,2,0
0,0,0
3,3,0
2,2,0
2,2,0
2,2,0
8,8,0
2,6,4
406,417,11
2,57,55
1,2,1
2,2,0
20,20,0
2,2,0
100,100,0
2,4,2
8,8,0
2,2,0
2,3,1
3,5,2
3,3,0
8,8,0
3,3,0
2,4,2
2,2,0
2,2,0
0,0,0
1,1,0
2,8,6
2,2,0
0,0,0
3,3,0
2,2,0
9,9,0
10,10,0
66,68,2
3,3,0
1,27,26
0,0,0
11,25,14
1,30,29
8,13,5
2,2,0
160,160,0
3,3,0
4,4,0
2,2,0
2,4,2
4,4,0
59,62,3
2,2,0
0,0,0
8,11,3
2,4,2
3,6,3
8,8,0
3,50,47
3,4,1
2,2,0
2,48,46
2,2,0
2,4,2
2,5,3
3,5,2
2,2,0
406,417,11
2,5,3
9,9,0
8,8,0
2,2,0
11,11,0
3,3,0
4,53,49
2,2,0
2,4,2
1,5,4
3,3,0
2,3,1
3,3,0
2,2,0
2,4,2
2,2,0
2,2,0
3,3,0
1,1,0
0,0,0
2,2,0
2,2,0
3,9,6
3,3,0
2,2,0
3,3,0
3,3,0
2,4,2
3,14,11
2,2,0
2,4,2
2,2,0
2,2,0
9,9,0
9,9,0
10,10,0
2,2,0
2,2,0
3,3,0
7,7,0
3,3,0
3,3,0
2,2,0
2,4,2
3,4,1
2,2,0
2,3,1
2,2,0
2,2,0
4,4,0
2,2,0
2,2,0
2,2,0
2,5,3
1,1,0
56,56,0
3,3,0
4,4,0
3,5,2
3,5,2
3,3,0
3,5,2
3,5,2
3,4,1
2,4,2
2,2,0
8,8,0
8,8,0
3,5,2
2,9,7
2,2,0
3,3,0
3,3,0
2,2,0
3,7,4
1,5,4
2,2,0
2,2,0
3,3,0
3,3,0
42,44,2
1,1,0
2,26,24
2,2,0
2,2,0
2,2,0
11,11,0
2,2,0
2,2,0
2,2,0
2,2,0
3,5,2
2,2,0
3,7,4
2,2,0
2,4,2
2,2,0
2,2,0
3,9,6
7,7,0
8,26,18
2,4,2
1,2,1
2,2,0
2,2,0
2,2,0
2,2,0
2,2,0
2,2,0
2,2,0
51,51,0
2,5,3
2,9,7
2,2,0
2,2,0
3,7,4
3,3,0
2,2,0
3,3,0
2,13,11
2,23,21
2,2,0
2,4,2
51,51,0
2,2,0
2,4,2
2,5,3
11,11,0
2,3,1
2,2,0
2,2,0
4,11,7
2,2,0
2,2,0
3,3,0
2,2,0
1,6,5
2,2,0
3,5,2
18,18,0
1,2,1
2,2,0
3,17,14
2,2,0
14,14,0
2,2,0
2,2,0
8,8,0
2,4,2
2,2,0
5,5,0
3,3,0
2,8,6
2,2,0
1,27,26
3,3,0
3,5,2
3,5,2
3,5,2
2,2,0
29,87,58
2,2,0
2,2,0
2,4,2
2,2,0
2,2,0
2,2,0
2,5,3
3,5,2
2,2,0
8,8,0
6,8,2
2,2,0
2,12,10
0,0,0
2,2,0
2,2,0
2,2,0
2,2,0
3,3,0
2,2,0
2,2,0
2,2,0
3,7,4
2,2,0
2,2,0
2,2,0
2,3,1
2,2,0
2,2,0
3,3,0
2,9,7
1,1,0
26,36,10
2,2,0
3,7,4
2,2,0
2,2,0
2,33,31
3,3,0
2,19,17
2,2,0
2,4,2
2,3,1
2,2,0
2,2,0
1,2,1
2,2,0
2,15,13
1,3,2
2,2,0
2,2,0
20,20,0
1,25,24
3,5,2
3,12,9
2,2,0
7,7,0
2,2,0
1,8,7
2,2,0
3,5,2
99,99,0
2,2,0
3,9,6
2,2,0
2,82,80
2,4,2
3,3,0
3,6,3
3,3,0
38,126,88
3,3,0
2,9,7
15,15,0
3,3,0
2,4,2
2,8,6
2,14,12
3,4,1
3,3,0
2,2,0
2,2,0
9,9,0
8,8,0
2,2,0
2,2,0
2,2,0
2,2,0
2,2,0
22,25,3
2,4,2
2,2,0
2,2,0
3,5,2
2,4,2
2,4,2
2,2,0
2,2,0
1,2,1
53,53,0
3,3,0
2,2,0
2,2,0
9,9,0
3,9,6
2,6,4
2,2,0
3,5,2
90,90,0
7,7,0
2,123,121
2,4,2
2,2,0
2,2,0
1,2,1
3,9,6
3,5,2
2,2,0
2,3,1
3,6,3
3,3,0
2,2,0
2,6,4
2,4,2
22,22,0
51,53,2
70,116,46
2,5,3
4,4,0
2,2,0
1,7,6
2,2,0
2,2,0
2,57,55
2,2,0
2,2,0
1,1,0
3,5,2
1,4,3
2,2,0
21,21,0
2,2,0
1,4,3
2,6,4
2,2,0
2,2,0
2,2,0
9,9,0
1,2,1
8,8,0
3,3,0
2,3,1
2,4,2
2,2,0
3,3,0
2,2,0
3,4,1
2,2,0
4,6,2
2,2,0
3,3,0
30,30,0
2,8,6
3,3,0
2,6,4
3,3,0
2,4,2
3,3,0
3,10,7
3,3,0
3,3,0
19,20,1
1,1,0
8,8,0
2,2,0
8,8,0
8,8,0
2,7,5
2,2,0
9,9,0
2,2,0
1,2,1
2,2,0
1,1,0
2,2,0
2,2,0
3,3,0
0,0,0
2,2,0
7,7,0
20,28,8
2,2,0
2,2,0
3,5,2
2,2,0
0,0,0
2,2,0
2,6,4
2,2,0
2,4,2
1,3,2
3,8,5
2,3,1
3,3,0
2,4,2
3,5,2
1,1,0
3,3,0
10,11,1
2,7,5
1,2,1
3,3,0
2,2,0
1,1,0
8,8,0
2,2,0
0,0,0
0,0,0
2,2,0
11,11,0
1,2,1
3,3,0
2,2,0
8,8,0
12,12,0
147,204,57
19,19,0
3,7,4
21,21,0
8,8,0
3,3,0
2,2,0
2,12,10
3,9,6
56,56,0
2,2,0
46,46,0
3,5,2
2,2,0
4,4,0
7,12,5
2,88,86
3,9,6
2,5,3
2,2,0
8,8,0
8,8,0
2,4,2
2,2,0
2,2,0
3,3,0
14,14,0
3,3,0
0,0,0
2,2,0
0,0,0
2,2,0
2,13,11
11,15,4
3,20,17
2,5,3
2,2,0
3,6,3
0,0,0
0,0,0
3,5,2
3,7,4
2,13,11
1,1,0
2,5,3
2,4,2
2,2,0
42,42,0
2,2,0
50,55,5
3,3,0
2,2,0
3,5,2
2,2,0
1,22,21
3,5,2
2,2,0
2,2,0
2,2,0
2,2,0
0,0,0
3,6,3
2,2,0
8,8,0
3,5,2
120,120,0
37,39,2
2,2,0
3,3,0
2,6,4
2,2,0
2,2,0
2,2,0
2,2,0
3,6,3
3,3,0
3,7,4
7,7,0
2,4,2
2,2,0
3,10,7
2,2,0
2,2,0
3,3,0
2,4,2
3,5,2
2,5,3
3,5,2
3,3,0
2,2,0
3,5,2
2,2,0
2,2,0
2,2,0
86,92,6
0,0,0
2,2,0
3,3,0
2,2,0
2,3,1
3,28,25
2,2,0
2,2,0
2,2,0
3,3,0
4,8,4
2,11,9
3,3,0
3,3,0
3,5,2
2,2,0
1,18,17
3,3,0
8,8,0
3,6,3
0,0,0
2,2,0
2,2,0
12,12,0
6,6,0
2,2,0
2,2,0
1,2,1
2,4,2
2,2,0
3,5,2
2,2,0
1,1,0
2,2,0
3,5,2
1,1,0
3,3,0
1,1,0
2,2,0
2,2,0
1,1,0
3,6,3
2,4,2
2,2,0
82,146,64
24,24,0
2,2,0
56,58,2
3,9,6
1,1,0
2,92,90
2,2,0
2,2,0
4,6,2
2,3,1
3,3,0
4,6,2
3,5,2
2,2,0
3,3,0
2,3,1
2,2,0
2,6,4
3,8,5
1,5,4
70,110,40
3,4,1
3,3,0
3,3,0
3,5,2
2,2,0
42,109,67
14,14,0
2,2,0
2,2,0
3,11,8
3,3,0
147,147,0
2,6,4
2,4,2
45,45,0
2,2,0
2,6,4
44,86,42
3,3,0
2,2,0
3,7,4
1,2,1
2,6,4
2,4,2
3,7,4
3,5,2
2,2,0
16,17,1
10,10,0
39,96,57
2,4,2
2,2,0
9,9,0
3,10,7
12,12,0
3,3,0
9,9,0
2,2,0
2,2,0
2,6,4
2,2,0
2,2,0
2,2,0
1,1,0
3,5,2
4,4,0
2,2,0
2,2,0
2,3,1
14,14,0
1,2,1
1,76,75
13,16,3
12,14,2
100,100,0
3,7,4
2,4,2
2,2,0
2,2,0
2,6,4
2,2,0
2,29,27
1,3,2
1,1,0
13,14,1
2,2,0
2,2,0
2,2,0
3,3,0
3,5,2
2,2,0
3,3,0
3,7,4
2,2,0
2,2,0
0,0,0
3,5,2
3,3,0
2,2,0
2,10,8
3,5,2
2,2,0
3,5,2
3,3,0
3,5,2
3,3,0
3,3,0
2,6,4
3,3,0
3,5,2
4,6,2
8,8,0
86,86,0
2,2,0
2,12,10
6,165,159
3,3,0
3,3,0
2,2,0
3,3,0
2,4,2
1,1,0
2,16,14
2,2,0
2,2,0
2,2,0
8,15,7
2,2,0
2,2,0
32,32,0
2,2,0
1,1,0
2,4,2
2,8,6
3,3,0
2,2,0
1,26,25
2,2,0
2,11,9
2,5,3
3,5,2
2,2,0
2,2,0
51,51,0
5,5,0
2,2,0
2,2,0
3,3,0
2,27,25
2,2,0
2,2,0
2,4,2
2,2,0
2,2,0
2,2,0
3,4,1
3,3,0
9,9,0
3,13,10
3,3,0
1,2,1
2,2,0
1,1,0
3,3,0
2,2,0
2,2,0
2,5,3
4,5,1
2,7,5
3,3,0
2,8,6
2,2,0
3,8,5
30,30,0
1,2,1
2,4,2
24,26,2
0,0,0
7,22,15
3,11,8
3,3,0
8,8,0
2,2,0
21,21,0
2,19,17
3,3,0
2,2,0
1,1,0
2,10,8
3,3,0
3,14,11
3,7,4
3,3,0
1,1,0
1,2,1
12,12,0
2,2,0
3,3,0
3,5,2
2,8,6
8,8,0
16,16,0
3,3,0
2,2,0
2,2,0
3,3,0
3,5,2
0,0,0
0,0,0
6,6,0
5,5,0
2,4,2
2,2,0
2,2,0
2,55,53
3,3,0
9,9,0
2,2,0
3,6,3
3,3,0
3,3,0
3,3,0
2,2,0
2,2,0
2,2,0
3,3,0
5,5,0
34,35,1
2,2,0
0,0,0
0,0,0
3,5,2
2,7,5
107,107,0
5,7,2
3,3,0
0,0,0
89,185,96
2,2,0
2,4,2
2,3,1
2,3,1
94,174,80
2,2,0
2,2,0
2,237,235
2,2,0
2,4,2
2,2,0
3,15,12
3,5,2
2,2,0
3,5,2
1,2,1
1,1,0
51,51,0
8,8,0
1,2,1
3,18,15
3,10,7
10,12,2
2,2,0
0,0,0
2,2,0
4,6,2
1,1,0
3,3,0
2,4,2
2,2,0
14,31,17
3,3,0
2,2,0
2,2,0
2,80,78
2,3,1
2,2,0
2,2,0
4,4,0
3,3,0
2,111,109
3,3,0
2,2,0
2,2,0
3,3,0
2,5,3
3,3,0
3,9,6
2,2,0
2,6,4
2,2,0
3,3,0
2,3,1
13,13,0
2,2,0
33,34,1
3,3,0
2,4,2
1,1,0
2,2,0
3,7,4
3,3,0
2,12,10
100,109,9
2,2,0
3,8,5
2,2,0
3,3,0
3,3,0
3,5,2
2,4,2
1,1,0
1,7,6
3,4,1
12,12,0
9,9,0
3,3,0
2,9,7
4,4,0
72,72,0
1,2,1
0,0,0
3,8,5
3,7,4
19,25,6
2,11,9
2,2,0
21,21,0
2,2,0
2,3,1
2,2,0
2,2,0
0,0,0
3,3,0
2,2,0
3,3,0
20,20,0
10,12,2
3,7,4
3,3,0
2,2,0
1,4,3
3,3,0
8,8,0
2,2,0
9,9,0
3,3,0
2,2,0
3,9,6
1,2,1
2,2,0
2,2,0
0,0,0
2,2,0
2,2,0
0,0,0
2,2,0
3,3,0
2,2,0
2,2,0
8,8,0
5,5,0
2,5,3
2,2,0
2,11,9
1,24,23
2,2,0
3,3,0
2,2,0
1,21,20
2,3,1
3,4,1
2,2,0
5,5,0
3,30,27
3,3,0
15,15,0
2,84,82
2,2,0
2,6,4
3,5,2
2,2,0
2,2,0
3,8,5
4,4,0
2,2,0
2,5,3
0,0,0
2,2,0
3,3,0
2,4,2
2,2,0
2,2,0
3,3,0
2,3,1
3,3,0
3,3,0
3,3,0
6,6,0
2,2,0
0,0,0
3,5,2
2,2,0
16,17,1
5,5,0
9,9,0
2,2,0
3,3,0
7,7,0
47,47,0
4,4,0
1,3,2
2,12,10
30,30,0
3,3,0
5,34,29
2,5,3
3,5,2
2,2,0
2,4,2
3,6,3
9,9,0
2,2,0
2,2,0
32,68,36
3,3,0
2,8,6
2,2,0
4,5,1
2,2,0
2,2,0
8,8,0
2,3,1
2,2,0
2,2,0
2,2,0
2,2,0
10,12,2
1,24,23
10,10,0
0,0,0
1,1,0
2,2,0
2,2,0
3,3,0
2,2,0
3,6,3
3,3,0
9,9,0
2,2,0
2,4,2
2,2,0
3,3,0
2,57,55
2,2,0
17,17,0
2,2,0
2,2,0
3,6,3
3,11,8
1,2,1
2,2,0
6,6,0
3,3,0
3,3,0
1,1,0
3,3,0
3,7,4
2,2,0
3,12,9
2,2,0
3,5,2
1,1,0
43,43,0
3,7,4
2,5,3
3,3,0
2,2,0
9,9,0
12,12,0
3,22,19
4,11,7
3,3,0
1,15,14
2,2,0
2,2,0
2,2,0
2,2,0
2,2,0
0,0,0
2,3,1
2,2,0
9,9,0
2,2,0
2,4,2
3,3,0
2,2,0
3,3,0
2,2,0
2,6,4
2,5,3
2,2,0
3,5,2
3,3,0
2,2,0
4,5,1
3,3,0
2,2,0
2,2,0
6,6,0
2,2,0
3,3,0
2,2,0
11,11,0
2,2,0
2,2,0
2,2,0
2,2,0
12,18,6
0,0,0
2,2,0
3,5,2
4,4,0
2,82,80
2,3,1
2,2,0
4,19,15
2,8,6
1,1,0
2,2,0
3,5,2
2,2,0
2,11,9
3,3,0
3,3,0
11,11,0
2,2,0
2,4,2
2,2,0
2,2,0
8,54,46
2,2,0
0,0,0
3,9,6
2,2,0
2,2,0
3,55,52
3,21,18
2,2,0
12,14,2
1,1,0
3,5,2
2,2,0
2,2,0
3,5,2
2,2,0
1,6,5
3,5,2
0,0,0
3,3,0
2,8,6
2,2,0
2,2,0
2,2,0
1,1,0
2,5,3
3,3,0
2,4,2
2,2,0
2,10,8
2,3,1
3,3,0
9,9,0
2,2,0
3,9,6
2,4,2
4,5,1
3,3,0
2,6,4
0,0,0
2,2,0
3,3,0
2,2,0
3,5,2
2,3,1
51,53,2
2,4,2
2,2,0
1,1,0
18,18,0
2,2,0
3,3,0
2,2,0
3,3,0
2,2,0
2,8,6
9,9,0
2,2,0
1,1,0
45,45,0
2,4,2
2,2,0
1,87,86
3,3,0
1,3,2
2,2,0
2,2,0
2,2,0
2,2,0
3,6,3
2,2,0
3,3,0
2,2,0
2,4,2
3,4,1
1,2,1
2,8,6
100,100,0
2,2,0
2,6,4
0,0,0
3,25,22
3,3,0
2,2,0
2,4,2
2,2,0
3,5,2
2,2,0
2,2,0
2,3,1
2,2,0
1,20,19
3,55,52
118,142,24
2,2,0
1,1,0
2,2,0
8,8,0
2,49,47
2,2,0
2,5,3
2,2,0
2,2,0
0,0,0
1,4,3
2,2,0
1,2,1
3,3,0
3,5,2
3,3,0
2,13,11
3,3,0
2,2,0
1,1,0
22,22,0
2,2,0
9,9,0
1,1,0
2,4,2
2,2,0
2,2,0
2,2,0
2,6,4
4,4,0
51,51,0
2,6,4
2,2,0
3,6,3
2,2,0
2,2,0
2,2,0
3,3,0
2,2,0
2,82,80
1,1,0
3,3,0
2,2,0
2,2,0
3,3,0
4,13,9
3,9,6
3,3,0
2,6,4
0,0,0
3,3,0
2,24,22
2,2,0
74,74,0
3,5,2
3,5,2
8,16,8
2,2,0
2,4,2
2,3,1
2,5,3
4,4,0
3,5,2
3,3,0
5,7,2
2,2,0
3,5,2
2,4,2
3,5,2
3,10,7
2,2,0
2,2,0
3,3,0
2,2,0
2,2,0
3,3,0
2,2,0
8,8,0
3,3,0
3,22,19
2,4,2
8,8,0
1,6,5
9,9,0
4,4,0
6,7,1
3,5,2
0,0,0
3,3,0
1,2,1
3,3,0
3,3,0
41,41,0
2,4,2
2,2,0
1,5,4
2,2,0
31,31,0
3,3,0
2,2,0
3,3,0
1,3,2
3,4,1
3,3,0
2,2,0
2,2,0
2,2,0
2,2,0
2,2,0
2,2,0
2,2,0
8,8,0
2,2,0
3,5,2
2,2,0
6,6,0
3,3,0
2,2,0
1,47,46
2,2,0
2,2,0
3,5,2
2,6,4
2,2,0
2,2,0
3,3,0
7,7,0
1,1,0
1,7,6
3,3,0
2,11,9
2,2,0
2,2,0
3,3,0
1,2,1
3,5,2
3,3,0
3,3,0
0,0,0
2,2,0
2,2,0
3,5,2
2,2,0
2,4,2
1,1,0
1,5,4
131,131,0
2,3,1
0,0,0
10,88,78
8,8,0
7,9,2
0,0,0
3,6,3
2,2,0
2,2,0
2,2,0
2,2,0
2,65,63
3,3,0
2,2,0
3,3,0
3,7,4
1,3,2
3,5,2
3,3,0
3,3,0
1,1,0
8,8,0
12,18,6
0,0,0
2,2,0
8,8,0
3,9,6
3,5,2
2,2,0
1,2,1
2,2,0
10,10,0
3,5,2
3,3,0
2,2,0
7,13,6
3,8,5
2,2,0
1,3,2
2,2,0
3,8,5
2,4,2
2,2,0
1,31,30
3,9,6
3,5,2
2,2,0
1,2,1
3,3,0
1,5,4
13,13,0
2,2,0
2,2,0
2,2,0
2,2,0
2,6,4
3,3,0
7,7,0
2,2,0
3,3,0
3,6,3
2,2,0
2,2,0
0,0,0
3,3,0
2,2,0
1,1,0
2,2,0
3,3,0
2,2,0
2,3,1
2,2,0
3,10,7
3,14,11
2,5,3
3,6,3
2,2,0
2,2,0
2,2,0
2,2,0
2,2,0
3,3,0
1,1,0
140,197,57
2,47,45
2,2,0
2,3,1
2,2,0
1,5,4
2,3,1
2,2,0
2,2,0
6,6,0
3,5,2
3,3,0
4,5,1
163,167,4
2,7,5
2,4,2
9,9,0
6,27,21
0,0,0
2,2,0
2,4,2
2,2,0
1,217,216
2,4,2
3,4,1
2,2,0
3,3,0
3,3,0
2,2,0
2,4,2
3,3,0
2,2,0
4,4,0
2,2,0
2,2,0
2,2,0
9,9,0
3,3,0
2,2,0
3,3,0
0,0,0
0,0,0
3,5,2
2,2,0
2,2,0
3,4,1
2,2,0
2,2,0
2,2,0
16,16,0
3,19,16
4,4,0
66,66,0
11,19,8
17,27,10
1,45,44
3,3,0
3,3,0
1,1,0
3,6,3
2,4,2
1,4,3
2,2,0
2,2,0
3,13,10
3,3,0
2,4,2
2,2,0
3,3,0
1,3,2
3,3,0
3,3,0
2,5,3
2,2,0
3,3,0
1,3,2
2,2,0
2,66,64
4,4,0
2,2,0
3,5,2
2,2,0
2,2,0
2,4,2
2,4,2
2,2,0
2,2,0
2,2,0
3,3,0
2,2,0
2,2,0
2,82,80
2,2,0
47,144,97
2,6,4
2,2,0
0,0,0
2,2,0
2,2,0
2,5,3
3,3,0
3,5,2
3,5,2
3,9,6
2,2,0
7,119,112
3,3,0
2,5,3
3,6,3
3,3,0
2,7,5
2,2,0
3,14,11
3,3,0
3,3,0
2,4,2
2,3,1
2,2,0
3,3,0
2,2,0
3,3,0
3,3,0
81,81,0
2,3,1
1,2,1
2,4,2
130,130,0
2,3,1
100,109,9
0,0,0
2,2,0
3,8,5
1,25,24
2,2,0
2,2,0
3,5,2
2,2,0
1,2,1
2,2,0
2,2,0
3,5,2
2,2,0
2,2,0
3,8,5
0,0,0
2,4,2
5,5,0
3,3,0
1,1,0
3,3,0
2,4,2
3,9,6
1,1,0
1,76,75
3,3,0
2,10,8
2,98,96
2,8,6
3,3,0
8,8,0
1,2,1
3,3,0
2,4,2
2,4,2
3,7,4
2,47,45
2,2,0
3,15,12
139,139,0
1,1,0
2,4,2
2,2,0
3,5,2
2,2,0
2,2,0
2,2,0
5,5,0
1,1,0
3,3,0
2,2,0
5,5,0
3,3,0
3,5,2
4,4,0
9,9,0
2,4,2
2,2,0
3,3,0
2,5,3
3,3,0
2,2,0
2,4,2
3,10,7
2,2,0
10,14,4
2,2,0
3,3,0
2,2,0
3,4,1
2,4,2
3,4,1
3,4,1
0,0,0
2,2,0
2,2,0
2,2,0
8,8,0
1,1,0
3,3,0
2,2,0
2,2,0
3,3,0
2,2,0
2,2,0
2,2,0
2,3,1
0,0,0
2,5,3
3,3,0
3,9,6
2,4,2
9,9,0
2,2,0
0,0,0
3,5,2
2,2,0
2,2,0
2,2,0
1,4,3
3,14,11
2,2,0
2,86,84
3,16,13
8,8,0
2,17,15
2,2,0
2,2,0
3,3,0
2,7,5
2,2,0
2,2,0
3,3,0
2,2,0
3,5,2
2,2,0
9,9,0
3,3,0
2,2,0
10,14,4
2,2,0
6,9,3
3,3,0
2,2,0
2,2,0
3,3,0
2,2,0
2,6,4
22,22,0
3,8,5
2,2,0
3,3,0
2,102,100
1,3,2
3,9,6
2,4,2
1,27,26
3,3,0
2,2,0
2,2,0
0,0,0
34,35,1
1,3,2
1,1,0
3,3,0
3,5,2
10,10,0
2,59,57
2,3,1
3,3,0
1,25,24
1,1,0
3,9,6
3,6,3
3,3,0
3,10,7
2,2,0
2,2,0
119,122,3
2,2,0
2,2,0
2,2,0
3,3,0
2,54,52
3,12,9
2,2,0
2,2,0
2,2,0
1,1,0
8,8,0
2,6,4
3,8,5
3,3,0
3,7,4
2,35,33
2,2,0
2,3,1
12,12,0
1,11,10
2,2,0
2,2,0
150,160,10
2,2,0
3,3,0
2,5,3
2,2,0
3,3,0
3,4,1
11,11,0
2,2,0
3,3,0
3,4,1
2,2,0
2,4,2
2,2,0
3,8,5
20,20,0
3,5,2
2,2,0
1,2,1
2,2,0
3,5,2
2,2,0
10,10,0
2,2,0
1,1,0
17,24,7
1,19,18
8,8,0
2,2,0
3,3,0
2,10,8
2,2,0
2,2,0
11,13,2
1,4,3
2,2,0
3,5,2
13,57,44
3,3,0
2,5,3
3,3,0
2,8,6
2,8,6
2,3,1
2,2,0
2,2,0
2,2,0
6,6,0
2,2,0
2,2,0
0,0,0
2,2,0
8,13,5
6,37,31
3,29,26
6,12,6
3,7,4
2,4,2
3,3,0
3,3,0
2,2,0
2,2,0
3,3,0
13,13,0
3,7,4
2,5,3
4,4,0
2,2,0
2,4,2
0,0,0
0,0,0
3,3,0
2,2,0
2,3,1
3,3,0
1,1,0
3,6,3
2,2,0
3,16,13
4,10,6
2,7,5
3,7,4
3,5,2
86,99,13
1,1,0
2,2,0
1,19,18
2,2,0
2,4,2
3,3,0
2,2,0
2,2,0
1,3,2
2,4,2
8,8,0
2,2,0
9,9,0
3,5,2
3,3,0
2,2,0
3,3,0
2,2,0
2,2,0
3,3,0
2,2,0
1,2,1
2,12,10
2,2,0
2,2,0
3,3,0
2,7,5
2,2,0
3,3,0
2,2,0
1,4,3
51,51,0
22,22,0
1,4,3
3,3,0
3,3,0
2,2,0
2,4,2
20,20,0
1,5,4
2,2,0
4,4,0
2,2,0
15,15,0
4,6,2
2,13,11
1,5,4
2,2,0
3,4,1
1,1,0
2,2,0
0,0,0
3,3,0
2,2,0
2,4,2
1,2,1
1,1,0
3,3,0
3,5,2
3,3,0
3,3,0
6,6,0
9,9,0
8,8,0
3,3,0
8,8,0
2,2,0
2,2,0
2,2,0
2,3,1
4,7,3
17,19,2
3,3,0
3,3,0
2,2,0
2,2,0
2,2,0
3,3,0
3,3,0
2,2,0
9,9,0
44,123,79
0,0,0
2,2,0
2,2,0
1,4,3
3,7,4
2,2,0
6,9,3
1,1,0
0,0,0
2,4,2
2,2,0
5,13,8
3,3,0
1,7,6
3,3,0
2,2,0
1,23,22
4,7,3
3,6,3
1,2,1
2,2,0
2,2,0
9,9,0
0,0,0
2,2,0
1,1,0
2,11,9
3,3,0
3,7,4
2,2,0
2,4,2
3,3,0
4,4,0
1,2,1
0,0,0
2,2,0
1,1,0
3,3,0
2,4,2
7,7,0
4,4,0
2,2,0
3,3,0
2,2,0
77,77,0
2,2,0
3,3,0
4,4,0
2,2,0
3,8,5
3,3,0
2,4,2
0,0,0
3,3,0
2,12,10
2,4,2
2,70,68
2,2,0
4,4,0
2,11,9
2,2,0
2,11,9
3,3,0
1,1,0
141,141,0
2,2,0
4,6,2
2,2,0
1,1,0
2,80,78
3,7,4
20,20,0
2,3,1
13,13,0
0,0,0
3,11,8
3,23,20
2,2,0
1,1,0
2,2,0
2,2,0
3,5,2
2,2,0
3,3,0
2,4,2
3,3,0
2,2,0
30,30,0
2,2,0
2,39,37
2,2,0
2,2,0
1,3,2
2,7,5
2,2,0
1,4,3
2,2,0
0,0,0
2,2,0
2,5,3
2,2,0
3,3,0
25,41,16
3,3,0
12,12,0
0,0,0
3,5,2
3,3,0
2,2,0
3,3,0
3,5,2
2,3,1
3,5,2
2,3,1
2,4,2
2,2,0
2,4,2
3,3,0
8,8,0
2,6,4
2,2,0
2,6,4
2,2,0
2,2,0
2,2,0
3,5,2
2,2,0
2,2,0
3,3,0
7,7,0
1,2,1
8,8,0
35,35,0
3,3,0
2,2,0
2,3,1
1,1,0
2,2,0
2,3,1
2,2,0
2,4,2
4,47,43
1,1,0
8,8,0
2,2,0
2,2,0
10,12,2
3,3,0
2,2,0
2,2,0
3,3,0
2,2,0
3,4,1
2,2,0
14,14,0
2,2,0
51,51,0
3,3,0
3,7,4
16,16,0
1,1,0
2,11,9
2,5,3
1,2,1
2,3,1
3,7,4
2,2,0
2,2,0
5,5,0
2,2,0
2,2,0
3,3,0
3,3,0
3,5,2
80,80,0
9,9,0
2,4,2
2,2,0
2,46,44
9,9,0
3,3,0
2,3,1
7,7,0
1,2,1
2,6,4
3,5,2
1,2,1
9,9,0
3,3,0
3,3,0
1,2,1
2,2,0
3,3,0
2,2,0
3,10,7
5,5,0
45,119,74
0,0,0
2,2,0
0,0,0
2,4,2
2,4,2
15,15,0
1,2,1
2,5,3
9,9,0
2,3,1
2,2,0
1,1,0
1,2,1
3,8,5
3,28,25
4,4,0
16,26,10
0,0,0
2,4,2
2,2,0
2,2,0
1,1,0
2,2,0
3,5,2
2,2,0
7,7,0
1,1,0
9,9,0
5,5,0
2,6,4
9,9,0
2,2,0
2,4,2
3,7,4
2,5,3
3,3,0
2,2,0
0,0,0
2,78,76
2,3,1
0,0,0
0,0,0
2,3,1
8,127,119
3,5,2
1,32,31
10,10,0
1,4,3
49,49,0
2,4,2
2,22,20
2,2,0
2,6,4
3,5,2
2,2,0
3,7,4
3,6,3
3,6,3
9,12,3
2,8,6
2,2,0
2,2,0
2,2,0
3,12,9
4,5,1
2,2,0
1,1,0
2,2,0
4,4,0
3,10,7
2,4,2
3,3,0
51,53,2
2,3,1
3,5,2
2,2,0
15,15,0
3,3,0
3,6,3
2,2,0
2,2,0
0,0,0
2,4,2
2,22,20
0,0,0
2,2,0
3,7,4
3,3,0
1,21,20
140,140,0
7,11,4
2,2,0
2,4,2
4,8,4
1,1,0
13,13,0
3,3,0
2,8,6
3,3,0
3,3,0
1,29,28
0,0,0
1,2,1
3,3,0
2,42,40
2,2,0
34,34,0
2,2,0
8,13,5
3,4,1
38,38,0
3,6,3
2,2,0
2,4,2
2,2,0
2,2,0
3,7,4
2,2,0
3,4,1
16,16,0
2,2,0
3,3,0
2,6,4
3,5,2
2,2,0
2,15,13
2,2,0
3,9,6
2,2,0
81,81,0
96,96,0
3,3,0
2,2,0
2,4,2
2,2,0
19,19,0
3,3,0
5,5,0
2,2,0
4,4,0
2,4,2
2,2,0
51,74,23
7,7,0
2,2,0
2,6,4
2,2,0
2,2,0
2,2,0
8,8,0
3,14,11
2,2,0
2,2,0
3,8,5
2,3,1
3,3,0
2,2,0
3,6,3
7,8,1
1,1,0
2,3,1
3,10,7
2,2,0
3,3,0
2,2,0
2,2,0
2,59,57
1,28,27
2,6,4
2,2,0
2,2,0
2,2,0
2,9,7
2,6,4
3,3,0
2,2,0
8,8,0
2,2,0
4,4,0
3,3,0
3,13,10
3,3,0
3,10,7
1,4,3
3,4,1
2,4,2
16,25,9
3,3,0
2,80,78
1,1,0
17,17,0
13,13,0
3,3,0
124,124,0
2,4,2
3,3,0
2,2,0
0,0,0
2,6,4
1,4,3
3,8,5
3,3,0
2,2,0
2,2,0
2,85,83
3,7,4
2,2,0
2,2,0
3,3,0
2,7,5
3,3,0
5,5,0
2,2,0
2,2,0
1,2,1
2,2,0
2,2,0
2,2,0
2,2,0
0,0,0
2,2,0
8,29,21
99,99,0
3,3,0
2,2,0
60,61,1
2,2,0
3,4,1
3,5,2
3,3,0
3,5,2
2,2,0
3,3,0
3,11,8
2,2,0
1,26,25
3,8,5
1,3,2
1,1,0
3,5,2
1,2,1
2,2,0
3,3,0
3,3,0
2,2,0
3,5,2
2,2,0
2,2,0
1,1,0
1,7,6
1,1,0
3,4,1
2,7,5
2,2,0
0,0,0
3,7,4
2,2,0
2,28,26
8,16,8
3,7,4
2,15,13
1,86,85
2,2,0
1,1,0
2,2,0
2,3,1
9,9,0
3,3,0
2,2,0
22,22,0
2,7,5
2,2,0
6,17,11
3,3,0
2,2,0
3,3,0
2,26,24
3,3,0
3,10,7
3,5,2
2,2,0
8,8,0
2,2,0
3,7,4
3,7,4
2,4,2
2,2,0
16,16,0
3,3,0
2,2,0
2,2,0
2,4,2
3,5,2
2,2,0
1,2,1
2,2,0
2,4,2
51,53,2
2,2,0
2,2,0
1,21,20
16,16,0
3,5,2
2,6,4
3,7,4
2,2,0
3,7,4
3,3,0
2,2,0
8,8,0
2,2,0
2,2,0
2,2,0
8,8,0
2,4,2
18,18,0
42,43,1
47,144,97
2,2,0
1,56,55
2,2,0
2,2,0
2,6,4
2,4,2
2,2,0
2,2,0
2,5,3
2,2,0
2,2,0
7,11,4
2,2,0
2,2,0
2,2,0
4,5,1
4,4,0
0,0,0
3,3,0
2,2,0
3,7,4
3,3,0
2,2,0
4,5,1
3,3,0
2,2,0
9,9,0
8,9,1
81,81,0
2,2,0
2,2,0
9,9,0
3,5,2
2,4,2
2,6,4
3,7,4
3,5,2
8,8,0
2,2,0
2,2,0
2,2,0
2,4,2
2,2,0
3,3,0
2,17,15
2,2,0
2,2,0
2,2,0
9,9,0
3,3,0
3,3,0
5,5,0
2,3,1
3,3,0
11,11,0
2,2,0
8,8,0
3,3,0
2,7,5
6,8,2
4,6,2
1,2,1
2,2,0
6,6,0
2,2,0
2,2,0
2,2,0
3,3,0
3,3,0
2,12,10
4,5,1
2,2,0
3,9,6
3,3,0
3,8,5
3,4,1
3,3,0
2,4,2
2,3,1
2,2,0
3,7,4
2,2,0
3,3,0
2,2,0
1,2,1
2,2,0
2,4,2
2,4,2
2,2,0
2,2,0
2,2,0
2,2,0
2,3,1
2,5,3
3,3,0
8,8,0
2,2,0
0,0,0
3,3,0
2,2,0
2,2,0
2,2,0
3,9,6
1,7,6
2,2,0
2,2,0
1,1,0
1,1,0
4,11,7
3,3,0
9,9,0
2,2,0
3,3,0
0,0,0
4,5,1
2,69,67
3,5,2
3,3,0
2,2,0
3,5,2
13,13,0
3,3,0
3,5,2
3,3,0
3,3,0
2,2,0
2,6,4
3,3,0
0,0,0
3,3,0
2,2,0
2,2,0
2,2,0
1,2,1
2,2,0
3,3,0
3,3,0
2,4,2
0,0,0
100,100,0
1,1,0
2,2,0
2,2,0
26,26,0
2,2,0
9,9,0
9,10,1
1,1,0
3,3,0
1,1,0
3,3,0
3,6,3
2,2,0
2,2,0
4,6,2
3,3,0
2,13,11
2,2,0
2,10,8
10,10,0
96,103,7
2,2,0
1,2,1
2,2,0
2,2,0
1,1,0
3,9,6
2,2,0
2,7,5
2,2,0
2,7,5
45,45,0
3,4,1
2,2,0
2,4,2
3,3,0
1,2,1
7,10,3
24,24,0
8,8,0
100,104,4
2,2,0
49,49,0
2,5,3
2,2,0
4,4,0
2,7,5
3,14,11
3,5,2
15,17,2
2,2,0
2,6,4
2,5,3
2,2,0
2,4,2
6,7,1
3,4,1
2,2,0
3,3,0
2,2,0
1,2,1
2,4,2
2,2,0
1,2,1
4,4,0
1,5,4
2,2,0
2,2,0
2,2,0
1,1,0
2,2,0
0,0,0
3,4,1
4,4,0
2,2,0
1,2,1
2,2,0
0,0,0
105,105,0
8,44,36
2,4,2
3,6,3
2,3,1
2,2,0
2,5,3
9,18,9
3,3,0
2,3,1
1,7,6
2,2,0
2,2,0
2,2,0
2,2,0
1,21,20
2,2,0
0,0,0
2,2,0
3,3,0
2,4,2
2,2,0
0,0,0
0,0,0
3,5,2
22,22,0
3,3,0
3,3,0
2,2,0
0,0,0
2,2,0
2,2,0
2,2,0
33,33,0
2,2,0
0,0,0
2,2,0
3,3,0
3,5,2
0,0,0
3,9,6
3,3,0
1,5,4
2,2,0
2,2,0
2,3,1
2,2,0
9,9,0
2,16,14
1,2,1
3,5,2
3,7,4
2,2,0
3,5,2
3,3,0
2,10,8
2,2,0
2,5,3
2,2,0
2,2,0
3,4,1
2,4,2
2,2,0
1,2,1
1,1,0
3,5,2
3,3,0
1,18,17
30,30,0
5,5,0
2,2,0
8,8,0
3,6,3
2,2,0
3,5,2
7,81,74
3,5,2
3,8,5
3,3,0
3,3,0
2,2,0
7,19,12
2,2,0
47,47,0
18,20,2
2,12,10
1,60,59
3,3,0
74,177,103
3,5,2
0,0,0
3,3,0
2,6,4
3,5,2
1,2,1
2,12,10
6,37,31
2,2,0
2,2,0
3,3,0
3,5,2
2,2,0
3,7,4
3,3,0
2,2,0
2,2,0
2,2,0
2,4,2
3,9,6
2,4,2
3,5,2
2,2,0
2,2,0
1,1,0
2,4,2
8,8,0
3,5,2
3,3,0
1,2,1
1,1,0
3,3,0
2,28,26
41,41,0
2,2,0
3,8,5
3,9,6
14,14,0
2,2,0
2,2,0
2,2,0
2,2,0
2,2,0
2,6,4
2,115,113
74,76,2
44,46,2
2,2,0
21,26,5
2,2,0
2,2,0
2,2,0
2,2,0
8,8,0
2,2,0
12,12,0
2,2,0
1,7,6
3,3,0
72,76,4
3,3,0
3,5,2
8,8,0
2,2,0
1,59,58
2,2,0
3,5,2
2,2,0
11,11,0
2,2,0
3,3,0
2,5,3
2,6,4
3,17,14
2,4,2
8,10,2
5,5,0
2,2,0
8,8,0
23,23,0
6,6,0
2,3,1
5,5,0
2,2,0
3,12,9
1,1,0
1,6,5
3,17,14
3,7,4
3,3,0
3,3,0
2,2,0
3,5,2
2,16,14
2,3,1
3,5,2
2,2,0
3,3,0
2,4,2
3,3,0
6,6,0
2,32,30
1,52,51
2,2,0
2,2,0
2,2,0
3,3,0
3,3,0
0,0,0
2,2,0
1,2,1
3,4,1
2,2,0
4,42,38
4,59,55
2,15,13
3,5,2
2,2,0
3,3,0
2,4,2
2,2,0
3,6,3
4,26,22
3,4,1
2,2,0
49,52,3
9,9,0
2,2,0
0,0,0
2,2,0
8,8,0
3,3,0
2,2,0
3,3,0
3,6,3
2,2,0
3,7,4
2,13,11
2,2,0
3,3,0
0,0,0
2,2,0
12,12,0
3,3,0
0,0,0
25,25,0
3,10,7
2,2,0
2,7,5
2,19,17
9,9,0
3,4,1
2,2,0
3,29,26
3,5,2
2,2,0
3,3,0
2,2,0
2,4,2
2,3,1
0,0,0
8,8,0
2,2,0
2,2,0
1,49,48
3,3,0
1,4,3
3,11,8
3,3,0
7,12,5
2,4,2
2,2,0
8,8,0
0,0,0
3,3,0
2,2,0
2,2,0
2,8,6
1,1,0
3,8,5
3,3,0
14,14,0
3,3,0
2,2,0
8,8,0
2,2,0
1,9,8
9,14,5
9,26,17
3,3,0
2,3,1
2,2,0
2,2,0
0,0,0
2,2,0
2,2,0
11,11,0
1,6,5
3,3,0
2,7,5
2,2,0
1,1,0
73,73,0
2,2,0
2,2,0
2,2,0
1,1,0
1,1,0
1,5,4
35,38,3
2,2,0
8,8,0
2,2,0
1,2,1
2,4,2
11,11,0
2,80,78
1,20,19
2,2,0
2,7,5
2,11,9
2,2,0
2,2,0
2,3,1
2,4,2
2,5,3
3,5,2
2,6,4
3,3,0
2,2,0
1,15,14
2,2,0
1,1,0
3,5,2
2,2,0
3,3,0
20,20,0
2,2,0
3,11,8
2,2,0
2,2,0
3,3,0
1,2,1
2,2,0
2,2,0
20,20,0
3,5,2
2,2,0
1,1,0
3,7,4
2,2,0
3,5,2
4,5,1
3,9,6
2,2,0
2,2,0
3,5,2
2,2,0
2,3,1
2,5,3
2,2,0
3,3,0
14,15,1
2,88,86
2,28,26
8,8,0
3,8,5
52,63,11
2,9,7
1,2,1
2,2,0
3,9,6
3,5,2
3,3,0
2,2,0
2,2,0
3,9,6
2,2,0
8,8,0
2,2,0
2,2,0
2,29,27
2,38,36
2,2,0
2,2,0
3,3,0
2,8,6
3,3,0
2,4,2
3,5,2
3,3,0
2,13,11
2,2,0
2,16,14
3,5,2
98,98,0
1,1,0
2,2,0
3,7,4
6,6,0
1,3,2
77,77,0
2,2,0
3,3,0
2,4,2
2,4,2
2,5,3
2,2,0
0,0,0
3,44,41
2,2,0
8,8,0
2,3,1
3,3,0
2,105,103
3,7,4
2,4,2
3,3,0
2,2,0
2,2,0
3,5,2
3,5,2
2,80,78
0,0,0
8,8,0
1,1,0
7,7,0
2,19,17
2,2,0
2,4,2
1,18,17
2,2,0
2,2,0
2,2,0
3,3,0
58,67,9
2,2,0
2,2,0
3,4,1
2,5,3
1,9,8
2,2,0
2,2,0
3,7,4
0,0,0
2,11,9
1,1,0
4,4,0
3,5,2
2,4,2
2,6,4
2,2,0
1,2,1
2,2,0
3,5,2
1,5,4
2,2,0
3,5,2
3,8,5
29,29,0
3,5,2
9,9,0
2,2,0
3,3,0
2,2,0
2,2,0
9,9,0
3,3,0
2,2,0
3,8,5
7,104,97
2,4,2
2,2,0
0,0,0
19,19,0
3,4,1
1,1,0
1,2,1
2,2,0
2,2,0
43,43,0
59,87,28
3,7,4
10,18,8
2,2,0
3,10,7
2,4,2
2,2,0
2,2,0
2,11,9
2,2,0
8,8,0
2,4,2
52,156,104
0,0,0
2,2,0
2,2,0
2,2,0
2,6,4
1,3,2
1,4,3
3,5,2
2,4,2
2,4,2
1,4,3
3,5,2
1,1,0
19,19,0
2,2,0
2,2,0
3,19,16
2,2,0
8,26,18
6,6,0
2,2,0
2,2,0
0,0,0
2,2,0
1,1,0
2,2,0
2,2,0
2,2,0
3,3,0
2,77,75
3,3,0
1,10,9
2,3,1
2,4,2
3,6,3
2,2,0
2,2,0
2,51,49
2,2,0
154,154,0
2,2,0
1,1,0
2,2,0
1,1,0
2,2,0
4,5,1
2,2,0
3,10,7
3,3,0
2,4,2
4,4,0
2,2,0
3,3,0
2,2,0
1,6,5
2,2,0
3,41,38
3,5,2
18,21,3
2,2,0
2,2,0
3,4,1
2,2,0
2,2,0
4,10,6
3,11,8
2,4,2
15,28,13
2,2,0
1,1,0
3,3,0
3,3,0
3,3,0
3,3,0
3,3,0
1,2,1
2,39,37
2,2,0
2,2,0
2,2,0
3,3,0
8,8,0
2,2,0
2,2,0
2,3,1
2,2,0
2,3,1
1,2,1
0,0,0
4,7,3
3,3,0
2,4,2
2,6,4
55,56,1
3,3,0
3,3,0
2,37,35
1,1,0
0,0,0
2,2,0
3,3,0
2,2,0
3,3,0
1,14,13
3,3,0
42,46,4
0,0,0
3,3,0
2,2,0
6,6,0
1,5,4
8,8,0
100,102,2
2,2,0
2,2,0
4,4,0
2,2,0
0,0,0
1,2,1
2,2,0
2,47,45
13,13,0
3,3,0
2,2,0
1,1,0
3,3,0
3,3,0
4,6,2
2,6,4
2,2,0
2,4,2
2,3,1
2,4,2
2,6,4
2,2,0
2,2,0
20,20,0
6,6,0
0,0,0
8,8,0
90,173,83
2,9,7
2,6,4
2,2,0
3,6,3
0,0,0
6,6,0
3,3,0
1,1,0
8,8,0
1,1,0
2,2,0
6,6,0
3,5,2
2,8,6
3,3,0
1,2,1
3,3,0
2,2,0
3,3,0
3,5,2
2,2,0
2,3,1
2,15,13
3,3,0
2,2,0
2,2,0
14,14,0
0,0,0
8,8,0
3,3,0
8,8,0
3,27,24
2,2,0
3,3,0
51,60,9
3,3,0
1,1,0
12,14,2
2,2,0
2,2,0
2,40,38
3,3,0
0,0,0
1,3,2
60,121,61
1,1,0
2,2,0
0,0,0
2,4,2
3,3,0
2,2,0
3,8,5
3,3,0
4,4,0
2,2,0
2,4,2
2,2,0
2,111,109
2,2,0
1,6,5
14,14,0
4,6,2
2,2,0
8,8,0
1,22,21
2,2,0
2,4,2
2,2,0
2,5,3
2,6,4
2,2,0
1,1,0
2,2,0
2,77,75
2,2,0
2,5,3
2,3,1
2,71,69
6,7,1
1,1,0
2,2,0
3,3,0
2,2,0
3,3,0
2,4,2
2,2,0
2,2,0
6,9,3
2,2,0
3,3,0
3,5,2
4,4,0
3,3,0
2,10,8
2,4,2
2,5,3
1,2,1
2,5,3
2,6,4
2,2,0
2,2,0
44,86,42
3,3,0
2,11,9
3,9,6
2,7,5
2,2,0
2,2,0
100,108,8
2,2,0
3,12,9
3,3,0
2,2,0
2,2,0
2,2,0
2,2,0
3,5,2
2,2,0
2,2,0
2,2,0
16,16,0
2,2,0
2,2,0
3,3,0
2,15,13
11,11,0
2,2,0
4,4,0
2,13,11
2,21,19
11,11,0
2,2,0
9,9,0
2,2,0
2,5,3
2,5,3
2,2,0
2,9,7
2,2,0
1,2,1
3,3,0
7,7,0
2,2,0
1,3,2
3,4,1
3,7,4
2,2,0
132,132,0
3,7,4
2,4,2
2,23,21
18,18,0
2,5,3
8,8,0
2,2,0
2,4,2
4,4,0
1,1,0
2,2,0
11,20,9
1,2,1
2,4,2
2,2,0
1,2,1
1,2,1
2,2,0
5,5,0
2,2,0
2,47,45
3,3,0
0,0,0
1,2,1
3,3,0
2,2,0
0,0,0
2,2,0
3,3,0
10,27,17
100,100,0
1,4,3
4,4,0
21,94,73
2,3,1
2,2,0
8,8,0
1,1,0
1,1,0
4,7,3
24,28,4
3,3,0
2,2,0
2,4,2
6,27,21
4,6,2
2,2,0
3,3,0
2,2,0
4,4,0
3,7,4
3,81,78
2,2,0
2,2,0
8,8,0
2,2,0
2,2,0
3,3,0
3,5,2
2,2,0
1,1,0
2,2,0
2,2,0
2,2,0
3,3,0
2,2,0
2,4,2
3,3,0
6,6,0
2,2,0
3,5,2
2,5,3
2,2,0
2,2,0
0,0,0
3,5,2
4,5,1
12,12,0
100,100,0
3,3,0
2,2,0
2,2,0
2,2,0
3,3,0
1,2,1
2,2,0
8,8,0
2,14,12
2,2,0
2,13,11
2,2,0
3,3,0
9,9,0
2,2,0
2,2,0
0,0,0
2,2,0
3,6,3
2,2,0
2,2,0
3,7,4
3,3,0
2,2,0
2,2,0
1,1,0
89,138,49
6,6,0
2,2,0
2,12,10
2,2,0
1,2,1
3,7,4
0,0,0
9,9,0
3,7,4
48,50,2
2,2,0
6,8,2
2,2,0
2,2,0
2,2,0
19,19,0
3,7,4
3,5,2
2,37,35
3,3,0
8,8,0
2,2,0
2,2,0
3,3,0
3,16,13
2,4,2
2,13,11
7,7,0
1,1,0
10,10,0
0,0,0
2,2,0
2,2,0
10,60,50
2,6,4
5,5,0
1,1,0
2,2,0
2,2,0
2,2,0
2,2,0
11,11,0
1,2,1
2,5,3
2,2,0
3,8,5
0,0,0
12,12,0
2,4,2
2,2,0
2,2,0
2,2,0
2,2,0
2,2,0
1,6,5
3,3,0
3,7,4
2,8,6
2,2,0
2,2,0
2,2,0
3,3,0
2,2,0
2,17,15
2,2,0
14,14,0
1,2,1
1,1,0
2,3,1
3,4,1
0,0,0
3,6,3
3,3,0
2,3,1
2,2,0
2,2,0
2,2,0
3,5,2
2,4,2
1,1,0
1,1,0
1,2,1
7,7,0
0,0,0
8,8,0
1,1,0
3,6,3
2,3,1
6,7,1
2,6,4
1,1,0
3,3,0
2,2,0
1,2,1
3,6,3
2,2,0
11,11,0
8,8,0
4,5,1
1,1,0
0,0,0
2,2,0
3,3,0
2,2,0
2,2,0
1,34,33
2,2,0
3,3,0
100,100,0
3,3,0
2,2,0
82,96,14
2,2,0
1,1,0
0,0,0
2,4,2
1,2,1
3,4,1
2,8,6
2,2,0
3,9,6
3,9,6
3,5,2
1,1,0
3,3,0
11,23,12
10,10,0
38,47,9
2,2,0
3,3,0
2,2,0
2,2,0
3,3,0
3,3,0
11,11,0
2,2,0
3,3,0
3,5,2
2,2,0
3,5,2
2,2,0
4,4,0
4,4,0
2,2,0
3,5,2
2,2,0
6,6,0
2,3,1
5,5,0
2,2,0
2,2,0
3,5,2
12,12,0
8,8,0
0,0,0
1,1,0
12,12,0
2,2,0
2,2,0
3,13,10
2,2,0
2,2,0
2,2,0
1,2,1
2,8,6
2,7,5
0,0,0
2,2,0
8,8,0
2,4,2
1,84,83
2,2,0
2,2,0
2,4,2
2,2,0
9,9,0
2,2,0
2,2,0
2,2,0
4,4,0
2,2,0
2,2,0
4,71,67
19,19,0
2,2,0
1,1,0
2,2,0
2,2,0
4,4,0
2,2,0
3,3,0
2,2,0
1,3,2
3,5,2
2,2,0
2,2,0
2,5,3
2,2,0
8,8,0
2,2,0
2,2,0
2,3,1
3,5,2
3,4,1
2,2,0
1,45,44
2,2,0
2,12,10
1,2,1
8,8,0
2,2,0
0,0,0
2,3,1
2,2,0
2,2,0
2,2,0
2,2,0
2,2,0
3,3,0
1,2,1
6,6,0
2,6,4
1,23,22
3,20,17
4,4,0
3,5,2
2,4,2
11,11,0
8,8,0
2,4,2
6,8,2
2,3,1
2,2,0
2,2,0
3,3,0
11,11,0
3,3,0
24,24,0
2,2,0
1,2,1
2,4,2
2,6,4
3,3,0
2,2,0
2,8,6
2,2,0
10,10,0
2,2,0
2,2,0
2,2,0
1,1,0
2,32,30
2,2,0
2,2,0
6,7,1
3,12,9
95,188,93
1,2,1
3,3,0
2,3,1
2,2,0
3,5,2
0,0,0
7,8,1
60,121,61
2,2,0
2,2,0
2,2,0
2,2,0
3,3,0
2,2,0
5,5,0
3,8,5
4,4,0
2,10,8
3,13,10
100,104,4
8,8,0
3,3,0
2,2,0
39,42,3
2,2,0
1,3,2
3,3,0
2,5,3
2,2,0
2,2,0
1,1,0
2,10,8
2,2,0
2,2,0
1,1,0
2,2,0
9,9,0
9,9,0
11,11,0
3,13,10
1,2,1
2,2,0
2,2,0
3,4,1
1,6,5
2,4,2
2,3,1
2,5,3
3,3,0
2,2,0
3,51,48
2,2,0
2,2,0
3,7,4
2,2,0
10,10,0
2,2,0
2,2,0
1,2,1
3,11,8
3,4,1
4,4,0
2,4,2
2,2,0
2,2,0
3,7,4
1,1,0
2,2,0
2,4,2
3,5,2
8,8,0
55,55,0
2,2,0
2,2,0
2,2,0
2,2,0
3,3,0
3,9,6
7,7,0
9,9,0
2,2,0
2,2,0
1,2,1
2,4,2
0,0,0
2,6,4
3,3,0
3,3,0
3,7,4
2,2,0
2,2,0
1,74,73
2,82,80
2,5,3
3,3,0
2,2,0
2,2,0
2,2,0
8,8,0
1,1,0
1,3,2
2,2,0
4,4,0
2,2,0
5,19,14
2,2,0
100,200,100
2,4,2
0,0,0
2,2,0
2,4,2
2,5,3
0,0,0
3,3,0
2,2,0
3,3,0
1,4,3
2,14,12
2,2,0
1,2,1
3,10,7
2,2,0
2,2,0
3,3,0
3,5,2
1,4,3
2,4,2
1,2,1
2,2,0
2,107,105
3,4,1
6,6,0
2,2,0
9,9,0
2,2,0
8,8,0
3,5,2
2,2,0
1,1,0
70,70,0
2,2,0
2,2,0
2,21,19
7,21,14
9,9,0
3,3,0
3,13,10
2,2,0
2,29,27
12,12,0
2,2,0
3,3,0
0,0,0
3,3,0
3,3,0
12,12,0
1,2,1
2,2,0
2,2,0
2,2,0
3,3,0
3,3,0
2,4,2
2,2,0
3,3,0
2,2,0
3,3,0
3,11,8
2,2,0
3,4,1
1,10,9
3,6,3
1,2,1
2,2,0
8,8,0
1,3,2
2,2,0
2,2,0
3,3,0
0,0,0
2,2,0
2,18,16
2,6,4
2,3,1
2,2,0
2,5,3
0,0,0
2,2,0
3,3,0
1,1,0
7,7,0
2,5,3
2,6,4
2,2,0
2,2,0
2,4,2
4,4,0
0,0,0
1,45,44
2,2,0
2,2,0
4,4,0
3,3,0
3,3,0
2,4,2
2,2,0
2,2,0
2,2,0
7,7,0
2,6,4
2,2,0
2,2,0
2,2,0
2,3,1
2,6,4
2,2,0
3,5,2
11,18,7
6,6,0
0,0,0
2,2,0
3,3,0
2,6,4
3,9,6
2,7,5
2,2,0
4,5,1
2,2,0
2,9,7
2,2,0
4,6,2
3,3,0
2,2,0
2,2,0
2,2,0
1,1,0
3,5,2
6,9,3
3,7,4
2,2,0
2,2,0
3,7,4
1,1,0
2,6,4
1,2,1
2,2,0
3,3,0
3,7,4
3,3,0
2,4,2
3,4,1
0,0,0
2,2,0
5,5,0
2,2,0
2,2,0
2,2,0
2,2,0
3,5,2
1,1,0
2,2,0
2,2,0
0,0,0
7,8,1
2,6,4
2,15,13
2,2,0
65,65,0
3,3,0
2,2,0
3,3,0
3,5,2
1,2,1
3,3,0
51,51,0
2,13,11
2,6,4
3,3,0
2,2,0
2,2,0
66,66,0
4,4,0
2,2,0
2,2,0
3,3,0
2,2,0
10,23,13
2,2,0
7,7,0
3,3,0
3,3,0
8,8,0
3,3,0
27,27,0
2,3,1
2,4,2
3,3,0
2,4,2
2,2,0
3,3,0
2,4,2
2,2,0
2,2,0
3,3,0
2,2,0
2,4,2
13,13,0
3,3,0
2,2,0
2,2,0
3,3,0
3,9,6
3,5,2
2,2,0
3,5,2
36,36,0
6,6,0
3,6,3
3,3,0
2,3,1
1,1,0
2,2,0
2,2,0
2,2,0
1,10,9
4,4,0
2,2,0
3,3,0
2,2,0
5,5,0
6,6,0
2,2,0
3,7,4
2,7,5
2,2,0
2,2,0
20,20,0
2,7,5
1,62,61
7,7,0
45,119,74
0,0,0
2,25,23
2,2,0
14,14,0
2,5,3
2,2,0
3,7,4
5,21,16
3,3,0
2,2,0
2,2,0
2,2,0
1,2,1
0,0,0
2,2,0
6,6,0
13,13,0
5,14,9
10,16,6
100,143,43
3,5,2
1,1,0
3,34,31
5,11,6
2,4,2
3,6,3
66,68,2
10,10,0
2,2,0
3,3,0
3,5,2
2,2,0
2,2,0
1,4,3
2,5,3
2,10,8
8,8,0
3,11,8
2,16,14
1,5,4
3,3,0
2,4,2
3,3,0
1,4,3
44,44,0
3,5,2
2,2,0
3,30,27
2,2,0
2,2,0
2,2,0
2,2,0
2,2,0
9,9,0
1,1,0
3,3,0
3,13,10
3,70,67
2,2,0
1,2,1
1,2,1
2,2,0
2,2,0
2,16,14
2,3,1
2,2,0
93,281,188
6,6,0
1,1,0
3,3,0
4,8,4
2,2,0
1,1,0
2,2,0
2,4,2
2,2,0
1,5,4
2,2,0
4,19,15
2,2,0
12,12,0
3,3,0
3,5,2
2,2,0
2,8,6
3,13,10
3,3,0
3,3,0
2,2,0
3,3,0
3,3,0
2,2,0
2,2,0
12,12,0
2,2,0
3,4,1
2,6,4
3,3,0
3,3,0
2,2,0
1,2,1
2,2,0
11,11,0
5,5,0
2,6,4
3,4,1
3,3,0
2,101,99
2,2,0
24,24,0
2,2,0
2,2,0
2,2,0
2,6,4
3,5,2
2,2,0
3,32,29
2,2,0
2,2,0
3,3,0
2,2,0
1,2,1
8,16,8
2,2,0
1,2,1
2,2,0
9,18,9
2,77,75
2,31,29
2,2,0
11,11,0
3,5,2
3,3,0
1,1,0
3,7,4
3,3,0
3,3,0
4,4,0
2,2,0
9,9,0
3,3,0
3,10,7
3,7,4
2,2,0
3,4,1
3,4,1
3,3,0
3,4,1
0,0,0
3,3,0
2,2,0
3,25,22
2,2,0
3,3,0
3,5,2
2,2,0
3,3,0
2,2,0
2,2,0
1,3,2
1,6,5
1,7,6
3,8,5
3,3,0
4,8,4
2,2,0
2,4,2
9,9,0
2,2,0
2,2,0
2,9,7
2,16,14
2,5,3
9,9,0
2,2,0
52,52,0
2,10,8
3,3,0
25,26,1
2,4,2
2,2,0
1,1,0
2,2,0
2,2,0
0,0,0
2,22,20
1,6,5
2,2,0
1,2,1
1,2,1
2,2,0
51,51,0
1,1,0
3,3,0
2,2,0
3,12,9
2,2,0
2,2,0
3,5,2
9,9,0
2,8,6
4,4,0
3,5,2
2,4,2
0,0,0
2,2,0
1,2,1
3,46,43
3,3,0
5,5,0
4,4,0
8,8,0
2,4,2
4,4,0
2,2,0
3,3,0
2,3,1
2,2,0
1,23,22
3,3,0
2,2,0
6,6,0
2,2,0
2,2,0
2,2,0
3,11,8
50,52,2
3,5,2
0,0,0
4,5,1
0,0,0
1,1,0
2,2,0
1,3,2
3,7,4
2,2,0
9,9,0
3,3,0
3,3,0
3,3,0
2,2,0
1,1,0
2,23,21
2,2,0
3,9,6
8,8,0
0,0,0
2,2,0
1,3,2
3,17,14
1,1,0
2,2,0
2,2,0
3,5,2
2,11,9
3,5,2
2,2,0
2,13,11
2,7,5
2,3,1
3,7,4
0,0,0
2,4,2
2,2,0
3,7,4
10,10,0
3,3,0
2,8,6
2,2,0
9,9,0
2,2,0
3,4,1
0,0,0
3,8,5
2,21,19
3,6,3
3,3,0
2,2,0
2,2,0
2,2,0
2,2,0
3,3,0
2,8,6
1,2,1
3,7,4
2,2,0
0,0,0
2,4,2
7,9,2
2,2,0
3,3,0
5,37,32
3,4,1
0,0,0
4,8,4
2,2,0
3,3,0
2,2,0
3,3,0
1,28,27
2,3,1
3,5,2
2,2,0
3,6,3
3,3,0
2,4,2
6,6,0
2,2,0
3,7,4
2,2,0
2,2,0
2,2,0
3,3,0
2,2,0
3,5,2
2,2,0
2,3,1
3,8,5
3,4,1
8,8,0
8,8,0
2,2,0
2,2,0
3,8,5
2,2,0
6,6,0
3,3,0
2,2,0
3,3,0
3,9,6
2,2,0
3,3,0
1,1,0
2,2,0
2,12,10
5,6,1
2,21,19
2,2,0
3,3,0
8,53,45
5,31,26
3,3,0
1,5,4
2,3,1
2,2,0
2,2,0
0,0,0
2,5,3
3,5,2
9,9,0
3,3,0
1,1,0
3,3,0
2,2,0
0,0,0
2,2,0
4,4,0
2,49,47
0,0,0
2,20,18
2,15,13
2,3,1
2,2,0
3,3,0
2,2,0
2,2,0
2,23,21
3,7,4
45,45,0
2,2,0
8,8,0
1,5,4
20,20,0
3,5,2
2,2,0
2,4,2
2,6,4
1,1,0
3,8,5
2,2,0
21,21,0
0,0,0
9,9,0
2,13,11
1,2,1
3,7,4
3,3,0
3,7,4
1,2,1
2,2,0
2,2,0
2,2,0
1,2,1
1,3,2
2,9,7
3,4,1
2,2,0
3,3,0
2,3,1
3,8,5
2,2,0
1,2,1
4,73,69
2,2,0
2,2,0
3,3,0
3,3,0
2,2,0
2,2,0
17,17,0
3,5,2
2,2,0
2,3,1
2,2,0
2,2,0
3,3,0
3,5,2
3,6,3
2,3,1
2,2,0
2,2,0
1,1,0
2,4,2
3,3,0
2,2,0
2,2,0
47,47,0
2,2,0
2,2,0
3,3,0
2,2,0
4,4,0
0,0,0
3,3,0
2,2,0
2,2,0
87,94,7
3,3,0
3,3,0
18,18,0
2,2,0
3,3,0
2,3,1
2,2,0
8,8,0
2,4,2
2,2,0
3,7,4
2,2,0
3,5,2
2,2,0
24,24,0
6,100,94
2,2,0
1,2,1
2,2,0
2,2,0
2,2,0
11,11,0
2,2,0
1,1,0
1,1,0
34,34,0
2,2,0
3,9,6
2,2,0
2,2,0
2,2,0
133,135,2
2,2,0
3,3,0
3,6,3
2,2,0
8,8,0
3,3,0
87,87,0
1,2,1
28,28,0
1,1,0
8,8,0
2,2,0
2,2,0
4,4,0
2,3,1
3,11,8
4,4,0
161,163,2
0,0,0
1,1,0
81,81,0
2,2,0
3,7,4
1,16,15
3,5,2
3,5,2
3,3,0
3,3,0
2,2,0
2,2,0
92,92,0
2,2,0
2,5,3
2,4,2
1,2,1
2,2,0
2,8,6
2,8,6
3,5,2
3,3,0
2,4,2
2,2,0
2,4,2
3,3,0
2,2,0
1,2,1
2,14,12
2,2,0
2,4,2
2,2,0
2,2,0
2,2,0
0,0,0
3,3,0
2,2,0
43,46,3
3,3,0
3,3,0
2,4,2
3,3,0
4,21,17
51,51,0
2,25,23
2,2,0
2,49,47
2,2,0
6,11,5
3,3,0
2,4,2
2,2,0
2,2,0
3,9,6
1,1,0
6,6,0
0,0,0
3,3,0
2,2,0
406,417,11
2,2,0
3,5,2
0,0,0
2,80,78
2,2,0
2,19,17
2,2,0
2,2,0
2,2,0
2,2,0
2,2,0
2,2,0
2,5,3
2,4,2
2,2,0
2,2,0
2,7,5
8,12,4
3,20,17
2,2,0
2,4,2
3,3,0
1,25,24
3,5,2
2,2,0
2,2,0
2,13,11
47,47,0
3,3,0
2,2,0
2,2,0
2,2,0
1,1,0
2,2,0
2,2,0
2,2,0
2,2,0
2,2,0
1,2,1
2,2,0
3,9,6
2,2,0
3,5,2
3,3,0
1,1,0
3,3,0
2,2,0
9,18,9
5,15,10
2,2,0
3,3,0
2,2,0
2,2,0
1,21,20
1,2,1
4,7,3
2,2,0
8,8,0
2,45,43
3,3,0
2,2,0
2,2,0
1,23,22
100,115,15
0,0,0
4,82,78
4,5,1
2,2,0
2,13,11
3,3,0
2,4,2
8,8,0
3,3,0
0,0,0
2,13,11
2,5,3
3,3,0
3,16,13
2,2,0
2,2,0
2,2,0
2,2,0
2,2,0
2,4,2
1,2,1
2,2,0
2,2,0
3,6,3
3,3,0
8,21,13
3,3,0
3,5,2
2,12,10
2,2,0
4,4,0
2,2,0
2,4,2
0,0,0
2,2,0
36,36,0
5,5,0
1,2,1
3,3,0
2,4,2
2,4,2
0,0,0
3,5,2
2,2,0
2,2,0
2,2,0
2,4,2
3,3,0
3,3,0
3,3,0
3,3,0
1,4,3
2,4,2
3,3,0
2,2,0
2,13,11
3,23,20
20,20,0
2,2,0
3,6,3
2,3,1
2,2,0
4,7,3
4,4,0
3,7,4
3,6,3
4,4,0
3,5,2
1,2,1
1,2,1
51,53,2
1,3,2
3,3,0
2,2,0
2,4,2
2,80,78
1,23,22
0,0,0
21,22,1
1,94,93
3,3,0
2,2,0
2,6,4
2,2,0
0,0,0
4,4,0
3,3,0
2,2,0
3,7,4
3,9,6
3,5,2
3,3,0
2,3,1
2,2,0
2,7,5
3,3,0
3,5,2
2,2,0
10,10,0
2,2,0
120,120,0
2,2,0
2,2,0
3,3,0
2,3,1
2,2,0
2,2,0
2,15,13
3,5,2
1,1,0
3,3,0
0,0,0
2,2,0
3,106,103
6,7,1
3,4,1
3,5,2
2,2,0
2,3,1
2,4,2
200,449,249
2,2,0
2,2,0
1,21,20
44,44,0
1,4,3
3,5,2
3,3,0
3,3,0
2,2,0
2,4,2
2,2,0
3,3,0
1,2,1
2,8,6
5,5,0
2,2,0
2,45,43
3,3,0
3,5,2
2,7,5
2,2,0
3,3,0
3,5,2
2,2,0
1,1,0
2,2,0
43,140,97
2,2,0
2,2,0
2,2,0
3,5,2
1,1,0
2,4,2
3,3,0
3,7,4
3,3,0
2,2,0
0,0,0
4,7,3
4,5,1
2,2,0
2,2,0
2,2,0
1,2,1
20,85,65
2,2,0
0,0,0
2,6,4
3,3,0
3,7,4
3,3,0
3,3,0
2,4,2
20,20,0
2,2,0
3,5,2
2,2,0
3,3,0
3,7,4
3,3,0
1,27,26
2,4,2
4,15,11
2,2,0
2,2,0
2,2,0
2,2,0
3,4,1
3,12,9
2,251,249
2,2,0
57,57,0
2,2,0
3,5,2
2,2,0
17,17,0
2,2,0
3,3,0
1,1,0
0,0,0
1,22,21
1,2,1
1,1,0
2,2,0
1,1,0
2,9,7
3,3,0
3,7,4
3,21,18
3,3,0
2,2,0
3,3,0
8,8,0
3,3,0
2,2,0
2,2,0
2,2,0
2,2,0
2,2,0
2,2,0
2,2,0
1,1,0
2,16,14
3,3,0
5,5,0
2,5,3
0,0,0
3,3,0
3,6,3
3,29,26
0,0,0
1,1,0
0,0,0
2,2,0
3,3,0
3,3,0
12,12,0
0,0,0
2,2,0
0,0,0
3,3,0
4,4,0
0,0,0
3,3,0
2,2,0
3,3,0
2,3,1
6,6,0
2,2,0
3,5,2
3,3,0
2,2,0
2,2,0
3,3,0
2,2,0
2,2,0
3,3,0
0,0,0
2,2,0
6,10,4
80,84,4
2,2,0
3,4,1
2,10,8
2,2,0
9,18,9
3,5,2
2,2,0
2,2,0
2,2,0
2,2,0
3,3,0
2,2,0
2,2,0
3,9,6
2,2,0
3,3,0
2,53,51
0,0,0
3,3,0
3,4,1
2,2,0
100,198,98
2,7,5
6,6,0
3,5,2
2,2,0
1,2,1
2,2,0
100,100,0
2,2,0
100,100,0
7,9,2
3,3,0
9,9,0
3,5,2
2,2,0
2,2,0
3,5,2
3,9,6
3,7,4
3,3,0
2,2,0
2,2,0
3,5,2
6,6,0
4,4,0
2,3,1
3,7,4
7,7,0
2,7,5
3,3,0
2,4,2
3,7,4
9,9,0
2,2,0
2,2,0
3,3,0
2,2,0
3,5,2
3,8,5
1,1,0
12,15,3
2,2,0
2,2,0
11,13,2
8,8,0
2,2,0
4,4,0
8,8,0
1,25,24
2,2,0
3,5,2
3,3,0
2,2,0
3,8,5
1,3,2
2,2,0
2,2,0
2,2,0
2,2,0
2,2,0
2,4,2
1,5,4
2,2,0
1,2,1
2,2,0
2,2,0
2,2,0
2,2,0
2,2,0
2,2,0
3,3,0
0,0,0
2,2,0
3,9,6
2,8,6
16,16,0
3,3,0
100,104,4
3,3,0
3,3,0
1,1,0
2,2,0
2,4,2
2,2,0
6,6,0
2,2,0
2,2,0
2,18,16
1,2,1
2,2,0
2,2,0
1,2,1
2,5,3
3,13,10
2,2,0
3,3,0
2,4,2
0,0,0
48,189,141
2,81,79
3,3,0
2,2,0
2,2,0
0,0,0
9,10,1
59,63,4
3,3,0
2,4,2
2,2,0
1,1,0
2,2,0
2,5,3
2,2,0
77,256,179
2,8,6
3,3,0
2,2,0
2,2,0
7,7,0
2,4,2
8,12,4
0,0,0
2,23,21
3,11,8
2,2,0
2,4,2
1,4,3
2,4,2
2,4,2
4,4,0
3,7,4
2,2,0
2,2,0
2,2,0
2,2,0
2,6,4
3,3,0
3,3,0
0,0,0
3,3,0
3,5,2
2,7,5
9,9,0
8,30,22
2,2,0
2,2,0
8,8,0
1,2,1
115,116,1
3,3,0
1,1,0
6,6,0
2,2,0
3,16,13
2,2,0
2,82,80
2,2,0
2,2,0
2,2,0
2,4,2
2,15,13
2,2,0
2,6,4
2,2,0
1,1,0
2,2,0
6,6,0
2,2,0
27,27,0
9,9,0
2,2,0
2,2,0
3,6,3
2,2,0
1,3,2
2,2,0
2,2,0
2,6,4
1,1,0
2,2,0
2,2,0
6,18,12
2,2,0
2,2,0
2,2,0
2,2,0
1,1,0
3,3,0
2,10,8
2,2,0
9,9,0
3,3,0
2,4,2
3,5,2
2,3,1
1,2,1
2,2,0
1,2,1
3,5,2
2,4,2
1,1,0
2,2,0
3,7,4
3,5,2
2,2,0
2,3,1
2,2,0
2,3,1
3,3,0
3,5,2
3,3,0
406,417,11
3,3,0
3,3,0
3,3,0
1,3,2
1,2,1
2,2,0
3,10,7
3,3,0
2,2,0
3,3,0
3,3,0
2,7,5
3,3,0
2,2,0
12,12,0
3,10,7
3,12,9
12,12,0
2,2,0
2,2,0
3,3,0
2,4,2
2,2,0
3,3,0
3,3,0
2,4,2
3,3,0
133,135,2
9,12,3
2,2,0
6,11,5
2,2,0
3,3,0
9,9,0
3,3,0
1,5,4
3,3,0
2,2,0
8,8,0
2,2,0
2,3,1
3,5,2
5,6,1
6,6,0
3,10,7
2,2,0
2,3,1
2,2,0
3,3,0
2,4,2
14,14,0
2,2,0
3,3,0
32,36,4
4,4,0
3,4,1
3,3,0
0,0,0
3,3,0
90,105,15
2,2,0
2,2,0
2,2,0
141,141,0
1,2,1
2,2,0
1,2,1
8,8,0
2,2,0
2,2,0
4,5,1
2,2,0
57,57,0
2,6,4
1,1,0
2,2,0
2,2,0
2,8,6
3,3,0
1,40,39
3,3,0
2,2,0
2,2,0
3,16,13
2,2,0
3,4,1
3,3,0
2,2,0
8,16,8
3,9,6
3,4,1
2,2,0
6,45,39
2,3,1
3,3,0
2,2,0
2,2,0
2,2,0
51,51,0
2,2,0
5,7,2
2,2,0
2,9,7
39,47,8
2,2,0
2,2,0
3,3,0
2,2,0
3,13,10
2,2,0
3,3,0
3,8,5
2,2,0
2,4,2
13,13,0
2,2,0
3,5,2
2,33,31
2,6,4
2,4,2
3,8,5
1,2,1
8,8,0
88,89,1
2,2,0
3,3,0
2,2,0
2,17,15
3,11,8
2,2,0
3,10,7
2,2,0
2,2,0
1,1,0
75,78,3
2,4,2
2,2,0
2,32,30
11,11,0
3,26,23
2,2,0
2,2,0
6,6,0
3,5,2
2,4,2
5,5,0
5,5,0
2,9,7
2,6,4
2,2,0
1,1,0
2,2,0
1,3,2
3,3,0
2,2,0
2,2,0
2,2,0
3,5,2
3,3,0
6,6,0
3,3,0
2,3,1
2,4,2
3,3,0
3,3,0
2,2,0
3,6,3
3,21,18
3,4,1
3,3,0
2,4,2
0,0,0
3,3,0
3,7,4
2,2,0
1,1,0
2,2,0
3,7,4
11,13,2
1,1,0
2,2,0
2,13,11
3,8,5
2,2,0
2,3,1
2,2,0
3,3,0
2,2,0
3,3,0
1,1,0
2,2,0
1,2,1
2,2,0
2,4,2
2,2,0
1,1,0
2,4,2
2,2,0
1,3,2
3,3,0
2,2,0
1,37,36
1,1,0
2,4,2
1,2,1
2,2,0
1,2,1
2,2,0
3,7,4
1,7,6
3,5,2
3,3,0
2,4,2
0,0,0
2,6,4
3,3,0
0,0,0
2,2,0
1,2,1
1,1,0
1,3,2
2,2,0
2,2,0
2,2,0
2,2,0
3,3,0
2,2,0
2,14,12
4,4,0
3,7,4
3,3,0
3,3,0
11,21,10
51,51,0
2,2,0
3,3,0
11,11,0
3,9,6
2,80,78
1,1,0
2,2,0
2,2,0
2,2,0
3,3,0
3,16,13
2,2,0
4,4,0
2,8,6
2,2,0
3,3,0
2,3,1
8,8,0
14,15,1
2,3,1
4,4,0
3,5,2
2,2,0
2,2,0
4,4,0
3,3,0
21,21,0
2,2,0
2,2,0
2,17,15
9,50,41
2,2,0
9,9,0
9,9,0
2,2,0
3,3,0
3,3,0
0,0,0
2,3,1
2,2,0
3,7,4
1,2,1
3,7,4
2,4,2
3,8,5
2,4,2
3,8,5
3,3,0
2,2,0
16,16,0
3,3,0
2,2,0
38,43,5
3,6,3
2,4,2
2,13,11
2,2,0
2,4,2
2,4,2
2,2,0
2,3,1
3,3,0
2,2,0
2,15,13
1,24,23
3,9,6
2,4,2
3,3,0
3,3,0
2,2,0
0,0,0
0,0,0
2,2,0
3,3,0
8,8,0
2,3,1
2,2,0
37,108,71
3,3,0
3,3,0
1,3,2
2,4,2
2,2,0
2,6,4
3,3,0
1,2,1
3,3,0
9,9,0
2,3,1
8,8,0
2,4,2
2,2,0
2,2,0
3,3,0
3,5,2
100,200,100
2,4,2
8,8,0
20,20,0
3,5,2
2,2,0
3,3,0
9,9,0
3,5,2
2,2,0
2,4,2
2,2,0
2,2,0
2,3,1
3,17,14
2,4,2
5,5,0
2,4,2
2,8,6
3,10,7
26,29,3
12,12,0
2,2,0
1,1,0
2,4,2
3,5,2
12,12,0
5,5,0
2,2,0
3,10,7
3,5,2
3,5,2
3,3,0
1,54,53
3,3,0
3,5,2
2,6,4
2,4,2
2,2,0
1,3,2
2,2,0
2,2,0
2,2,0
2,6,4
2,4,2
3,5,2
3,8,5
10,10,0
3,8,5
0,0,0
6,6,0
2,2,0
2,2,0
3,3,0
4,4,0
0,0,0
1,2,1
2,2,0
3,9,6
3,7,4
2,4,2
1,2,1
2,2,0
3,3,0
1,2,1
4,4,0
1,1,0
2,2,0
2,11,9
2,2,0
2,2,0
2,2,0
2,2,0
3,9,6
2,2,0
3,3,0
2,3,1
18,68,50
3,3,0
2,4,2
2,2,0
1,1,0
2,4,2
3,6,3
3,3,0
10,10,0
2,6,4
3,3,0
2,8,6
3,4,1
3,5,2
3,11,8
3,3,0
4,4,0
2,13,11
10,10,0
7,8,1
2,2,0
2,2,0
2,4,2
8,8,0
3,3,0
2,2,0
16,16,0
1,1,0
2,2,0
2,2,0
12,12,0
2,2,0
2,6,4
2,6,4
8,8,0
17,17,0
100,104,4
3,3,0
2,3,1
3,3,0
3,3,0
2,2,0
9,9,0
1,1,0
2,3,1
2,3,1
0,0,0
3,3,0
1,2,1
2,2,0
2,26,24
2,2,0
3,3,0
11,11,0
137,137,0
0,0,0
2,8,6
3,3,0
2,3,1
3,3,0
3,3,0
2,2,0
3,5,2
2,2,0
2,2,0
2,2,0
2,73,71
2,4,2
2,4,2
2,13,11
2,2,0
4,6,2
3,3,0
2,2,0
7,7,0
10,12,2
14,33,19
1,3,2
8,8,0
1,25,24
2,6,4
2,2,0
2,2,0
2,2,0
2,2,0
8,8,0
2,2,0
8,8,0
2,2,0
2,4,2
2,2,0
5,5,0
1,29,28
2,2,0
1,1,0
2,3,1
2,3,1
2,3,1
1,1,0
53,53,0
2,2,0
3,3,0
1,2,1
2,2,0
2,2,0
2,2,0
17,19,2
3,5,2
1,3,2
2,2,0
1,1,0
2,6,4
3,3,0
3,6,3
4,10,6
3,3,0
3,5,2
3,3,0
2,6,4
2,2,0
3,5,2
2,13,11
2,4,2
2,2,0
3,3,0
2,2,0
2,4,2
3,5,2
2,2,0
2,2,0
1,2,1
1,1,0
3,3,0
7,7,0
59,133,74
3,3,0
5,11,6
3,9,6
3,3,0
2,2,0
8,8,0
1,1,0
2,4,2
2,2,0
2,2,0
3,7,4
9,9,0
100,100,0
2,3,1
51,74,23
2,2,0
5,5,0
3,10,7
3,5,2
3,5,2
2,3,1
3,8,5
2,16,14
2,3,1
3,9,6
4,4,0
2,3,1
1,5,4
3,3,0
2,2,0
3,3,0
2,2,0
2,2,0
2,2,0
2,2,0
2,3,1
2,2,0
2,2,0
1,2,1
27,27,0
2,80,78
2,2,0
3,9,6
3,5,2
3,5,2
2,2,0
2,2,0
3,3,0
62,62,0
2,2,0
2,2,0
3,20,17
2,4,2
3,4,1
2,2,0
0,0,0
9,9,0
2,2,0
3,3,0
23,61,38
2,2,0
1,6,5
2,2,0
2,13,11
3,5,2
2,2,0
2,3,1
2,2,0
2,2,0
2,2,0
3,3,0
81,93,12
2,2,0
2,8,6
1,4,3
1,2,1
2,2,0
3,8,5
3,16,13
0,0,0
3,5,2
2,2,0
1,4,3
2,4,2
2,17,15
0,0,0
25,37,12
2,4,2
2,2,0
2,2,0
2,2,0
2,4,2
1,1,0
2,3,1
2,2,0
9,9,0
1,4,3
9,9,0
3,5,2
1,1,0
2,2,0
2,6,4
2,2,0
2,2,0
3,3,0
2,2,0
2,2,0
117,117,0
10,13,3
0,0,0
2,2,0
3,7,4
3,3,0
2,2,0
0,0,0
3,3,0
4,4,0
3,3,0
2,2,0
8,8,0
3,3,0
2,2,0
9,12,3
51,51,0
2,2,0
5,5,0
3,3,0
1,1,0
1,2,1
3,9,6
3,3,0
3,5,2
2,11,9
3,5,2
2,2,0
6,6,0
3,5,2
2,6,4
3,5,2
2,4,2
8,8,0
26,26,0
6,8,2
3,8,5
2,16,14
3,7,4
15,15,0
1,26,25
9,9,0
2,2,0
3,27,24
2,2,0
2,2,0
2,4,2
8,8,0
3,3,0
2,2,0
1,5,4
2,3,1
2,2,0
3,5,2
3,5,2
2,4,2
2,2,0
1,7,6
3,3,0
1,92,91
1,4,3
2,4,2
2,2,0
3,7,4
2,2,0
2,11,9
2,6,4
2,3,1
0,0,0
2,4,2
2,2,0
1,3,2
2,2,0
2,2,0
0,0,0
2,13,11
2,4,2
11,11,0
3,5,2
2,2,0
2,2,0
3,5,2
2,2,0
0,0,0
0,0,0
2,3,1
3,7,4
2,2,0
37,37,0
1,31,30
3,5,2
84,84,0
2,4,2
2,8,6
3,7,4
5,5,0
3,3,0
2,2,0
3,3,0
0,0,0
2,2,0
2,96,94
3,5,2
3,3,0
5,5,0
2,21,19
3,4,1
2,2,0
3,3,0
3,15,12
0,0,0
0,0,0
3,3,0
2,2,0
3,5,2
2,18,16
2,4,2
3,3,0
1,2,1
3,11,8
2,2,0
3,3,0
61,64,3
2,4,2
10,12,2
2,2,0
2,2,0
2,2,0
9,9,0
8,8,0
2,2,0
9,9,0
3,3,0
2,2,0
3,3,0
3,3,0
12,17,5
2,2,0
4,6,2
8,8,0
3,3,0
0,0,0
24,24,0
2,8,6
3,3,0
26,26,0
0,0,0
2,2,0
2,6,4
3,3,0
2,2,0
2,2,0
35,41,6
8,8,0
3,9,6
2,4,2
2,2,0
2,2,0
2,2,0
2,7,5
5,11,6
2,2,0
2,4,2
2,2,0
2,9,7
2,2,0
2,2,0
25,27,2
3,5,2
2,76,74
4,51,47
0,0,0
2,5,3
2,3,1
2,12,10
2,4,2
8,8,0
1,2,1
1,1,0
2,2,0
3,3,0
2,11,9
3,3,0
6,6,0
2,2,0
2,2,0
1,5,4
2,2,0
0,0,0
8,19,11
3,3,0
0,0,0
2,2,0
3,5,2
2,4,2
3,5,2
14,14,0
2,2,0
8,8,0
2,2,0
2,40,38
3,3,0
3,9,6
2,2,0
3,3,0
16,16,0
0,0,0
8,8,0
2,2,0
3,5,2
2,2,0
4,7,3
2,4,2
2,49,47
50,50,0
2,2,0
3,7,4
2,40,38
2,2,0
3,3,0
2,6,4
129,236,107
28,122,94
1,25,24
2,5,3
2,4,2
2,2,0
2,37,35
2,2,0
11,11,0
2,2,0
9,9,0
2,2,0
1,3,2
2,2,0
3,7,4
3,5,2
2,2,0
2,5,3
3,4,1
2,2,0
3,3,0
9,11,2
2,4,2
2,2,0
1,1,0
2,2,0
7,7,0
2,7,5
3,3,0
3,7,4
0,0,0
2,6,4
2,2,0
2,2,0
3,3,0
1,1,0
2,12,10
2,4,2
8,8,0
2,19,17
50,50,0
3,3,0
2,4,2
3,5,2
1,99,98
2,2,0
33,33,0
2,2,0
94,94,0
2,2,0
2,2,0
1,1,0
3,3,0
3,3,0
11,11,0
2,2,0
2,4,2
2,2,0
3,3,0
3,3,0
3,7,4
10,31,21
8,8,0
2,2,0
2,4,2
2,2,0
9,9,0
2,7,5
3,5,2
4,4,0
3,3,0
2,50,48
1,8,7
3,12,9
2,2,0
3,8,5
51,58,7
3,3,0
0,0,0
2,2,0
18,29,11
2,45,43
2,2,0
3,3,0
2,37,35
4,5,1
2,2,0
2,10,8
1,1,0
95,95,0
2,2,0
3,10,7
3,3,0
2,2,0
2,5,3
2,2,0
2,2,0
3,3,0
1,1,0
1,2,1
2,2,0
65,65,0
8,15,7
3,5,2
2,3,1
3,4,1
9,9,0
2,2,0
6,6,0
2,3,1
1,1,0
2,2,0
3,5,2
0,0,0
6,6,0
3,3,0
1,1,0
2,2,0
6,6,0
2,2,0
2,2,0
3,17,14
4,12,8
2,6,4
2,2,0
2,64,62
3,6,3
3,8,5
1,62,61
2,4,2
3,4,1
2,2,0
3,7,4
2,2,0
2,2,0
1,1,0
2,2,0
16,46,30
3,3,0
2,2,0
3,3,0
2,2,0
6,7,1
1,1,0
2,2,0
2,2,0
3,3,0
2,2,0
2,2,0
2,2,0
2,4,2
3,3,0
3,14,11
1,26,25
2,6,4
1,1,0
2,25,23
81,206,125
2,12,10
2,2,0
2,2,0
2,2,0
2,10,8
3,3,0
11,11,0
1,1,0
0,0,0
3,5,2
3,3,0
0,0,0
2,3,1
2,2,0
1,12,11
51,51,0
3,8,5
77,168,91
52,156,104
1,7,6
4,10,6
3,6,3
2,2,0
3,3,0
21,25,4
3,3,0
3,3,0
2,2,0
7,15,8
3,5,2
2,2,0
2,2,0
2,2,0
3,7,4
2,2,0
8,8,0
3,4,1
2,2,0
2,2,0
1,1,0
2,4,2
2,2,0
2,2,0
2,2,0
3,3,0
3,3,0
2,2,0
2,4,2
26,104,78
3,5,2
2,2,0
2,2,0
2,2,0
3,3,0
36,36,0
12,12,0
2,2,0
2,2,0
2,3,1
6,6,0
0,0,0
2,2,0
3,3,0
2,5,3
3,3,0
1,1,0
3,5,2
1,1,0
10,12,2
3,3,0
8,8,0
11,12,1
2,2,0
1,2,1
2,6,4
2,11,9
2,2,0
2,5,3
2,2,0
3,3,0
3,3,0
3,3,0
8,8,0
2,2,0
2,2,0
2,2,0
3,3,0
1,12,11
2,4,2
3,3,0
3,7,4
1,2,1
26,27,1
1,29,28
2,2,0
24,24,0
9,9,0
2,2,0
2,4,2
3,3,0
2,2,0
2,2,0
12,12,0
9,9,0
23,23,0
9,9,0
2,2,0
2,2,0
9,9,0
2,2,0
7,7,0
30,30,0
1,3,2
3,3,0
3,5,2
2,2,0
2,2,0
2,2,0
2,2,0
8,8,0
3,6,3
2,80,78
2,4,2
2,11,9
8,8,0
9,9,0
1,2,1
4,4,0
52,52,0
2,2,0
2,2,0
2,2,0
10,10,0
66,104,38
2,2,0
60,66,6
3,5,2
28,28,0
1,3,2
2,6,4
2,2,0
3,3,0
2,2,0
2,4,2
2,2,0
2,2,0
2,3,1
2,8,6
2,2,0
2,2,0
2,2,0
3,3,0
3,6,3
3,5,2
3,9,6
2,10,8
2,2,0
3,12,9
2,2,0
2,2,0
2,2,0
7,7,0
3,3,0
1,1,0
3,3,0
2,2,0
2,3,1
3,18,15
1,1,0
3,6,3
2,2,0
3,9,6
2,21,19
6,36,30
1,44,43
2,4,2
1,1,0
2,2,0
2,13,11
2,2,0
3,9,6
3,3,0
1,3,2
2,2,0
2,2,0
8,8,0
3,5,2
3,5,2
3,29,26
2,2,0
2,2,0
3,5,2
7,7,0
2,4,2
2,2,0
3,3,0
0,0,0
2,2,0
1,44,43
3,3,0
2,5,3
2,4,2
2,2,0
2,2,0
2,2,0
9,9,0
13,13,0
3,5,2
2,2,0
23,61,38
9,9,0
2,3,1
2,2,0
18,18,0
2,44,42
2,9,7
2,2,0
3,3,0
1,1,0
2,19,17
2,2,0
3,3,0
3,3,0
2,2,0
2,3,1
11,46,35
3,4,1
3,3,0
2,2,0
1,2,1
3,3,0
9,9,0
1,5,4
2,2,0
2,2,0
2,4,2
2,2,0
2,4,2
2,2,0
3,3,0
9,17,8
3,3,0
2,2,0
2,2,0
3,5,2
2,2,0
2,6,4
2,2,0
2,4,2
2,2,0
2,2,0
2,2,0
1,2,1
96,96,0
2,2,0
2,2,0
2,2,0
2,10,8
2,5,3
1,27,26
2,2,0
3,5,2
2,3,1
1,5,4
80,84,4
1,4,3
3,3,0
3,3,0
2,2,0
2,2,0
3,10,7
2,2,0
0,0,0
2,9,7
3,3,0
2,2,0
3,10,7
197,197,0
3,3,0
3,3,0
0,0,0
2,2,0
1,2,1
2,2,0
2,2,0
2,6,4
2,2,0
1,2,1
47,47,0
3,5,2
10,10,0
2,4,2
3,6,3
2,2,0
2,2,0
2,2,0
6,6,0
2,2,0
8,8,0
2,6,4
2,4,2
3,5,2
2,4,2
2,2,0
3,5,2
2,13,11
8,8,0
11,25,14
0,0,0
100,100,0
2,2,0
3,264,261
3,3,0
6,15,9
2,4,2
5,5,0
1,27,26
3,3,0
3,5,2
3,11,8
1,2,1
17,17,0
2,2,0
3,5,2
3,3,0
3,5,2
3,3,0
4,4,0
1,24,23
5,5,0
2,2,0
3,14,11
3,3,0
4,4,0
2,3,1
2,90,88
14,39,25
2,2,0
6,9,3
56,56,0
3,6,3
9,9,0
1,1,0
2,2,0
9,9,0
2,2,0
3,3,0
2,4,2
3,3,0
1,2,1
1,5,4
3,3,0
2,2,0
2,19,17
3,3,0
3,3,0
2,4,2
1,2,1
3,5,2
2,2,0
3,3,0
3,3,0
3,3,0
2,2,0
1,1,0
2,2,0
2,2,0
8,8,0
2,2,0
2,11,9
3,3,0
8,8,0
3,5,2
1,3,2
3,6,3
3,4,1
2,82,80
3,7,4
3,3,0
5,5,0
20,20,0
1,1,0
2,2,0
2,2,0
2,2,0
3,3,0
2,2,0
2,2,0
2,8,6
4,4,0
10,10,0
1,3,2
2,4,2
3,3,0
20,46,26
2,2,0
1,3,2
9,9,0
2,13,11
2,2,0
1,22,21
9,9,0
3,20,17
3,3,0
2,2,0
2,2,0
3,19,16
1,3,2
3,5,2
3,10,7
1,5,4
1,5,4
3,5,2
0,0,0
3,3,0
4,4,0
4,4,0
2,9,7
2,13,11
2,2,0
2,2,0
0,0,0
7,7,0
4,5,1
9,9,0
1,23,22
3,5,2
3,9,6
8,8,0
3,4,1
3,3,0
2,2,0
2,2,0
59,133,74
1,2,1
3,3,0
3,3,0
53,68,15
5,6,1
3,3,0
2,4,2
2,2,0
2,2,0
3,5,2
1,2,1
3,3,0
2,2,0
3,5,2
2,5,3
1,2,1
3,3,0
2,2,0
2,4,2
1,5,4
2,4,2
2,2,0
3,7,4
2,2,0
0,0,0
2,5,3
1,5,4
2,2,0
3,5,2
3,3,0
3,3,0
2,8,6
9,9,0
10,12,2
3,3,0
3,3,0
2,2,0
3,6,3
2,4,2
2,8,6
0,0,0
3,3,0
2,5,3
2,2,0
1,2,1
3,3,0
1,14,13
2,2,0
2,2,0
2,2,0
2,4,2
2,27,25
3,5,2
3,3,0
2,2,0
0,0,0
22,47,25
1,1,0
2,4,2
2,2,0
13,13,0
10,12,2
3,3,0
4,4,0
2,2,0
2,4,2
1,1,0
3,3,0
2,2,0
2,2,0
1,3,2
2,2,0
1,2,1
3,3,0
3,3,0
3,3,0
54,73,19
2,4,2
52,167,115
3,3,0
2,56,54
3,3,0
2,6,4
3,3,0
1,1,0
1,1,0
3,6,3
2,2,0
2,27,25
3,7,4
77,132,55
3,5,2
8,8,0
8,8,0
2,2,0
2,4,2
3,25,22
43,142,99
2,2,0
3,3,0
2,2,0
1,5,4
100,101,1
51,51,0
3,3,0
2,5,3
3,3,0
3,3,0
1,1,0
2,6,4
3,6,3
9,10,1
3,3,0
125,125,0
3,3,0
3,3,0
2,5,3
0,0,0
8,8,0
2,3,1
3,3,0
2,2,0
2,2,0
2,3,1
1,1,0
2,2,0
2,2,0
2,2,0
2,2,0
1,11,10
2,4,2
98,98,0
9,9,0
2,2,0
3,5,2
0,0,0
3,8,5
0,0,0
3,13,10
2,13,11
2,6,4
2,2,0
2,2,0
2,2,0
2,2,0
3,3,0
2,2,0
5,5,0
3,3,0
3,3,0
6,6,0
9,9,0
2,2,0
3,3,0
2,2,0
2,2,0
2,2,0
3,3,0
2,4,2
5,5,0
22,22,0
2,2,0
6,12,6
3,3,0
2,2,0
3,6,3
3,5,2
2,6,4
2,2,0
3,3,0
2,2,0
3,10,7
3,4,1
2,4,2
1,2,1
3,3,0
2,2,0
2,2,0
2,2,0
37,108,71
3,29,26
8,8,0
2,2,0
2,7,5
3,3,0
3,7,4
16,17,1
3,9,6
3,3,0
2,8,6
12,14,2
2,2,0
1,1,0
2,4,2
2,2,0
2,2,0
3,3,0
2,21,19
2,3,1
2,2,0
1,1,0
2,2,0
2,2,0
3,7,4
2,2,0
2,5,3
3,3,0
2,2,0
1,1,0
0,0,0
2,2,0
2,2,0
9,9,0
0,0,0
2,4,2
3,3,0
10,12,2
0,0,0
2,9,7
3,3,0
3,13,10
45,119,74
2,4,2
2,14,12
3,5,2
2,16,14
96,99,3
2,2,0
2,5,3
1,3,2
2,2,0
4,4,0
2,2,0
3,3,0
2,2,0
2,2,0
2,4,2
1,1,0
2,2,0
75,75,0
12,12,0
2,2,0
12,12,0
3,34,31
2,2,0
2,6,4
3,3,0
2,2,0
2,2,0
2,4,2
3,3,0
14,14,0
5,5,0
3,3,0
2,5,3
3,7,4
3,3,0
1,6,5
88,101,13
2,2,0
3,3,0
2,2,0
2,2,0
1,2,1
2,2,0
3,3,0
3,4,1
5,5,0
3,5,2
3,7,4
3,15,12
2,2,0
0,0,0
2,2,0
25,25,0
3,3,0
2,2,0
2,2,0
3,5,2
2,2,0
1,1,0
3,3,0
2,2,0
2,4,2
3,3,0
3,5,2
186,186,0
1,13,12
3,5,2
2,6,4
2,2,0
3,5,2
2,4,2
2,2,0
2,4,2
3,3,0
3,3,0
3,5,2
2,3,1
3,4,1
2,2,0
1,6,5
0,0,0
2,2,0
2,2,0
70,149,79
3,5,2
2,2,0
2,3,1
3,5,2
2,2,0
9,9,0
13,13,0
8,8,0
3,3,0
2,2,0
2,2,0
3,5,2
1,1,0
6,57,51
3,3,0
2,2,0
2,2,0
2,2,0
2,2,0
3,4,1
2,2,0
2,2,0
2,2,0
3,10,7
2,4,2
1,1,0
1,2,1
2,4,2
9,17,8
2,2,0
25,25,0
3,3,0
2,2,0
3,7,4
0,0,0
1,1,0
98,102,4
0,0,0
2,2,0
1,1,0
3,7,4
0,0,0
2,2,0
0,0,0
1,1,0
3,7,4
2,2,0
2,2,0
3,7,4
1,2,1
2,3,1
1,1,0
2,2,0
3,3,0
1,1,0
2,12,10
3,3,0
2,6,4
2,8,6
2,2,0
3,6,3
0,0,0
3,5,2
2,2,0
2,2,0
2,3,1
0,0,0
2,2,0
2,4,2
2,12,10
2,2,0
2,2,0
1,1,0
0,0,0
2,3,1
7,7,0
2,3,1
1,2,1
2,2,0
2,82,80
9,9,0
2,2,0
2,6,4
6,6,0
3,3,0
3,9,6
2,2,0
3,6,3
2,2,0
2,3,1
3,3,0
2,3,1
3,3,0
2,2,0
8,8,0
3,3,0
2,2,0
3,3,0
2,2,0
2,2,0
2,2,0
4,4,0
2,4,2
12,12,0
1,2,1
3,11,8
1,3,2
3,3,0
2,5,3
3,4,1
2,4,2
37,37,0
2,2,0
8,8,0
2,4,2
3,3,0
3,9,6
2,2,0
2,9,7
8,8,0
2,2,0
3,3,0
2,4,2
2,27,25
2,2,0
2,2,0
2,2,0
2,2,0
3,3,0
2,2,0
3,3,0
6,6,0
2,2,0
26,26,0
3,5,2
2,2,0
2,2,0
2,2,0
2,2,0
2,2,0
2,2,0
2,4,2
2,19,17
127,131,4
0,0,0
2,2,0
12,12,0
3,10,7
2,5,3
2,2,0
2,45,43
2,10,8
3,5,2
3,3,0
45,45,0
2,2,0
8,26,18
3,5,2
3,3,0
1,1,0
3,5,2
2,2,0
8,8,0
3,7,4
7,7,0
2,28,26
51,63,12
1,1,0
1,1,0
1,1,0
6,6,0
2,9,7
2,2,0
9,9,0
2,2,0
2,2,0
2,46,44
2,2,0
1,2,1
6,6,0
2,2,0
1,4,3
2,9,7
3,3,0
2,2,0
2,2,0
8,16,8
2,2,0
2,2,0
2,4,2
2,5,3
6,6,0
3,6,3
9,9,0
75,76,1
2,2,0
3,3,0
2,2,0
2,2,0
3,3,0
3,8,5
8,8,0
2,5,3
4,4,0
2,2,0
9,9,0
7,198,191
2,2,0
2,2,0
1,2,1
2,2,0
3,4,1
2,2,0
3,5,2
1,1,0
1,1,0
1,4,3
2,98,96
95,112,17
3,5,2
2,2,0
2,2,0
2,2,0
20,195,175
2,2,0
2,2,0
3,3,0
3,3,0
2,3,1
2,4,2
2,2,0
9,9,0
3,16,13
3,3,0
3,24,21
3,7,4
3,5,2
2,2,0
3,3,0
1,1,0
2,2,0
20,20,0
2,4,2
1,7,6
2,2,0
3,18,15
1,2,1
3,8,5
8,8,0
2,2,0
53,53,0
6,8,2
2,4,2
8,8,0
2,2,0
2,4,2
2,2,0
2,2,0
6,6,0
1,48,47
0,0,0
15,15,0
3,8,5
3,7,4
3,8,5
3,3,0
2,2,0
2,2,0
3,3,0
2,4,2
3,5,2
3,3,0
0,0,0
3,3,0
0,0,0
1,5,4
39,39,0
2,2,0
7,16,9
3,3,0
2,2,0
2,7,5
2,2,0
2,4,2
2,2,0
45,46,1
8,8,0
2,2,0
8,16,8
3,8,5
3,5,2
24,29,5
2,2,0
2,31,29
4,6,2
3,4,1
2,2,0
2,5,3
4,4,0
2,2,0
3,7,4
2,2,0
4,11,7
9,9,0
2,3,1
1,1,0
6,6,0
2,18,16
2,2,0
6,34,28
2,6,4
2,18,16
2,2,0
3,5,2
1,5,4
2,2,0
2,2,0
2,20,18
3,3,0
3,3,0
3,3,0
11,11,0
34,34,0
2,2,0
3,3,0
2,2,0
2,2,0
2,2,0
1,62,61
2,2,0
2,28,26
8,8,0
1,2,1
2,2,0
2,2,0
3,3,0
4,4,0
4,4,0
2,2,0
3,3,0
2,2,0
94,95,1
66,104,38
2,13,11
1,3,2
2,2,0
2,4,2
3,5,2
2,4,2
2,2,0
5,8,3
2,7,5
3,5,2
2,2,0
2,2,0
2,2,0
2,2,0
5,5,0
2,2,0
3,7,4
2,2,0
46,54,8
1,1,0
2,2,0
2,2,0
3,7,4
2,2,0
6,6,0
4,18,14
0,0,0
0,0,0
1,5,4
1,1,0
3,6,3
5,5,0
2,2,0
2,2,0
4,6,2
2,8,6
4,5,1
2,4,2
1,1,0
3,14,11
2,2,0
2,2,0
4,9,5
2,2,0
2,2,0
3,4,1
2,86,84
9,9,0
3,3,0
2,2,0
5,9,4
2,4,2
3,7,4
2,2,0
2,4,2
2,4,2
1,57,56
2,2,0
2,2,0
100,200,100
2,4,2
2,6,4
8,8,0
11,19,8
2,4,2
1,2,1
3,8,5
2,80,78
8,8,0
90,90,0
0,0,0
2,6,4
3,3,0
3,5,2
3,5,2
2,2,0
2,2,0
2,35,33
2,6,4
3,5,2
2,2,0
2,4,2
2,2,0
2,2,0
2,18,16
11,11,0
100,100,0
2,2,0
1,36,35
2,2,0
16,18,2
2,2,0
9,9,0
7,7,0
1,54,53
2,3,1
2,2,0
3,7,4
2,2,0
3,3,0
2,2,0
1,1,0
3,3,0
2,10,8
2,2,0
18,18,0
2,2,0
2,2,0
2,12,10
2,3,1
0,0,0
139,216,77
2,2,0
2,100,98
4,4,0
14,14,0
3,3,0
3,5,2
5,5,0
3,4,1
1,2,1
3,10,7
0,0,0
1,1,0
3,72,69
3,5,2
1,1,0
2,2,0
3,10,7
2,2,0
2,2,0
1,1,0
37,39,2
1,2,1
2,3,1
3,3,0
3,3,0
4,4,0
7,8,1
2,2,0
0,0,0
1,6,5
9,9,0
2,5,3
3,5,2
2,4,2
2,2,0
1,2,1
2,2,0
1,2,1
1,2,1
2,2,0
6,37,31
1,4,3
3,8,5
3,3,0
3,3,0
2,2,0
2,5,3
3,5,2
2,2,0
4,15,11
3,5,2
2,2,0
3,3,0
3,5,2
3,5,2
2,2,0
2,2,0
8,8,0
2,2,0
2,80,78
3,3,0
2,2,0
2,2,0
3,3,0
8,8,0
2,2,0
8,8,0
2,2,0
2,2,0
1,1,0
2,2,0
2,2,0
2,2,0
0,0,0
3,3,0
9,9,0
8,8,0
2,21,19
60,60,0
2,6,4
2,3,1
3,3,0
2,2,0
2,2,0
1,21,20
2,2,0
3,6,3
1,2,1
2,2,0
2,2,0
2,2,0
3,3,0
2,6,4
2,4,2
2,2,0
3,3,0
3,3,0
1,1,0
1,1,0
2,2,0
2,2,0
2,2,0
2,2,0
3,3,0
9,9,0
2,2,0
10,10,0
2,8,6
2,25,23
5,5,0
1,1,0
3,7,4
2,2,0
8,8,0
1,1,0
2,2,0
2,13,11
1,22,21
2,3,1
2,2,0
8,8,0
6,6,0
9,9,0
2,2,0
2,5,3
23,23,0
2,2,0
2,11,9
3,3,0
3,3,0
2,2,0
3,5,2
2,14,12
8,8,0
3,3,0
1,4,3
2,2,0
2,2,0
2,2,0
2,2,0
6,6,0
3,3,0
3,3,0
1,1,0
2,62,60
13,15,2
4,4,0
2,2,0
2,2,0
2,2,0
3,3,0
2,2,0
81,95,14
2,6,4
2,2,0
3,3,0
3,3,0
3,3,0
2,9,7
2,2,0
2,2,0
3,3,0
1,1,0
3,24,21
2,4,2
2,3,1
2,27,25
1,1,0
1,2,1
0,0,0
2,2,0
2,2,0
4,9,5
2,2,0
0,0,0
92,93,1
2,2,0
15,15,0
2,2,0
2,2,0
2,2,0
3,3,0
2,4,2
2,2,0
2,4,2
1,1,0
3,3,0
2,4,2
20,35,15
2,2,0
2,2,0
2,4,2
2,2,0
3,3,0
1,1,0
9,9,0
3,3,0
2,2,0
3,5,2
3,3,0
2,3,1
1,2,1
2,4,2
2,2,0
3,6,3
2,2,0
3,3,0
1,2,1
8,8,0
3,16,13
5,5,0
1,1,0
3,30,27
2,2,0
2,2,0
2,4,2
2,2,0
2,2,0
10,10,0
8,8,0
0,0,0
2,82,80
2,2,0
3,3,0
2,119,117
3,3,0
2,2,0
56,56,0
2,2,0
2,2,0
2,2,0
11,12,1
8,8,0
3,3,0
3,3,0
0,0,0
2,4,2
3,3,0
0,0,0
2,8,6
2,2,0
2,2,0
2,2,0
2,2,0
3,3,0
6,6,0
3,5,2
1,2,1
1,2,1
2,2,0
100,100,0
8,8,0
2,4,2
2,2,0
2,2,0
1,80,79
2,2,0
2,2,0
2,6,4
11,46,35
2,2,0
2,2,0
2,2,0
0,0,0
11,11,0
2,8,6
15,15,0
2,5,3
4,5,1
1,2,1
3,9,6
3,9,6
19,19,0
2,2,0
3,3,0
1,1,0
2,4,2
2,2,0
51,51,0
2,2,0
55,55,0
9,9,0
30,30,0
2,2,0
1,2,1
2,2,0
2,2,0
3,3,0
2,2,0
2,25,23
3,11,8
2,2,0
2,2,0
2,2,0
3,9,6
2,2,0
2,2,0
0,0,0
4,6,2
1,2,1
3,3,0
3,7,4
9,9,0
2,4,2
2,4,2
3,3,0
8,8,0
2,2,0
3,3,0
2,2,0
3,7,4
5,8,3
3,3,0
2,2,0
2,69,67
1,1,0
2,2,0
72,72,0
3,5,2
2,2,0
3,3,0
0,0,0
3,5,2
2,2,0
2,2,0
2,2,0
6,6,0
1,1,0
2,2,0
1,1,0
3,3,0
2,10,8
3,3,0
2,2,0
2,2,0
2,2,0
3,5,2
9,9,0
2,2,0
2,2,0
2,6,4
2,2,0
2,2,0
3,3,0
6,6,0
100,100,0
2,3,1
2,2,0
0,0,0
1,3,2
1,1,0
0,0,0
2,2,0
2,4,2
3,3,0
2,2,0
2,6,4
2,2,0
2,2,0
3,3,0
1,3,2
20,44,24
3,12,9
51,52,1
1,2,1
2,2,0
2,2,0
1,1,0
3,3,0
1,1,0
8,8,0
1,3,2
9,9,0
2,2,0
8,8,0
107,107,0
2,2,0
4,4,0
2,2,0
9,9,0
2,2,0
8,8,0
4,73,69
3,5,2
0,0,0
3,6,3
2,2,0
2,2,0
3,5,2
0,0,0
8,8,0
1,1,0
3,3,0
2,2,0
3,3,0
1,5,4
1,1,0
1,1,0
1,1,0
2,2,0
2,2,0
2,12,10
2,2,0
2,16,14
2,2,0
6,6,0
2,40,38
3,3,0
2,2,0
4,4,0
2,2,0
3,3,0
2,2,0
2,2,0
38,39,1
2,3,1
2,2,0
2,2,0
2,2,0
2,13,11
2,2,0
0,0,0
19,19,0
2,2,0
2,2,0
2,9,7
2,4,2
2,2,0
1,3,2
2,2,0
3,5,2
2,2,0
2,2,0
2,43,41
2,2,0
6,90,84
3,3,0
10,10,0
9,9,0
2,2,0
2,46,44
11,11,0
3,6,3
2,2,0
12,12,0
2,4,2
2,4,2
0,0,0
3,16,13
2,4,2
3,3,0
2,3,1
3,3,0
3,7,4
2,2,0
3,3,0
6,6,0
51,51,0
3,3,0
3,3,0
0,0,0
8,8,0
3,3,0
3,3,0
22,22,0
2,4,2
2,2,0
2,2,0
3,3,0
1,28,27
2,16,14
2,4,2
2,2,0
2,6,4
0,0,0
2,3,1
2,2,0
3,4,1
0,0,0
3,3,0
1,2,1
3,5,2
3,3,0
2,8,6
2,10,8
2,8,6
3,7,4
3,3,0
22,24,2
106,202,96
2,82,80
1,48,47
1,2,1
4,5,1
20,20,0
2,2,0
27,28,1
2,4,2
3,3,0
3,3,0
2,13,11
2,2,0
6,9,3
15,17,2
2,2,0
2,2,0
3,3,0
3,5,2
2,2,0
3,10,7
0,0,0
2,2,0
1,1,0
3,6,3
31,127,96
1,1,0
3,11,8
1,45,44
3,8,5
1,16,15
2,82,80
2,7,5
2,2,0
2,5,3
3,6,3
4,4,0
2,2,0
2,2,0
2,2,0
0,0,0
2,2,0
2,2,0
0,0,0
150,150,0
3,3,0
14,14,0
2,48,46
0,0,0
2,2,0
1,2,1
150,150,0
4,4,0
2,2,0
8,8,0
3,3,0
2,2,0
2,10,8
2,45,43
3,3,0
2,12,10
2,2,0
2,2,0
10,11,1
2,2,0
2,10,8
2,2,0
2,2,0
8,8,0
3,3,0
2,2,0
2,2,0
2,4,2
0,0,0
2,2,0
2,2,0
1,1,0
3,5,2
3,3,0
2,4,2
14,18,4
2,2,0
3,3,0
2,5,3
4,13,9
2,2,0
24,24,0
3,5,2
2,2,0
3,3,0
3,3,0
9,9,0
2,2,0
5,7,2
2,2,0
1,1,0
6,6,0
2,2,0
1,32,31
2,2,0
2,2,0
3,7,4
2,6,4
3,3,0
2,2,0
2,2,0
1,2,1
3,3,0
2,2,0
2,2,0
3,4,1
2,4,2
64,64,0
2,79,77
2,2,0
2,2,0
2,4,2
0,0,0
3,8,5
2,4,2
1,1,0
3,3,0
3,3,0
3,3,0
2,7,5
11,20,9
2,2,0
2,2,0
2,2,0
4,5,1
3,3,0
2,2,0
3,6,3
6,6,0
3,3,0
4,4,0
2,6,4
2,2,0
0,0,0
2,2,0
9,17,8
4,15,11
2,9,7
1,5,4
2,2,0
2,2,0
2,4,2
6,7,1
3,11,8
2,4,2
2,8,6
3,7,4
2,2,0
2,5,3
1,2,1
3,5,2
3,3,0
3,6,3
1,1,0
2,3,1
1,1,0
8,8,0
2,2,0
2,4,2
3,4,1
46,46,0
2,2,0
3,5,2
1,1,0
1,14,13
2,2,0
3,3,0
22,22,0
2,2,0
74,74,0
2,2,0
2,2,0
2,2,0
2,6,4
2,2,0
2,2,0
2,9,7
3,4,1
2,5,3
2,25,23
2,2,0
1,18,17
12,12,0
3,3,0
2,2,0
3,5,2
3,9,6
2,2,0
3,21,18
2,2,0
2,22,20
4,9,5
2,2,0
3,4,1
2,2,0
12,33,21
1,1,0
12,12,0
2,2,0
3,5,2
2,2,0
99,99,0
3,3,0
2,2,0
2,5,3
9,9,0
2,2,0
9,9,0
2,2,0
3,6,3
2,4,2
2,2,0
3,5,2
2,4,2
2,2,0
1,1,0
2,2,0
3,3,0
0,0,0
3,3,0
49,49,0
3,3,0
3,8,5
2,2,0
2,2,0
2,2,0
8,8,0
1,23,22
2,2,0
4,71,67
2,2,0
2,2,0
3,101,98
2,4,2
1,2,1
2,4,2
9,9,0
2,2,0
8,8,0
20,20,0
3,3,0
5,5,0
2,2,0
2,4,2
2,2,0
4,4,0
1,1,0
3,3,0
2,2,0
3,3,0
2,132,130
1,1,0
2,2,0
2,5,3
3,3,0
3,3,0
2,11,9
2,2,0
6,37,31
2,2,0
4,4,0
1,2,1
2,16,14
16,29,13
2,4,2
1,1,0
3,3,0
1,1,0
28,30,2
3,3,0
2,2,0
2,2,0
2,2,0
3,8,5
3,5,2
2,2,0
1,1,0
1,1,0
1,4,3
2,2,0
2,6,4
2,2,0
2,2,0
1,2,1
1,8,7
1,2,1
2,2,0
3,3,0
2,126,124
3,7,4
4,6,2
1,5,4
3,10,7
3,5,2
2,2,0
3,5,2
3,3,0
2,2,0
3,5,2
1,1,0
3,3,0
2,4,2
26,26,0
3,3,0
0,0,0
13,13,0
3,3,0
9,9,0
3,7,4
9,9,0
2,2,0
2,2,0
4,8,4
51,55,4
3,5,2
2,2,0
2,2,0
2,2,0
2,2,0
2,2,0
4,4,0
1,1,0
20,20,0
2,2,0
11,11,0
2,9,7
1,1,0
0,0,0
4,34,30
2,2,0
100,102,2
3,6,3
0,0,0
2,2,0
2,10,8
3,3,0
1,2,1
1,3,2
2,3,1
3,6,3
2,2,0
2,2,0
3,3,0
22,22,0
0,0,0
3,5,2
7,33,26
2,4,2
4,4,0
2,4,2
3,3,0
2,5,3
2,2,0
3,3,0
1,3,2
2,37,35
0,0,0
2,4,2
10,10,0
1,3,2
3,5,2
2,2,0
5,8,3
22,42,20
0,0,0
66,66,0
21,22,1
2,2,0
2,2,0
3,12,9
2,2,0
2,2,0
43,43,0
2,4,2
3,3,0
2,2,0
3,8,5
2,2,0
1,9,8
2,33,31
22,22,0
2,2,0
2,6,4
2,2,0
2,2,0
2,2,0
3,4,1
3,3,0
2,2,0
8,8,0
1,21,20
0,0,0
2,2,0
3,5,2
3,3,0
3,5,2
2,2,0
2,2,0
34,34,0
4,7,3
9,9,0
2,4,2
9,52,43
3,3,0
0,0,0
3,3,0
2,2,0
1,1,0
2,2,0
5,5,0
2,84,82
2,4,2
3,4,1
2,2,0
1,24,23
2,2,0
2,2,0
3,3,0
3,3,0
52,156,104
2,9,7
6,7,1
2,2,0
2,2,0
1,2,1
1,2,1
2,5,3
2,4,2
4,6,2
2,2,0
3,3,0
6,6,0
14,16,2
2,2,0
5,9,4
2,2,0
1,1,0
2,2,0
6,52,46
3,9,6
2,82,80
2,2,0
3,3,0
2,4,2
10,12,2
3,3,0
3,3,0
3,3,0
2,2,0
26,26,0
2,2,0
3,3,0
2,6,4
3,3,0
2,2,0
0,0,0
2,7,5
2,2,0
2,2,0
4,4,0
3,3,0
3,10,7
4,4,0
1,5,4
2,4,2
2,4,2
1,1,0
3,5,2
2,2,0
2,2,0
2,2,0
2,2,0
4,4,0
2,2,0
3,3,0
2,2,0
2,5,3
8,8,0
3,7,4
0,0,0
1,2,1
0,0,0
2,2,0
3,6,3
2,8,6
3,3,0
2,2,0
2,2,0
1,6,5
3,5,2
2,4,2
2,84,82
2,2,0
2,25,23
2,4,2
89,91,2
0,0,0
2,2,0
9,9,0
3,9,6
2,2,0
11,11,0
3,16,13
0,0,0
2,2,0
1,3,2
2,4,2
2,2,0
2,3,1
3,9,6
91,91,0
0,0,0
2,2,0
1,15,14
6,8,2
20,20,0
0,0,0
2,4,2
1,3,2
2,2,0
2,2,0
3,3,0
1,1,0
12,12,0
3,5,2
17,17,0
8,8,0
2,2,0
2,2,0
2,2,0
2,2,0
3,5,2
4,5,1
3,3,0
3,3,0
135,231,96
2,2,0
1,4,3
0,0,0
66,66,0
3,11,8
2,2,0
2,2,0
3,3,0
2,2,0
0,0,0
3,3,0
2,2,0
3,3,0
3,4,1
4,73,69
2,2,0
406,417,11
2,2,0
2,21,19
3,3,0
2,2,0
3,3,0
9,9,0
2,4,2
2,2,0
1,3,2
0,0,0
3,6,3
2,6,4
3,3,0
10,10,0
2,2,0
2,2,0
2,2,0
6,6,0
2,2,0
0,0,0
3,9,6
2,10,8
3,9,6
12,12,0
3,7,4
2,4,2
2,2,0
1,1,0
100,100,0
0,0,0
7,9,2
2,4,2
3,5,2
2,4,2
3,3,0
3,5,2
3,3,0
3,3,0
8,8,0
2,3,1
8,8,0
2,2,0
2,13,11
2,2,0
4,22,18
2,2,0
2,2,0
2,2,0
24,24,0
2,6,4
2,2,0
2,2,0
2,2,0
1,1,0
51,101,50
2,4,2
2,2,0
3,3,0
2,2,0
23,23,0
2,2,0
3,3,0
1,1,0
2,2,0
4,5,1
3,3,0
2,9,7
3,3,0
2,2,0
2,2,0
1,1,0
2,103,101
2,5,3
100,104,4
2,2,0
2,2,0
3,9,6
2,2,0
3,14,11
5,5,0
1,9,8
2,5,3
2,2,0
77,77,0
2,2,0
2,86,84
2,4,2
3,3,0
5,6,1
8,12,4
2,4,2
0,0,0
2,2,0
2,2,0
1,1,0
6,6,0
3,5,2
2,2,0
3,5,2
2,2,0
2,2,0
2,2,0
1,56,55
2,2,0
2,4,2
8,17,9
89,147,58
3,6,3
2,2,0
3,5,2
2,4,2
1,1,0
6,8,2
1,7,6
3,4,1
7,18,11
0,0,0
3,3,0
1,87,86
3,12,9
3,5,2
4,6,2
2,2,0
2,4,2
1,2,1
3,5,2
7,9,2
2,3,1
2,2,0
2,2,0
2,4,2
2,2,0
2,3,1
2,2,0
3,3,0
3,6,3
2,2,0
1,2,1
2,2,0
2,3,1
2,2,0
3,3,0
2,2,0
3,3,0
1,1,0
5,5,0
2,2,0
17,28,11
2,2,0
2,3,1
2,2,0
2,2,0
2,2,0
42,42,0
2,2,0
3,68,65
3,5,2
2,2,0
2,2,0
2,4,2
2,2,0
2,12,10
3,5,2
2,2,0
2,2,0
2,2,0
9,9,0
2,2,0
10,10,0
3,3,0
2,2,0
2,2,0
0,0,0
2,2,0
9,9,0
1,6,5
3,3,0
4,4,0
2,3,1
2,2,0
7,12,5
2,2,0
2,2,0
3,3,0
8,23,15
2,14,12
8,8,0
3,5,2
3,3,0
2,4,2
24,37,13
6,34,28
2,6,4
1,2,1
2,3,1
3,8,5
2,4,2
3,3,0
2,2,0
2,2,0
3,7,4
2,2,0
2,3,1
2,2,0
1,82,81
2,5,3
11,22,11
3,7,4
1,1,0
2,29,27
8,8,0
2,2,0
2,2,0
8,8,0
2,2,0
3,3,0
2,4,2
3,8,5
2,52,50
2,2,0
9,9,0
2,2,0
1,1,0
100,100,0
2,4,2
3,3,0
1,1,0
2,3,1
0,0,0
1,2,1
3,3,0
174,174,0
2,2,0
1,7,6
2,2,0
3,5,2
1,75,74
11,11,0
3,3,0
1,1,0
2,2,0
1,1,0
2,3,1
2,7,5
118,118,0
3,3,0
8,8,0
2,2,0
9,9,0
2,2,0
2,8,6
16,29,13
1,16,15
1,4,3
3,3,0
3,3,0
2,2,0
2,2,0
2,4,2
2,2,0
2,2,0
2,2,0
3,7,4
2,2,0
3,3,0
39,55,16
2,10,8
1,1,0
1,1,0
2,2,0
1,26,25
3,3,0
3,10,7
2,2,0
3,3,0
2,2,0
2,5,3
3,6,3
2,2,0
4,4,0
2,5,3
1,2,1
1,3,2
2,2,0
5,5,0
3,3,0
2,2,0
2,2,0
2,4,2
2,2,0
3,3,0
3,5,2
18,18,0
3,15,12
8,8,0
2,2,0
2,2,0
0,0,0
9,9,0
3,7,4
3,8,5
2,2,0
2,2,0
2,4,2
2,2,0
6,6,0
2,13,11
3,5,2
133,135,2
69,70,1
2,2,0
3,5,2
2,5,3
3,27,24
2,2,0
2,2,0
49,52,3
2,4,2
3,7,4
3,3,0
2,12,10
4,4,0
3,30,27
3,5,2
3,7,4
3,3,0
2,3,1
3,3,0
2,2,0
2,2,0
3,5,2
22,22,0
1,1,0
3,11,8
2,2,0
2,8,6
2,2,0
2,2,0
3,3,0
2,4,2
3,3,0
3,3,0
2,23,21
2,2,0
5,5,0
2,2,0
2,2,0
16,22,6
2,6,4
3,4,1
3,9,6
1,1,0
2,3,1
8,8,0
2,5,3
2,2,0
2,2,0
31,81,50
2,2,0
2,8,6
1,2,1
3,3,0
3,4,1
2,7,5
3,3,0
2,3,1
2,2,0
1,1,0
2,4,2
2,2,0
2,5,3
4,35,31
3,3,0
2,4,2
192,192,0
2,2,0
2,2,0
9,9,0
2,7,5
9,9,0
2,2,0
2,2,0
3,3,0
2,2,0
5,5,0
2,2,0
2,4,2
3,15,12
27,28,1
2,2,0
3,5,2
4,6,2
2,2,0
13,13,0
2,2,0
2,2,0
2,2,0
2,2,0
2,2,0
100,102,2
8,8,0
2,4,2
8,10,2
3,7,4
3,4,1
2,2,0
3,5,2
2,2,0
3,9,6
2,2,0
9,9,0
4,4,0
18,18,0
2,2,0
1,2,1
2,2,0
0,0,0
3,5,2
2,2,0
2,2,0
3,7,4
2,4,2
2,2,0
1,1,0
3,3,0
1,1,0
3,9,6
4,4,0
5,5,0
13,13,0
3,3,0
1,6,5
3,5,2
2,2,0
2,2,0
3,3,0
2,2,0
2,2,0
3,17,14
4,4,0
3,4,1
2,2,0
3,3,0
2,4,2
9,9,0
3,3,0
3,3,0
3,3,0
2,45,43
2,2,0
2,6,4
3,3,0
4,4,0
0,0,0
1,3,2
2,4,2
3,17,14
35,35,0
2,4,2
45,45,0
2,2,0
1,1,0
14,14,0
2,3,1
2,2,0
3,7,4
2,3,1
2,2,0
2,2,0
20,20,0
2,2,0
1,19,18
2,2,0
2,80,78
36,36,0
1,3,2
3,5,2
3,3,0
2,2,0
60,64,4
2,2,0
114,114,0
3,13,10
3,3,0
1,1,0
2,2,0
2,2,0
8,10,2
2,60,58
3,6,3
2,2,0
3,6,3
3,3,0
3,3,0
2,2,0
3,5,2
3,3,0
2,2,0
3,6,3
2,2,0
3,14,11
3,3,0
2,2,0
3,3,0
1,5,4
2,2,0
3,3,0
3,3,0
2,2,0
0,0,0
3,3,0
8,8,0
2,2,0
59,118,59
8,8,0
5,7,2
2,2,0
2,2,0
3,3,0
2,2,0
2,5,3
2,2,0
3,5,2
3,4,1
3,5,2
2,2,0
3,3,0
0,0,0
2,23,21
2,2,0
3,5,2
1,1,0
4,4,0
3,3,0
1,4,3
2,16,14
1,1,0
2,2,0
2,2,0
0,0,0
2,9,7
3,5,2
2,2,0
3,5,2
3,3,0
8,8,0
2,2,0
5,5,0
2,47,45
2,8,6
2,2,0
2,2,0
2,2,0
3,7,4
2,2,0
2,4,2
3,14,11
2,4,2
2,8,6
2,2,0
1,2,1
3,7,4
0,0,0
2,2,0
4,6,2
3,9,6
2,3,1
1,2,1
5,8,3
51,51,0
2,96,94
21,25,4
2,2,0
1,2,1
1,1,0
2,2,0
3,7,4
3,3,0
2,2,0
8,8,0
2,2,0
2,2,0
2,2,0
2,6,4
1,1,0
2,2,0
2,2,0
3,5,2
3,41,38
2,2,0
2,2,0
2,2,0
1,1,0
0,0,0
2,2,0
2,2,0
2,2,0
2,2,0
2,3,1
1,1,0
2,2,0
9,11,2
2,2,0
100,100,0
3,3,0
33,50,17
3,3,0
2,53,51
2,2,0
2,4,2
2,2,0
2,2,0
2,84,82
3,3,0
3,8,5
0,0,0
1,1,0
2,2,0
3,3,0
3,3,0
10,10,0
8,8,0
2,2,0
2,3,1
2,8,6
1,1,0
2,2,0
1,1,0
2,2,0
3,3,0
0,0,0
3,8,5
2,32,30
8,8,0
3,3,0
2,25,23
2,2,0
2,2,0
0,0,0
3,3,0
3,22,19
8,8,0
2,2,0
2,8,6
3,17,14
0,0,0
2,4,2
3,3,0
8,8,0
2,2,0
2,2,0
1,2,1
1,1,0
2,2,0
3,12,9
2,2,0
40,40,0
2,3,1
2,2,0
1,1,0
3,3,0
2,7,5
2,2,0
2,2,0
2,2,0
0,0,0
3,4,1
2,4,2
2,2,0
2,2,0
2,2,0
3,7,4
2,4,2
2,4,2
3,3,0
2,2,0
6,6,0
2,2,0
0,0,0
2,14,12
3,3,0
2,2,0
3,9,6
2,2,0
2,2,0
2,2,0
3,4,1
3,5,2
2,2,0
7,7,0
9,9,0
3,5,2
12,13,1
2,2,0
3,9,6
90,90,0
2,2,0
0,0,0
1,2,1
4,4,0
2,2,0
1,7,6
5,16,11
2,3,1
1,1,0
3,3,0
8,8,0
2,10,8
2,47,45
10,10,0
0,0,0
2,2,0
4,4,0
2,2,0
8,8,0
3,7,4
2,2,0
1,3,2
2,3,1
3,3,0
3,7,4
4,6,2
4,4,0
1,9,8
2,2,0
3,3,0
2,2,0
2,4,2
3,3,0
2,2,0
3,3,0
2,2,0
4,4,0
2,2,0
2,4,2
3,4,1
2,6,4
12,14,2
3,3,0
2,2,0
2,11,9
2,2,0
2,2,0
16,17,1
1,4,3
3,3,0
30,32,2
2,2,0
2,4,2
3,3,0
2,2,0
2,2,0
2,2,0
2,3,1
2,28,26
2,2,0
2,4,2
2,2,0
2,2,0
1,1,0
2,2,0
9,9,0
2,2,0
8,8,0
3,3,0
2,2,0
2,2,0
2,2,0
1,4,3
2,2,0
3,8,5
3,3,0
2,2,0
1,2,1
2,2,0
2,2,0
18,18,0
3,3,0
10,10,0
3,5,2
1,4,3
3,5,2
19,19,0
3,3,0
3,3,0
2,35,33
2,2,0
4,5,1
4,73,69
3,74,71
2,2,0
1,9,8
70,149,79
2,2,0
1,2,1
2,2,0
3,3,0
3,3,0
3,5,2
2,2,0
9,9,0
1,4,3
3,5,2
2,2,0
11,11,0
3,3,0
0,0,0
2,2,0
3,5,2
3,9,6
20,20,0
2,2,0
2,2,0
2,2,0
2,2,0
2,2,0
3,5,2
10,10,0
3,3,0
2,4,2
1,1,0
2,2,0
0,0,0
2,2,0
157,189,32
2,2,0
1,1,0
2,4,2
2,2,0
3,7,4
3,5,2
4,5,1
2,2,0
2,2,0
1,1,0
51,51,0
2,2,0
48,50,2
2,2,0
1,2,1
3,81,78
11,11,0
35,35,0
2,12,10
3,9,6
3,3,0
2,2,0
2,3,1
43,45,2
2,2,0
2,4,2
10,11,1
2,2,0
2,2,0
2,8,6
2,2,0
20,20,0
2,7,5
3,5,2
2,2,0
3,5,2
2,2,0
2,2,0
1,2,1
2,2,0
2,2,0
2,2,0
1,1,0
3,3,0
2,2,0
0,0,0
2,3,1
2,2,0
1,1,0
2,12,10
2,2,0
2,2,0
17,21,4
2,12,10
2,2,0
2,2,0
10,10,0
51,51,0
9,29,20
2,2,0
6,6,0
2,2,0
1,1,0
3,7,4
2,2,0
3,3,0
10,10,0
3,5,2
1,26,25
3,3,0
6,6,0
2,2,0
2,2,0
12,12,0
3,3,0
2,8,6
2,2,0
3,23,20
2,2,0
2,2,0
12,12,0
2,2,0
3,5,2
3,16,13
2,2,0
10,10,0
2,2,0
2,2,0
99,99,0
6,6,0
2,2,0
51,51,0
3,5,2
2,14,12
2,2,0
3,12,9
2,4,2
3,3,0
3,3,0
2,2,0
3,7,4
2,11,9
2,10,8
2,2,0
2,3,1
11,11,0
2,13,11
2,2,0
3,5,2
2,2,0
3,3,0
74,74,0
30,32,2
15,15,0
9,9,0
3,3,0
1,103,102
2,2,0
0,0,0
4,32,28
8,8,0
2,2,0
3,3,0
2,2,0
3,9,6
2,4,2
2,2,0
3,8,5
7,7,0
100,100,0
3,5,2
2,2,0
5,5,0
3,3,0
3,7,4
9,9,0
1,1,0
3,3,0
4,4,0
2,2,0
19,19,0
2,2,0
3,3,0
17,21,4
1,28,27
0,0,0
2,2,0
1,2,1
1,1,0
2,5,3
2,2,0
3,3,0
4,5,1
3,3,0
2,2,0
2,2,0
2,13,11
4,10,6
2,4,2
3,5,2
2,4,2
2,2,0
1,1,0
1,7,6
2,2,0
3,9,6
3,7,4
2,2,0
3,5,2
2,4,2
0,0,0
2,2,0
3,3,0
3,9,6
2,2,0
2,2,0
2,6,4
3,3,0
0,0,0
3,3,0
1,6,5
3,6,3
2,2,0
2,2,0
2,2,0
3,7,4
3,6,3
3,5,2
2,4,2
12,15,3
2,2,0
1,1,0
0,0,0
2,2,0
3,3,0
9,9,0
2,2,0
2,10,8
3,3,0
2,2,0
2,45,43
2,2,0
3,8,5
3,3,0
3,10,7
1,2,1
9,9,0
2,2,0
1,2,1
2,2,0
2,2,0
1,12,11
2,2,0
2,2,0
2,4,2
3,3,0
2,2,0
3,3,0
3,5,2
100,100,0
8,12,4
2,2,0
2,6,4
3,5,2
1,2,1
2,2,0
2,2,0
0,0,0
3,7,4
1,10,9
2,6,4
0,0,0
8,8,0
2,6,4
3,3,0
2,6,4
3,3,0
3,3,0
28,28,0
3,11,8
3,3,0
2,2,0
2,2,0
2,4,2
48,53,5
3,3,0
2,2,0
2,41,39
3,4,1
3,3,0
0,0,0
3,3,0
1,2,1
2,2,0
1,13,12
60,121,61
2,2,0
3,13,10
2,2,0
2,2,0
7,13,6
3,5,2
51,77,26
3,5,2
2,2,0
2,2,0
10,10,0
2,5,3
3,3,0
3,3,0
2,4,2
2,3,1
2,2,0
3,5,2
7,7,0
2,4,2
2,5,3
2,4,2
2,2,0
23,23,0
3,3,0
0,0,0
2,2,0
2,15,13
2,2,0
2,2,0
2,13,11
3,5,2
3,5,2
11,11,0
2,2,0
3,3,0
3,5,2
2,2,0
2,32,30
2,12,10
2,2,0
3,8,5
1,1,0
3,4,1
2,2,0
24,24,0
2,4,2
6,6,0
147,147,0
2,8,6
3,3,0
1,2,1
2,2,0
2,2,0
3,6,3
2,2,0
59,59,0
2,2,0
4,7,3
50,150,100
3,7,4
2,2,0
2,2,0
2,2,0
55,56,1
6,8,2
3,5,2
3,4,1
2,2,0
9,9,0
3,16,13
2,2,0
2,9,7
2,10,8
2,2,0
2,2,0
5,5,0
3,3,0
64,83,19
4,4,0
8,8,0
3,7,4
2,2,0
2,2,0
2,2,0
3,8,5
2,2,0
8,8,0
0,0,0
2,2,0
3,3,0
2,2,0
3,3,0
2,2,0
2,2,0
3,7,4
20,20,0
1,1,0
2,2,0
2,4,2
2,6,4
3,3,0
3,7,4
0,0,0
36,36,0
2,2,0
3,7,4
11,11,0
2,2,0
2,2,0
3,8,5
16,16,0
2,2,0
3,12,9
1,1,0
3,3,0
3,9,6
8,8,0
3,8,5
1,1,0
1,1,0
3,5,2
2,8,6
3,3,0
2,4,2
3,3,0
2,2,0
2,8,6
2,37,35
2,2,0
3,3,0
10,10,0
9,9,0
2,2,0
2,2,0
2,6,4
2,2,0
3,12,9
0,0,0
1,1,0
11,19,8
1,1,0
56,56,0
13,13,0
3,11,8
2,2,0
3,3,0
11,12,1
2,2,0
1,1,0
2,2,0
2,2,0
3,19,16
0,0,0
0,0,0
3,7,4
3,5,2
12,12,0
3,3,0
2,2,0
8,14,6
3,6,3
2,8,6
9,9,0
2,2,0
2,2,0
9,9,0
3,3,0
2,4,2
96,96,0
3,5,2
3,3,0
2,2,0
2,2,0
3,3,0
1,22,21
0,0,0
2,2,0
2,4,2
9,9,0
4,52,48
2,2,0
2,2,0
2,2,0
5,12,7
1,1,0
2,28,26
2,4,2
2,2,0
4,4,0
9,9,0
3,3,0
2,2,0
2,2,0
8,8,0
3,7,4
1,1,0
2,2,0
2,80,78
5,6,1
2,2,0
2,2,0
98,98,0
1,4,3
2,2,0
3,3,0
6,35,29
3,3,0
133,135,2
2,2,0
3,3,0
2,2,0
12,12,0
2,2,0
2,2,0
1,1,0
1,4,3
1,1,0
3,3,0
2,42,40
2,2,0
2,82,80
1,6,5
2,2,0
2,2,0
2,2,0
2,3,1
3,7,4
2,4,2
2,16,14
1,21,20
3,3,0
2,2,0
3,3,0
2,2,0
2,2,0
3,5,2
2,7,5
3,3,0
2,2,0
6,6,0
3,3,0
3,3,0
2,3,1
2,3,1
3,3,0
3,3,0
3,4,1
2,4,2
173,173,0
2,2,0
2,2,0
2,2,0
8,8,0
9,9,0
2,2,0
2,2,0
2,3,1
2,2,0
0,0,0
2,5,3
8,8,0
0,0,0
3,22,19
2,3,1
3,3,0
2,2,0
1,1,0
3,3,0
1,2,1
6,6,0
9,9,0
2,2,0
3,6,3
9,9,0
2,2,0
1,2,1
3,3,0
2,2,0
4,4,0
2,4,2
3,3,0
2,2,0
2,2,0
2,3,1
2,4,2
1,2,1
2,10,8
2,4,2
1,26,25
2,21,19
2,2,0
2,7,5
3,7,4
2,4,2
3,3,0
14,18,4
5,8,3
3,3,0
2,45,43
1,5,4
2,2,0
2,64,62
2,9,7
3,5,2
11,11,0
3,9,6
5,5,0
3,14,11
8,8,0
2,2,0
2,2,0
48,53,5
2,2,0
2,2,0
3,3,0
2,8,6
3,11,8
3,3,0
1,5,4
2,2,0
2,3,1
2,2,0
2,2,0
3,3,0
3,5,2
3,3,0
133,135,2
2,6,4
3,5,2
2,2,0
3,3,0
2,6,4
1,8,7
2,2,0
3,3,0
2,2,0
2,4,2
11,11,0
3,3,0
2,2,0
37,108,71
2,2,0
2,2,0
2,2,0
2,8,6
3,3,0
1,28,27
0,0,0
3,6,3
47,47,0
3,7,4
2,2,0
3,3,0
3,7,4
2,2,0
2,2,0
2,2,0
3,5,2
6,6,0
1,1,0
3,3,0
2,2,0
3,3,0
3,7,4
3,3,0
0,0,0
3,3,0
3,5,2
2,2,0
2,2,0
2,2,0
1,2,1
7,7,0
3,5,2
2,2,0
2,2,0
2,2,0
12,13,1
3,3,0
1,2,1
2,2,0
3,3,0
2,4,2
2,2,0
2,2,0
3,5,2
6,6,0
3,3,0
0,0,0
3,3,0
2,2,0
3,5,2
3,3,0
2,4,2
2,2,0
2,4,2
2,3,1
2,2,0
17,17,0
3,3,0
3,9,6
1,1,0
2,2,0
3,3,0
2,2,0
2,2,0
3,3,0
2,2,0
3,9,6
89,95,6
2,4,2
2,2,0
2,3,1
2,2,0
1,4,3
0,0,0
2,2,0
2,2,0
2,2,0
2,14,12
2,4,2
2,2,0
2,4,2
2,82,80
66,68,2
3,3,0
3,13,10
3,3,0
3,3,0
1,1,0
1,2,1
3,7,4
3,33,30
1,2,1
2,4,2
2,2,0
3,6,3
4,4,0
2,2,0
3,3,0
2,4,2
1,91,90
3,12,9
2,2,0
1,1,0
3,3,0
8,17,9
0,0,0
2,2,0
2,8,6
2,2,0
4,4,0
3,3,0
8,8,0
2,2,0
2,4,2
2,2,0
2,2,0
2,2,0
3,17,14
1,74,73
2,7,5
3,5,2
2,2,0
1,3,2
2,11,9
2,4,2
2,2,0
2,2,0
3,3,0
3,5,2
3,3,0
2,2,0
2,2,0
8,8,0
2,2,0
13,18,5
3,9,6
3,3,0
3,9,6
2,4,2
8,8,0
2,20,18
2,4,2
1,2,1
2,2,0
1,2,1
1,1,0
2,2,0
3,3,0
2,2,0
3,3,0
3,5,2
2,2,0
1,2,1
2,8,6
4,5,1
2,29,27
2,2,0
4,4,0
2,8,6
3,3,0
3,3,0
2,2,0
3,5,2
3,11,8
3,5,2
2,2,0
3,3,0
2,2,0
2,2,0
2,2,0
2,2,0
3,4,1
1,1,0
3,4,1
4,4,0
2,8,6
17,17,0
1,4,3
3,9,6
3,3,0
3,3,0
3,3,0
2,2,0
4,4,0
3,3,0
3,5,2
5,5,0
3,3,0
2,2,0
24,24,0
2,2,0
2,3,1
3,3,0
2,2,0
0,0,0
2,2,0
3,3,0
0,0,0
4,6,2
3,5,2
3,3,0
0,0,0
2,2,0
3,7,4
3,3,0
2,4,2
2,2,0
3,4,1
3,24,21
3,3,0
9,9,0
2,2,0
2,4,2
2,2,0
0,0,0
2,2,0
0,0,0
2,2,0
3,5,2
3,11,8
1,14,13
3,10,7
2,2,0
8,8,0
2,2,0
1,1,0
4,53,49
3,7,4
1,2,1
8,8,0
2,2,0
3,5,2
2,2,0
2,9,7
3,9,6
2,4,2
2,2,0
1,2,1
1,1,0
0,0,0
12,12,0
2,2,0
8,8,0
100,100,0
3,13,10
26,27,1
2,2,0
9,9,0
2,2,0
2,2,0
2,2,0
1,4,3
2,2,0
2,5,3
2,4,2
7,99,92
17,19,2
6,8,2
1,1,0
0,0,0
2,2,0
2,8,6
3,5,2
0,0,0
2,22,20
2,2,0
2,6,4
2,2,0
2,2,0
3,3,0
2,2,0
3,3,0
2,2,0
2,6,4
2,4,2
2,2,0
0,0,0
3,3,0
2,2,0
3,5,2
2,2,0
2,4,2
4,5,1
3,7,4
3,6,3
3,3,0
1,3,2
20,85,65
19,19,0
3,8,5
1,2,1
6,7,1
13,13,0
2,2,0
2,2,0
3,3,0
2,20,18
4,4,0
3,3,0
3,5,2
2,2,0
3,3,0
2,2,0
4,4,0
2,2,0
2,2,0
22,23,1
2,2,0
2,3,1
3,5,2
2,2,0
3,3,0
2,2,0
100,104,4
3,5,2
1,1,0
0,0,0
56,56,0
0,0,0
3,22,19
2,80,78
1,3,2
2,3,1
2,4,2
3,3,0
0,0,0
2,2,0
3,9,6
2,2,0
10,32,22
2,2,0
3,3,0
3,5,2
3,3,0
1,31,30
3,10,7
56,56,0
2,2,0
2,2,0
2,22,20
2,2,0
2,2,0
2,2,0
2,2,0
33,33,0
2,2,0
3,3,0
2,6,4
1,1,0
2,4,2
2,2,0
2,2,0
2,2,0
3,4,1
2,4,2
1,2,1
98,98,0
2,5,3
9,9,0
20,20,0
2,2,0
2,2,0
2,2,0
1,3,2
2,2,0
3,3,0
3,3,0
3,7,4
3,3,0
2,2,0
51,51,0
9,9,0
2,29,27
20,20,0
3,3,0
2,2,0
2,4,2
2,2,0
3,9,6
3,5,2
11,32,21
1,1,0
2,2,0
4,4,0
1,1,0
2,8,6
3,5,2
2,45,43
8,8,0
3,9,6
3,16,13
2,4,2
2,2,0
6,6,0
2,80,78
1,1,0
2,95,93
2,2,0
8,8,0
2,4,2
3,5,2
3,6,3
3,3,0
2,2,0
1,45,44
1,70,69
2,2,0
71,71,0
9,9,0
2,2,0
1,1,0
2,2,0
2,2,0
2,24,22
8,8,0
2,2,0
2,2,0
2,2,0
2,2,0
3,5,2
6,12,6
3,5,2
2,2,0
2,5,3
3,5,2
3,3,0
2,4,2
2,2,0
2,2,0
1,4,3
2,2,0
2,5,3
1,63,62
2,2,0
2,2,0
6,8,2
2,4,2
2,2,0
2,2,0
2,18,16
3,3,0
2,2,0
1,1,0
2,2,0
1,1,0
3,3,0
1,2,1
3,3,0
3,3,0
3,3,0
4,8,4
2,2,0
2,4,2
2,2,0
1,12,11
3,3,0
22,22,0
2,2,0
2,3,1
0,0,0
1,1,0
2,10,8
3,19,16
2,2,0
2,2,0
2,2,0
3,3,0
6,6,0
2,2,0
2,2,0
2,2,0
1,2,1
3,3,0
2,2,0
133,135,2
2,2,0
2,2,0
2,2,0
2,10,8
1,1,0
0,0,0
2,2,0
2,3,1
3,3,0
2,29,27
3,3,0
2,2,0
2,2,0
2,2,0
3,7,4
3,3,0
2,2,0
2,2,0
3,3,0
8,8,0
2,16,14
14,14,0
34,46,12
2,2,0
2,4,2
2,5,3
2,14,12
2,2,0
2,2,0
2,2,0
2,2,0
9,9,0
2,3,1
2,2,0
81,205,124
9,9,0
6,8,2
0,0,0
2,2,0
3,3,0
2,2,0
2,32,30
2,3,1
3,3,0
3,3,0
2,2,0
2,2,0
1,20,19
3,3,0
2,4,2
2,2,0
2,5,3
3,3,0
2,2,0
2,2,0
1,2,1
3,3,0
1,1,0
0,0,0
3,5,2
2,2,0
8,8,0
2,41,39
1,2,1
2,2,0
2,15,13
2,3,1
3,3,0
2,3,1
1,2,1
2,2,0
2,2,0
2,2,0
2,45,43
0,0,0
0,0,0
2,2,0
5,6,1
13,13,0
2,2,0
2,2,0
12,65,53
3,3,0
1,1,0
3,7,4
9,9,0
2,8,6
3,3,0
2,2,0
3,6,3
3,3,0
2,2,0
3,3,0
2,2,0
2,16,14
3,5,2
2,2,0
2,2,0
2,2,0
3,7,4
2,2,0
3,7,4
3,5,2
2,11,9
2,6,4
1,2,1
2,2,0
62,62,0
2,2,0
8,8,0
1,2,1
3,10,7
2,12,10
12,14,2
1,9,8
10,10,0
2,5,3
2,2,0
2,86,84
2,2,0
2,2,0
2,2,0
1,1,0
4,6,2
17,17,0
15,21,6
9,9,0
2,2,0
3,5,2
2,2,0
2,3,1
12,12,0
6,10,4
2,28,26
2,4,2
1,1,0
0,0,0
2,2,0
2,2,0
2,2,0
2,2,0
2,2,0
1,4,3
2,4,2
2,4,2
3,4,1
3,3,0
0,0,0
3,7,4
8,8,0
3,5,2
12,12,0
4,4,0
2,2,0
3,3,0
1,1,0
2,2,0
1,5,4
9,9,0
3,4,1
6,8,2
3,5,2
22,22,0
3,5,2
3,3,0
2,2,0
2,2,0
2,2,0
3,11,8
36,36,0
2,2,0
2,4,2
6,6,0
2,7,5
2,2,0
26,45,19
3,7,4
232,238,6
2,2,0
100,104,4
8,8,0
2,8,6
2,4,2
2,4,2
0,0,0
2,6,4
2,2,0
3,6,3
2,2,0
11,11,0
2,2,0
2,7,5
19,19,0
24,35,11
3,3,0
8,8,0
6,22,16
2,2,0
3,3,0
0,0,0
2,2,0
2,2,0
88,188,100
5,5,0
2,2,0
0,0,0
4,42,38
1,1,0
15,18,3
2,2,0
3,3,0
2,2,0
3,5,2
2,2,0
3,3,0
2,84,82
9,9,0
2,2,0
2,14,12
2,2,0
9,9,0
2,4,2
3,4,1
2,82,80
3,11,8
2,2,0
3,11,8
4,4,0
2,3,1
4,4,0
2,41,39
2,2,0
100,106,6
4,5,1
20,20,0
66,68,2
3,3,0
2,2,0
3,4,1
6,7,1
3,7,4
1,1,0
2,6,4
3,3,0
2,2,0
2,5,3
2,2,0
1,2,1
4,5,1
6,6,0
3,5,2
2,5,3
2,2,0
3,3,0
2,121,119
2,2,0
2,2,0
3,14,11
2,2,0
2,3,1
3,3,0
2,12,10
2,2,0
2,2,0
3,5,2
1,3,2
2,2,0
2,2,0
2,2,0
3,3,0
2,2,0
2,4,2
2,2,0
3,3,0
2,2,0
2,2,0
2,2,0
2,6,4
3,3,0
2,65,63
1,3,2
2,6,4
0,0,0
2,2,0
2,2,0
2,2,0
13,13,0
2,2,0
28,28,0
8,8,0
3,3,0
2,2,0
2,4,2
2,10,8
9,9,0
2,2,0
7,7,0
2,2,0
2,10,8
2,2,0
3,3,0
2,3,1
2,14,12
3,3,0
2,2,0
2,2,0
9,9,0
2,8,6
2,2,0
3,3,0
2,4,2
2,2,0
13,13,0
2,2,0
0,0,0
2,10,8
2,4,2
2,2,0
7,7,0
1,1,0
4,5,1
3,3,0
3,3,0
20,20,0
9,9,0
1,1,0
2,2,0
3,3,0
2,28,26
2,5,3
2,2,0
1,1,0
3,5,2
2,2,0
2,6,4
3,7,4
2,2,0
2,2,0
2,4,2
2,2,0
2,82,80
3,5,2
3,7,4
2,4,2
2,12,10
8,8,0
2,2,0
9,9,0
2,2,0
3,3,0
0,0,0
2,2,0
2,2,0
3,3,0
2,2,0
79,161,82
2,3,1
2,2,0
5,6,1
2,2,0
3,3,0
2,2,0
3,3,0
2,2,0
3,3,0
2,4,2
2,2,0
2,2,0
9,14,5
4,4,0
3,3,0
3,5,2
2,2,0
15,20,5
3,3,0
3,3,0
3,3,0
2,2,0
2,2,0
10,10,0
2,2,0
2,18,16
1,2,1
25,25,0
5,5,0
9,9,0
2,2,0
3,3,0
3,3,0
2,2,0
2,2,0
3,4,1
2,4,2
2,2,0
3,3,0
3,29,26
2,14,12
4,5,1
48,98,50
9,18,9
3,3,0
1,1,0
10,10,0
2,2,0
2,4,2
0,0,0
2,4,2
2,2,0
2,2,0
4,5,1
2,2,0
4,4,0
3,9,6
3,6,3
3,16,13
60,60,0
3,6,3
2,2,0
2,2,0
3,3,0
3,3,0
2,2,0
2,2,0
2,2,0
2,2,0
3,3,0
2,31,29
3,3,0
2,2,0
2,4,2
8,38,30
3,3,0
1,4,3
3,9,6
4,7,3
1,1,0
2,2,0
2,28,26
3,5,2
2,2,0
2,2,0
9,9,0
3,3,0
2,2,0
2,2,0
9,9,0
2,8,6
1,3,2
1,14,13
51,60,9
2,2,0
2,2,0
3,6,3
3,10,7
2,6,4
406,417,11
2,2,0
0,0,0
2,2,0
3,7,4
3,7,4
0,0,0
2,5,3
2,2,0
2,13,11
1,1,0
3,5,2
1,1,0
9,9,0
12,12,0
3,6,3
3,3,0
1,2,1
3,7,4
2,2,0
19,19,0
2,2,0
2,2,0
90,173,83
2,8,6
22,22,0
3,3,0
2,2,0
3,3,0
1,57,56
5,5,0
2,2,0
2,2,0
3,3,0
8,8,0
2,22,20
17,17,0
3,7,4
2,4,2
2,5,3
1,2,1
3,3,0
2,2,0
3,5,2
8,8,0
2,2,0
2,2,0
3,5,2
8,8,0
2,2,0
2,55,53
2,3,1
2,5,3
3,3,0
8,8,0
2,2,0
1,5,4
90,90,0
3,3,0
78,78,0
3,12,9
9,9,0
3,3,0
2,14,12
2,2,0
2,5,3
2,2,0
3,3,0
2,2,0
2,2,0
2,4,2
0,0,0
3,3,0
3,3,0
1,1,0
2,2,0
2,2,0
3,3,0
0,0,0
2,2,0
2,2,0
2,2,0
2,6,4
12,12,0
9,9,0
1,1,0
0,0,0
2,2,0
0,0,0
2,2,0
2,2,0
3,3,0
3,8,5
0,0,0
3,9,6
17,17,0
3,3,0
3,7,4
2,2,0
2,3,1
2,2,0
14,14,0
2,45,43
3,3,0
2,2,0
3,5,2
2,2,0
9,9,0
1,1,0
3,5,2
2,8,6
1,2,1
2,2,0
2,2,0
2,2,0
2,2,0
2,2,0
0,0,0
2,2,0
2,4,2
8,10,2
3,6,3
6,14,8
36,36,0
3,5,2
2,9,7
3,3,0
1,1,0
2,2,0
1,10,9
3,3,0
1,10,9
133,135,2
3,5,2
9,11,2
2,2,0
2,10,8
1,7,6
2,2,0
2,4,2
1,1,0
3,3,0
2,26,24
1,2,1
3,3,0
2,2,0
3,5,2
2,2,0
3,8,5
20,20,0
6,8,2
0,0,0
2,2,0
9,9,0
2,3,1
2,2,0
22,100,78
2,2,0
2,2,0
3,5,2
2,4,2
4,4,0
9,9,0
1,71,70
2,2,0
2,2,0
9,9,0
4,15,11
9,9,0
2,2,0
2,2,0
0,0,0
3,3,0
4,4,0
1,2,1
2,2,0
3,8,5
2,2,0
3,5,2
2,2,0
1,1,0
3,5,2
3,3,0
1,1,0
3,3,0
3,3,0
3,3,0
2,2,0
2,2,0
2,2,0
3,10,7
2,2,0
11,20,9
3,14,11
2,2,0
3,5,2
2,4,2
2,10,8
10,10,0
2,2,0
2,3,1
3,5,2
3,11,8
2,2,0
2,2,0
2,2,0
3,3,0
3,3,0
3,7,4
3,3,0
0,0,0
2,2,0
2,11,9
3,5,2
3,5,2
2,2,0
2,2,0
2,2,0
4,28,24
0,0,0
2,6,4
2,2,0
3,3,0
2,2,0
2,2,0
11,11,0
10,13,3
2,6,4
2,2,0
3,5,2
3,3,0
2,2,0
2,5,3
5,5,0
2,2,0
10,10,0
2,3,1
1,1,0
3,3,0
3,3,0
2,2,0
51,51,0
2,14,12
1,1,0
2,2,0
3,5,2
1,2,1
8,8,0
3,5,2
2,4,2
3,4,1
3,8,5
2,2,0
20,20,0
1,1,0
3,24,21
2,2,0
2,6,4
2,2,0
2,2,0
46,54,8
2,2,0
14,47,33
1,1,0
2,27,25
2,44,42
1,4,3
0,0,0
3,3,0
2,2,0
2,2,0
17,17,0
2,2,0
2,2,0
1,1,0
1,1,0
16,18,2
4,6,2
3,3,0
2,4,2
2,2,0
8,11,3
3,8,5
2,2,0
2,2,0
2,21,19
11,11,0
2,2,0
20,20,0
3,3,0
1,2,1
2,4,2
3,19,16
2,2,0
11,11,0
2,2,0
3,9,6
3,12,9
2,2,0
10,12,2
3,3,0
2,8,6
8,16,8
2,4,2
20,20,0
2,23,21
2,6,4
3,3,0
2,6,4
0,0,0
3,5,2
2,2,0
12,26,14
2,2,0
3,3,0
1,24,23
2,2,0
0,0,0
2,16,14
2,4,2
5,5,0
2,2,0
2,2,0
3,3,0
3,3,0
2,2,0
3,3,0
1,2,1
2,4,2
3,10,7
3,3,0
2,2,0
2,2,0
2,6,4
2,2,0
2,2,0
1,6,5
2,2,0
3,5,2
8,8,0
2,7,5
2,4,2
2,2,0
2,3,1
3,3,0
2,4,2
2,25,23
3,3,0
3,7,4
3,6,3
3,8,5
2,8,6
2,2,0
3,3,0
8,11,3
2,2,0
1,2,1
2,2,0
2,6,4
2,2,0
3,3,0
2,2,0
3,3,0
3,7,4
2,86,84
2,2,0
2,2,0
4,4,0
7,10,3
2,2,0
2,2,0
68,68,0
3,3,0
15,15,0
15,15,0
0,0,0
3,3,0
100,102,2
36,42,6
3,3,0
1,1,0
3,6,3
2,8,6
3,11,8
1,2,1
1,2,1
2,2,0
9,9,0
2,4,2
1,2,1
2,2,0
3,7,4
6,6,0
2,2,0
5,5,0
2,2,0
2,13,11
2,4,2
4,4,0
2,2,0
3,7,4
2,2,0
2,2,0
5,5,0
3,3,0
1,2,1
53,53,0
2,2,0
3,3,0
14,14,0
4,4,0
2,5,3
2,4,2
8,8,0
2,2,0
3,3,0
0,0,0
2,2,0
1,1,0
106,106,0
3,3,0
3,5,2
3,3,0
2,2,0
2,2,0
2,2,0
2,2,0
2,27,25
1,1,0
2,2,0
2,2,0
2,17,15
2,2,0
1,2,1
2,2,0
2,2,0
2,9,7
2,2,0
3,5,2
2,4,2
81,81,0
3,5,2
15,15,0
10,10,0
3,5,2
3,3,0
2,6,4
3,3,0
3,7,4
3,3,0
3,3,0
22,22,0
2,2,0
8,8,0
2,2,0
3,9,6
4,4,0
7,7,0
0,0,0
2,2,0
2,4,2
2,2,0
3,5,2
17,17,0
3,3,0
3,3,0
0,0,0
2,84,82
2,2,0
3,3,0
3,19,16
3,3,0
2,8,6
2,2,0
3,3,0
3,3,0
2,2,0
0,0,0
2,2,0
5,15,10
2,2,0
3,3,0
3,4,1
1,1,0
7,8,1
3,3,0
2,2,0
2,70,68
2,2,0
2,6,4
2,2,0
6,10,4
10,11,1
2,5,3
2,2,0
3,3,0
3,5,2
3,3,0
100,104,4
5,8,3
1,2,1
2,4,2
2,2,0
2,49,47
0,0,0
2,2,0
0,0,0
28,30,2
2,2,0
2,2,0
2,5,3
3,8,5
3,7,4
3,5,2
4,4,0
3,8,5
2,2,0
3,3,0
2,2,0
100,166,66
2,2,0
3,3,0
2,2,0
2,2,0
1,2,1
0,0,0
2,2,0
3,4,1
3,11,8
2,2,0
81,138,57
2,2,0
2,2,0
2,2,0
2,4,2
100,100,0
3,9,6
2,2,0
3,3,0
8,8,0
2,8,6
2,21,19
2,2,0
23,23,0
3,5,2
2,4,2
9,9,0
5,5,0
2,2,0
2,2,0
2,2,0
51,126,75
2,10,8
3,3,0
3,5,2
2,5,3
0,0,0
2,2,0
0,0,0
8,8,0
2,2,0
114,114,0
3,6,3
5,5,0
21,21,0
2,2,0
2,2,0
3,3,0
2,4,2
3,9,6
8,8,0
4,4,0
2,2,0
2,2,0
51,74,23
9,9,0
2,2,0
2,19,17
2,2,0
8,8,0
2,2,0
9,9,0
3,5,2
3,5,2
3,25,22
2,4,2
9,10,1
2,2,0
2,2,0
0,0,0
2,2,0
2,3,1
2,5,3
2,2,0
3,5,2
10,10,0
1,1,0
20,20,0
2,4,2
10,17,7
3,3,0
14,14,0
8,8,0
8,8,0
3,3,0
3,9,6
1,28,27
2,3,1
4,4,0
2,82,80
9,9,0
2,2,0
2,4,2
4,6,2
2,2,0
1,1,0
2,2,0
2,2,0
2,2,0
2,2,0
2,3,1
4,4,0
2,15,13
3,3,0
1,3,2
2,2,0
2,2,0
2,2,0
3,5,2
3,7,4
10,10,0
1,1,0
2,2,0
4,4,0
3,3,0
70,70,0
2,2,0
2,2,0
3,6,3
3,26,23
6,8,2
51,51,0
1,1,0
2,3,1
9,9,0
3,3,0
3,3,0
1,4,3
2,3,1
2,4,2
2,2,0
3,5,2
1,1,0
3,3,0
2,6,4
2,2,0
0,0,0
3,5,2
2,2,0
3,3,0
3,22,19
3,5,2
2,2,0
3,3,0
2,6,4
3,3,0
2,2,0
60,60,0
1,2,1
3,5,2
2,29,27
0,0,0
2,2,0
3,3,0
2,3,1
2,11,9
2,2,0
3,3,0
2,2,0
3,3,0
3,3,0
5,14,9
51,51,0
2,2,0
1,73,72
2,2,0
14,14,0
2,2,0
2,8,6
2,2,0
2,2,0
2,2,0
22,22,0
47,104,57
3,3,0
46,46,0
2,4,2
1,3,2
2,2,0
2,2,0
2,2,0
2,14,12
1,1,0
2,2,0
3,6,3
3,3,0
8,47,39
2,31,29
2,2,0
9,9,0
2,2,0
2,3,1
23,23,0
11,11,0
1,3,2
2,10,8
1,3,2
51,51,0
2,2,0
15,16,1
2,6,4
15,15,0
2,7,5
3,3,0
0,0,0
3,5,2
2,2,0
1,1,0
63,63,0
2,2,0
2,2,0
3,3,0
2,2,0
2,2,0
2,3,1
3,3,0
3,10,7
3,3,0
3,5,2
3,3,0
3,28,25
3,3,0
2,2,0
8,8,0
3,4,1
2,4,2
3,7,4
3,8,5
2,2,0
9,9,0
2,2,0
2,2,0
2,2,0
2,4,2
2,2,0
0,0,0
3,9,6
2,2,0
1,1,0
3,3,0
3,4,1
2,2,0
2,2,0
8,8,0
5,5,0
130,130,0
10,11,1
2,2,0
13,18,5
1,1,0
2,2,0
1,20,19
4,4,0
3,23,20
1,11,10
3,3,0
3,8,5
2,2,0
3,3,0
2,4,2
2,2,0
1,4,3
2,6,4
30,30,0
2,2,0
1,18,17
67,67,0
2,2,0
1,1,0
3,3,0
2,2,0
2,2,0
2,56,54
2,2,0
2,4,2
3,3,0
15,17,2
6,6,0
2,4,2
2,2,0
90,173,83
3,5,2
2,4,2
2,4,2
1,18,17
2,6,4
9,9,0
2,2,0
2,2,0
1,3,2
2,2,0
2,2,0
1,2,1
2,2,0
8,8,0
3,5,2
2,2,0
2,2,0
3,3,0
2,5,3
6,6,0
7,7,0
2,4,2
2,2,0
3,18,15
9,9,0
2,2,0
2,2,0
2,2,0
2,4,2
3,3,0
2,14,12
3,3,0
89,89,0
2,9,7
3,3,0
2,2,0
8,8,0
1,3,2
2,2,0
0,0,0
2,2,0
3,3,0
9,9,0
4,8,4
2,2,0
2,2,0
2,2,0
2,2,0
2,2,0
1,2,1
1,2,1
3,3,0
2,2,0
3,5,2
2,2,0
3,5,2
2,2,0
3,3,0
2,2,0
2,2,0
2,2,0
2,2,0
4,4,0
2,5,3
9,9,0
2,2,0
2,2,0
2,2,0
3,3,0
7,14,7
2,4,2
3,3,0
1,3,2
4,4,0
2,5,3
2,4,2
1,1,0
1,1,0
2,2,0
2,2,0
1,1,0
2,4,2
3,26,23
3,5,2
2,2,0
1,1,0
2,2,0
2,2,0
1,2,1
3,3,0
16,16,0
2,2,0
1,1,0
2,4,2
0,0,0
8,8,0
2,23,21
3,3,0
2,2,0
1,2,1
2,2,0
2,17,15
2,82,80
2,2,0
38,38,0
2,2,0
3,3,0
2,2,0
3,24,21
6,6,0
1,20,19
2,37,35
0,0,0
3,3,0
0,0,0
3,3,0
1,1,0
2,4,2
1,1,0
2,2,0
3,3,0
3,3,0
6,6,0
72,72,0
3,6,3
1,1,0
3,6,3
2,4,2
3,5,2
2,2,0
1,3,2
2,2,0
2,6,4
2,2,0
3,3,0
2,2,0
3,3,0
2,2,0
3,9,6
3,12,9
2,2,0
2,2,0
2,2,0
8,8,0
2,2,0
2,82,80
2,2,0
9,9,0
3,3,0
3,10,7
2,2,0
2,2,0
2,2,0
2,2,0
2,2,0
2,2,0
2,2,0
5,7,2
2,2,0
2,4,2
3,3,0
2,2,0
1,2,1
2,2,0
2,5,3
8,8,0
3,14,11
3,3,0
2,2,0
1,1,0
4,4,0
2,2,0
23,23,0
3,7,4
2,2,0
2,5,3
24,24,0
2,2,0
2,13,11
11,22,11
4,4,0
3,11,8
2,2,0
2,2,0
53,53,0
2,2,0
2,2,0
3,5,2
14,35,21
2,4,2
2,34,32
3,7,4
2,2,0
2,2,0
1,1,0
2,2,0
2,2,0
2,2,0
2,13,11
1,1,0
1,4,3
0,0,0
1,1,0
8,8,0
2,4,2
2,2,0
3,3,0
3,5,2
51,51,0
2,2,0
3,3,0
1,4,3
2,2,0
3,3,0
2,8,6
2,2,0
2,3,1
3,3,0
2,2,0
40,40,0
3,3,0
45,119,74
1,1,0
20,20,0
3,5,2
2,6,4
1,2,1
1,1,0
6,6,0
2,2,0
2,2,0
2,2,0
0,0,0
2,2,0
0,0,0
3,3,0
2,2,0
3,3,0
3,3,0
3,3,0
22,22,0
11,20,9
1,5,4
2,2,0
8,8,0
1,5,4
6,6,0
3,9,6
3,6,3
3,20,17
2,2,0
2,2,0
2,2,0
2,2,0
2,2,0
0,0,0
3,3,0
1,7,6
2,4,2
1,2,1
2,5,3
2,6,4
1,60,59
2,2,0
2,2,0
2,2,0
2,2,0
0,0,0
2,2,0
8,8,0
2,4,2
13,13,0
9,9,0
2,2,0
2,6,4
3,6,3
9,9,0
3,3,0
2,2,0
2,23,21
2,2,0
1,1,0
3,3,0
2,5,3
2,4,2
8,8,0
1,1,0
8,8,0
8,8,0
2,2,0
2,2,0
2,5,3
8,8,0
1,3,2
8,12,4
2,14,12
84,180,96
2,6,4
3,3,0
2,2,0
2,12,10
3,3,0
2,11,9
2,2,0
2,2,0
2,2,0
5,15,10
3,3,0
3,3,0
2,2,0
1,1,0
2,2,0
3,5,2
2,2,0
2,2,0
2,8,6
2,26,24
2,2,0
3,3,0
2,3,1
43,43,0
2,2,0
2,2,0
1,2,1
2,2,0
2,2,0
105,326,221
2,2,0
8,8,0
2,2,0
2,2,0
2,2,0
2,4,2
0,0,0
3,9,6
3,3,0
14,19,5
9,56,47
2,3,1
3,3,0
2,2,0
2,2,0
2,2,0
3,3,0
2,2,0
3,5,2
2,5,3
4,5,1
1,2,1
2,2,0
2,2,0
3,3,0
2,7,5
3,5,2
3,7,4
100,100,0
2,2,0
2,2,0
2,2,0
2,2,0
3,5,2
3,5,2
3,3,0
6,6,0
2,2,0
2,2,0
3,7,4
3,18,15
2,9,7
5,9,4
3,4,1
2,2,0
3,77,74
3,6,3
3,10,7
3,3,0
2,2,0
2,5,3
2,2,0
2,2,0
3,3,0
2,2,0
2,2,0
8,8,0
3,5,2
2,2,0
3,5,2
95,95,0
3,8,5
4,6,2
1,4,3
5,5,0
3,3,0
2,3,1
2,2,0
3,7,4
0,0,0
10,10,0
3,3,0
4,4,0
6,38,32
3,3,0
3,8,5
2,2,0
2,2,0
5,5,0
3,3,0
2,2,0
2,2,0
2,7,5
2,4,2
8,8,0
2,2,0
1,4,3
8,8,0
3,5,2
2,2,0
3,5,2
2,2,0
5,8,3
3,7,4
0,0,0
2,2,0
3,5,2
133,135,2
6,6,0
3,5,2
2,4,2
2,2,0
2,4,2
3,3,0
7,7,0
3,3,0
3,3,0
1,6,5
8,8,0
2,2,0
2,2,0
1,24,23
8,8,0
2,2,0
2,2,0
1,3,2
3,3,0
0,0,0
0,0,0
0,0,0
15,15,0
3,3,0
3,7,4
2,2,0
1,1,0
2,2,0
2,2,0
2,2,0
3,5,2
2,2,0
2,2,0
3,3,0
2,2,0
11,14,3
2,6,4
24,24,0
9,9,0
9,9,0
2,80,78
2,3,1
9,9,0
2,2,0
2,2,0
2,4,2
2,2,0
2,2,0
7,7,0
3,5,2
3,3,0
3,5,2
1,1,0
3,53,50
2,2,0
2,2,0
2,2,0
114,114,0
3,4,1
2,2,0
3,3,0
1,1,0
2,2,0
3,8,5
3,10,7
2,4,2
2,5,3
2,2,0
3,3,0
2,2,0
2,2,0
2,2,0
1,2,1
3,3,0
2,3,1
2,2,0
2,9,7
2,2,0
1,2,1
2,2,0
2,2,0
3,4,1
6,6,0
0,0,0
3,3,0
2,2,0
2,2,0
2,2,0
19,19,0
7,7,0
2,4,2
2,2,0
8,11,3
2,2,0
3,11,8
26,31,5
2,2,0
2,2,0
14,14,0
2,2,0
3,8,5
2,2,0
3,3,0
140,140,0
3,4,1
8,13,5
2,6,4
8,8,0
2,2,0
2,5,3
2,2,0
3,3,0
2,2,0
3,3,0
3,20,17
2,2,0
2,2,0
2,5,3
0,0,0
2,4,2
10,12,2
2,2,0
3,5,2
2,4,2
2,2,0
3,3,0
2,2,0
406,406,0
2,2,0
4,4,0
1,25,24
18,18,0
3,3,0
3,22,19
1,16,15
2,6,4
12,12,0
3,5,2
2,2,0
9,9,0
36,38,2
46,46,0
2,2,0
2,2,0
4,4,0
1,23,22
3,10,7
3,3,0
2,4,2
3,3,0
0,0,0
2,2,0
2,2,0
2,2,0
3,3,0
3,5,2
2,25,23
0,0,0
3,3,0
2,2,0
2,5,3
4,4,0
3,3,0
1,2,1
2,2,0
2,2,0
2,4,2
2,2,0
1,2,1
2,2,0
1,2,1
2,2,0
2,2,0
4,11,7
3,3,0
2,2,0
2,4,2
3,6,3
2,2,0
2,6,4
3,3,0
2,2,0
2,2,0
1,2,1
3,7,4
2,2,0
3,3,0
3,3,0
3,4,1
0,0,0
2,2,0
3,11,8
6,6,0
2,2,0
3,13,10
6,6,0
2,2,0
2,2,0
3,4,1
3,3,0
2,2,0
2,2,0
1,1,0
16,111,95
2,2,0
0,0,0
3,3,0
1,2,1
12,12,0
2,2,0
3,7,4
2,2,0
3,3,0
2,2,0
37,37,0
5,5,0
3,3,0
2,2,0
2,4,2
3,3,0
2,3,1
8,8,0
3,3,0
2,2,0
21,21,0
2,2,0
51,51,0
3,5,2
3,3,0
2,4,2
3,3,0
2,4,2
3,5,2
2,2,0
2,2,0
98,98,0
3,3,0
2,5,3
2,2,0
2,2,0
2,2,0
5,19,14
4,8,4
4,4,0
2,2,0
2,2,0
3,3,0
2,2,0
4,4,0
2,2,0
0,0,0
2,6,4
2,4,2
18,18,0
3,11,8
3,4,1
3,46,43
2,2,0
2,2,0
3,3,0
14,21,7
3,3,0
2,8,6
3,8,5
2,2,0
3,3,0
3,5,2
3,3,0
3,5,2
2,4,2
3,5,2
2,2,0
2,2,0
0,0,0
2,30,28
3,6,3
2,2,0
2,5,3
2,2,0
2,2,0
2,3,1
1,4,3
2,24,22
2,4,2
8,8,0
6,6,0
3,7,4
3,27,24
0,0,0
9,9,0
2,2,0
3,5,2
2,19,17
1,29,28
2,2,0
3,3,0
3,10,7
4,4,0
3,3,0
3,4,1
6,6,0
3,5,2
3,9,6
8,8,0
3,5,2
28,28,0
2,7,5
4,4,0
2,2,0
2,2,0
239,239,0
2,6,4
2,2,0
3,4,1
8,8,0
2,3,1
1,2,1
2,60,58
3,3,0
3,6,3
3,4,1
2,2,0
3,3,0
2,61,59
2,5,3
8,8,0
3,3,0
15,15,0
2,4,2
3,5,2
2,2,0
18,26,8
3,6,3
11,11,0
1,3,2
2,4,2
1,3,2
1,14,13
2,2,0
3,7,4
2,2,0
9,9,0
2,2,0
2,2,0
2,4,2
2,2,0
2,93,91
3,5,2
2,2,0
3,4,1
2,2,0
2,11,9
2,2,0
5,7,2
2,11,9
6,6,0
2,2,0
3,3,0
2,2,0
8,8,0
2,2,0
2,2,0
3,3,0
2,2,0
3,3,0
3,3,0
8,8,0
3,3,0
2,2,0
2,6,4
1,2,1
2,2,0
2,10,8
3,3,0
3,3,0
7,7,0
2,2,0
2,2,0
1,2,1
2,2,0
2,2,0
2,2,0
2,4,2
2,8,6
3,5,2
3,3,0
2,2,0
2,10,8
3,5,2
2,2,0
0,0,0
3,5,2
3,3,0
2,7,5
3,10,7
2,4,2
4,4,0
2,2,0
3,3,0
3,13,10
4,4,0
2,4,2
3,5,2
3,4,1
4,15,11
2,4,2
1,2,1
2,20,18
2,2,0
3,3,0
2,2,0
2,2,0
3,9,6
2,2,0
2,2,0
3,3,0
2,2,0
3,4,1
9,9,0
2,6,4
2,2,0
3,7,4
3,3,0
9,9,0
2,2,0
8,8,0
11,11,0
3,3,0
0,0,0
3,9,6
2,2,0
3,7,4
3,6,3
2,2,0
100,104,4
2,9,7
2,3,1
3,3,0
8,8,0
100,104,4
2,2,0
2,2,0
2,2,0
5,5,0
0,0,0
1,1,0
1,48,47
2,9,7
4,4,0
2,2,0
3,3,0
0,0,0
0,0,0
3,3,0
3,3,0
6,6,0
3,3,0
2,2,0
16,16,0
3,8,5
3,7,4
89,209,120
4,4,0
2,2,0
0,0,0
33,33,0
2,2,0
3,4,1
0,0,0
3,3,0
4,4,0
3,3,0
2,2,0
4,4,0
12,12,0
1,27,26
8,8,0
2,6,4
2,2,0
0,0,0
2,2,0
3,3,0
3,5,2
2,2,0
2,5,3
1,2,1
3,3,0
2,2,0
2,2,0
3,3,0
2,2,0
2,2,0
2,2,0
2,4,2
2,2,0
51,51,0
29,29,0
4,4,0
17,17,0
2,5,3
2,2,0
2,2,0
3,32,29
2,2,0
2,2,0
2,2,0
2,2,0
11,13,2
3,10,7
2,2,0
2,2,0
3,10,7
2,4,2
1,14,13
2,2,0
3,5,2
2,2,0
9,9,0
1,2,1
8,8,0
3,5,2
2,2,0
3,3,0
7,7,0
3,3,0
3,3,0
2,2,0
13,14,1
3,3,0
2,2,0
2,2,0
2,2,0
20,20,0
3,9,6
2,10,8
3,3,0
3,5,2
3,5,2
2,2,0
2,2,0
4,4,0
1,2,1
2,2,0
2,2,0
2,2,0
100,100,0
1,1,0
2,2,0
2,2,0
3,3,0
3,3,0
22,22,0
2,4,2
3,9,6
2,2,0
2,2,0
0,0,0
2,2,0
4,8,4
4,4,0
2,2,0
10,10,0
6,6,0
2,2,0
51,53,2
3,15,12
2,5,3
2,2,0
2,2,0
2,2,0
3,5,2
3,3,0
2,3,1
2,2,0
3,3,0
2,2,0
2,2,0
11,11,0
2,82,80
5,8,3
0,0,0
2,4,2
2,4,2
1,2,1
3,3,0
3,5,2
2,6,4
2,2,0
3,3,0
1,11,10
2,2,0
2,125,123
3,9,6
0,0,0
2,4,2
2,4,2
0,0,0
10,10,0
2,4,2
1,1,0
2,2,0
3,6,3
1,12,11
88,101,13
3,3,0
2,2,0
2,84,82
8,8,0
2,4,2
2,4,2
3,34,31
2,2,0
3,3,0
0,0,0
3,3,0
2,2,0
2,2,0
2,2,0
1,1,0
4,6,2
3,9,6
3,5,2
2,2,0
8,8,0
2,7,5
3,3,0
2,2,0
3,3,0
2,2,0
147,147,0
13,13,0
3,5,2
2,2,0
2,4,2
3,8,5
3,3,0
2,2,0
2,2,0
1,1,0
8,8,0
3,3,0
2,15,13
2,6,4
0,0,0
2,4,2
3,3,0
2,2,0
3,9,6
2,2,0
0,0,0
2,4,2
1,3,2
8,8,0
2,2,0
3,3,0
3,3,0
2,2,0
3,3,0
2,47,45
2,2,0
6,6,0
3,3,0
2,2,0
2,2,0
8,8,0
2,2,0
3,3,0
3,3,0
1,1,0
2,2,0
3,5,2
4,4,0
9,9,0
7,7,0
3,5,2
2,2,0
2,3,1
2,2,0
2,45,43
2,2,0
8,8,0
4,8,4
2,2,0
2,2,0
2,4,2
1,2,1
2,2,0
3,5,2
3,6,3
2,4,2
3,3,0
2,2,0
2,2,0
2,2,0
2,2,0
7,7,0
3,3,0
2,2,0
2,2,0
2,9,7
2,4,2
141,141,0
2,2,0
1,3,2
2,2,0
3,3,0
3,17,14
2,7,5
2,2,0
0,0,0
1,3,2
2,35,33
2,2,0
9,9,0
3,3,0
26,30,4
2,5,3
2,2,0
3,3,0
8,13,5
2,2,0
2,4,2
2,2,0
3,5,2
3,3,0
3,3,0
2,4,2
2,2,0
3,3,0
0,0,0
3,3,0
2,2,0
2,2,0
2,2,0
2,10,8
1,7,6
3,3,0
16,17,1
3,3,0
2,5,3
3,5,2
9,9,0
2,80,78
8,9,1
29,40,11
2,2,0
1,1,0
2,2,0
2,13,11
3,5,2
3,3,0
3,3,0
1,2,1
3,3,0
1,14,13
2,6,4
2,4,2
8,8,0
2,4,2
3,9,6
2,2,0
3,3,0
3,3,0
2,2,0
4,7,3
2,2,0
3,5,2
1,2,1
2,2,0
3,3,0
2,2,0
9,9,0
0,0,0
2,2,0
120,120,0
2,18,16
3,5,2
2,9,7
7,7,0
3,3,0
3,3,0
2,2,0
3,3,0
1,2,1
2,2,0
2,14,12
8,8,0
3,3,0
3,6,3
9,9,0
9,9,0
2,4,2
2,2,0
6,100,94
2,4,2
3,4,1
3,5,2
2,2,0
1,1,0
2,4,2
2,2,0
3,3,0
3,3,0
2,2,0
2,2,0
3,3,0
2,2,0
3,5,2
4,4,0
6,6,0
1,2,1
3,3,0
2,2,0
2,2,0
38,66,28
2,5,3
48,48,0
3,5,2
2,2,0
2,2,0
52,167,115
2,2,0
3,3,0
3,5,2
2,2,0
2,3,1
0,0,0
2,2,0
3,11,8
25,33,8
3,8,5
2,2,0
1,6,5
190,202,12
1,21,20
3,3,0
8,8,0
12,12,0
2,2,0
89,91,2
2,2,0
2,2,0
51,51,0
3,3,0
2,2,0
11,26,15
2,2,0
32,37,5
9,9,0
4,12,8
3,13,10
1,3,2
2,2,0
1,2,1
2,2,0
3,5,2
9,9,0
2,2,0
2,2,0
3,3,0
2,2,0
2,2,0
0,0,0
2,2,0
2,3,1
2,4,2
2,2,0
2,2,0
5,5,0
4,4,0
8,8,0
2,2,0
3,4,1
2,2,0
3,7,4
11,11,0
2,2,0
3,5,2
2,2,0
3,3,0
2,7,5
4,6,2
1,2,1
2,2,0
2,2,0
3,12,9
9,9,0
2,2,0
2,2,0
2,2,0
1,2,1
32,32,0
3,3,0
8,8,0
3,5,2
16,16,0
23,23,0
1,2,1
3,3,0
2,4,2
106,107,1
2,4,2
2,3,1
1,44,43
2,2,0
2,2,0
7,7,0
1,7,6
2,2,0
21,21,0
2,2,0
2,2,0
5,142,137
1,2,1
9,9,0
3,7,4
2,2,0
2,2,0
6,9,3
2,2,0
3,3,0
3,3,0
3,6,3
1,3,2
3,3,0
2,4,2
14,14,0
3,3,0
1,1,0
0,0,0
0,0,0
1,8,7
1,1,0
2,5,3
58,58,0
3,3,0
14,14,0
2,2,0
2,2,0
4,16,12
3,16,13
4,4,0
2,2,0
1,1,0
2,6,4
10,15,5
3,3,0
2,2,0
2,2,0
8,8,0
2,2,0
9,9,0
2,2,0
2,2,0
2,2,0
8,8,0
1,1,0
3,3,0
2,2,0
100,100,0
3,8,5
2,2,0
3,8,5
1,3,2
3,3,0
5,6,1
1,2,1
3,3,0
0,0,0
2,3,1
3,5,2
2,2,0
4,19,15
18,18,0
3,7,4
2,2,0
31,31,0
2,27,25
2,2,0
3,3,0
0,0,0
1,5,4
2,2,0
2,5,3
0,0,0
2,2,0
2,3,1
9,9,0
2,5,3
3,5,2
2,2,0
8,8,0
3,6,3
2,2,0
2,2,0
3,3,0
2,2,0
2,2,0
13,13,0
3,3,0
2,2,0
1,76,75
2,2,0
0,0,0
2,4,2
2,8,6
5,5,0
2,4,2
2,2,0
3,8,5
3,10,7
3,3,0
2,2,0
48,49,1
2,4,2
2,3,1
1,23,22
8,10,2
2,4,2
1,2,1
1,26,25
2,4,2
2,2,0
3,3,0
8,27,19
19,19,0
3,9,6
3,4,1
1,2,1
2,2,0
3,9,6
2,4,2
10,12,2
9,9,0
3,3,0
3,3,0
2,2,0
2,2,0
1,3,2
3,9,6
3,3,0
12,12,0
13,14,1
2,2,0
3,3,0
11,11,0
54,54,0
4,4,0
3,3,0
2,2,0
2,2,0
3,3,0
2,2,0
15,30,15
2,2,0
3,7,4
3,3,0
2,2,0
1,2,1
2,2,0
2,2,0
3,3,0
2,2,0
2,2,0
2,6,4
2,2,0
3,5,2
3,3,0
64,65,1
6,6,0
1,1,0
2,2,0
2,2,0
9,9,0
3,3,0
2,2,0
17,17,0
3,7,4
10,10,0
2,2,0
3,7,4
3,9,6
1,5,4
2,2,0
11,11,0
2,2,0
2,6,4
1,1,0
9,9,0
8,8,0
2,3,1
2,2,0
2,5,3
2,2,0
2,2,0
2,2,0
2,2,0
1,2,1
2,2,0
2,2,0
2,6,4
3,10,7
4,4,0
1,1,0
2,2,0
3,3,0
2,2,0
2,3,1
30,30,0
4,6,2
4,4,0
3,6,3
13,13,0
2,2,0
2,2,0
1,1,0
2,2,0
3,3,0
3,3,0
2,2,0
9,9,0
2,2,0
2,4,2
3,7,4
3,3,0
3,3,0
3,3,0
3,9,6
4,5,1
2,2,0
1,1,0
2,4,2
0,0,0
2,2,0
2,2,0
3,3,0
2,2,0
1,2,1
2,2,0
2,2,0
2,2,0
6,6,0
2,4,2
2,4,2
1,4,3
2,11,9
2,2,0
0,0,0
2,8,6
2,4,2
2,2,0
2,5,3
2,2,0
9,9,0
2,2,0
3,3,0
4,4,0
2,3,1
2,2,0
2,2,0
1,1,0
3,3,0
0,0,0
0,0,0
2,13,11
70,70,0
2,2,0
3,48,45
2,2,0
2,2,0
3,3,0
2,11,9
2,4,2
3,7,4
3,6,3
2,2,0
2,5,3
1,7,6
2,2,0
2,6,4
2,2,0
2,2,0
3,6,3
3,5,2
2,4,2
2,4,2
2,2,0
1,1,0
2,3,1
2,2,0
2,2,0
2,2,0
1,1,0
2,2,0
1,2,1
2,4,2
2,4,2
1,1,0
2,2,0
3,3,0
2,2,0
2,2,0
3,3,0
26,26,0
3,3,0
3,3,0
51,51,0
9,9,0
3,5,2
2,2,0
2,2,0
2,2,0
8,8,0
2,4,2
2,2,0
2,2,0
2,2,0
2,2,0
1,23,22
51,51,0
1,1,0
2,2,0
2,17,15
6,14,8
2,3,1
2,2,0
3,25,22
2,87,85
2,14,12
3,10,7
0,0,0
1,1,0
0,0,0
3,5,2
2,4,2
8,8,0
12,12,0
2,4,2
2,2,0
5,5,0
4,4,0
3,5,2
2,2,0
1,23,22
2,2,0
2,5,3
0,0,0
3,7,4
3,3,0
2,2,0
80,80,0
2,7,5
1,1,0
2,2,0
2,2,0
2,7,5
2,2,0
2,2,0
3,8,5
2,80,78
3,3,0
3,3,0
100,100,0
8,8,0
3,3,0
2,4,2
6,6,0
3,3,0
2,4,2
0,0,0
2,6,4
3,3,0
2,4,2
8,8,0
6,11,5
2,2,0
2,2,0
3,7,4
3,3,0
2,2,0
2,2,0
3,9,6
2,2,0
2,2,0
2,2,0
1,1,0
3,3,0
2,7,5
2,2,0
2,2,0
2,2,0
2,30,28
2,3,1
3,5,2
8,8,0
4,4,0
2,2,0
1,79,78
2,2,0
2,2,0
8,8,0
3,3,0
5,6,1
1,1,0
4,4,0
3,6,3
2,4,2
3,3,0
3,7,4
0,0,0
2,3,1
2,2,0
3,3,0
2,4,2
2,2,0
0,0,0
2,8,6
2,14,12
3,3,0
3,4,1
0,0,0
2,2,0
1,2,1
2,2,0
2,10,8
0,0,0
2,2,0
3,3,0
3,3,0
2,2,0
2,2,0
3,3,0
9,20,11
2,2,0
2,2,0
4,4,0
6,6,0
3,3,0
3,3,0
3,3,0
50,75,25
3,5,2
2,17,15
3,4,1
4,5,1
2,22,20
3,3,0
3,3,0
2,2,0
2,3,1
2,3,1
1,7,6
2,4,2
2,2,0
3,3,0
9,9,0
3,3,0
2,4,2
2,2,0
6,9,3
2,2,0
3,4,1
2,2,0
2,2,0
2,6,4
2,2,0
8,8,0
57,57,0
3,3,0
9,9,0
3,5,2
2,4,2
3,6,3
2,13,11
3,3,0
0,0,0
3,12,9
3,3,0
0,0,0
2,2,0
2,7,5
2,2,0
2,2,0
31,31,0
6,17,11
4,5,1
18,26,8
21,21,0
2,2,0
2,2,0
0,0,0
2,4,2
2,2,0
2,22,20
2,80,78
2,5,3
3,8,5
4,5,1
2,2,0
8,8,0
2,2,0
4,21,17
2,2,0
6,6,0
8,8,0
2,2,0
3,7,4
2,2,0
1,4,3
2,2,0
1,2,1
3,3,0
2,2,0
3,6,3
2,6,4
2,4,2
67,67,0
3,10,7
102,247,145
2,2,0
2,2,0
2,2,0
2,4,2
2,2,0
2,2,0
3,7,4
2,2,0
3,5,2
0,0,0
2,2,0
2,2,0
2,3,1
2,4,2
2,2,0
3,3,0
9,9,0
3,3,0
3,3,0
2,2,0
2,2,0
3,8,5
3,11,8
2,2,0
2,5,3
2,2,0
6,6,0
2,4,2
3,9,6
2,8,6
2,18,16
1,2,1
13,15,2
3,3,0
3,3,0
1,3,2
2,2,0
1,1,0
36,36,0
2,2,0
2,2,0
2,2,0
2,2,0
2,2,0
3,3,0
3,3,0
3,5,2
2,3,1
2,2,0
2,2,0
3,9,6
3,3,0
3,3,0
4,4,0
20,20,0
2,2,0
3,3,0
3,3,0
3,3,0
2,10,8
1,13,12
3,3,0
12,13,1
2,2,0
2,2,0
0,0,0
1,2,1
2,11,9
9,9,0
2,2,0
8,8,0
2,4,2
2,3,1
3,5,2
1,2,1
2,2,0
3,38,35
2,2,0
2,2,0
3,3,0
3,3,0
2,2,0
0,0,0
2,2,0
2,3,1
9,11,2
1,2,1
2,6,4
8,8,0
3,11,8
2,4,2
2,2,0
1,2,1
2,2,0
8,8,0
2,102,100
2,4,2
2,2,0
3,3,0
3,5,2
3,5,2
3,3,0
16,16,0
2,2,0
3,3,0
0,0,0
2,2,0
2,2,0
3,5,2
3,3,0
2,2,0
1,1,0
2,2,0
2,8,6
2,2,0
2,2,0
2,2,0
2,2,0
4,28,24
3,3,0
1,1,0
2,2,0
2,5,3
3,3,0
2,4,2
6,37,31
2,2,0
3,5,2
2,16,14
0,0,0
2,28,26
2,4,2
17,17,0
3,3,0
2,2,0
3,5,2
2,9,7
2,2,0
24,24,0
2,5,3
22,22,0
1,1,0
2,4,2
9,9,0
2,5,3
21,32,11
2,2,0
0,0,0
2,2,0
2,2,0
2,2,0
2,3,1
2,2,0
2,3,1
2,14,12
3,3,0
2,2,0
1,1,0
2,2,0
2,2,0
2,2,0
2,2,0
15,15,0
3,29,26
0,0,0
1,1,0
2,2,0
3,13,10
4,4,0
4,5,1
3,7,4
0,0,0
3,5,2
1,7,6
2,2,0
19,54,35
2,2,0
2,4,2
2,2,0
4,4,0
3,3,0
100,100,0
3,3,0
20,23,3
2,32,30
7,27,20
3,3,0
1,12,11
3,8,5
3,5,2
2,2,0
2,2,0
4,6,2
3,3,0
2,2,0
4,5,1
2,3,1
2,2,0
4,4,0
2,2,0
2,2,0
0,0,0
2,4,2
2,4,2
2,2,0
1,20,19
2,2,0
11,11,0
3,6,3
2,2,0
2,4,2
3,6,3
3,4,1
6,6,0
6,34,28
4,7,3
3,3,0
3,3,0
2,3,1
9,9,0
1,1,0
2,2,0
2,45,43
3,3,0
3,9,6
2,26,24
2,2,0
2,2,0
2,2,0
1,2,1
2,2,0
3,10,7
3,5,2
2,2,0
46,49,3
1,1,0
2,8,6
2,2,0
7,7,0
9,9,0
3,3,0
2,2,0
1,3,2
38,38,0
3,3,0
2,2,0
6,22,16
2,4,2
3,7,4
2,2,0
2,2,0
2,2,0
74,254,180
3,3,0
3,31,28
2,2,0
2,9,7
2,2,0
3,4,1
2,2,0
2,2,0
2,2,0
2,5,3
2,18,16
2,18,16
1,1,0
2,2,0
3,7,4
2,2,0
1,1,0
2,4,2
6,6,0
1,5,4
3,3,0
2,47,45
1,2,1
3,3,0
2,4,2
52,52,0
2,13,11
3,5,2
7,16,9
2,2,0
2,2,0
8,8,0
6,6,0
2,2,0
9,9,0
3,3,0
2,107,105
3,5,2
2,2,0
1,8,7
8,8,0
4,4,0
2,2,0
2,2,0
2,4,2
8,8,0
6,6,0
2,2,0
0,0,0
2,2,0
2,2,0
2,2,0
9,9,0
2,2,0
3,3,0
2,2,0
0,0,0
2,2,0
2,2,0
3,3,0
2,96,94
2,3,1
2,2,0
1,23,22
2,2,0
3,7,4
3,3,0
2,5,3
3,4,1
2,4,2
2,2,0
2,13,11
2,2,0
2,2,0
4,4,0
75,89,14
2,2,0
3,9,6
3,3,0
98,98,0
3,5,2
2,2,0
3,7,4
5,5,0
17,17,0
3,3,0
17,17,0
3,5,2
0,0,0
1,1,0
8,8,0
2,2,0
2,2,0
2,2,0
2,2,0
2,2,0
3,10,7
2,2,0
1,2,1
4,5,1
2,3,1
8,8,0
8,8,0
2,3,1
8,8,0
2,2,0
9,9,0
2,4,2
2,2,0
3,3,0
2,3,1
2,49,47
8,12,4
2,2,0
2,2,0
3,3,0
13,15,2
3,3,0
2,2,0
2,2,0
15,15,0
4,4,0
1,39,38
4,4,0
2,2,0
3,3,0
3,5,2
2,4,2
1,1,0
2,2,0
2,4,2
3,5,2
2,2,0
2,2,0
3,4,1
2,2,0
3,5,2
2,15,13
2,2,0
2,2,0
2,4,2
1,9,8
3,3,0
2,2,0
2,2,0
3,19,16
3,5,2
3,3,0
2,2,0
12,12,0
15,15,0
3,5,2
8,9,1
2,2,0
2,2,0
3,3,0
2,2,0
8,8,0
2,2,0
2,11,9
2,3,1
3,4,1
2,4,2
3,3,0
2,2,0
8,425,417
2,3,1
3,5,2
3,3,0
2,2,0
2,2,0
19,19,0
2,2,0
4,4,0
2,2,0
2,2,0
3,3,0
3,5,2
3,3,0
2,2,0
0,0,0
1,2,1
0,0,0
2,3,1
1,2,1
2,2,0
2,5,3
3,3,0
1,1,0
2,2,0
23,23,0
3,5,2
3,7,4
9,9,0
2,2,0
2,2,0
3,23,20
1,2,1
3,3,0
1,1,0
9,9,0
3,9,6
12,12,0
0,0,0
3,3,0
3,7,4
2,4,2
3,3,0
1,2,1
2,2,0
2,2,0
1,3,2
1,1,0
2,4,2
2,6,4
2,2,0
3,12,9
3,5,2
3,3,0
2,2,0
2,2,0
2,2,0
4,6,2
1,1,0
47,47,0
0,0,0
3,3,0
2,2,0
2,4,2
2,4,2
3,5,2
2,4,2
9,9,0
2,5,3
2,3,1
2,4,2
5,7,2
8,18,10
2,2,0
2,4,2
2,2,0
2,2,0
8,8,0
1,40,39
2,4,2
62,63,1
2,4,2
1,2,1
2,2,0
3,3,0
6,6,0
5,11,6
2,2,0
2,9,7
2,2,0
3,3,0
1,2,1
6,6,0
2,60,58
3,3,0
3,3,0
2,2,0
3,3,0
2,2,0
4,4,0
3,17,14
3,3,0
3,10,7
3,9,6
1,2,1
2,2,0
2,2,0
8,8,0
1,8,7
4,73,69
3,4,1
1,21,20
1,1,0
1,2,1
2,6,4
2,2,0
1,2,1
2,3,1
97,97,0
2,13,11
3,9,6
3,5,2
44,44,0
3,3,0
2,2,0
2,2,0
8,8,0
2,2,0
3,3,0
3,3,0
2,2,0
2,2,0
2,2,0
2,2,0
3,3,0
2,2,0
2,2,0
2,2,0
2,2,0
2,2,0
2,5,3
9,9,0
9,9,0
2,2,0
2,2,0
3,3,0
2,4,2
2,2,0
3,3,0
2,11,9
2,2,0
2,2,0
9,9,0
2,2,0
51,51,0
3,5,2
2,2,0
2,4,2
3,3,0
2,27,25
18,24,6
2,2,0
4,4,0
2,2,0
97,116,19
3,10,7
2,2,0
2,2,0
1,1,0
3,3,0
2,2,0
9,9,0
3,6,3
2,2,0
3,3,0
9,9,0
3,3,0
2,4,2
0,0,0
2,2,0
2,4,2
5,5,0
3,3,0
3,7,4
11,11,0
9,9,0
2,8,6
2,2,0
2,8,6
3,3,0
3,11,8
9,9,0
42,42,0
2,8,6
3,6,3
0,0,0
2,2,0
1,2,1
2,3,1
2,2,0
12,12,0
36,36,0
2,2,0
3,3,0
3,5,2
2,4,2
5,6,1
2,2,0
3,3,0
2,5,3
3,3,0
1,1,0
2,2,0
2,2,0
0,0,0
9,9,0
2,2,0
4,4,0
6,7,1
3,3,0
2,2,0
3,5,2
6,6,0
2,4,2
2,9,7
2,2,0
3,3,0
2,7,5
3,3,0
2,2,0
3,8,5
4,4,0
2,2,0
1,2,1
2,2,0
3,4,1
1,1,0
2,2,0
3,4,1
5,5,0
2,2,0
3,77,74
9,9,0
48,53,5
3,3,0
3,3,0
1,27,26
1,26,25
2,2,0
3,83,80
3,7,4
2,2,0
2,2,0
2,2,0
3,3,0
3,7,4
2,2,0
3,5,2
2,3,1
1,3,2
3,7,4
3,3,0
2,2,0
5,5,0
3,5,2
22,22,0
2,2,0
2,2,0
8,8,0
2,2,0
2,2,0
3,3,0
11,11,0
2,2,0
2,2,0
2,2,0
3,5,2
2,2,0
2,9,7
2,2,0
0,0,0
8,21,13
2,4,2
3,11,8
0,0,0
19,19,0
5,42,37
2,2,0
3,20,17
100,104,4
2,77,75
3,3,0
5,5,0
3,7,4
9,9,0
2,2,0
1,1,0
3,3,0
5,7,2
2,2,0
2,10,8
2,2,0
2,2,0
3,3,0
2,2,0
3,22,19
3,5,2
1,2,1
0,0,0
3,13,10
3,3,0
1,1,0
2,2,0
2,2,0
44,44,0
2,8,6
9,9,0
3,3,0
2,4,2
3,3,0
2,2,0
2,2,0
3,3,0
3,5,2
3,7,4
2,2,0
3,5,2
1,2,1
1,1,0
2,2,0
1,2,1
3,7,4
3,3,0
4,4,0
2,2,0
2,2,0
1,11,10
8,9,1
2,2,0
9,9,0
2,3,1
3,8,5
3,3,0
3,9,6
2,2,0
2,2,0
2,4,2
2,2,0
3,7,4
2,80,78
2,2,0
3,3,0
2,2,0
2,2,0
2,3,1
2,2,0
9,9,0
0,0,0
8,8,0
2,3,1
1,4,3
3,5,2
2,80,78
2,2,0
3,9,6
3,5,2
2,2,0
3,9,6
2,2,0
2,9,7
2,2,0
2,4,2
3,14,11
2,2,0
2,3,1
3,12,9
3,5,2
2,80,78
2,2,0
2,4,2
2,2,0
2,2,0
3,11,8
3,3,0
15,15,0
2,2,0
1,2,1
2,7,5
2,2,0
3,8,5
3,9,6
2,2,0
2,3,1
3,3,0
2,2,0
3,7,4
2,6,4
3,3,0
1,3,2
3,4,1
2,2,0
3,9,6
2,4,2
9,9,0
2,2,0
8,8,0
4,25,21
2,10,8
0,0,0
2,2,0
2,2,0
2,47,45
2,2,0
2,3,1
11,11,0
100,100,0
2,2,0
3,3,0
12,12,0
2,2,0
1,27,26
33,33,0
2,2,0
2,4,2
1,6,5
2,7,5
2,2,0
1,13,12
2,2,0
7,85,78
3,3,0
2,2,0
11,14,3
0,0,0
2,7,5
2,4,2
3,5,2
9,9,0
2,6,4
2,6,4
8,8,0
2,2,0
3,3,0
1,1,0
3,29,26
3,5,2
3,3,0
2,2,0
2,2,0
8,8,0
3,5,2
1,44,43
8,8,0
2,2,0
100,104,4
2,2,0
2,2,0
1,1,0
3,9,6
8,8,0
2,2,0
2,7,5
2,2,0
2,2,0
4,4,0
3,3,0
3,3,0
2,3,1
1,2,1
3,3,0
6,6,0
2,4,2
3,3,0
3,3,0
24,24,0
8,8,0
2,2,0
4,4,0
2,2,0
2,2,0
2,9,7
2,2,0
0,0,0
2,22,20
2,4,2
2,2,0
22,23,1
2,6,4
0,0,0
3,3,0
40,40,0
2,2,0
2,82,80
1,102,101
3,15,12
2,2,0
4,7,3
1,1,0
3,3,0
3,3,0
2,2,0
1,26,25
3,3,0
3,8,5
2,2,0
2,2,0
3,3,0
3,3,0
2,2,0
2,2,0
10,10,0
2,2,0
3,5,2
2,3,1
2,4,2
3,9,6
1,2,1
2,2,0
2,2,0
5,5,0
3,3,0
9,9,0
4,9,5
2,2,0
2,2,0
3,7,4
2,2,0
13,13,0
2,2,0
2,2,0
2,22,20
2,4,2
2,2,0
2,2,0
2,2,0
3,7,4
3,3,0
3,5,2
3,3,0
9,9,0
1,2,1
2,2,0
2,6,4
3,5,2
3,5,2
2,2,0
2,8,6
2,2,0
0,0,0
3,3,0
3,7,4
2,2,0
3,3,0
2,10,8
1,2,1
3,5,2
2,2,0
5,16,11
2,2,0
6,6,0
2,2,0
406,417,11
3,4,1
3,4,1
2,2,0
2,8,6
2,5,3
2,2,0
1,2,1
2,2,0
3,7,4
1,3,2
2,4,2
24,24,0
2,2,0
3,3,0
2,3,1
3,3,0
2,2,0
0,0,0
8,8,0
2,2,0
1,1,0
3,4,1
3,7,4
3,5,2
1,1,0
3,7,4
2,82,80
3,3,0
1,1,0
1,1,0
2,2,0
60,60,0
3,3,0
2,4,2
0,0,0
3,3,0
19,19,0
0,0,0
2,2,0
2,3,1
2,6,4
3,3,0
2,2,0
1,5,4
2,2,0
19,19,0
2,2,0
3,3,0
3,4,1
2,2,0
3,5,2
2,2,0
2,13,11
2,4,2
2,2,0
3,5,2
2,2,0
2,6,4
2,6,4
3,3,0
2,2,0
3,6,3
1,2,1
2,2,0
10,10,0
22,22,0
3,5,2
2,2,0
2,2,0
48,52,4
2,2,0
2,2,0
3,5,2
3,3,0
1,3,2
2,2,0
2,2,0
3,3,0
2,4,2
1,1,0
3,5,2
2,2,0
1,2,1
3,3,0
2,2,0
2,2,0
3,3,0
3,3,0
2,2,0
2,3,1
2,2,0
1,43,42
104,104,0
1,1,0
2,2,0
0,0,0
80,82,2
1,2,1
9,9,0
2,2,0
2,17,15
0,0,0
2,2,0
2,2,0
8,8,0
2,2,0
2,2,0
6,6,0
2,2,0
2,2,0
6,7,1
2,2,0
3,9,6
3,5,2
2,2,0
2,2,0
2,3,1
3,5,2
6,35,29
1,4,3
2,2,0
2,2,0
3,3,0
1,1,0
3,3,0
2,2,0
89,89,0
2,10,8
1,36,35
7,33,26
2,2,0
2,2,0
2,2,0
2,4,2
2,2,0
2,2,0
2,2,0
24,24,0
2,100,98
18,18,0
23,25,2
3,7,4
2,2,0
2,2,0
3,3,0
6,8,2
3,3,0
4,4,0
65,65,0
99,99,0
3,3,0
2,2,0
5,10,5
3,3,0
2,4,2
1,1,0
6,6,0
3,5,2
2,6,4
3,3,0
1,9,8
2,15,13
2,6,4
1,1,0
1,2,1
1,11,10
2,2,0
3,3,0
8,8,0
2,2,0
6,9,3
2,2,0
2,5,3
2,2,0
0,0,0
3,3,0
8,8,0
2,37,35
2,5,3
2,2,0
3,6,3
1,1,0
2,2,0
0,0,0
2,2,0
2,14,12
3,5,2
2,2,0
3,5,2
2,2,0
4,6,2
3,3,0
1,1,0
1,2,1
2,28,26
36,36,0
3,7,4
1,1,0
2,2,0
3,16,13
214,214,0
2,2,0
3,7,4
0,0,0
2,2,0
8,8,0
3,18,15
2,2,0
2,4,2
2,2,0
2,2,0
3,9,6
2,2,0
1,3,2
2,2,0
3,3,0
2,2,0
2,2,0
3,4,1
2,2,0
2,2,0
3,3,0
3,3,0
2,2,0
9,9,0
8,53,45
2,2,0
3,3,0
3,5,2
3,5,2
3,4,1
2,2,0
3,5,2
3,3,0
2,2,0
2,66,64
2,12,10
2,2,0
2,2,0
6,11,5
2,2,0
3,7,4
1,1,0
81,94,13
2,4,2
2,2,0
2,18,16
3,3,0
3,7,4
3,5,2
7,7,0
2,8,6
1,5,4
3,3,0
2,2,0
3,5,2
3,3,0
3,3,0
132,132,0
3,30,27
3,3,0
3,3,0
2,2,0
0,0,0
3,3,0
2,2,0
2,2,0
1,1,0
2,2,0
2,2,0
3,3,0
1,79,78
2,7,5
2,6,4
3,3,0
3,3,0
3,12,9
9,9,0
3,3,0
3,3,0
14,14,0
2,2,0
3,3,0
2,2,0
1,26,25
2,2,0
3,3,0
9,34,25
9,9,0
3,3,0
2,2,0
2,2,0
1,3,2
3,3,0
9,9,0
1,1,0
2,2,0
3,3,0
2,4,2
1,23,22
2,2,0
1,2,1
2,2,0
2,2,0
1,1,0
10,10,0
2,2,0
3,3,0
2,2,0
3,3,0
2,2,0
4,4,0
3,3,0
2,2,0
2,6,4
3,14,11
2,4,2
3,18,15
1,5,4
0,0,0
2,2,0
22,118,96
2,2,0
2,2,0
3,3,0
100,100,0
2,2,0
3,3,0
8,12,4
1,1,0
11,11,0
3,5,2
2,2,0
1,2,1
3,5,2
2,6,4
3,5,2
2,8,6
0,0,0
3,3,0
2,13,11
3,13,10
7,7,0
2,2,0
2,2,0
3,7,4
1,1,0
17,77,60
1,3,2
3,5,2
2,2,0
3,5,2
2,2,0
0,0,0
4,4,0
2,22,20
6,9,3
2,2,0
2,3,1
2,2,0
2,2,0
3,7,4
3,5,2
2,2,0
3,5,2
3,3,0
2,3,1
2,2,0
2,2,0
0,0,0
2,6,4
3,13,10
2,2,0
0,0,0
3,3,0
2,2,0
2,2,0
3,3,0
1,1,0
2,2,0
3,3,0
2,2,0
3,11,8
2,2,0
3,6,3
3,3,0
2,3,1
8,8,0
3,7,4
15,58,43
2,11,9
2,4,2
2,4,2
2,4,2
1,5,4
3,3,0
2,2,0
2,6,4
8,8,0
3,5,2
2,3,1
2,3,1
2,2,0
8,8,0
2,6,4
24,24,0
3,3,0
3,7,4
4,26,22
4,4,0
2,41,39
3,9,6
1,3,2
84,84,0
2,2,0
3,3,0
2,2,0
2,2,0
2,6,4
2,2,0
0,0,0
1,1,0
2,2,0
3,5,2
1,4,3
3,5,2
1,2,1
2,4,2
2,4,2
1,4,3
1,6,5
0,0,0
3,5,2
24,24,0
2,2,0
2,2,0
3,5,2
2,3,1
2,4,2
3,3,0
2,3,1
2,16,14
2,2,0
3,5,2
2,2,0
3,4,1
0,0,0
2,2,0
6,6,0
2,2,0
40,41,1
2,2,0
2,5,3
3,4,1
12,14,2
5,5,0
0,0,0
2,6,4
3,3,0
3,4,1
6,15,9
2,3,1
3,7,4
3,7,4
0,0,0
3,3,0
4,4,0
3,5,2
2,32,30
5,5,0
2,2,0
46,54,8
2,3,1
2,2,0
2,3,1
19,21,2
2,2,0
10,10,0
2,4,2
3,3,0
2,5,3
0,0,0
2,3,1
3,12,9
2,2,0
4,4,0
3,6,3
60,60,0
6,8,2
0,0,0
15,15,0
5,19,14
2,6,4
5,7,2
3,9,6
2,2,0
3,17,14
2,2,0
2,2,0
20,20,0
2,2,0
2,2,0
2,2,0
2,2,0
32,35,3
9,10,1
2,2,0
2,2,0
2,2,0
0,0,0
2,2,0
2,2,0
2,5,3
9,9,0
2,23,21
3,3,0
4,4,0
1,1,0
1,1,0
2,3,1
3,7,4
2,2,0
2,79,77
3,5,2
2,2,0
3,3,0
4,4,0
1,4,3
2,10,8
1,1,0
10,12,2
2,2,0
1,1,0
3,3,0
2,2,0
3,3,0
2,109,107
3,3,0
2,2,0
3,3,0
3,5,2
41,112,71
2,2,0
3,7,4
2,39,37
8,8,0
1,4,3
2,5,3
2,2,0
3,3,0
1,4,3
2,2,0
2,2,0
4,8,4
2,2,0
2,2,0
86,94,8
2,2,0
3,28,25
2,2,0
1,80,79
2,2,0
2,4,2
2,2,0
1,1,0
2,4,2
2,2,0
2,2,0
1,1,0
2,2,0
0,0,0
9,9,0
2,21,19
2,2,0
3,3,0
1,2,1
3,8,5
2,2,0
133,135,2
2,2,0
3,3,0
3,7,4
3,9,6
5,5,0
23,23,0
2,4,2
1,1,0
0,0,0
2,2,0
4,4,0
3,3,0
2,2,0
3,5,2
3,3,0
4,6,2
9,9,0
2,2,0
3,12,9
0,0,0
5,19,14
2,2,0
77,77,0
1,1,0
3,3,0
1,1,0
16,16,0
2,2,0
2,2,0
2,3,1
2,2,0
3,3,0
4,12,8
2,4,2
9,9,0
9,9,0
3,3,0
14,14,0
6,6,0
2,2,0
3,5,2
2,3,1
1,4,3
3,3,0
3,46,43
2,3,1
1,1,0
7,7,0
2,4,2
2,2,0
2,2,0
3,3,0
2,2,0
1,1,0
8,8,0
2,3,1
2,4,2
2,12,10
8,8,0
3,3,0
3,3,0
2,2,0
2,2,0
3,3,0
3,3,0
2,2,0
2,2,0
1,1,0
2,2,0
7,7,0
2,36,34
2,3,1
3,3,0
1,4,3
3,23,20
2,2,0
2,2,0
3,3,0
1,2,1
3,12,9
3,4,1
2,17,15
3,4,1
2,4,2
2,4,2
23,23,0
2,2,0
10,10,0
3,4,1
2,2,0
6,6,0
3,10,7
10,10,0
2,2,0
2,10,8
2,9,7
5,5,0
2,2,0
2,3,1
9,18,9
1,55,54
3,6,3
2,4,2
2,2,0
5,8,3
2,4,2
2,2,0
3,3,0
2,2,0
26,26,0
2,7,5
2,2,0
0,0,0
2,13,11
4,10,6
4,13,9
17,17,0
2,2,0
2,52,50
2,6,4
2,2,0
2,2,0
2,2,0
2,2,0
3,3,0
78,78,0
2,23,21
3,3,0
2,2,0
2,45,43
8,8,0
0,0,0
2,2,0
0,0,0
2,14,12
3,4,1
2,2,0
2,2,0
2,2,0
9,9,0
2,3,1
2,2,0
3,3,0
2,2,0
2,6,4
2,3,1
19,19,0
15,15,0
2,80,78
9,9,0
1,1,0
1,1,0
28,30,2
3,3,0
3,3,0
2,2,0
2,2,0
2,2,0
3,12,9
3,3,0
2,2,0
2,13,11
3,13,10
2,4,2
3,3,0
2,3,1
2,4,2
2,4,2
0,0,0
10,10,0
3,7,4
8,10,2
2,2,0
3,3,0
2,2,0
2,2,0
81,81,0
3,3,0
2,3,1
2,2,0
2,7,5
3,5,2
2,13,11
3,3,0
2,2,0
30,30,0
2,13,11
2,2,0
11,11,0
3,3,0
1,19,18
2,27,25
56,56,0
2,2,0
4,19,15
3,3,0
7,8,1
1,1,0
2,8,6
2,2,0
2,2,0
3,3,0
2,2,0
3,3,0
1,1,0
3,3,0
2,2,0
51,51,0
2,4,2
1,1,0
3,3,0
2,5,3
3,3,0
1,2,1
4,4,0
90,173,83
8,8,0
1,1,0
2,2,0
1,10,9
4,5,1
2,4,2
2,2,0
16,16,0
22,22,0
2,8,6
2,3,1
3,3,0
2,2,0
2,3,1
1,6,5
2,3,1
2,5,3
2,3,1
2,2,0
3,5,2
44,44,0
2,2,0
2,2,0
1,2,1
2,23,21
2,2,0
2,2,0
2,2,0
0,0,0
2,2,0
3,3,0
3,3,0
3,3,0
4,10,6
2,4,2
0,0,0
0,0,0
8,8,0
2,2,0
1,73,72
3,3,0
3,3,0
2,28,26
2,2,0
3,3,0
3,4,1
1,7,6
2,2,0
8,8,0
3,7,4
2,2,0
2,2,0
3,9,6
2,2,0
1,24,23
2,2,0
3,5,2
3,3,0
5,5,0
3,9,6
4,4,0
2,11,9
3,3,0
2,2,0
2,2,0
2,4,2
3,5,2
2,2,0
2,6,4
16,56,40
3,5,2
3,5,2
2,2,0
1,1,0
3,3,0
18,61,43
1,22,21
4,6,2
0,0,0
2,17,15
2,2,0
2,2,0
2,88,86
3,3,0
2,2,0
2,2,0
3,3,0
2,2,0
63,69,6
2,38,36
2,2,0
2,13,11
8,8,0
16,17,1
5,5,0
2,2,0
2,2,0
3,3,0
3,3,0
2,2,0
3,3,0
6,6,0
3,5,2
2,6,4
2,2,0
2,2,0
3,7,4
2,2,0
2,3,1
2,2,0
3,5,2
8,8,0
3,3,0
2,4,2
2,2,0
2,2,0
2,2,0
3,3,0
10,10,0
3,3,0
2,3,1
12,121,109
2,2,0
2,14,12
5,5,0
2,4,2
1,1,0
2,2,0
3,3,0
3,11,8
40,52,12
2,2,0
2,2,0
2,2,0
2,4,2
4,19,15
2,4,2
7,7,0
2,2,0
12,12,0
3,6,3
2,2,0
4,5,1
3,5,2
145,145,0
3,3,0
3,3,0
1,1,0
2,2,0
52,54,2
3,3,0
2,2,0
2,2,0
1,1,0
2,2,0
3,3,0
2,2,0
2,2,0
1,23,22
1,2,1
8,16,8
3,5,2
2,2,0
5,5,0
2,3,1
0,0,0
3,3,0
3,3,0
8,8,0
3,3,0
2,2,0
3,3,0
3,3,0
3,3,0
0,0,0
0,0,0
20,20,0
2,2,0
1,14,13
5,5,0
10,10,0
2,6,4
3,3,0
3,3,0
1,1,0
2,2,0
2,2,0
55,55,0
2,2,0
1,1,0
1,1,0
2,2,0
3,3,0
9,9,0
0,0,0
2,2,0
2,2,0
3,5,2
2,2,0
2,4,2
2,2,0
3,3,0
3,3,0
1,5,4
6,6,0
2,2,0
2,4,2
2,2,0
3,3,0
3,3,0
2,2,0
2,2,0
2,2,0
3,3,0
3,3,0
2,2,0
2,7,5
2,2,0
5,5,0
3,5,2
1,2,1
43,59,16
1,2,1
3,6,3
1,2,1
2,2,0
3,3,0
2,2,0
8,8,0
3,4,1
2,2,0
2,2,0
2,2,0
3,15,12
3,10,7
0,0,0
2,2,0
3,5,2
2,2,0
0,0,0
2,4,2
3,5,2
3,4,1
2,2,0
3,3,0
8,8,0
2,2,0
2,2,0
8,8,0
100,104,4
26,26,0
3,3,0
2,2,0
2,2,0
2,2,0
3,5,2
0,0,0
57,57,0
2,2,0
2,2,0
9,9,0
2,4,2
13,13,0
1,3,2
100,109,9
3,3,0
2,2,0
2,18,16
8,8,0
2,2,0
3,3,0
9,10,1
1,6,5
3,5,2
3,3,0
3,11,8
2,3,1
2,2,0
7,7,0
2,4,2
3,11,8
70,70,0
6,6,0
2,2,0
4,4,0
2,22,20
3,3,0
3,4,1
2,4,2
8,8,0
3,3,0
2,2,0
2,6,4
93,281,188
3,6,3
1,5,4
8,8,0
2,2,0
3,11,8
2,2,0
20,20,0
1,2,1
2,2,0
2,5,3
4,4,0
1,4,3
2,2,0
1,2,1
2,2,0
3,3,0
2,2,0
2,2,0
2,2,0
2,2,0
3,3,0
1,1,0
2,12,10
2,4,2
3,9,6
4,7,3
3,5,2
3,3,0
3,3,0
2,2,0
2,2,0
7,7,0
2,2,0
2,2,0
3,3,0
1,4,3
1,2,1
8,8,0
3,7,4
3,3,0
1,24,23
8,8,0
2,2,0
2,13,11
2,5,3
2,2,0
2,2,0
2,5,3
2,2,0
3,26,23
4,4,0
90,90,0
0,0,0
2,2,0
2,2,0
0,0,0
7,7,0
2,2,0
3,11,8
2,2,0
100,100,0
2,2,0
2,11,9
3,3,0
2,2,0
2,2,0
3,3,0
3,19,16
2,2,0
2,2,0
20,20,0
2,2,0
2,2,0
3,5,2
2,6,4
2,5,3
2,2,0
2,2,0
3,3,0
2,7,5
3,5,2
3,3,0
2,2,0
2,2,0
2,3,1
3,12,9
100,104,4
1,3,2
27,49,22
3,6,3
2,2,0
16,18,2
2,2,0
2,2,0
2,2,0
2,2,0
6,8,2
7,49,42
9,9,0
2,2,0
1,2,1
1,31,30
31,31,0
2,2,0
8,8,0
2,2,0
3,3,0
2,2,0
2,2,0
2,2,0
3,3,0
1,1,0
30,30,0
2,4,2
3,3,0
3,5,2
2,4,2
2,4,2
4,6,2
2,10,8
2,6,4
3,5,2
1,2,1
3,3,0
2,2,0
3,12,9
3,3,0
2,11,9
2,2,0
0,0,0
5,7,2
2,2,0
4,4,0
2,2,0
0,0,0
3,17,14
2,2,0
0,0,0
2,2,0
2,2,0
1,1,0
3,3,0
2,6,4
2,10,8
10,10,0
2,4,2
8,8,0
1,1,0
3,3,0
1,29,28
4,4,0
2,2,0
3,8,5
3,5,2
2,2,0
2,10,8
2,2,0
2,2,0
2,4,2
2,10,8
3,3,0
3,3,0
3,3,0
2,2,0
8,8,0
3,3,0
2,2,0
2,2,0
3,3,0
2,2,0
2,60,58
2,2,0
1,4,3
2,4,2
3,3,0
2,13,11
2,2,0
4,8,4
2,82,80
3,3,0
2,2,0
26,28,2
2,2,0
2,9,7
3,9,6
3,6,3
6,6,0
2,5,3
3,3,0
3,3,0
2,2,0
2,2,0
2,2,0
2,2,0
1,1,0
2,2,0
2,2,0
3,7,4
2,2,0
3,7,4
4,11,7
8,8,0
3,5,2
2,2,0
2,2,0
3,5,2
2,3,1
1,3,2
10,10,0
2,2,0
2,2,0
9,9,0
3,6,3
1,1,0
3,3,0
3,3,0
3,3,0
2,2,0
100,100,0
2,4,2
2,2,0
2,2,0
1,22,21
2,2,0
2,3,1
0,0,0
2,2,0
4,4,0
2,2,0
2,2,0
2,2,0
1,1,0
2,2,0
3,7,4
1,63,62
1,1,0
2,4,2
11,11,0
3,3,0
3,9,6
2,2,0
2,4,2
26,26,0
7,7,0
0,0,0
2,2,0
3,3,0
10,10,0
2,2,0
2,2,0
2,4,2
140,140,0
2,2,0
2,2,0
5,5,0
2,4,2
3,3,0
2,6,4
3,3,0
3,3,0
3,4,1
3,4,1
24,24,0
2,2,0
3,5,2
2,2,0
2,5,3
2,2,0
9,9,0
3,3,0
3,7,4
3,3,0
1,4,3
3,7,4
2,6,4
3,7,4
2,2,0
2,2,0
8,8,0
2,2,0
2,2,0
3,6,3
2,4,2
2,2,0
1,4,3
2,4,2
3,3,0
48,50,2
2,6,4
1,2,1
2,2,0
2,2,0
3,4,1
38,41,3
3,8,5
3,8,5
9,9,0
2,2,0
2,13,11
3,3,0
3,3,0
2,2,0
9,9,0
3,3,0
1,1,0
2,2,0
3,3,0
1,6,5
3,3,0
2,2,0
3,11,8
3,7,4
2,2,0
4,4,0
2,2,0
2,2,0
3,6,3
2,2,0
2,52,50
94,94,0
2,2,0
3,5,2
10,32,22
2,25,23
3,3,0
2,2,0
22,22,0
2,9,7
3,3,0
2,2,0
4,4,0
90,90,0
22,22,0
100,100,0
2,4,2
2,4,2
2,2,0
2,2,0
2,2,0
2,2,0
2,2,0
0,0,0
2,2,0
1,1,0
2,13,11
2,2,0
4,4,0
2,2,0
16,16,0
3,5,2
1,2,1
2,8,6
3,5,2
2,3,1
2,2,0
3,5,2
3,3,0
8,8,0
3,7,4
2,2,0
3,3,0
2,44,42
1,5,4
2,2,0
3,3,0
2,2,0
3,3,0
3,3,0
3,3,0
2,2,0
2,23,21
3,3,0
2,2,0
2,6,4
51,51,0
2,2,0
2,2,0
100,200,100
1,45,44
3,3,0
2,6,4
1,13,12
9,9,0
2,9,7
1,2,1
3,9,6
2,2,0
1,1,0
2,4,2
2,3,1
2,4,2
0,0,0
0,0,0
3,3,0
10,10,0
1,1,0
2,2,0
3,3,0
2,4,2
2,2,0
3,3,0
2,4,2
3,3,0
3,6,3
2,2,0
2,2,0
2,2,0
3,6,3
2,2,0
2,2,0
11,11,0
2,2,0
3,3,0
2,2,0
1,1,0
9,9,0
2,4,2
2,2,0
3,3,0
3,3,0
2,2,0
2,2,0
2,2,0
2,4,2
2,12,10
10,10,0
2,28,26
2,2,0
0,0,0
6,9,3
2,2,0
7,9,2
12,12,0
1,1,0
10,11,1
20,20,0
48,50,2
3,3,0
2,2,0
3,3,0
3,5,2
1,1,0
2,2,0
2,3,1
2,2,0
2,28,26
2,2,0
2,2,0
3,11,8
8,14,6
2,2,0
3,5,2
2,2,0
3,3,0
1,12,11
40,43,3
2,69,67
7,10,3
2,2,0
2,2,0
3,8,5
2,2,0
1,8,7
4,14,10
2,4,2
129,240,111
2,4,2
2,2,0
2,2,0
2,2,0
16,16,0
2,2,0
1,2,1
2,6,4
2,2,0
3,9,6
3,7,4
89,95,6
9,9,0
4,4,0
2,2,0
2,2,0
3,7,4
1,78,77
24,24,0
2,2,0
0,0,0
2,2,0
3,3,0
3,3,0
62,102,40
46,46,0
2,6,4
2,2,0
0,0,0
2,2,0
3,11,8
2,4,2
2,3,1
2,2,0
2,4,2
2,2,0
3,3,0
11,11,0
8,10,2
2,2,0
3,3,0
2,2,0
3,5,2
3,5,2
2,2,0
2,2,0
0,0,0
2,2,0
2,2,0
1,3,2
11,11,0
2,4,2
2,2,0
2,2,0
1,1,0
5,5,0
2,2,0
9,9,0
2,2,0
2,2,0
2,2,0
2,2,0
3,7,4
2,2,0
2,2,0
2,2,0
3,14,11
1,1,0
3,3,0
3,8,5
2,26,24
2,4,2
2,2,0
2,2,0
2,2,0
2,16,14
2,2,0
9,9,0
3,5,2
0,0,0
3,3,0
9,9,0
4,7,3
2,2,0
2,2,0
2,2,0
3,3,0
0,0,0
2,2,0
2,2,0
3,4,1
2,2,0
8,8,0
3,6,3
2,2,0
2,2,0
2,2,0
1,2,1
2,2,0
2,73,71
2,2,0
3,8,5
0,0,0
16,16,0
2,2,0
2,2,0
11,38,27
3,3,0
2,2,0
3,9,6
3,6,3
2,2,0
2,2,0
3,5,2
3,3,0
1,1,0
5,11,6
3,10,7
2,5,3
2,5,3
8,8,0
2,2,0
20,20,0
3,3,0
2,2,0
2,6,4
2,2,0
1,1,0
2,7,5
3,3,0
3,3,0
8,8,0
99,99,0
2,2,0
3,3,0
2,2,0
6,6,0
3,7,4
1,2,1
20,20,0
3,7,4
3,4,1
2,2,0
3,3,0
2,2,0
2,2,0
1,28,27
2,2,0
2,2,0
2,2,0
3,3,0
2,6,4
2,9,7
1,1,0
3,3,0
3,9,6
2,2,0
2,4,2
2,20,18
1,24,23
1,2,1
8,16,8
11,57,46
2,2,0
5,5,0
3,5,2
2,2,0
3,3,0
2,2,0
2,2,0
3,13,10
2,3,1
2,2,0
3,5,2
3,3,0
2,2,0
2,2,0
3,3,0
3,3,0
3,4,1
2,4,2
8,13,5
2,2,0
0,0,0
3,7,4
3,3,0
2,2,0
2,2,0
2,2,0
2,2,0
2,4,2
3,5,2
3,20,17
103,110,7
4,7,3
46,46,0
3,3,0
0,0,0
2,2,0
2,2,0
2,2,0
2,2,0
1,12,11
11,11,0
2,2,0
2,2,0
2,23,21
3,28,25
3,3,0
2,2,0
11,11,0
2,2,0
2,2,0
0,0,0
2,2,0
2,2,0
2,2,0
2,3,1
10,25,15
2,2,0
11,11,0
2,2,0
12,12,0
3,9,6
8,8,0
1,25,24
2,2,0
1,6,5
1,6,5
19,21,2
3,3,0
2,2,0
2,6,4
3,4,1
1,3,2
1,22,21
3,7,4
2,4,2
2,4,2
3,5,2
3,3,0
1,2,1
2,10,8
2,8,6
2,5,3
0,0,0
3,11,8
3,6,3
2,2,0
2,10,8
8,8,0
1,1,0
0,0,0
3,22,19
3,19,16
6,6,0
3,3,0
3,5,2
2,4,2
1,6,5
3,7,4
3,3,0
1,2,1
2,2,0
2,2,0
2,2,0
8,8,0
2,4,2
3,5,2
9,9,0
2,2,0
0,0,0
4,4,0
3,3,0
2,2,0
3,3,0
8,8,0
2,2,0
2,2,0
3,3,0
11,11,0
3,5,2
2,2,0
2,2,0
0,0,0
2,8,6
2,47,45
2,2,0
1,26,25
3,3,0
8,8,0
2,2,0
3,3,0
3,5,2
2,13,11
2,2,0
8,8,0
2,2,0
3,7,4
3,5,2
2,2,0
0,0,0
4,4,0
47,144,97
2,2,0
9,9,0
3,3,0
2,2,0
1,20,19
3,5,2
2,2,0
3,3,0
2,2,0
100,109,9
2,2,0
2,55,53
2,2,0
40,43,3
2,2,0
7,10,3
1,1,0
2,2,0
10,10,0
8,8,0
1,1,0
2,2,0
2,2,0
2,2,0
2,2,0
127,223,96
2,2,0
2,2,0
2,2,0
3,3,0
2,2,0
1,3,2
2,2,0
2,2,0
2,4,2
3,11,8
3,9,6
32,32,0
2,2,0
2,2,0
3,3,0
3,5,2
3,5,2
1,3,2
3,12,9
3,5,2
54,54,0
6,6,0
1,1,0
8,8,0
2,2,0
2,2,0
9,9,0
3,5,2
2,2,0
2,5,3
3,3,0
0,0,0
3,3,0
2,3,1
11,11,0
33,33,0
2,2,0
2,86,84
0,0,0
3,3,0
2,24,22
3,7,4
2,6,4
0,0,0
1,1,0
2,2,0
3,3,0
2,10,8
2,2,0
74,74,0
9,9,0
56,56,0
36,36,0
6,21,15
2,2,0
1,23,22
2,2,0
2,2,0
2,16,14
2,25,23
2,2,0
13,15,2
6,6,0
2,2,0
3,3,0
2,4,2
2,2,0
2,2,0
15,19,4
16,16,0
2,4,2
51,74,23
2,2,0
3,3,0
3,8,5
2,2,0
3,46,43
1,1,0
3,10,7
3,5,2
3,5,2
2,4,2
1,1,0
2,2,0
9,9,0
2,4,2
2,4,2
1,115,114
2,2,0
3,3,0
2,2,0
2,2,0
3,3,0
2,2,0
3,6,3
8,8,0
2,2,0
9,16,7
9,9,0
2,2,0
3,3,0
10,10,0
51,51,0
6,6,0
10,10,0
20,20,0
1,1,0
2,4,2
1,3,2
2,2,0
10,10,0
2,8,6
3,3,0
2,2,0
2,6,4
11,11,0
2,2,0
3,5,2
3,3,0
3,3,0
2,4,2
2,2,0
2,2,0
2,2,0
51,101,50
1,2,1
2,2,0
2,2,0
1,3,2
2,4,2
4,4,0
3,5,2
100,104,4
2,2,0
2,4,2
1,1,0
3,8,5
3,7,4
8,8,0
1,25,24
2,2,0
17,17,0
2,2,0
2,2,0
2,2,0
3,9,6
2,2,0
3,7,4
51,51,0
2,2,0
1,2,1
1,7,6
2,2,0
3,3,0
2,2,0
2,2,0
1,2,1
2,9,7
2,6,4
2,8,6
2,2,0
1,1,0
100,104,4
4,4,0
3,9,6
12,13,1
0,0,0
2,2,0
2,2,0
0,0,0
1,2,1
11,11,0
3,13,10
2,2,0
1,3,2
2,4,2
0,0,0
18,68,50
1,5,4
2,39,37
0,0,0
3,3,0
3,3,0
4,9,5
3,8,5
3,3,0
8,8,0
3,7,4
9,9,0
2,2,0
3,7,4
2,9,7
1,2,1
5,16,11
2,3,1
3,5,2
2,2,0
3,3,0
2,2,0
2,2,0
10,12,2
2,2,0
2,2,0
3,4,1
3,3,0
2,2,0
3,9,6
3,5,2
2,4,2
1,1,0
0,0,0
3,8,5
1,23,22
1,4,3
0,0,0
2,2,0
1,1,0
0,0,0
8,8,0
3,3,0
2,2,0
1,1,0
2,2,0
2,2,0
3,3,0
3,3,0
2,2,0
2,2,0
3,4,1
4,10,6
2,6,4
3,5,2
2,2,0
50,101,51
3,3,0
2,2,0
1,3,2
2,4,2
2,3,1
2,8,6
3,3,0
2,10,8
2,2,0
0,0,0
0,0,0
3,3,0
3,7,4
2,4,2
2,3,1
2,2,0
64,64,0
0,0,0
2,2,0
18,18,0
2,8,6
4,4,0
3,3,0
2,2,0
3,3,0
8,8,0
14,14,0
2,2,0
2,4,2
1,3,2
2,2,0
2,2,0
3,3,0
2,3,1
2,20,18
2,2,0
2,2,0
3,15,12
3,13,10
2,2,0
1,59,58
20,20,0
0,0,0
3,5,2
3,4,1
16,16,0
2,2,0
3,9,6
2,8,6
6,6,0
2,2,0
1,64,63
1,1,0
3,7,4
0,0,0
11,11,0
2,2,0
2,2,0
1,1,0
2,5,3
1,9,8
1,1,0
2,2,0
2,6,4
3,3,0
2,2,0
2,2,0
2,2,0
3,4,1
2,9,7
2,2,0
1,1,0
3,8,5
2,4,2
1,1,0
2,2,0
150,150,0
1,22,21
11,25,14
3,5,2
2,4,2
2,4,2
2,2,0
5,5,0
3,3,0
2,4,2
2,2,0
2,2,0
1,10,9
2,2,0
2,4,2
2,4,2
40,65,25
2,4,2
1,2,1
1,3,2
2,2,0
2,2,0
3,6,3
50,50,0
2,2,0
3,5,2
0,0,0
2,3,1
2,2,0
2,2,0
1,4,3
3,7,4
1,2,1
9,9,0
3,7,4
9,9,0
2,2,0
3,3,0
2,3,1
2,4,2
4,4,0
2,2,0
2,11,9
2,2,0
2,2,0
3,4,1
2,2,0
2,2,0
2,4,2
1,2,1
2,2,0
2,2,0
3,3,0
2,4,2
3,9,6
10,10,0
2,3,1
1,10,9
1,1,0
2,4,2
3,6,3
2,2,0
3,5,2
2,2,0
3,5,2
2,2,0
2,2,0
3,5,2
2,14,12
2,2,0
1,1,0
2,2,0
10,10,0
9,15,6
0,0,0
3,13,10
2,7,5
2,14,12
0,0,0
3,3,0
2,2,0
2,2,0
11,11,0
2,2,0
3,3,0
3,5,2
3,3,0
2,2,0
2,2,0
2,2,0
2,10,8
3,12,9
2,4,2
2,2,0
93,94,1
2,2,0
7,7,0
2,4,2
8,8,0
2,2,0
3,4,1
8,8,0
72,72,0
2,2,0
1,1,0
2,4,2
4,4,0
2,2,0
3,3,0
2,2,0
2,2,0
1,83,82
6,6,0
2,2,0
2,2,0
3,3,0
2,2,0
1,7,6
1,1,0
2,5,3
11,11,0
2,2,0
20,20,0
2,4,2
3,3,0
2,2,0
3,3,0
2,2,0
2,2,0
4,4,0
1,1,0
8,8,0
3,3,0
2,2,0
3,3,0
4,4,0
2,2,0
2,2,0
3,3,0
2,8,6
8,8,0
2,2,0
3,3,0
91,94,3
2,2,0
2,10,8
3,3,0
2,2,0
5,5,0
3,3,0
2,5,3
2,7,5
2,2,0
3,8,5
3,5,2
4,6,2
2,3,1
3,5,2
2,4,2
1,1,0
1,1,0
14,52,38
94,95,1
1,1,0
1,16,15
2,6,4
3,3,0
9,9,0
2,2,0
2,2,0
2,2,0
2,2,0
100,107,7
2,2,0
3,5,2
2,6,4
1,2,1
1,1,0
3,3,0
0,0,0
2,2,0
3,10,7
2,2,0
20,20,0
0,0,0
3,5,2
3,3,0
1,2,1
2,2,0
3,11,8
2,2,0
3,80,77
2,2,0
1,1,0
0,0,0
2,2,0
2,2,0
2,2,0
2,2,0
3,3,0
2,2,0
3,23,20
4,6,2
3,12,9
26,30,4
19,19,0
3,3,0
3,3,0
3,7,4
2,2,0
3,9,6
0,0,0
2,2,0
2,13,11
3,4,1
1,1,0
2,2,0
2,28,26
1,2,1
3,3,0
47,47,0
17,80,63
2,2,0
2,5,3
3,3,0
3,3,0
2,4,2
4,4,0
1,24,23
5,5,0
2,2,0
3,5,2
1,1,0
3,3,0
1,1,0
74,74,0
2,2,0
8,8,0
3,5,2
20,20,0
2,4,2
2,2,0
6,8,2
2,2,0
2,4,2
2,6,4
2,2,0
8,8,0
3,4,1
2,6,4
2,3,1
1,1,0
2,2,0
2,2,0
6,10,4
1,1,0
2,2,0
2,2,0
2,2,0
9,9,0
2,40,38
1,4,3
1,1,0
3,8,5
4,4,0
3,3,0
3,3,0
21,21,0
0,0,0
1,1,0
2,2,0
2,4,2
3,3,0
3,3,0
2,29,27
2,2,0
2,2,0
2,2,0
2,2,0
2,2,0
2,4,2
2,2,0
2,2,0
2,2,0
9,9,0
3,3,0
2,6,4
1,6,5
2,7,5
2,2,0
3,3,0
2,2,0
3,4,1
9,13,4
3,3,0
8,8,0
2,2,0
2,2,0
2,4,2
1,2,1
4,8,4
9,9,0
2,2,0
45,47,2
3,3,0
1,1,0
5,5,0
3,3,0
2,23,21
2,2,0
2,2,0
2,8,6
2,16,14
2,2,0
2,2,0
2,2,0
3,3,0
3,7,4
2,2,0
0,0,0
0,0,0
2,4,2
2,3,1
3,5,2
3,7,4
2,2,0
2,2,0
2,2,0
2,4,2
3,3,0
3,4,1
3,3,0
3,8,5
3,4,1
2,2,0
7,7,0
3,5,2
3,3,0
3,3,0
2,2,0
2,4,2
8,8,0
1,13,12
2,2,0
2,2,0
2,2,0
6,6,0
2,2,0
2,2,0
0,0,0
2,2,0
2,2,0
2,2,0
2,2,0
2,4,2
2,2,0
1,25,24
0,0,0
2,2,0
2,4,2
2,4,2
2,2,0
2,2,0
2,2,0
2,2,0
3,5,2
20,20,0
2,3,1
4,4,0
2,2,0
3,9,6
2,2,0
92,192,100
2,2,0
2,8,6
1,2,1
1,2,1
3,7,4
8,8,0
2,2,0
2,2,0
1,1,0
19,19,0
2,4,2
2,3,1
2,2,0
2,2,0
2,2,0
2,2,0
3,5,2
2,2,0
1,3,2
2,2,0
3,11,8
8,8,0
3,8,5
2,4,2
3,5,2
4,4,0
1,2,1
2,2,0
2,26,24
2,2,0
4,4,0
2,2,0
2,2,0
2,2,0
3,3,0
9,10,1
3,5,2
1,8,7
3,3,0
2,3,1
4,72,68
2,2,0
2,4,2
2,2,0
3,3,0
1,3,2
3,3,0
2,2,0
9,9,0
0,0,0
3,3,0
2,2,0
3,3,0
9,9,0
2,2,0
2,2,0
118,145,27
1,2,1
4,9,5
1,21,20
5,5,0
3,7,4
2,4,2
9,9,0
1,2,1
3,3,0
2,2,0
2,9,7
2,2,0
2,2,0
2,2,0
2,99,97
3,3,0
2,2,0
2,2,0
3,3,0
2,2,0
3,3,0
2,2,0
94,94,0
2,8,6
2,2,0
2,6,4
2,2,0
3,3,0
2,2,0
2,2,0
303,303,0
4,4,0
3,23,20
2,2,0
3,5,2
2,3,1
3,6,3
13,55,42
2,2,0
3,3,0
2,2,0
2,10,8
3,3,0
10,12,2
3,3,0
3,3,0
8,16,8
3,3,0
2,2,0
2,2,0
2,2,0
3,3,0
2,2,0
3,5,2
2,2,0
2,2,0
3,3,0
40,40,0
6,8,2
3,3,0
1,35,34
3,5,2
2,2,0
3,3,0
2,2,0
2,3,1
3,3,0
3,5,2
3,3,0
3,7,4
3,3,0
50,53,3
3,3,0
2,13,11
3,3,0
1,32,31
2,2,0
1,5,4
0,0,0
3,3,0
3,5,2
0,0,0
15,16,1
3,9,6
1,3,2
2,6,4
2,2,0
2,2,0
0,0,0
2,2,0
8,8,0
2,2,0
2,2,0
2,2,0
2,2,0
3,5,2
3,3,0
2,2,0
1,2,1
3,9,6
2,3,1
3,3,0
2,2,0
2,2,0
2,5,3
1,1,0
2,2,0
1,3,2
2,2,0
3,8,5
2,10,8
2,2,0
3,5,2
10,10,0
4,7,3
1,1,0
25,28,3
1,1,0
1,1,0
3,3,0
2,2,0
5,5,0
2,2,0
2,2,0
2,4,2
2,2,0
12,12,0
3,3,0
3,5,2
1,1,0
3,5,2
2,2,0
3,3,0
3,9,6
8,8,0
3,5,2
2,2,0
2,17,15
2,21,19
2,2,0
1,2,1
3,4,1
3,5,2
3,3,0
3,23,20
3,4,1
2,4,2
2,2,0
2,2,0
0,0,0
3,5,2
5,8,3
2,2,0
1,1,0
2,4,2
6,6,0
2,10,8
81,112,31
6,7,1
6,6,0
2,2,0
0,0,0
8,8,0
3,3,0
26,36,10
1,1,0
3,10,7
1,1,0
3,3,0
3,3,0
2,2,0
43,45,2
2,3,1
0,0,0
3,18,15
2,2,0
5,5,0
2,2,0
3,3,0
1,10,9
14,28,14
3,3,0
2,2,0
1,1,0
1,1,0
2,2,0
2,2,0
2,2,0
2,2,0
2,2,0
3,16,13
2,2,0
2,13,11
0,0,0
1,2,1
2,2,0
2,4,2
8,8,0
1,1,0
3,3,0
7,7,0
2,2,0
3,21,18
2,2,0
1,1,0
2,2,0
1,1,0
3,7,4
2,4,2
3,3,0
2,4,2
3,6,3
2,2,0
12,12,0
2,2,0
2,4,2
2,4,2
3,3,0
3,3,0
2,2,0
3,5,2
2,2,0
4,4,0
3,9,6
2,6,4
2,2,0
3,10,7
1,4,3
2,9,7
1,3,2
2,3,1
10,10,0
0,0,0
10,10,0
9,9,0
3,3,0
3,8,5
10,19,9
2,2,0
0,0,0
3,3,0
2,4,2
2,5,3
3,4,1
1,7,6
2,8,6
8,10,2
2,4,2
2,2,0
2,2,0
4,6,2
2,4,2
2,2,0
2,2,0
17,17,0
3,5,2
161,161,0
1,3,2
40,40,0
6,13,7
3,7,4
3,5,2
3,3,0
2,2,0
2,4,2
0,0,0
2,4,2
22,22,0
3,3,0
3,3,0
20,21,1
9,9,0
100,104,4
2,2,0
2,3,1
3,3,0
3,6,3
2,2,0
12,12,0
4,4,0
3,5,2
2,2,0
2,2,0
1,5,4
3,12,9
3,4,1
2,2,0
3,6,3
1,20,19
90,173,83
3,10,7
8,8,0
2,2,0
2,2,0
1,2,1
2,2,0
42,45,3
2,2,0
1,3,2
3,5,2
8,8,0
3,8,5
2,2,0
3,18,15
0,0,0
2,2,0
1,2,1
2,2,0
2,2,0
2,2,0
2,2,0
3,5,2
3,3,0
2,2,0
3,6,3
2,2,0
2,2,0
2,2,0
0,0,0
3,11,8
5,5,0
3,3,0
3,3,0
3,3,0
22,22,0
0,0,0
2,4,2
2,2,0
1,1,0
2,2,0
2,2,0
9,10,1
2,2,0
3,3,0
2,3,1
1,2,1
2,2,0
2,4,2
2,2,0
1,2,1
2,8,6
2,2,0
2,2,0
1,11,10
3,3,0
1,1,0
2,2,0
2,2,0
3,3,0
3,3,0
1,13,12
2,2,0
2,2,0
2,2,0
2,2,0
3,3,0
2,2,0
2,4,2
0,0,0
1,2,1
2,3,1
42,46,4
3,3,0
2,2,0
3,3,0
3,3,0
2,2,0
2,6,4
3,3,0
1,13,12
1,1,0
2,2,0
2,2,0
1,23,22
2,82,80
1,1,0
3,3,0
2,5,3
2,2,0
3,7,4
1,10,9
8,8,0
3,5,2
2,2,0
3,3,0
0,0,0
0,0,0
2,2,0
3,3,0
3,24,21
3,3,0
3,3,0
2,4,2
2,4,2
2,4,2
2,5,3
2,4,2
2,6,4
2,4,2
3,5,2
2,2,0
4,4,0
1,4,3
3,3,0
57,57,0
10,10,0
8,8,0
1,3,2
0,0,0
100,104,4
3,9,6
2,5,3
250,330,80
2,24,22
10,31,21
2,2,0
2,2,0
2,6,4
4,4,0
8,8,0
3,3,0
7,103,96
3,3,0
3,3,0
11,11,0
54,54,0
10,19,9
10,10,0
3,15,12
3,3,0
2,2,0
1,1,0
1,6,5
3,13,10
8,8,0
3,27,24
3,3,0
2,2,0
2,16,14
3,6,3
1,1,0
2,6,4
1,9,8
2,2,0
2,2,0
2,2,0
1,198,197
2,2,0
3,3,0
11,11,0
2,2,0
6,6,0
2,2,0
66,122,56
9,9,0
2,2,0
3,5,2
3,14,11
2,2,0
2,2,0
3,3,0
2,2,0
2,2,0
15,15,0
3,5,2
3,9,6
8,9,1
2,2,0
3,3,0
2,2,0
2,2,0
2,2,0
3,3,0
1,28,27
2,2,0
2,2,0
2,6,4
2,4,2
3,3,0
2,2,0
3,5,2
3,7,4
8,16,8
2,4,2
2,6,4
3,7,4
2,2,0
2,2,0
3,3,0
3,3,0
2,4,2
3,3,0
3,3,0
3,5,2
2,2,0
60,81,21
3,3,0
2,15,13
6,6,0
99,99,0
2,2,0
1,2,1
8,8,0
0,0,0
2,2,0
3,7,4
2,4,2
3,9,6
3,3,0
100,277,177
2,2,0
3,11,8
3,3,0
1,1,0
1,1,0
9,9,0
3,3,0
2,2,0
3,3,0
3,3,0
2,5,3
3,3,0
3,3,0
2,9,7
22,70,48
2,2,0
3,3,0
2,2,0
0,0,0
8,8,0
36,38,2
4,6,2
3,3,0
2,19,17
95,95,0
2,2,0
2,4,2
3,3,0
2,2,0
2,2,0
2,2,0
4,53,49
1,1,0
2,2,0
3,5,2
9,9,0
1,1,0
3,5,2
21,21,0
3,4,1
8,8,0
3,5,2
3,9,6
3,3,0
1,1,0
2,2,0
2,2,0
1,1,0
5,5,0
3,13,10
3,9,6
2,2,0
3,14,11
2,2,0
3,3,0
2,2,0
2,2,0
2,2,0
2,2,0
3,5,2
3,7,4
2,2,0
8,8,0
2,2,0
2,7,5
3,5,2
3,8,5
3,3,0
2,2,0
0,0,0
7,33,26
81,207,126
9,9,0
3,3,0
7,7,0
3,5,2
62,62,0
0,0,0
2,27,25
3,12,9
3,41,38
3,3,0
2,2,0
3,5,2
8,8,0
3,6,3
2,2,0
2,2,0
2,4,2
3,3,0
3,7,4
2,2,0
2,2,0
2,2,0
8,8,0
3,5,2
2,4,2
3,3,0
2,5,3
2,2,0
3,5,2
2,16,14
3,23,20
2,2,0
3,11,8
0,0,0
2,2,0
2,2,0
2,2,0
2,4,2
1,22,21
2,2,0
2,2,0
6,6,0
2,2,0
9,9,0
3,8,5
3,3,0
35,35,0
3,3,0
3,6,3
2,2,0
2,2,0
2,5,3
2,2,0
2,13,11
3,5,2
2,2,0
1,2,1
2,6,4
2,2,0
0,0,0
3,5,2
3,3,0
2,6,4
2,2,0
8,8,0
2,2,0
2,2,0
3,3,0
8,8,0
3,13,10
2,2,0
2,2,0
2,8,6
100,100,0
2,2,0
6,6,0
2,4,2
3,3,0
2,2,0
2,2,0
1,2,1
17,17,0
3,3,0
2,2,0
2,2,0
3,3,0
19,19,0
3,3,0
3,5,2
9,9,0
3,3,0
2,12,10
2,2,0
3,3,0
2,2,0
2,17,15
8,8,0
12,14,2
3,15,12
2,2,0
5,5,0
3,4,1
2,4,2
2,4,2
2,5,3
3,14,11
3,5,2
14,14,0
2,2,0
6,7,1
100,104,4
3,9,6
78,78,0
3,7,4
2,2,0
3,3,0
1,3,2
2,10,8
2,2,0
2,4,2
2,2,0
2,2,0
2,2,0
3,3,0
2,2,0
3,3,0
2,10,8
2,2,0
2,5,3
2,2,0
2,2,0
2,2,0
3,7,4
1,26,25
2,2,0
2,10,8
3,3,0
3,3,0
3,3,0
2,2,0
2,2,0
2,2,0
2,2,0
6,6,0
2,3,1
2,2,0
2,2,0
3,3,0
2,2,0
3,7,4
10,10,0
2,2,0
2,2,0
3,5,2
2,2,0
3,5,2
3,3,0
3,3,0
3,3,0
2,2,0
9,9,0
156,156,0
2,2,0
8,8,0
2,2,0
4,4,0
2,2,0
3,3,0
8,8,0
29,29,0
2,2,0
2,2,0
2,3,1
3,5,2
10,10,0
3,17,14
2,80,78
2,2,0
3,3,0
2,2,0
3,5,2
2,2,0
2,42,40
2,2,0
2,2,0
2,3,1
2,2,0
2,2,0
2,2,0
2,3,1
1,3,2
3,3,0
2,3,1
5,5,0
2,2,0
2,2,0
3,11,8
2,3,1
8,8,0
2,3,1
2,12,10
3,9,6
2,2,0
2,2,0
2,2,0
2,2,0
8,8,0
3,3,0
3,5,2
2,3,1
1,3,2
3,3,0
2,2,0
2,2,0
2,2,0
2,2,0
49,49,0
2,2,0
2,2,0
3,3,0
1,27,26
5,5,0
1,1,0
3,6,3
6,6,0
3,5,2
1,2,1
3,11,8
2,5,3
2,4,2
12,12,0
2,5,3
2,4,2
2,2,0
3,3,0
1,2,1
0,0,0
2,7,5
2,4,2
4,4,0
3,5,2
2,2,0
2,2,0
8,10,2
2,4,2
2,2,0
0,0,0
8,8,0
1,4,3
2,2,0
3,3,0
2,2,0
2,2,0
2,2,0
30,32,2
6,6,0
3,3,0
1,1,0
2,2,0
1,2,1
2,2,0
2,2,0
1,1,0
3,3,0
1,1,0
3,3,0
3,8,5
1,2,1
3,5,2
2,4,2
2,2,0
2,2,0
2,2,0
2,2,0
3,3,0
85,85,0
2,4,2
3,25,22
0,0,0
2,2,0
3,3,0
5,5,0
1,8,7
1,5,4
2,2,0
2,2,0
3,6,3
6,6,0
12,12,0
2,9,7
0,0,0
2,2,0
2,4,2
1,2,1
2,4,2
2,11,9
3,4,1
6,12,6
2,2,0
4,15,11
3,3,0
2,2,0
1,7,6
3,7,4
3,3,0
3,7,4
2,2,0
3,13,10
2,6,4
2,6,4
4,4,0
2,2,0
4,4,0
2,2,0
2,4,2
2,2,0
3,3,0
2,2,0
1,1,0
1,2,1
2,2,0
3,7,4
24,25,1
2,2,0
2,2,0
2,2,0
15,15,0
2,2,0
2,2,0
2,2,0
12,14,2
2,5,3
3,6,3
1,1,0
2,2,0
2,2,0
2,4,2
3,8,5
3,3,0
2,6,4
2,2,0
3,5,2
3,3,0
8,8,0
3,3,0
1,1,0
2,2,0
0,0,0
2,6,4
3,5,2
57,153,96
2,2,0
3,21,18
2,80,78
1,2,1
3,3,0
2,2,0
2,32,30
2,2,0
0,0,0
2,2,0
3,7,4
2,4,2
2,2,0
3,11,8
2,2,0
2,2,0
2,2,0
3,3,0
4,4,0
3,3,0
2,2,0
2,2,0
2,2,0
3,3,0
3,3,0
2,4,2
0,0,0
2,2,0
6,10,4
0,0,0
11,12,1
3,3,0
39,49,10
2,2,0
2,2,0
2,20,18
2,5,3
2,2,0
2,2,0
2,2,0
2,2,0
1,1,0
3,8,5
5,6,1
2,27,25
0,0,0
3,3,0
3,7,4
2,2,0
2,2,0
2,2,0
1,1,0
2,5,3
27,41,14
3,9,6
3,3,0
2,2,0
3,3,0
1,2,1
4,4,0
3,6,3
2,2,0
3,3,0
1,1,0
2,6,4
1,1,0
4,4,0
2,4,2
2,2,0
3,5,2
2,2,0
2,2,0
2,2,0
2,2,0
2,2,0
2,2,0
3,3,0
3,3,0
2,4,2
3,3,0
2,2,0
2,2,0
3,5,2
3,3,0
5,5,0
2,2,0
2,2,0
3,3,0
3,3,0
0,0,0
2,2,0
2,3,1
3,12,9
3,7,4
2,2,0
2,6,4
1,1,0
2,2,0
10,23,13
3,22,19
2,4,2
6,11,5
3,3,0
3,5,2
2,6,4
1,1,0
2,2,0
3,3,0
4,23,19
3,6,3
2,6,4
2,2,0
2,2,0
2,2,0
15,17,2
10,16,6
3,3,0
3,3,0
3,3,0
9,9,0
3,3,0
4,4,0
2,6,4
3,3,0
3,6,3
2,8,6
56,56,0
3,5,2
2,2,0
1,27,26
6,6,0
1,1,0
3,5,2
3,3,0
3,5,2
2,2,0
4,4,0
1,5,4
2,2,0
3,3,0
2,2,0
2,4,2
2,2,0
8,8,0
2,76,74
3,5,2
2,47,45
2,2,0
72,127,55
3,4,1
0,0,0
3,3,0
3,5,2
0,0,0
2,2,0
9,12,3
2,2,0
3,3,0
2,2,0
30,30,0
2,2,0
3,5,2
8,8,0
0,0,0
2,2,0
3,3,0
1,3,2
2,2,0
2,2,0
2,2,0
0,0,0
2,2,0
42,42,0
4,4,0
8,8,0
2,4,2
3,4,1
3,3,0
2,2,0
2,2,0
2,4,2
2,2,0
2,76,74
2,2,0
3,11,8
0,0,0
4,4,0
2,2,0
3,3,0
1,2,1
3,6,3
3,6,3
3,5,2
2,16,14
2,2,0
3,3,0
2,2,0
0,0,0
4,4,0
3,33,30
3,5,2
2,2,0
2,2,0
2,2,0
3,3,0
2,2,0
2,4,2
3,11,8
2,2,0
100,142,42
1,1,0
3,3,0
2,2,0
1,23,22
2,2,0
2,2,0
2,2,0
3,3,0
3,4,1
2,2,0
2,27,25
11,11,0
0,0,0
2,2,0
3,3,0
2,2,0
2,2,0
1,3,2
1,2,1
2,2,0
3,3,0
3,8,5
13,13,0
5,6,1
1,2,1
4,15,11
2,2,0
2,2,0
2,2,0
2,4,2
2,2,0
2,2,0
2,2,0
2,101,99
2,2,0
32,67,35
3,12,9
2,2,0
2,2,0
3,3,0
18,18,0
24,24,0
8,8,0
2,2,0
8,8,0
2,2,0
2,2,0
1,24,23
1,73,72
2,4,2
0,0,0
0,0,0
3,3,0
2,9,7
1,1,0
3,3,0
2,2,0
3,7,4
9,9,0
1,4,3
22,22,0
6,7,1
2,2,0
2,4,2
3,5,2
2,10,8
3,3,0
2,2,0
2,2,0
3,3,0
2,2,0
3,6,3
3,3,0
2,15,13
2,4,2
9,9,0
3,3,0
3,13,10
2,2,0
3,20,17
3,3,0
1,1,0
2,2,0
2,2,0
1,2,1
3,7,4
7,11,4
1,1,0
2,6,4
9,313,304
1,5,4
2,2,0
3,3,0
2,2,0
3,3,0
2,6,4
2,2,0
2,2,0
20,20,0
2,12,10
3,6,3
2,10,8
3,3,0
1,1,0
4,4,0
14,14,0
2,2,0
2,9,7
20,20,0
3,3,0
3,5,2
0,0,0
2,2,0
2,4,2
9,9,0
3,5,2
3,5,2
2,2,0
3,5,2
3,8,5
2,3,1
2,6,4
4,4,0
2,2,0
2,4,2
2,2,0
51,53,2
2,2,0
3,3,0
2,2,0
8,8,0
0,0,0
2,2,0
22,22,0
3,5,2
2,2,0
2,2,0
2,3,1
28,30,2
2,19,17
5,6,1
1,24,23
2,8,6
32,66,34
1,4,3
1,6,5
3,5,2
3,5,2
3,3,0
1,4,3
6,6,0
3,3,0
5,19,14
3,3,0
3,3,0
2,3,1
2,2,0
3,11,8
3,70,67
2,2,0
2,3,1
2,2,0
2,29,27
0,0,0
2,2,0
3,14,11
1,1,0
10,10,0
2,4,2
3,3,0
21,26,5
2,28,26
2,2,0
1,1,0
2,2,0
2,2,0
2,2,0
2,2,0
3,5,2
3,5,2
4,5,1
2,2,0
2,2,0
3,3,0
2,2,0
2,4,2
1,1,0
2,2,0
65,67,2
3,3,0
2,2,0
2,2,0
9,9,0
3,3,0
20,20,0
3,3,0
2,2,0
17,17,0
2,3,1
13,13,0
3,3,0
1,2,1
3,3,0
2,4,2
3,7,4
2,3,1
2,2,0
2,4,2
6,7,1
10,21,11
10,22,12
2,2,0
2,2,0
3,5,2
1,1,0
4,4,0
2,2,0
1,1,0
2,4,2
2,2,0
10,10,0
2,2,0
3,10,7
2,2,0
8,8,0
1,2,1
4,4,0
2,2,0
3,9,6
0,0,0
1,1,0
3,3,0
2,2,0
0,0,0
2,2,0
261,262,1
0,0,0
0,0,0
89,89,0
2,15,13
2,4,2
2,2,0
3,3,0
2,2,0
2,3,1
1,1,0
1,1,0
3,3,0
3,5,2
2,2,0
2,2,0
2,2,0
2,2,0
2,2,0
2,9,7
3,12,9
3,16,13
3,3,0
2,2,0
2,2,0
2,2,0
1,27,26
2,13,11
59,59,0
33,37,4
13,13,0
1,1,0
4,4,0
1,2,1
2,2,0
3,3,0
0,0,0
2,2,0
3,3,0
7,24,17
3,5,2
2,2,0
2,80,78
3,5,2
3,3,0
3,3,0
2,8,6
2,2,0
2,2,0
2,2,0
3,6,3
2,2,0
2,2,0
2,3,1
1,4,3
4,5,1
2,5,3
2,6,4
2,2,0
1,1,0
2,2,0
6,10,4
0,0,0
2,18,16
3,5,2
3,3,0
0,0,0
2,2,0
3,91,88
2,14,12
2,4,2
3,9,6
3,7,4
3,8,5
1,2,1
3,7,4
0,0,0
0,0,0
2,23,21
2,2,0
2,2,0
3,14,11
6,19,13
1,27,26
2,3,1
2,2,0
1,11,10
2,2,0
1,2,1
9,9,0
1,2,1
5,5,0
2,4,2
3,9,6
2,2,0
3,3,0
3,3,0
2,2,0
3,3,0
99,99,0
2,2,0
3,4,1
2,47,45
2,2,0
2,2,0
3,5,2
6,6,0
3,3,0
0,0,0
2,4,2
1,1,0
3,3,0
2,2,0
2,82,80
4,4,0
1,4,3
11,11,0
3,5,2
1,1,0
4,4,0
1,3,2
3,3,0
0,0,0
68,68,0
2,4,2
3,3,0
9,9,0
8,8,0
2,2,0
1,1,0
3,3,0
5,5,0
2,2,0
3,15,12
3,3,0
3,4,1
3,32,29
3,3,0
2,2,0
2,3,1
2,10,8
4,4,0
2,2,0
1,5,4
4,73,69
2,6,4
3,3,0
2,2,0
2,2,0
3,5,2
2,2,0
2,4,2
3,3,0
1,1,0
2,2,0
2,2,0
2,2,0
5,5,0
2,2,0
7,7,0
3,3,0
2,2,0
25,36,11
3,3,0
38,38,0
93,93,0
2,2,0
2,2,0
2,3,1
2,2,0
3,4,1
2,2,0
3,3,0
1,1,0
2,2,0
2,2,0
2,2,0
2,2,0
1,1,0
2,2,0
3,3,0
2,3,1
2,2,0
2,2,0
2,2,0
3,4,1
3,5,2
14,14,0
2,4,2
8,8,0
2,2,0
2,2,0
1,3,2
3,3,0
2,2,0
2,2,0
0,0,0
4,8,4
3,3,0
2,3,1
2,2,0
2,2,0
2,2,0
5,5,0
1,1,0
2,4,2
33,55,22
2,99,97
2,2,0
3,3,0
2,2,0
1,1,0
2,2,0
3,3,0
3,3,0
2,2,0
2,2,0
3,3,0
3,13,10
3,3,0
2,3,1
6,192,186
3,5,2
2,4,2
8,8,0
3,4,1
1,6,5
2,2,0
2,2,0
3,3,0
3,7,4
2,2,0
10,10,0
3,3,0
2,2,0
2,2,0
9,9,0
2,4,2
1,6,5
2,2,0
1,1,0
2,8,6
2,2,0
11,11,0
2,8,6
2,5,3
2,2,0
2,2,0
2,6,4
3,3,0
3,3,0
2,2,0
2,2,0
3,17,14
3,7,4
3,9,6
2,2,0
20,20,0
3,3,0
3,9,6
2,5,3
2,3,1
5,114,109
3,5,2
3,3,0
29,29,0
2,3,1
8,8,0
2,2,0
3,7,4
2,2,0
2,2,0
2,2,0
7,34,27
9,9,0
3,5,2
11,11,0
2,3,1
2,2,0
3,7,4
3,3,0
9,9,0
3,3,0
2,2,0
3,3,0
14,14,0
3,3,0
3,3,0
2,11,9
3,4,1
2,2,0
3,3,0
3,3,0
3,22,19
2,2,0
2,11,9
2,2,0
3,5,2
2,2,0
2,2,0
2,11,9
2,2,0
2,2,0
2,2,0
24,24,0
2,2,0
1,1,0
56,56,0
8,8,0
2,6,4
2,2,0
2,2,0
3,5,2
2,2,0
2,5,3
2,2,0
2,5,3
2,2,0
3,3,0
1,8,7
2,2,0
3,5,2
2,2,0
3,11,8
14,14,0
6,6,0
4,4,0
0,0,0
2,2,0
3,8,5
2,2,0
21,21,0
2,2,0
3,3,0
2,2,0
4,4,0
3,8,5
3,3,0
2,2,0
3,7,4
2,2,0
2,2,0
1,5,4
2,2,0
2,2,0
3,7,4
3,3,0
2,2,0
4,12,8
2,4,2
3,3,0
2,2,0
3,3,0
2,2,0
2,2,0
2,2,0
0,0,0
2,2,0
3,3,0
2,2,0
2,6,4
8,8,0
2,2,0
6,6,0
0,0,0
2,2,0
3,3,0
3,3,0
8,8,0
8,8,0
15,15,0
2,2,0
3,7,4
2,72,70
2,4,2
4,6,2
2,3,1
3,15,12
2,2,0
3,5,2
1,1,0
3,3,0
2,2,0
2,4,2
2,2,0
2,2,0
2,2,0
7,7,0
1,2,1
2,4,2
2,2,0
2,3,1
2,4,2
100,100,0
3,25,22
2,2,0
8,8,0
1,2,1
8,9,1
2,4,2
2,17,15
2,2,0
24,28,4
9,9,0
1,2,1
46,46,0
2,2,0
1,2,1
3,4,1
2,17,15
29,31,2
2,6,4
1,1,0
192,192,0
1,1,0
2,2,0
3,3,0
48,48,0
2,16,14
4,4,0
2,4,2
23,23,0
1,2,1
8,8,0
3,3,0
3,3,0
2,2,0
2,2,0
2,4,2
1,1,0
3,9,6
3,4,1
3,3,0
2,2,0
2,2,0
1,2,1
2,4,2
2,2,0
3,3,0
3,3,0
0,0,0
2,2,0
2,2,0
2,2,0
2,2,0
9,9,0
2,2,0
2,2,0
2,2,0
3,3,0
2,2,0
6,6,0
2,2,0
1,2,1
22,22,0
2,2,0
2,4,2
3,3,0
20,20,0
3,5,2
3,3,0
1,1,0
2,2,0
2,2,0
1,2,1
2,2,0
3,3,0
2,2,0
2,4,2
2,2,0
2,2,0
3,3,0
2,13,11
1,6,5
1,2,1
2,2,0
3,5,2
3,3,0
2,2,0
3,5,2
1,1,0
8,8,0
5,5,0
2,2,0
4,4,0
2,2,0
2,2,0
2,2,0
2,2,0
1,22,21
3,3,0
3,7,4
2,8,6
0,0,0
8,10,2
2,4,2
8,8,0
2,2,0
18,21,3
2,2,0
2,61,59
1,3,2
1,1,0
2,6,4
2,2,0
9,9,0
3,5,2
2,2,0
2,9,7
20,20,0
3,5,2
3,3,0
1,2,1
2,2,0
2,2,0
3,3,0
24,24,0
14,14,0
2,2,0
8,8,0
2,4,2
2,2,0
9,9,0
2,2,0
8,8,0
2,2,0
3,74,71
2,2,0
1,1,0
2,2,0
90,90,0
2,2,0
1,21,20
2,13,11
2,2,0
5,5,0
2,5,3
2,2,0
3,6,3
3,9,6
2,2,0
2,2,0
2,4,2
2,2,0
2,2,0
2,80,78
2,2,0
2,2,0
2,4,2
2,2,0
9,9,0
2,2,0
2,3,1
2,2,0
1,2,1
2,2,0
2,2,0
5,5,0
2,12,10
1,23,22
2,2,0
2,2,0
0,0,0
0,0,0
3,3,0
5,5,0
2,2,0
3,13,10
2,2,0
3,5,2
1,1,0
2,2,0
2,2,0
2,6,4
9,9,0
1,4,3
2,2,0
3,3,0
2,2,0
2,2,0
3,11,8
3,5,2
1,2,1
3,6,3
2,2,0
3,3,0
2,2,0
2,2,0
3,7,4
2,4,2
25,25,0
2,2,0
3,11,8
20,27,7
2,3,1
2,2,0
2,2,0
2,2,0
3,3,0
3,3,0
2,2,0
2,2,0
2,2,0
3,7,4
9,9,0
3,5,2
2,2,0
3,6,3
3,3,0
3,7,4
3,14,11
2,2,0
2,14,12
2,4,2
2,2,0
0,0,0
2,2,0
1,2,1
6,6,0
2,2,0
2,2,0
2,2,0
0,0,0
2,2,0
3,5,2
3,4,1
2,6,4
3,6,3
2,2,0
1,1,0
2,3,1
1,2,1
8,8,0
2,2,0
3,3,0
3,5,2
3,8,5
3,3,0
2,2,0
9,9,0
2,2,0
6,6,0
0,0,0
2,5,3
3,3,0
1,4,3
2,2,0
3,3,0
5,5,0
2,2,0
2,14,12
3,3,0
2,2,0
3,7,4
2,7,5
2,2,0
3,7,4
1,2,1
3,3,0
2,2,0
2,2,0
2,2,0
3,3,0
2,2,0
0,0,0
2,3,1
2,2,0
3,5,2
2,2,0
3,3,0
2,10,8
3,4,1
3,3,0
9,9,0
9,15,6
2,2,0
2,6,4
0,0,0
2,4,2
2,2,0
2,4,2
2,4,2
2,2,0
3,3,0
5,5,0
0,0,0
5,5,0
2,8,6
60,60,0
3,3,0
8,8,0
3,5,2
2,2,0
3,5,2
1,6,5
2,2,0
2,2,0
2,2,0
2,2,0
2,2,0
3,4,1
3,6,3
2,2,0
2,12,10
8,8,0
2,2,0
3,3,0
13,18,5
2,2,0
2,3,1
42,109,67
2,2,0
5,5,0
3,3,0
2,2,0
2,2,0
2,2,0
6,6,0
6,6,0
2,2,0
3,3,0
2,2,0
2,2,0
2,2,0
39,71,32
3,3,0
3,3,0
3,3,0
2,2,0
3,5,2
8,8,0
2,14,12
3,9,6
0,0,0
8,8,0
1,2,1
11,11,0
3,3,0
23,25,2
2,21,19
2,2,0
3,3,0
2,4,2
3,5,2
2,2,0
3,9,6
11,11,0
1,1,0
3,3,0
22,23,1
3,5,2
9,9,0
2,2,0
4,4,0
2,2,0
1,2,1
2,2,0
2,2,0
2,3,1
3,3,0
3,27,24
10,10,0
48,50,2
2,2,0
51,51,0
3,10,7
2,2,0
24,24,0
2,3,1
2,4,2
3,3,0
2,2,0
3,3,0
2,2,0
7,7,0
2,4,2
2,8,6
4,4,0
4,4,0
3,5,2
2,2,0
2,6,4
2,2,0
3,11,8
2,2,0
11,11,0
3,3,0
3,3,0
3,16,13
10,14,4
3,3,0
0,0,0
6,40,34
2,2,0
2,2,0
2,2,0
3,3,0
6,6,0
2,4,2
3,3,0
5,5,0
1,2,1
3,3,0
2,2,0
2,114,112
1,2,1
2,2,0
11,11,0
2,4,2
3,16,13
1,26,25
2,2,0
2,9,7
3,4,1
3,11,8
2,2,0
9,12,3
4,4,0
2,4,2
2,2,0
0,0,0
2,9,7
2,2,0
11,11,0
3,3,0
8,8,0
3,3,0
2,2,0
9,9,0
2,8,6
2,2,0
3,7,4
2,2,0
3,5,2
3,6,3
2,2,0
0,0,0
3,3,0
8,8,0
109,109,0
0,0,0
2,9,7
2,2,0
31,37,6
2,2,0
2,2,0
3,5,2
23,23,0
2,2,0
2,2,0
2,4,2
0,0,0
2,2,0
2,2,0
3,4,1
11,13,2
3,3,0
3,3,0
2,2,0
2,2,0
2,2,0
0,0,0
2,2,0
2,7,5
3,3,0
2,2,0
9,9,0
2,2,0
2,2,0
3,3,0
3,5,2
6,9,3
2,2,0
2,2,0
3,7,4
3,11,8
2,2,0
3,5,2
4,4,0
2,4,2
2,4,2
2,47,45
3,4,1
6,6,0
2,2,0
1,2,1
3,5,2
3,6,3
1,1,0
3,7,4
3,3,0
2,2,0
1,1,0
2,2,0
9,9,0
2,93,91
2,7,5
3,3,0
2,2,0
2,2,0
3,5,2
2,5,3
2,2,0
2,2,0
1,1,0
2,2,0
2,43,41
11,11,0
2,3,1
3,3,0
10,11,1
15,17,2
2,2,0
3,24,21
2,2,0
2,4,2
1,2,1
3,3,0
86,86,0
3,5,2
2,2,0
2,37,35
3,3,0
2,2,0
3,3,0
1,1,0
3,3,0
2,4,2
2,2,0
2,2,0
1,2,1
4,4,0
2,2,0
4,4,0
9,26,17
2,2,0
52,52,0
8,8,0
2,2,0
3,3,0
6,6,0
2,4,2
2,2,0
3,10,7
3,3,0
3,9,6
406,417,11
2,2,0
5,8,3
2,2,0
0,0,0
1,2,1
2,2,0
2,2,0
2,2,0
2,2,0
2,7,5
2,2,0
2,2,0
7,7,0
3,4,1
8,8,0
6,6,0
2,2,0
3,6,3
1,2,1
3,5,2
5,17,12
5,55,50
11,11,0
2,2,0
10,10,0
3,10,7
2,2,0
2,2,0
3,3,0
2,2,0
3,5,2
2,2,0
2,11,9
2,6,4
3,3,0
3,4,1
1,5,4
2,2,0
2,2,0
0,0,0
2,6,4
3,3,0
2,2,0
2,2,0
3,3,0
3,3,0
2,4,2
2,2,0
2,2,0
3,7,4
2,2,0
2,2,0
43,43,0
3,3,0
1,2,1
3,3,0
3,3,0
2,2,0
1,1,0
2,2,0
22,61,39
0,0,0
2,2,0
3,7,4
3,3,0
2,7,5
2,2,0
3,7,4
2,2,0
1,1,0
2,2,0
3,3,0
8,8,0
3,5,2
2,4,2
2,2,0
1,1,0
14,27,13
43,45,2
2,2,0
3,3,0
3,5,2
2,7,5
1,2,1
2,2,0
104,128,24
3,3,0
3,3,0
2,2,0
2,2,0
2,2,0
10,10,0
2,2,0
3,8,5
2,4,2
2,23,21
3,5,2
2,2,0
2,6,4
2,2,0
100,200,100
3,3,0
3,3,0
3,3,0
2,2,0
3,14,11
2,2,0
3,5,2
3,3,0
3,5,2
2,2,0
2,2,0
2,6,4
2,2,0
1,2,1
3,3,0
26,31,5
2,2,0
3,3,0
1,1,0
3,3,0
2,15,13
2,2,0
2,2,0
3,3,0
2,2,0
2,2,0
2,2,0
1,2,1
6,6,0
3,3,0
3,5,2
2,2,0
2,2,0
2,4,2
2,2,0
2,2,0
2,2,0
2,2,0
2,2,0
2,2,0
1,1,0
1,1,0
2,4,2
1,25,24
2,2,0
9,9,0
2,2,0
23,23,0
3,7,4
2,72,70
3,13,10
2,2,0
9,9,0
3,5,2
4,7,3
1,3,2
3,7,4
2,2,0
3,3,0
2,4,2
10,12,2
2,2,0
2,2,0
10,10,0
56,56,0
58,58,0
0,0,0
2,3,1
2,2,0
3,3,0
2,2,0
2,4,2
1,25,24
2,2,0
3,5,2
0,0,0
2,2,0
2,2,0
3,3,0
2,2,0
5,8,3
2,14,12
2,2,0
2,2,0
0,0,0
2,2,0
2,4,2
2,4,2
3,3,0
2,3,1
5,5,0
2,2,0
2,2,0
2,2,0
8,8,0
2,2,0
20,20,0
2,3,1
2,2,0
13,13,0
2,2,0
10,10,0
0,0,0
8,8,0
2,2,0
2,3,1
11,54,43
1,2,1
2,2,0
3,3,0
4,4,0
2,2,0
2,2,0
2,2,0
22,22,0
3,5,2
2,2,0
1,2,1
2,4,2
1,1,0
3,15,12
3,5,2
2,2,0
3,3,0
2,3,1
2,4,2
3,3,0
3,12,9
2,2,0
2,2,0
0,0,0
3,3,0
1,6,5
2,2,0
3,5,2
2,2,0
0,0,0
2,2,0
2,2,0
1,1,0
2,3,1
3,8,5
2,2,0
2,2,0
2,7,5
6,6,0
60,61,1
4,4,0
2,2,0
2,5,3
0,0,0
2,4,2
1,2,1
1,53,52
0,0,0
8,11,3
2,4,2
2,16,14
2,5,3
2,4,2
2,2,0
2,2,0
100,100,0
4,14,10
3,7,4
8,8,0
1,7,6
2,2,0
2,2,0
48,53,5
2,2,0
2,2,0
3,3,0
2,8,6
2,5,3
2,2,0
3,3,0
3,5,2
2,2,0
2,2,0
2,2,0
3,3,0
8,8,0
2,4,2
2,2,0
0,0,0
2,2,0
2,2,0
1,1,0
2,2,0
150,150,0
0,0,0
2,2,0
2,2,0
2,4,2
2,2,0
2,2,0
3,3,0
2,2,0
3,3,0
105,326,221
3,7,4
2,2,0
2,2,0
2,6,4
12,12,0
2,5,3
85,85,0
2,4,2
2,2,0
2,2,0
120,120,0
10,10,0
3,3,0
28,28,0
2,3,1
2,2,0
11,12,1
2,2,0
2,2,0
3,3,0
3,5,2
2,3,1
1,2,1
2,3,1
2,2,0
3,7,4
4,8,4
1,1,0
0,0,0
2,2,0
17,17,0
0,0,0
1,14,13
0,0,0
2,4,2
3,24,21
3,4,1
4,4,0
2,5,3
10,10,0
12,12,0
39,39,0
3,3,0
58,59,1
2,2,0
3,3,0
2,4,2
1,3,2
10,10,0
9,9,0
3,7,4
3,3,0
2,2,0
2,2,0
3,3,0
2,2,0
2,2,0
1,2,1
1,44,43
1,2,1
2,8,6
3,7,4
3,8,5
0,0,0
2,2,0
8,8,0
3,5,2
22,22,0
7,7,0
3,4,1
3,5,2
2,2,0
2,2,0
3,8,5
3,4,1
2,2,0
6,13,7
2,2,0
3,5,2
2,2,0
3,3,0
12,12,0
2,2,0
10,10,0
2,2,0
2,2,0
2,2,0
0,0,0
2,2,0
2,2,0
2,5,3
3,7,4
2,13,11
2,2,0
88,88,0
1,3,2
2,5,3
2,7,5
3,9,6
3,3,0
6,6,0
3,3,0
2,2,0
2,2,0
0,0,0
3,3,0
11,11,0
2,2,0
21,40,19
2,2,0
2,2,0
3,9,6
95,95,0
2,4,2
2,2,0
1,2,1
2,2,0
1,6,5
2,2,0
2,2,0
8,8,0
2,2,0
1,1,0
2,2,0
1,6,5
3,3,0
3,5,2
1,3,2
3,9,6
3,3,0
2,4,2
0,0,0
2,2,0
102,102,0
3,5,2
2,2,0
89,135,46
1,28,27
3,3,0
2,2,0
2,2,0
2,3,1
3,5,2
2,2,0
1,12,11
2,2,0
2,8,6
8,8,0
2,2,0
3,5,2
6,34,28
2,2,0
2,2,0
2,2,0
2,2,0
2,2,0
2,2,0
3,3,0
2,4,2
3,3,0
2,5,3
1,1,0
2,2,0
3,5,2
2,4,2
3,3,0
2,3,1
2,2,0
3,3,0
1,1,0
3,5,2
3,3,0
3,5,2
3,6,3
2,2,0
3,11,8
1,25,24
3,3,0
2,2,0
5,5,0
2,2,0
2,8,6
2,13,11
4,4,0
3,3,0
2,2,0
3,3,0
2,7,5
3,3,0
10,10,0
3,13,10
3,5,2
2,2,0
3,3,0
1,30,29
3,3,0
1,1,0
2,2,0
3,3,0
3,3,0
3,3,0
2,2,0
2,2,0
1,2,1
2,10,8
0,0,0
3,3,0
2,2,0
5,6,1
2,2,0
1,2,1
2,4,2
2,2,0
2,2,0
0,0,0
2,2,0
3,3,0
2,2,0
2,4,2
2,2,0
2,2,0
2,5,3
1,8,7
3,3,0
9,9,0
20,20,0
2,2,0
2,2,0
2,2,0
3,3,0
3,4,1
3,4,1
2,27,25
4,4,0
2,2,0
2,2,0
1,29,28
3,5,2
2,2,0
4,14,10
39,148,109
1,2,1
10,10,0
2,4,2
2,2,0
2,4,2
3,3,0
3,3,0
5,5,0
4,22,18
2,2,0
2,3,1
2,2,0
6,6,0
2,2,0
2,2,0
2,4,2
3,14,11
3,3,0
3,81,78
3,3,0
1,2,1
2,2,0
0,0,0
8,11,3
6,6,0
2,2,0
2,2,0
3,3,0
2,2,0
2,2,0
2,2,0
4,4,0
9,9,0
2,2,0
2,2,0
2,3,1
3,5,2
2,2,0
2,5,3
3,5,2
3,3,0
2,2,0
2,4,2
2,7,5
1,2,1
1,3,2
3,3,0
3,3,0
2,8,6
8,8,0
1,2,1
0,0,0
2,2,0
1,1,0
2,2,0
3,5,2
2,2,0
1,3,2
2,2,0
0,0,0
2,2,0
9,9,0
0,0,0
2,2,0
3,3,0
3,6,3
2,2,0
5,5,0
3,3,0
1,3,2
49,49,0
3,3,0
0,0,0
2,2,0
18,18,0
5,5,0
51,65,14
3,3,0
3,3,0
2,27,25
2,4,2
2,2,0
3,4,1
4,4,0
2,2,0
2,2,0
2,2,0
3,3,0
3,3,0
2,2,0
3,11,8
2,2,0
3,3,0
19,19,0
4,4,0
9,9,0
3,3,0
2,2,0
192,192,0
2,2,0
3,7,4
3,3,0
2,2,0
2,2,0
2,2,0
3,3,0
27,30,3
2,2,0
1,3,2
62,62,0
2,4,2
2,14,12
2,2,0
3,3,0
2,2,0
2,2,0
6,22,16
2,8,6
2,2,0
3,6,3
1,1,0
2,5,3
2,2,0
2,6,4
3,3,0
10,12,2
0,0,0
2,2,0
2,2,0
10,10,0
3,11,8
0,0,0
2,2,0
2,2,0
2,2,0
2,2,0
9,9,0
2,67,65
2,2,0
2,4,2
2,2,0
3,3,0
3,3,0
20,20,0
2,2,0
13,13,0
1,2,1
4,4,0
2,4,2
3,10,7
2,2,0
2,2,0
3,3,0
2,8,6
2,3,1
2,2,0
2,2,0
6,6,0
3,3,0
1,12,11
2,2,0
51,74,23
3,3,0
2,2,0
51,51,0
8,8,0
3,7,4
1,4,3
3,3,0
2,2,0
4,6,2
0,0,0
2,2,0
2,4,2
1,2,1
0,0,0
1,1,0
3,4,1
1,2,1
3,10,7
2,5,3
2,10,8
1,2,1
2,2,0
2,4,2
1,1,0
3,3,0
2,2,0
2,2,0
9,9,0
2,2,0
2,2,0
4,4,0
0,0,0
3,3,0
2,2,0
2,2,0
2,2,0
2,2,0
12,12,0
9,10,1
0,0,0
4,4,0
2,2,0
2,2,0
1,1,0
3,7,4
15,21,6
2,2,0
3,28,25
2,8,6
3,3,0
2,2,0
3,7,4
2,2,0
4,4,0
3,3,0
8,8,0
0,0,0
2,2,0
2,2,0
3,3,0
83,83,0
2,2,0
67,68,1
1,21,20
0,0,0
2,2,0
2,2,0
4,8,4
1,28,27
2,4,2
3,3,0
0,0,0
2,2,0
2,2,0
3,3,0
8,8,0
2,2,0
64,64,0
2,4,2
2,7,5
2,2,0
3,3,0
1,8,7
3,3,0
2,9,7
2,4,2
3,3,0
48,49,1
1,2,1
2,2,0
5,5,0
3,3,0
36,36,0
2,4,2
9,9,0
4,4,0
1,1,0
3,5,2
3,3,0
2,2,0
3,3,0
0,0,0
2,4,2
3,3,0
2,2,0
1,4,3
8,8,0
3,3,0
2,3,1
2,2,0
2,4,2
3,5,2
2,2,0
0,0,0
2,2,0
2,2,0
2,4,2
3,5,2
59,62,3
18,69,51
2,8,6
2,2,0
3,6,3
2,2,0
2,2,0
3,7,4
1,2,1
2,2,0
2,2,0
1,5,4
2,2,0
2,2,0
2,2,0
3,10,7
2,2,0
2,8,6
3,4,1
21,21,0
71,71,0
2,2,0
2,2,0
2,6,4
5,5,0
2,2,0
3,3,0
2,2,0
3,3,0
3,3,0
2,2,0
4,27,23
2,7,5
1,21,20
2,6,4
2,3,1
2,2,0
6,6,0
3,8,5
5,5,0
2,2,0
3,5,2
2,2,0
2,2,0
1,3,2
2,2,0
1,2,1
2,2,0
6,7,1
2,2,0
4,6,2
2,2,0
3,3,0
2,2,0
6,8,2
3,5,2
3,3,0
2,2,0
6,10,4
2,7,5
2,2,0
2,2,0
1,4,3
2,28,26
2,7,5
2,2,0
2,2,0
1,1,0
2,2,0
3,3,0
16,17,1
2,5,3
2,2,0
2,2,0
3,7,4
2,2,0
2,2,0
2,2,0
3,3,0
3,3,0
2,2,0
0,0,0
3,3,0
6,6,0
123,158,35
26,26,0
2,2,0
2,2,0
7,7,0
2,2,0
1,1,0
3,3,0
3,3,0
0,0,0
7,7,0
10,27,17
2,2,0
3,3,0
2,2,0
2,2,0
1,1,0
0,0,0
2,5,3
3,5,2
2,4,2
26,29,3
3,3,0
2,4,2
3,12,9
3,6,3
2,2,0
2,2,0
3,3,0
8,22,14
2,6,4
3,15,12
1,2,1
2,2,0
2,2,0
2,4,2
2,2,0
2,4,2
0,0,0
2,2,0
2,11,9
3,5,2
3,3,0
0,0,0
3,3,0
2,2,0
2,27,25
3,3,0
111,111,0
1,1,0
4,6,2
2,4,2
1,20,19
2,2,0
3,5,2
0,0,0
1,74,73
2,2,0
9,9,0
1,1,0
0,0,0
2,2,0
2,4,2
2,2,0
2,45,43
2,2,0
2,2,0
3,3,0
2,2,0
3,3,0
3,5,2
1,47,46
2,2,0
2,2,0
2,2,0
2,2,0
2,2,0
3,7,4
1,2,1
143,143,0
2,4,2
2,2,0
2,4,2
3,5,2
2,4,2
2,13,11
2,13,11
3,5,2
2,2,0
2,2,0
3,6,3
3,9,6
3,10,7
2,4,2
3,3,0
2,37,35
8,14,6
3,3,0
8,8,0
3,5,2
2,2,0
3,3,0
2,2,0
3,3,0
2,2,0
12,12,0
2,10,8
1,1,0
2,2,0
2,2,0
3,4,1
3,3,0
2,2,0
3,8,5
2,9,7
2,2,0
2,2,0
1,24,23
100,100,0
3,3,0
2,4,2
2,3,1
3,8,5
3,7,4
2,4,2
4,8,4
3,8,5
2,2,0
2,46,44
3,5,2
2,4,2
3,3,0
2,2,0
2,4,2
2,2,0
3,4,1
3,9,6
2,2,0
2,2,0
2,80,78
2,5,3
2,2,0
3,5,2
6,6,0
2,2,0
3,7,4
2,2,0
2,2,0
1,3,2
2,2,0
3,5,2
2,6,4
2,2,0
2,2,0
8,8,0
2,2,0
2,2,0
3,5,2
2,2,0
0,0,0
2,40,38
2,2,0
2,2,0
1,2,1
5,5,0
2,2,0
3,3,0
10,10,0
2,4,2
2,12,10
2,5,3
2,8,6
2,2,0
3,15,12
3,9,6
2,4,2
2,2,0
3,5,2
17,17,0
1,6,5
0,0,0
1,4,3
2,2,0
2,2,0
8,8,0
2,2,0
9,9,0
2,2,0
3,7,4
2,2,0
2,2,0
2,4,2
3,3,0
3,5,2
1,1,0
3,9,6
3,9,6
22,22,0
2,4,2
2,2,0
2,2,0
3,5,2
2,4,2
3,5,2
2,4,2
2,2,0
2,6,4
6,6,0
28,29,1
2,18,16
2,2,0
3,5,2
3,3,0
9,9,0
2,2,0
2,2,0
2,2,0
2,2,0
3,9,6
2,2,0
2,2,0
1,1,0
4,4,0
9,9,0
3,3,0
2,2,0
3,3,0
4,11,7
2,2,0
2,2,0
0,0,0
3,3,0
1,4,3
2,2,0
3,5,2
42,109,67
3,3,0
9,9,0
1,25,24
2,2,0
2,6,4
3,5,2
2,2,0
2,2,0
31,37,6
1,2,1
1,24,23
3,3,0
2,2,0
2,2,0
1,1,0
8,8,0
2,2,0
2,2,0
9,9,0
98,98,0
3,3,0
3,3,0
3,3,0
3,5,2
3,3,0
2,37,35
2,2,0
6,6,0
6,8,2
8,8,0
2,2,0
9,11,2
2,3,1
53,61,8
2,2,0
3,3,0
2,2,0
1,3,2
9,9,0
1,5,4
2,2,0
3,7,4
2,6,4
2,3,1
5,5,0
1,2,1
0,0,0
97,141,44
2,2,0
1,3,2
3,3,0
3,3,0
3,9,6
1,1,0
2,2,0
3,14,11
42,42,0
2,6,4
2,2,0
2,2,0
2,2,0
0,0,0
3,3,0
3,3,0
2,2,0
2,31,29
2,6,4
2,2,0
2,2,0
0,0,0
80,81,1
3,5,2
87,91,4
52,52,0
2,5,3
121,121,0
1,6,5
2,2,0
2,2,0
3,11,8
3,3,0
147,147,0
3,3,0
3,9,6
98,98,0
3,11,8
3,5,2
2,2,0
3,4,1
2,14,12
3,3,0
2,2,0
2,45,43
2,2,0
2,2,0
2,13,11
20,20,0
6,6,0
3,3,0
3,3,0
1,2,1
6,28,22
2,2,0
3,3,0
2,2,0
2,2,0
1,1,0
2,2,0
2,7,5
3,7,4
2,2,0
2,2,0
3,5,2
3,5,2
3,3,0
0,0,0
3,5,2
2,2,0
2,2,0
3,7,4
2,2,0
17,20,3
1,1,0
2,2,0
10,10,0
9,9,0
2,4,2
2,2,0
2,2,0
2,136,134
3,5,2
3,5,2
3,8,5
3,3,0
2,2,0
2,2,0
3,5,2
3,3,0
3,6,3
11,11,0
2,2,0
2,4,2
2,2,0
2,3,1
2,2,0
2,2,0
2,12,10
3,5,2
2,7,5
2,2,0
7,8,1
2,2,0
4,5,1
2,2,0
2,8,6
57,74,17
2,2,0
1,1,0
4,13,9
3,3,0
3,3,0
3,5,2
3,3,0
1,25,24
2,5,3
7,7,0
2,2,0
2,2,0
2,2,0
3,3,0
2,2,0
3,3,0
11,11,0
3,3,0
3,3,0
3,9,6
60,60,0
2,2,0
2,2,0
8,8,0
2,2,0
2,2,0
93,94,1
4,4,0
1,23,22
2,4,2
3,5,2
3,5,2
3,5,2
2,5,3
4,4,0
1,1,0
2,4,2
9,9,0
5,6,1
2,5,3
0,0,0
3,5,2
3,5,2
2,2,0
3,3,0
2,2,0
1,1,0
3,5,2
2,2,0
3,5,2
1,7,6
2,3,1
2,5,3
3,5,2
2,2,0
9,9,0
2,2,0
1,67,66
7,7,0
100,100,0
2,2,0
3,7,4
2,2,0
2,2,0
2,2,0
2,8,6
2,5,3
3,103,100
2,2,0
2,4,2
2,2,0
2,59,57
2,2,0
2,2,0
2,8,6
2,2,0
2,2,0
2,2,0
3,3,0
2,2,0
0,0,0
2,3,1
8,8,0
4,4,0
3,6,3
2,2,0
2,2,0
8,8,0
2,2,0
2,2,0
2,4,2
2,2,0
3,7,4
2,2,0
0,0,0
2,2,0
3,6,3
3,3,0
5,5,0
8,8,0
0,0,0
3,5,2
2,12,10
2,10,8
3,5,2
18,19,1
2,2,0
2,2,0
2,3,1
3,4,1
0,0,0
1,1,0
3,5,2
1,1,0
1,2,1
2,2,0
2,2,0
9,9,0
11,11,0
2,2,0
2,2,0
2,2,0
2,23,21
8,8,0
2,2,0
4,4,0
2,2,0
3,3,0
3,3,0
3,8,5
3,3,0
3,3,0
2,2,0
2,3,1
2,4,2
3,5,2
2,2,0
3,5,2
3,8,5
2,2,0
2,2,0
3,5,2
2,2,0
2,2,0
2,2,0
2,2,0
2,2,0
2,2,0
2,2,0
11,11,0
2,2,0
4,4,0
2,10,8
2,3,1
2,2,0
3,5,2
8,8,0
1,2,1
2,14,12
3,3,0
1,6,5
133,135,2
47,47,0
3,5,2
2,2,0
7,7,0
2,2,0
2,5,3
0,0,0
34,34,0
2,2,0
3,5,2
2,2,0
3,3,0
6,6,0
11,11,0
1,2,1
1,2,1
0,0,0
3,3,0
3,3,0
2,2,0
1,1,0
3,7,4
4,4,0
3,3,0
96,102,6
2,2,0
3,3,0
2,2,0
3,12,9
18,27,9
2,2,0
3,4,1
1,21,20
2,2,0
2,2,0
3,5,2
3,3,0
3,6,3
3,5,2
3,16,13
3,3,0
45,45,0
2,2,0
11,11,0
2,2,0
3,3,0
3,3,0
97,98,1
2,2,0
3,5,2
3,3,0
2,45,43
3,17,14
151,151,0
2,2,0
2,4,2
2,2,0
1,4,3
2,4,2
2,2,0
1,1,0
20,20,0
0,0,0
2,3,1
3,7,4
2,2,0
2,4,2
2,12,10
2,2,0
3,3,0
3,3,0
2,4,2
4,19,15
2,2,0
1,2,1
2,4,2
1,2,1
1,1,0
8,8,0
2,2,0
2,2,0
2,2,0
9,9,0
2,3,1
2,2,0
6,6,0
1,2,1
2,2,0
0,0,0
2,2,0
3,82,79
3,5,2
9,13,4
2,3,1
3,11,8
3,5,2
2,4,2
12,12,0
2,2,0
6,6,0
2,2,0
2,2,0
2,4,2
3,3,0
9,9,0
2,2,0
45,48,3
2,2,0
3,3,0
1,5,4
2,2,0
8,9,1
1,1,0
2,4,2
2,2,0
65,65,0
2,2,0
9,9,0
1,1,0
1,22,21
9,9,0
3,10,7
2,2,0
20,20,0
3,10,7
1,25,24
9,10,1
0,0,0
8,8,0
1,1,0
2,25,23
2,6,4
1,2,1
2,2,0
17,17,0
1,3,2
3,24,21
9,22,13
2,8,6
2,2,0
3,3,0
2,4,2
89,89,0
4,4,0
2,2,0
3,3,0
22,22,0
1,5,4
0,0,0
2,3,1
9,9,0
2,2,0
1,1,0
3,3,0
1,1,0
8,8,0
2,2,0
2,2,0
3,9,6
0,0,0
2,4,2
2,45,43
22,22,0
2,2,0
3,11,8
1,2,1
2,2,0
2,2,0
2,3,1
2,6,4
2,4,2
2,17,15
3,3,0
2,80,78
2,5,3
3,3,0
1,1,0
3,12,9
2,2,0
2,2,0
8,8,0
2,5,3
3,5,2
2,4,2
3,6,3
4,4,0
2,2,0
4,4,0
3,7,4
2,2,0
2,2,0
1,3,2
3,3,0
3,3,0
12,12,0
2,2,0
0,0,0
5,5,0
1,57,56
2,6,4
8,20,12
2,5,3
8,8,0
3,3,0
3,3,0
2,2,0
1,2,1
2,2,0
3,5,2
2,2,0
2,2,0
8,8,0
2,7,5
2,30,28
2,37,35
3,3,0
2,2,0
3,3,0
3,3,0
3,3,0
3,3,0
2,2,0
2,2,0
2,2,0
2,2,0
2,2,0
3,5,2
2,2,0
20,85,65
3,5,2
2,2,0
3,5,2
60,60,0
2,2,0
3,3,0
3,3,0
2,2,0
2,2,0
2,2,0
3,5,2
2,61,59
0,0,0
2,2,0
2,2,0
51,53,2
0,0,0
1,2,1
2,4,2
0,0,0
1,3,2
7,13,6
10,10,0
2,2,0
2,4,2
2,4,2
8,8,0
3,3,0
0,0,0
2,2,0
3,3,0
0,0,0
2,2,0
2,2,0
2,3,1
3,17,14
3,6,3
2,2,0
0,0,0
2,2,0
3,5,2
5,5,0
3,11,8
2,2,0
2,4,2
16,16,0
2,2,0
2,2,0
3,9,6
2,4,2
4,14,10
6,6,0
2,6,4
3,3,0
3,6,3
0,0,0
2,2,0
3,3,0
2,2,0
2,78,76
72,124,52
3,3,0
9,32,23
2,2,0
2,5,3
2,35,33
2,2,0
2,2,0
54,54,0
2,2,0
2,2,0
2,2,0
2,2,0
15,17,2
3,3,0
3,3,0
12,12,0
2,11,9
2,2,0
2,2,0
1,1,0
9,9,0
3,3,0
3,3,0
1,2,1
3,3,0
2,2,0
2,8,6
4,4,0
0,0,0
9,10,1
5,10,5
1,1,0
2,2,0
1,20,19
3,3,0
3,3,0
10,10,0
2,24,22
3,5,2
3,3,0
3,3,0
2,2,0
2,2,0
0,0,0
3,3,0
4,4,0
1,1,0
2,2,0
5,5,0
3,5,2
3,3,0
2,6,4
2,6,4
3,7,4
2,2,0
2,4,2
3,5,2
8,16,8
3,5,2
2,3,1
15,15,0
2,3,1
3,3,0
3,3,0
7,7,0
1,2,1
4,4,0
3,5,2
2,4,2
2,27,25
1,11,10
3,6,3
3,5,2
3,3,0
6,6,0
2,2,0
9,11,2
2,4,2
8,8,0
2,4,2
3,6,3
2,13,11
3,3,0
2,24,22
2,2,0
4,6,2
67,67,0
1,1,0
10,21,11
3,3,0
3,8,5
2,4,2
3,9,6
2,2,0
2,2,0
2,3,1
2,2,0
2,4,2
3,3,0
4,4,0
3,5,2
3,11,8
8,8,0
3,3,0
2,2,0
3,3,0
3,3,0
4,4,0
2,2,0
3,3,0
4,16,12
2,2,0
0,0,0
2,18,16
2,2,0
1,21,20
3,3,0
3,3,0
3,6,3
2,6,4
1,7,6
12,12,0
3,3,0
3,3,0
1,2,1
1,3,2
14,14,0
3,3,0
3,8,5
2,2,0
0,0,0
1,3,2
3,3,0
0,0,0
12,15,3
51,51,0
2,2,0
2,2,0
2,8,6
2,6,4
3,72,69
8,8,0
2,27,25
3,34,31
2,4,2
0,0,0
1,4,3
5,5,0
3,7,4
2,4,2
2,4,2
3,3,0
2,4,2
2,6,4
2,4,2
4,4,0
2,3,1
3,3,0
9,9,0
5,5,0
133,135,2
0,0,0
40,40,0
2,2,0
3,8,5
2,4,2
3,3,0
3,3,0
6,6,0
2,6,4
2,2,0
3,3,0
2,2,0
3,5,2
1,10,9
2,2,0
2,2,0
2,2,0
3,3,0
2,2,0
9,11,2
3,5,2
2,2,0
2,2,0
2,2,0
2,2,0
2,17,15
2,2,0
54,54,0
2,2,0
2,27,25
2,2,0
2,2,0
6,6,0
2,2,0
3,3,0
1,1,0
3,3,0
2,2,0
10,10,0
2,10,8
2,8,6
3,9,6
100,100,0
2,2,0
2,4,2
2,4,2
2,4,2
1,5,4
1,62,61
3,5,2
3,3,0
0,0,0
18,103,85
0,0,0
2,2,0
3,8,5
2,2,0
8,8,0
2,2,0
2,2,0
2,2,0
2,2,0
2,4,2
2,2,0
2,4,2
8,11,3
2,2,0
2,2,0
3,5,2
3,7,4
2,2,0
4,7,3
2,5,3
2,2,0
2,2,0
2,2,0
3,3,0
2,9,7
9,15,6
0,0,0
2,4,2
0,0,0
101,101,0
2,2,0
8,11,3
1,1,0
0,0,0
3,3,0
1,1,0
2,5,3
8,8,0
1,1,0
2,2,0
0,0,0
2,2,0
3,3,0
2,2,0
1,2,1
1,1,0
3,5,2
3,6,3
3,3,0
3,8,5
2,4,2
2,2,0
3,3,0
2,2,0
8,24,16
2,2,0
0,0,0
2,2,0
2,2,0
2,2,0
3,5,2
2,2,0
3,7,4
2,4,2
9,9,0
1,1,0
3,3,0
2,6,4
2,16,14
2,4,2
3,3,0
2,2,0
2,2,0
9,9,0
3,3,0
1,3,2
2,2,0
4,10,6
0,0,0
3,3,0
1,1,0
2,3,1
9,9,0
4,4,0
2,3,1
4,9,5
3,3,0
2,2,0
2,2,0
1,3,2
2,2,0
1,2,1
2,2,0
2,2,0
1,27,26
2,2,0
2,2,0
3,3,0
3,3,0
3,4,1
2,2,0
9,9,0
2,2,0
2,2,0
3,3,0
2,2,0
2,6,4
4,4,0
2,2,0
3,3,0
3,3,0
2,2,0
4,77,73
3,3,0
3,3,0
2,2,0
2,2,0
2,2,0
3,7,4
2,2,0
3,11,8
2,36,34
2,2,0
2,41,39
3,7,4
2,2,0
2,10,8
2,2,0
3,5,2
3,5,2
36,36,0
7,7,0
4,4,0
2,4,2
9,36,27
1,51,50
2,2,0
2,2,0
1,1,0
3,9,6
2,2,0
2,2,0
2,4,2
8,8,0
3,5,2
9,9,0
3,3,0
2,4,2
2,2,0
2,13,11
2,2,0
85,97,12
2,2,0
3,3,0
15,15,0
3,11,8
2,15,13
2,2,0
2,25,23
6,6,0
3,3,0
7,7,0
3,3,0
0,0,0
3,3,0
2,2,0
5,5,0
3,3,0
3,3,0
3,3,0
2,2,0
3,7,4
3,3,0
4,16,12
3,3,0
9,11,2
1,1,0
2,4,2
3,3,0
2,3,1
3,12,9
2,2,0
2,2,0
2,2,0
16,16,0
3,9,6
2,2,0
1,2,1
2,2,0
2,2,0
1,1,0
8,8,0
2,2,0
1,20,19
2,2,0
1,2,1
5,68,63
3,5,2
2,2,0
1,3,2
3,3,0
2,2,0
2,2,0
2,2,0
12,12,0
1,2,1
6,7,1
3,6,3
2,2,0
3,7,4
2,2,0
2,11,9
8,10,2
2,4,2
2,2,0
2,2,0
81,81,0
3,3,0
2,2,0
3,3,0
3,5,2
3,32,29
32,32,0
2,2,0
3,5,2
2,2,0
22,22,0
2,5,3
2,7,5
2,2,0
3,3,0
3,3,0
2,4,2
1,1,0
3,3,0
2,2,0
3,3,0
2,2,0
3,3,0
3,7,4
2,2,0
2,2,0
3,5,2
2,2,0
3,5,2
2,10,8
5,5,0
2,2,0
3,3,0
2,2,0
8,8,0
2,21,19
6,6,0
2,2,0
2,2,0
2,2,0
8,8,0
6,7,1
2,6,4
3,3,0
2,2,0
2,4,2
3,4,1
2,4,2
3,20,17
2,2,0
4,4,0
1,22,21
133,133,0
2,5,3
3,3,0
7,8,1
3,10,7
3,6,3
2,2,0
3,3,0
2,2,0
2,2,0
2,2,0
2,2,0
2,2,0
2,2,0
1,1,0
1,2,1
2,4,2
8,8,0
2,2,0
2,2,0
2,2,0
3,3,0
0,0,0
2,2,0
4,4,0
0,0,0
3,7,4
2,2,0
0,0,0
3,4,1
2,8,6
2,2,0
3,8,5
2,40,38
8,8,0
3,13,10
3,3,0
2,4,2
9,11,2
9,9,0
2,3,1
2,2,0
6,8,2
20,20,0
1,1,0
2,2,0
2,2,0
3,3,0
3,3,0
8,8,0
2,2,0
2,2,0
1,2,1
3,5,2
9,9,0
2,2,0
8,10,2
3,3,0
26,33,7
0,0,0
2,2,0
100,101,1
9,9,0
0,0,0
3,3,0
1,1,0
8,8,0
9,12,3
2,3,1
8,8,0
2,2,0
2,3,1
3,8,5
2,2,0
3,13,10
2,13,11
3,3,0
3,5,2
2,2,0
1,1,0
3,5,2
4,4,0
3,3,0
2,2,0
2,6,4
4,7,3
3,15,12
2,15,13
2,4,2
47,144,97
2,2,0
2,2,0
2,7,5
3,3,0
2,2,0
2,2,0
8,8,0
3,3,0
2,2,0
2,6,4
25,25,0
3,3,0
3,3,0
2,2,0
1,1,0
1,2,1
2,2,0
2,2,0
1,4,3
2,8,6
2,2,0
2,4,2
2,6,4
3,3,0
2,2,0
2,2,0
3,7,4
3,3,0
2,2,0
3,3,0
3,3,0
2,2,0
2,4,2
3,5,2
2,2,0
1,1,0
3,5,2
2,2,0
2,2,0
3,3,0
3,3,0
6,9,3
3,3,0
2,4,2
3,5,2
3,29,26
3,7,4
3,3,0
2,2,0
3,3,0
2,2,0
2,2,0
0,0,0
23,24,1
1,1,0
2,28,26
1,4,3
2,9,7
2,2,0
2,2,0
2,2,0
2,2,0
0,0,0
3,3,0
3,3,0
2,4,2
3,3,0
2,5,3
1,1,0
8,8,0
3,4,1
3,5,2
2,2,0
2,2,0
2,4,2
2,2,0
11,11,0
1,1,0
2,2,0
2,2,0
2,2,0
2,4,2
2,2,0
3,3,0
1,7,6
3,19,16
2,2,0
3,8,5
48,50,2
3,3,0
2,2,0
3,3,0
2,10,8
2,2,0
1,5,4
2,2,0
2,2,0
2,2,0
1,1,0
8,14,6
30,30,0
3,3,0
4,4,0
2,2,0
3,13,10
2,2,0
3,5,2
2,48,46
2,2,0
2,2,0
2,2,0
1,1,0
3,3,0
9,9,0
2,2,0
0,0,0
9,9,0
2,2,0
3,3,0
1,2,1
2,4,2
2,2,0
3,5,2
2,2,0
2,2,0
2,2,0
2,2,0
2,9,7
3,5,2
2,2,0
2,2,0
7,7,0
1,77,76
3,3,0
2,2,0
2,5,3
3,5,2
16,17,1
2,4,2
3,22,19
3,5,2
2,2,0
2,2,0
3,5,2
0,0,0
2,2,0
3,3,0
3,3,0
9,9,0
3,11,8
20,20,0
3,9,6
2,2,0
2,2,0
4,4,0
2,2,0
8,8,0
2,2,0
2,2,0
4,4,0
2,2,0
2,10,8
2,2,0
1,1,0
2,2,0
2,2,0
2,2,0
2,2,0
3,3,0
2,2,0
2,2,0
3,3,0
2,2,0
1,3,2
2,7,5
1,1,0
2,2,0
9,9,0
3,5,2
3,3,0
2,2,0
2,2,0
2,6,4
1,2,1
2,2,0
3,9,6
1,1,0
3,3,0
3,6,3
2,7,5
1,8,7
3,11,8
2,2,0
2,2,0
3,3,0
0,0,0
2,2,0
11,22,11
1,2,1
1,2,1
2,3,1
2,2,0
48,50,2
2,2,0
2,10,8
1,2,1
2,2,0
2,2,0
1,4,3
3,11,8
2,2,0
2,2,0
3,3,0
5,7,2
5,5,0
3,6,3
3,3,0
3,7,4
2,2,0
3,3,0
1,1,0
3,5,2
2,2,0
3,7,4
105,379,274
2,2,0
1,23,22
2,2,0
2,2,0
2,9,7
2,3,1
2,28,26
2,2,0
2,2,0
3,3,0
2,2,0
2,3,1
3,3,0
2,2,0
2,2,0
0,0,0
2,2,0
2,2,0
2,2,0
4,4,0
1,4,3
28,28,0
3,7,4
2,21,19
3,3,0
3,5,2
2,4,2
2,2,0
1,2,1
3,3,0
15,15,0
6,6,0
2,10,8
2,2,0
0,0,0
3,6,3
2,2,0
15,17,2
2,3,1
17,19,2
2,3,1
2,2,0
2,2,0
2,2,0
3,5,2
2,2,0
9,9,0
2,2,0
1,1,0
8,8,0
2,16,14
2,2,0
2,2,0
2,3,1
2,2,0
100,100,0
2,4,2
2,2,0
2,2,0
1,6,5
2,2,0
6,6,0
3,5,2
2,2,0
3,3,0
2,13,11
2,9,7
2,2,0
2,2,0
3,3,0
3,5,2
2,2,0
2,2,0
2,2,0
2,2,0
3,3,0
2,45,43
4,4,0
2,2,0
1,2,1
3,3,0
2,4,2
2,15,13
4,4,0
8,8,0
3,3,0
3,3,0
3,5,2
3,4,1
2,2,0
3,3,0
2,2,0
2,2,0
2,69,67
3,3,0
2,2,0
3,3,0
2,2,0
1,1,0
40,43,3
2,5,3
3,8,5
1,1,0
3,5,2
3,8,5
3,3,0
1,1,0
3,3,0
3,5,2
2,15,13
3,3,0
3,3,0
3,7,4
2,2,0
2,2,0
9,9,0
2,2,0
2,4,2
9,9,0
3,3,0
3,3,0
3,7,4
2,76,74
2,2,0
3,3,0
2,8,6
8,14,6
2,2,0
1,23,22
2,4,2
139,216,77
3,3,0
3,6,3
2,2,0
0,0,0
2,2,0
3,6,3
8,16,8
10,10,0
3,20,17
3,3,0
2,4,2
2,2,0
0,0,0
3,7,4
46,46,0
2,16,14
1,2,1
3,3,0
2,2,0
1,1,0
1,1,0
1,7,6
2,2,0
2,2,0
4,50,46
2,2,0
2,2,0
2,2,0
1,2,1
3,7,4
2,4,2
1,2,1
9,9,0
1,2,1
2,2,0
3,9,6
4,4,0
2,2,0
2,2,0
2,2,0
8,9,1
2,2,0
9,9,0
10,10,0
3,8,5
3,5,2
2,2,0
3,5,2
2,2,0
3,3,0
2,12,10
2,2,0
2,5,3
2,2,0
2,2,0
3,3,0
6,6,0
2,2,0
2,2,0
1,1,0
2,2,0
3,5,2
106,106,0
2,2,0
3,24,21
3,3,0
2,2,0
2,12,10
1,2,1
9,9,0
3,3,0
8,8,0
3,3,0
9,9,0
9,9,0
0,0,0
3,10,7
8,8,0
3,3,0
2,2,0
2,14,12
2,2,0
3,3,0
2,4,2
2,2,0
2,2,0
8,8,0
24,42,18
3,5,2
1,4,3
2,2,0
4,5,1
2,2,0
28,32,4
14,30,16
3,3,0
3,3,0
2,2,0
3,3,0
3,3,0
1,2,1
3,3,0
2,2,0
3,3,0
2,2,0
3,5,2
2,2,0
0,0,0
20,22,2
3,7,4
3,3,0
2,2,0
1,1,0
3,22,19
2,2,0
3,3,0
9,12,3
0,0,0
2,250,248
3,3,0
3,5,2
3,7,4
10,11,1
2,2,0
2,2,0
10,10,0
3,3,0
3,3,0
2,2,0
3,3,0
6,6,0
2,2,0
2,2,0
2,4,2
5,24,19
5,5,0
9,9,0
22,22,0
147,147,0
2,2,0
2,3,1
0,0,0
3,16,13
2,4,2
3,12,9
4,4,0
62,130,68
2,2,0
11,11,0
2,2,0
2,2,0
2,8,6
2,5,3
0,0,0
1,2,1
7,7,0
3,9,6
3,5,2
2,4,2
4,14,10
2,2,0
3,5,2
2,2,0
8,8,0
74,74,0
3,5,2
25,142,117
3,5,2
1,4,3
2,2,0
1,2,1
4,4,0
2,4,2
2,3,1
3,5,2
16,19,3
3,3,0
2,2,0
3,3,0
2,109,107
2,2,0
3,3,0
3,4,1
1,5,4
3,3,0
1,1,0
2,2,0
2,2,0
1,8,7
2,2,0
3,8,5
2,2,0
2,2,0
2,31,29
2,2,0
9,9,0
4,4,0
3,3,0
8,8,0
2,2,0
2,2,0
2,9,7
22,22,0
2,2,0
2,3,1
2,2,0
2,2,0
2,2,0
100,200,100
10,22,12
2,2,0
2,2,0
2,2,0
1,1,0
1,1,0
2,5,3
2,15,13
8,40,32
2,2,0
2,2,0
3,3,0
9,9,0
2,2,0
15,15,0
2,2,0
9,11,2
2,2,0
51,62,11
3,5,2
6,6,0
3,3,0
2,2,0
22,118,96
2,2,0
2,2,0
1,20,19
2,2,0
2,2,0
3,8,5
2,3,1
2,2,0
2,2,0
2,80,78
2,2,0
2,2,0
2,2,0
0,0,0
3,3,0
68,68,0
3,3,0
2,2,0
1,1,0
15,15,0
2,2,0
2,2,0
2,7,5
2,3,1
3,8,5
2,4,2
2,2,0
2,2,0
0,0,0
2,2,0
2,4,2
1,44,43
2,2,0
2,2,0
2,2,0
3,3,0
3,5,2
3,3,0
2,10,8
3,3,0
3,3,0
3,5,2
1,25,24
3,6,3
0,0,0
3,5,2
2,6,4
2,2,0
3,18,15
9,20,11
24,24,0
3,3,0
1,1,0
17,21,4
2,2,0
19,19,0
2,2,0
2,3,1
2,2,0
2,2,0
2,2,0
3,6,3
2,2,0
2,6,4
3,3,0
2,2,0
3,7,4
2,2,0
2,4,2
2,4,2
2,2,0
3,7,4
37,112,75
3,3,0
1,25,24
2,3,1
2,2,0
2,2,0
1,4,3
2,5,3
43,43,0
3,5,2
2,2,0
2,2,0
2,2,0
6,9,3
2,2,0
2,2,0
3,3,0
3,3,0
3,7,4
2,2,0
2,2,0
2,2,0
3,3,0
8,8,0
3,5,2
2,2,0
3,3,0
3,3,0
10,18,8
2,2,0
1,1,0
47,49,2
3,3,0
2,2,0
3,3,0
2,2,0
1,8,7
3,5,2
3,3,0
2,10,8
3,3,0
9,9,0
3,3,0
8,8,0
3,3,0
2,2,0
1,77,76
3,5,2
6,6,0
3,17,14
2,2,0
2,2,0
3,7,4
3,3,0
3,16,13
2,2,0
2,2,0
8,9,1
2,6,4
2,4,2
14,22,8
2,4,2
2,2,0
2,10,8
3,8,5
2,3,1
11,15,4
3,3,0
2,2,0
9,10,1
2,2,0
0,0,0
3,3,0
0,0,0
3,8,5
3,18,15
16,16,0
2,15,13
4,4,0
4,6,2
5,5,0
2,2,0
2,2,0
1,1,0
3,4,1
3,5,2
2,9,7
0,0,0
2,2,0
35,56,21
3,12,9
2,2,0
32,32,0
2,2,0
3,25,22
100,114,14
12,90,78
2,2,0
8,8,0
2,2,0
3,3,0
0,0,0
1,1,0
3,4,1
1,1,0
2,12,10
3,3,0
1,1,0
2,4,2
1,1,0
3,15,12
3,5,2
1,1,0
2,2,0
2,2,0
1,1,0
2,2,0
0,0,0
11,12,1
2,2,0
2,2,0
2,2,0
2,2,0
3,3,0
2,4,2
2,20,18
0,0,0
63,63,0
0,0,0
2,2,0
2,5,3
3,3,0
2,2,0
25,25,0
2,2,0
3,10,7
2,2,0
2,4,2
2,80,78
2,2,0
3,15,12
2,2,0
2,2,0
3,3,0
3,9,6
5,7,2
3,43,40
3,14,11
5,5,0
2,2,0
1,2,1
3,3,0
5,5,0
2,2,0
4,4,0
2,4,2
2,2,0
23,26,3
3,7,4
3,7,4
3,7,4
2,6,4
3,3,0
91,92,1
1,9,8
2,3,1
2,2,0
3,3,0
2,2,0
1,29,28
2,5,3
1,26,25
2,3,1
34,35,1
2,2,0
2,3,1
2,2,0
2,2,0
2,4,2
0,0,0
3,3,0
1,1,0
2,2,0
3,3,0
2,2,0
2,2,0
3,5,2
3,3,0
4,7,3
2,2,0
2,7,5
3,3,0
2,2,0
2,2,0
1,2,1
1,2,1
2,8,6
3,3,0
2,2,0
3,3,0
3,6,3
2,2,0
2,4,2
2,6,4
10,10,0
2,4,2
15,16,1
3,3,0
2,2,0
0,0,0
3,3,0
3,5,2
2,2,0
3,5,2
3,3,0
0,0,0
3,3,0
2,2,0
1,2,1
1,2,1
8,8,0
11,11,0
3,6,3
2,2,0
2,2,0
2,2,0
2,3,1
1,2,1
2,4,2
14,14,0
2,2,0
2,4,2
2,2,0
2,2,0
3,3,0
2,3,1
3,13,10
2,45,43
1,26,25
2,6,4
1,24,23
1,5,4
3,3,0
10,10,0
2,2,0
2,2,0
2,4,2
1,1,0
2,4,2
8,8,0
3,11,8
0,0,0
2,2,0
3,3,0
2,2,0
1,2,1
2,2,0
0,0,0
2,7,5
3,5,2
2,6,4
2,25,23
2,2,0
2,4,2
2,4,2
8,8,0
26,33,7
12,45,33
2,82,80
0,0,0
3,7,4
2,2,0
2,4,2
2,2,0
4,8,4
77,157,80
4,42,38
22,22,0
2,5,3
3,9,6
1,7,6
2,2,0
2,2,0
12,42,30
3,7,4
1,10,9
2,2,0
2,2,0
2,2,0
2,2,0
2,26,24
2,3,1
2,2,0
32,33,1
2,2,0
2,2,0
2,5,3
2,2,0
2,2,0
6,6,0
3,4,1
3,16,13
1,2,1
3,3,0
2,2,0
9,27,18
2,2,0
2,3,1
3,3,0
2,4,2
9,9,0
3,5,2
3,11,8
3,46,43
3,7,4
2,2,0
2,2,0
2,12,10
3,3,0
2,2,0
3,3,0
2,2,0
8,8,0
4,4,0
8,8,0
1,1,0
8,8,0
2,2,0
2,3,1
9,9,0
8,8,0
4,5,1
2,3,1
3,3,0
1,1,0
2,2,0
3,3,0
23,23,0
1,27,26
3,3,0
37,56,19
2,2,0
1,3,2
3,5,2
3,3,0
2,2,0
3,7,4
1,2,1
3,3,0
1,1,0
2,10,8
1,2,1
2,2,0
2,2,0
3,3,0
2,8,6
3,3,0
1,2,1
8,8,0
2,3,1
0,0,0
2,2,0
3,18,15
2,2,0
2,2,0
3,3,0
2,2,0
4,4,0
9,9,0
1,1,0
132,132,0
2,2,0
0,0,0
2,11,9
3,5,2
0,0,0
2,11,9
10,10,0
2,2,0
2,2,0
2,3,1
4,4,0
2,2,0
3,3,0
2,2,0
2,2,0
22,23,1
2,4,2
3,3,0
2,2,0
7,7,0
1,1,0
2,2,0
3,5,2
100,109,9
3,5,2
2,2,0
1,27,26
2,2,0
1,2,1
8,8,0
2,2,0
2,2,0
1,1,0
2,3,1
0,0,0
4,5,1
3,7,4
3,3,0
2,2,0
2,2,0
8,13,5
2,4,2
2,5,3
1,2,1
3,4,1
3,3,0
0,0,0
3,3,0
1,1,0
2,24,22
3,5,2
10,10,0
2,3,1
3,4,1
2,2,0
8,10,2
3,3,0
2,2,0
12,12,0
3,13,10
2,4,2
2,2,0
3,3,0
8,8,0
2,2,0
8,8,0
3,3,0
2,2,0
3,3,0
8,9,1
2,2,0
3,19,16
1,4,3
93,93,0
3,13,10
8,8,0
2,4,2
135,140,5
3,3,0
3,3,0
3,3,0
3,5,2
46,46,0
3,5,2
3,8,5
2,2,0
2,8,6
79,142,63
90,90,0
10,11,1
2,39,37
3,7,4
2,2,0
45,45,0
3,8,5
3,6,3
2,2,0
4,4,0
4,4,0
2,2,0
3,3,0
2,20,18
12,12,0
1,1,0
0,0,0
2,2,0
2,30,28
2,2,0
3,5,2
3,3,0
2,6,4
3,5,2
3,23,20
2,2,0
2,2,0
2,3,1
2,2,0
3,3,0
2,2,0
1,1,0
2,2,0
9,9,0
4,4,0
3,3,0
3,6,3
80,80,0
3,4,1
2,5,3
2,2,0
2,2,0
5,5,0
2,4,2
3,16,13
4,4,0
2,2,0
2,2,0
2,2,0
2,10,8
3,9,6
2,2,0
2,2,0
2,2,0
2,2,0
2,3,1
13,13,0
2,2,0
22,23,1
3,3,0
0,0,0
2,2,0
9,9,0
2,2,0
4,7,3
8,8,0
2,2,0
2,4,2
2,2,0
1,1,0
2,4,2
2,2,0
3,3,0
3,5,2
3,5,2
1,2,1
3,10,7
3,7,4
9,15,6
3,5,2
3,9,6
1,24,23
17,17,0
10,10,0
3,5,2
3,3,0
2,12,10
3,81,78
7,7,0
1,26,25
3,7,4
2,2,0
0,0,0
2,4,2
3,7,4
2,2,0
2,9,7
3,3,0
3,11,8
3,3,0
2,2,0
2,2,0
3,3,0
2,2,0
1,1,0
2,2,0
2,2,0
2,2,0
1,63,62
1,2,1
2,2,0
2,2,0
4,4,0
3,3,0
2,2,0
2,2,0
3,23,20
3,3,0
10,11,1
2,4,2
2,2,0
2,2,0
3,7,4
2,4,2
3,38,35
8,8,0
2,2,0
2,28,26
2,2,0
2,2,0
3,3,0
5,18,13
2,8,6
1,5,4
4,4,0
3,5,2
2,2,0
0,0,0
2,4,2
0,0,0
3,3,0
13,23,10
2,2,0
2,2,0
2,2,0
2,17,15
3,5,2
3,5,2
2,8,6
2,3,1
3,5,2
51,51,0
3,3,0
3,3,0
2,2,0
1,1,0
9,18,9
3,3,0
2,2,0
23,23,0
3,5,2
4,7,3
2,2,0
1,30,29
2,82,80
2,2,0
2,2,0
2,2,0
2,25,23
10,10,0
4,6,2
12,13,1
2,2,0
3,5,2
3,5,2
2,2,0
10,10,0
2,2,0
2,2,0
2,21,19
2,4,2
2,2,0
5,5,0
2,2,0
8,8,0
3,5,2
3,5,2
2,2,0
8,8,0
6,6,0
3,3,0
3,3,0
3,7,4
2,2,0
3,3,0
1,3,2
2,2,0
2,2,0
2,2,0
11,11,0
3,3,0
0,0,0
2,2,0
3,3,0
3,3,0
3,3,0
3,3,0
2,7,5
2,2,0
12,12,0
2,82,80
2,2,0
23,27,4
147,147,0
3,5,2
2,2,0
2,2,0
2,28,26
3,5,2
3,5,2
2,14,12
3,10,7
8,8,0
2,2,0
3,5,2
2,2,0
3,5,2
3,5,2
3,5,2
1,3,2
1,2,1
2,5,3
2,2,0
3,3,0
3,8,5
2,2,0
2,3,1
2,2,0
5,5,0
1,2,1
3,3,0
3,14,11
0,0,0
2,2,0
2,2,0
2,2,0
2,2,0
3,3,0
2,2,0
3,5,2
1,29,28
12,13,1
3,11,8
1,1,0
2,7,5
1,1,0
2,2,0
1,2,1
3,5,2
3,10,7
3,5,2
1,1,0
2,4,2
2,3,1
2,5,3
0,0,0
22,31,9
3,3,0
3,3,0
2,2,0
2,2,0
11,45,34
2,2,0
2,3,1
2,2,0
0,0,0
2,6,4
2,2,0
2,2,0
13,13,0
2,82,80
1,1,0
2,2,0
2,2,0
2,3,1
1,1,0
2,2,0
2,3,1
2,2,0
2,2,0
7,7,0
2,5,3
2,6,4
2,2,0
5,17,12
2,2,0
1,2,1
2,24,22
3,3,0
3,3,0
3,5,2
1,2,1
2,2,0
2,2,0
2,2,0
2,4,2
2,2,0
9,9,0
3,5,2
2,2,0
2,2,0
2,2,0
2,4,2
1,2,1
3,3,0
26,26,0
2,50,48
1,2,1
2,2,0
3,8,5
0,0,0
1,3,2
2,2,0
3,5,2
2,20,18
3,29,26
3,5,2
2,2,0
3,13,10
3,3,0
2,2,0
8,51,43
2,3,1
2,2,0
2,2,0
9,9,0
2,2,0
3,5,2
3,5,2
2,2,0
2,2,0
3,3,0
2,8,6
3,8,5
2,4,2
2,4,2
1,2,1
2,2,0
0,0,0
3,5,2
2,2,0
2,2,0
3,3,0
0,0,0
30,30,0
5,10,5
3,4,1
2,2,0
3,70,67
4,4,0
2,84,82
2,2,0
2,2,0
1,2,1
8,8,0
3,5,2
5,5,0
2,2,0
5,48,43
2,2,0
3,3,0
2,2,0
2,6,4
2,3,1
9,9,0
0,0,0
2,2,0
2,2,0
3,3,0
2,2,0
3,9,6
3,5,2
3,4,1
2,2,0
3,9,6
2,2,0
1,2,1
1,3,2
2,2,0
2,2,0
2,2,0
96,96,0
2,4,2
44,44,0
2,2,0
1,2,1
2,2,0
51,51,0
2,3,1
2,2,0
2,2,0
3,3,0
2,2,0
4,5,1
8,8,0
2,18,16
6,6,0
2,2,0
2,12,10
3,5,2
3,8,5
3,3,0
2,8,6
2,2,0
17,17,0
2,5,3
3,3,0
3,3,0
9,10,1
2,2,0
3,5,2
3,7,4
3,8,5
2,2,0
0,0,0
2,2,0
9,9,0
3,3,0
9,9,0
2,2,0
2,3,1
3,3,0
2,2,0
4,7,3
1,1,0
0,0,0
2,2,0
2,24,22
2,2,0
3,3,0
0,0,0
2,2,0
3,5,2
6,6,0
2,2,0
2,4,2
2,2,0
2,4,2
3,3,0
6,7,1
1,1,0
2,2,0
2,2,0
2,4,2
3,5,2
2,2,0
2,3,1
3,4,1
2,9,7
2,28,26
3,11,8
2,7,5
1,1,0
3,3,0
2,2,0
2,3,1
1,1,0
3,3,0
3,3,0
3,6,3
3,3,0
5,11,6
1,4,3
1,2,1
2,2,0
2,2,0
3,5,2
2,2,0
3,3,0
3,3,0
0,0,0
2,2,0
7,8,1
2,2,0
5,5,0
1,2,1
2,2,0
2,6,4
2,2,0
2,2,0
2,4,2
2,2,0
2,6,4
0,0,0
0,0,0
3,3,0
3,5,2
2,4,2
2,4,2
2,4,2
2,2,0
2,2,0
2,2,0
3,10,7
0,0,0
2,5,3
2,2,0
3,6,3
3,3,0
2,2,0
3,7,4
15,15,0
2,2,0
2,2,0
2,2,0
2,2,0
2,2,0
2,2,0
2,8,6
58,67,9
2,82,80
3,4,1
3,3,0
8,8,0
2,2,0
8,8,0
3,6,3
0,0,0
2,3,1
3,7,4
100,100,0
9,9,0
2,2,0
3,3,0
2,2,0
2,2,0
19,23,4
2,2,0
2,6,4
2,2,0
2,2,0
3,8,5
3,3,0
2,28,26
3,11,8
2,100,98
2,4,2
2,5,3
2,2,0
2,2,0
3,7,4
3,5,2
3,3,0
2,2,0
0,0,0
2,19,17
2,2,0
147,147,0
2,3,1
2,3,1
52,52,0
3,3,0
2,2,0
2,2,0
8,8,0
2,2,0
3,7,4
10,16,6
1,1,0
3,3,0
2,2,0
2,6,4
2,4,2
3,5,2
0,0,0
6,9,3
3,3,0
2,2,0
2,2,0
2,4,2
0,0,0
3,5,2
3,3,0
2,2,0
1,1,0
29,29,0
2,2,0
3,3,0
2,2,0
4,5,1
100,104,4
3,3,0
2,2,0
2,8,6
2,2,0
2,8,6
1,2,1
2,2,0
2,2,0
2,12,10
3,3,0
4,21,17
2,4,2
2,2,0
4,4,0
1,79,78
0,0,0
2,15,13
18,88,70
1,3,2
3,3,0
3,3,0
28,29,1
156,214,58
3,5,2
3,3,0
2,2,0
1,2,1
3,3,0
1,1,0
9,9,0
2,2,0
2,2,0
2,2,0
3,3,0
3,3,0
2,2,0
2,6,4
3,4,1
2,2,0
3,12,9
3,5,2
8,8,0
175,175,0
3,3,0
3,18,15
2,2,0
1,4,3
2,2,0
8,8,0
90,173,83
4,5,1
2,4,2
6,6,0
10,10,0
2,2,0
2,9,7
77,77,0
2,2,0
2,2,0
2,2,0
2,2,0
2,39,37
9,9,0
3,5,2
2,4,2
2,4,2
2,6,4
94,95,1
2,2,0
2,2,0
2,2,0
2,2,0
15,19,4
0,0,0
4,4,0
8,10,2
2,2,0
2,4,2
2,2,0
2,4,2
2,2,0
2,4,2
30,30,0
2,2,0
2,2,0
6,6,0
2,2,0
2,2,0
2,6,4
3,3,0
2,2,0
8,8,0
3,3,0
2,2,0
4,6,2
16,36,20
2,2,0
2,2,0
3,8,5
3,7,4
2,2,0
3,3,0
3,3,0
2,2,0
2,2,0
3,3,0
2,2,0
4,4,0
3,16,13
1,2,1
5,5,0
5,9,4
2,5,3
3,5,2
2,2,0
2,2,0
103,103,0
12,12,0
0,0,0
2,2,0
9,9,0
3,3,0
1,21,20
2,2,0
3,5,2
2,2,0
7,7,0
1,2,1
2,21,19
2,2,0
0,0,0
2,2,0
2,5,3
3,3,0
2,2,0
1,1,0
2,2,0
1,1,0
6,8,2
0,0,0
2,2,0
4,4,0
3,47,44
2,2,0
2,2,0
20,20,0
40,40,0
3,3,0
2,2,0
2,2,0
2,6,4
16,21,5
2,2,0
2,2,0
2,2,0
2,4,2
8,8,0
2,2,0
2,8,6
1,1,0
1,1,0
2,6,4
3,3,0
50,50,0
6,6,0
2,2,0
2,2,0
11,11,0
2,2,0
2,84,82
7,7,0
3,3,0
3,3,0
2,2,0
3,3,0
2,2,0
2,2,0
11,11,0
2,4,2
3,7,4
2,2,0
3,3,0
3,3,0
14,14,0
3,5,2
3,3,0
119,122,3
2,2,0
2,2,0
2,6,4
2,2,0
3,10,7
3,3,0
2,2,0
16,34,18
3,4,1
2,2,0
8,16,8
3,3,0
3,4,1
3,3,0
2,23,21
2,4,2
14,14,0
3,3,0
2,7,5
2,2,0
2,2,0
2,4,2
2,2,0
3,3,0
22,22,0
2,4,2
2,5,3
3,7,4
2,25,23
3,3,0
2,2,0
0,0,0
3,3,0
1,2,1
3,5,2
3,3,0
3,3,0
2,2,0
3,36,33
0,0,0
3,11,8
2,2,0
2,2,0
3,3,0
3,4,1
2,8,6
3,4,1
2,2,0
3,5,2
8,15,7
3,3,0
6,6,0
3,3,0
2,7,5
3,3,0
0,0,0
2,4,2
3,3,0
9,9,0
2,2,0
2,37,35
3,3,0
3,3,0
2,7,5
3,3,0
2,5,3
2,2,0
2,2,0
65,165,100
2,4,2
2,6,4
2,2,0
2,2,0
3,3,0
2,2,0
3,3,0
3,5,2
2,2,0
2,6,4
2,2,0
3,7,4
54,76,22
1,2,1
3,5,2
3,10,7
3,6,3
2,10,8
3,3,0
3,3,0
3,3,0
3,5,2
4,4,0
2,2,0
2,2,0
3,3,0
2,2,0
3,3,0
2,2,0
2,6,4
2,18,16
2,2,0
2,2,0
3,6,3
2,2,0
105,326,221
3,3,0
2,4,2
3,3,0
2,82,80
12,12,0
2,2,0
2,2,0
3,3,0
2,2,0
2,2,0
3,6,3
3,3,0
3,3,0
3,7,4
2,5,3
3,3,0
3,3,0
0,0,0
2,2,0
3,3,0
2,2,0
2,2,0
2,5,3
3,3,0
2,2,0
3,3,0
3,3,0
2,2,0
3,8,5
2,4,2
2,2,0
2,2,0
2,6,4
3,5,2
2,2,0
3,3,0
2,2,0
3,7,4
2,3,1
3,4,1
1,1,0
3,7,4
2,2,0
3,6,3
1,1,0
2,2,0
2,2,0
3,11,8
2,2,0
2,2,0
2,2,0
2,2,0
3,3,0
2,2,0
3,3,0
3,5,2
3,3,0
3,5,2
1,6,5
2,2,0
4,4,0
2,2,0
2,2,0
2,2,0
1,2,1
3,3,0
2,6,4
2,2,0
11,20,9
3,9,6
2,5,3
2,2,0
26,27,1
2,2,0
2,2,0
8,8,0
1,22,21
3,46,43
2,2,0
2,3,1
3,3,0
2,63,61
2,2,0
3,7,4
3,5,2
3,3,0
2,2,0
2,2,0
1,2,1
1,2,1
2,2,0
3,3,0
12,12,0
3,3,0
2,2,0
2,5,3
3,5,2
2,2,0
0,0,0
3,4,1
1,56,55
2,2,0
0,0,0
2,2,0
2,2,0
3,13,10
9,9,0
2,9,7
1,1,0
2,6,4
3,13,10
2,2,0
2,2,0
6,10,4
3,7,4
2,8,6
2,2,0
2,9,7
0,0,0
3,4,1
2,2,0
2,4,2
8,8,0
9,9,0
2,2,0
56,56,0
2,4,2
2,2,0
3,3,0
2,2,0
2,2,0
0,0,0
1,1,0
2,2,0
2,2,0
9,9,0
1,3,2
3,7,4
8,8,0
2,2,0
3,5,2
4,4,0
9,9,0
3,3,0
4,4,0
2,2,0
2,4,2
3,3,0
2,2,0
2,2,0
30,30,0
2,6,4
0,0,0
3,19,16
1,2,1
2,2,0
2,2,0
8,8,0
2,74,72
2,6,4
8,8,0
3,3,0
2,2,0
4,7,3
3,6,3
2,2,0
2,2,0
2,2,0
2,2,0
1,13,12
2,2,0
3,5,2
3,3,0
2,2,0
3,3,0
1,1,0
3,3,0
3,3,0
2,82,80
2,4,2
9,9,0
2,4,2
3,20,17
8,8,0
3,3,0
2,2,0
3,3,0
2,2,0
2,2,0
2,2,0
0,0,0
1,3,2
2,2,0
3,9,6
3,6,3
3,5,2
2,2,0
4,4,0
20,22,2
1,2,1
3,3,0
2,4,2
3,3,0
2,2,0
3,3,0
3,3,0
2,2,0
3,8,5
3,7,4
1,8,7
3,5,2
3,7,4
2,2,0
3,5,2
8,10,2
2,2,0
3,23,20
4,4,0
9,9,0
2,2,0
1,64,63
1,2,1
1,1,0
2,2,0
1,9,8
2,2,0
6,9,3
1,4,3
2,2,0
8,8,0
1,9,8
3,3,0
2,47,45
3,3,0
2,2,0
0,0,0
2,8,6
2,2,0
3,3,0
6,6,0
2,2,0
3,7,4
2,4,2
1,2,1
10,10,0
2,2,0
1,31,30
4,9,5
2,2,0
2,2,0
3,5,2
2,2,0
2,32,30
3,3,0
9,9,0
2,3,1
3,18,15
1,4,3
2,2,0
2,3,1
2,2,0
2,2,0
1,2,1
9,9,0
2,2,0
0,0,0
2,4,2
2,2,0
2,2,0
0,0,0
3,5,2
3,13,10
9,9,0
3,5,2
2,2,0
2,2,0
8,9,1
2,4,2
5,7,2
2,2,0
1,1,0
2,3,1
3,3,0
1,3,2
3,3,0
2,2,0
2,2,0
2,2,0
2,2,0
4,6,2
3,3,0
4,4,0
3,3,0
3,5,2
3,3,0
42,42,0
2,2,0
3,5,2
3,5,2
3,3,0
2,2,0
9,9,0
3,3,0
2,4,2
3,28,25
2,2,0
2,31,29
2,2,0
3,5,2
2,2,0
5,5,0
6,6,0
6,6,0
8,8,0
2,2,0
1,5,4
2,2,0
3,3,0
2,2,0
9,9,0
1,8,7
2,5,3
59,59,0
2,2,0
2,2,0
2,2,0
2,2,0
1,10,9
3,3,0
1,3,2
2,10,8
2,2,0
3,5,2
2,5,3
2,2,0
4,4,0
4,14,10
1,23,22
0,0,0
2,2,0
3,7,4
3,3,0
3,3,0
3,3,0
2,14,12
2,2,0
2,2,0
3,42,39
2,2,0
2,2,0
1,23,22
3,7,4
4,4,0
2,2,0
2,2,0
2,2,0
2,82,80
2,2,0
2,2,0
62,62,0
2,4,2
2,2,0
1,3,2
1,23,22
37,38,1
3,3,0
3,3,0
2,49,47
2,2,0
3,3,0
0,0,0
3,3,0
3,8,5
14,14,0
2,2,0
2,2,0
0,0,0
6,6,0
2,4,2
9,9,0
2,2,0
3,3,0
8,8,0
2,3,1
3,3,0
0,0,0
3,3,0
2,2,0
2,2,0
2,6,4
2,2,0
26,32,6
6,6,0
2,2,0
0,0,0
3,9,6
3,5,2
90,173,83
1,6,5
4,7,3
8,9,1
4,7,3
2,2,0
3,80,77
3,4,1
3,5,2
3,3,0
4,28,24
2,2,0
2,11,9
28,29,1
10,10,0
45,45,0
1,21,20
1,1,0
3,27,24
1,9,8
3,5,2
3,3,0
3,3,0
4,4,0
100,109,9
8,8,0
1,6,5
3,3,0
24,59,35
2,2,0
2,2,0
1,1,0
2,4,2
8,16,8
46,90,44
2,2,0
3,7,4
2,2,0
3,12,9
2,2,0
12,12,0
1,2,1
2,2,0
6,6,0
1,6,5
2,2,0
3,12,9
2,2,0
9,9,0
3,3,0
1,1,0
6,23,17
3,5,2
2,2,0
3,3,0
1,31,30
2,76,74
6,13,7
2,2,0
2,2,0
2,2,0
2,2,0
2,2,0
3,3,0
2,2,0
3,3,0
3,8,5
3,20,17
10,10,0
1,1,0
1,3,2
3,3,0
2,2,0
0,0,0
9,9,0
26,26,0
2,2,0
12,13,1
4,4,0
4,6,2
2,2,0
2,2,0
1,4,3
172,176,4
2,2,0
2,2,0
1,2,1
3,3,0
3,31,28
3,5,2
3,5,2
3,5,2
2,2,0
2,82,80
2,2,0
51,51,0
0,0,0
8,8,0
2,2,0
2,2,0
14,21,7
2,2,0
2,2,0
2,2,0
2,2,0
5,32,27
34,34,0
2,9,7
6,6,0
49,49,0
69,69,0
87,93,6
3,9,6
2,2,0
2,2,0
2,2,0
36,40,4
2,6,4
0,0,0
3,7,4
2,2,0
1,1,0
2,4,2
22,22,0
22,22,0
2,2,0
3,3,0
2,2,0
3,5,2
2,2,0
2,2,0
3,3,0
2,5,3
1,1,0
2,2,0
3,3,0
28,28,0
3,7,4
2,2,0
3,6,3
0,0,0
1,7,6
2,2,0
2,2,0
3,3,0
3,5,2
2,5,3
2,2,0
3,5,2
3,9,6
2,8,6
2,29,27
3,5,2
1,2,1
2,2,0
3,10,7
2,2,0
3,3,0
1,8,7
2,4,2
2,2,0
3,6,3
2,2,0
2,4,2
2,2,0
1,1,0
3,3,0
3,5,2
2,9,7
2,4,2
2,2,0
2,2,0
0,0,0
3,3,0
1,1,0
3,3,0
2,3,1
2,12,10
3,10,7
2,2,0
8,8,0
2,7,5
2,2,0
3,5,2
1,3,2
2,2,0
2,4,2
2,3,1
1,44,43
1,2,1
3,69,66
3,4,1
2,4,2
100,100,0
8,8,0
2,2,0
3,3,0
1,1,0
2,2,0
2,2,0
2,3,1
2,4,2
2,2,0
2,2,0
2,2,0
2,2,0
2,4,2
3,3,0
0,0,0
2,2,0
2,2,0
2,4,2
3,8,5
2,2,0
52,156,104
3,3,0
3,5,2
2,2,0
2,2,0
2,2,0
1,26,25
0,0,0
2,2,0
3,10,7
2,16,14
1,1,0
2,8,6
2,4,2
1,1,0
3,3,0
0,0,0
2,3,1
5,12,7
2,6,4
2,80,78
4,5,1
2,2,0
2,4,2
3,11,8
3,7,4
2,2,0
1,1,0
50,50,0
2,2,0
2,2,0
2,2,0
2,2,0
33,33,0
9,9,0
2,2,0
2,2,0
4,6,2
2,2,0
1,2,1
3,6,3
2,2,0
3,21,18
2,2,0
2,4,2
2,2,0
2,3,1
1,2,1
2,2,0
3,3,0
2,4,2
78,78,0
3,3,0
3,5,2
2,2,0
20,20,0
2,2,0
2,4,2
2,4,2
8,10,2
8,8,0
9,9,0
2,2,0
1,1,0
1,1,0
60,113,53
2,2,0
3,9,6
61,136,75
6,8,2
55,134,79
3,4,1
2,10,8
2,4,2
2,2,0
2,2,0
2,2,0
14,14,0
2,2,0
9,9,0
2,2,0
2,2,0
2,2,0
4,7,3
2,2,0
2,2,0
3,6,3
1,2,1
2,2,0
2,2,0
2,2,0
2,11,9
2,7,5
9,9,0
2,2,0
2,2,0
51,51,0
2,2,0
2,2,0
3,3,0
2,2,0
8,8,0
2,2,0
3,3,0
3,13,10
2,2,0
0,0,0
2,10,8
3,7,4
3,3,0
2,2,0
82,82,0
2,2,0
2,2,0
1,1,0
100,100,0
2,4,2
2,6,4
2,2,0
2,2,0
98,200,102
0,0,0
2,2,0
2,2,0
2,2,0
5,5,0
2,2,0
3,7,4
2,2,0
3,5,2
2,2,0
2,3,1
5,5,0
9,11,2
2,2,0
3,3,0
3,5,2
8,16,8
3,3,0
2,2,0
5,7,2
3,9,6
2,2,0
3,9,6
1,3,2
2,2,0
2,36,34
3,3,0
2,3,1
3,3,0
1,2,1
3,3,0
2,16,14
6,6,0
3,5,2
2,2,0
3,3,0
2,7,5
2,2,0
3,5,2
2,80,78
18,18,0
3,5,2
5,5,0
0,0,0
3,3,0
1,1,0
3,5,2
3,7,4
1,2,1
143,143,0
3,3,0
3,7,4
2,12,10
2,2,0
96,174,78
3,3,0
2,2,0
2,2,0
2,4,2
11,11,0
2,12,10
3,14,11
3,3,0
2,2,0
3,10,7
2,2,0
5,7,2
3,3,0
2,2,0
2,2,0
9,9,0
7,7,0
2,2,0
1,2,1
3,3,0
6,6,0
2,2,0
3,4,1
2,2,0
3,3,0
2,2,0
2,2,0
3,3,0
2,2,0
2,2,0
3,5,2
2,4,2
2,2,0
2,6,4
2,2,0
2,2,0
2,2,0
3,27,24
14,18,4
2,2,0
2,2,0
20,20,0
28,122,94
1,1,0
2,2,0
5,7,2
9,9,0
100,296,196
2,2,0
2,4,2
1,2,1
2,4,2
2,25,23
1,1,0
2,2,0
3,7,4
2,2,0
2,2,0
2,3,1
2,2,0
3,5,2
2,2,0
2,3,1
1,2,1
2,6,4
2,12,10
1,5,4
7,7,0
2,2,0
3,5,2
2,2,0
3,5,2
1,1,0
2,8,6
14,22,8
23,37,14
3,3,0
3,7,4
2,2,0
2,2,0
3,5,2
2,2,0
2,2,0
3,3,0
3,3,0
1,5,4
22,22,0
2,2,0
3,13,10
27,27,0
2,2,0
2,2,0
2,4,2
2,9,7
2,5,3
2,6,4
1,1,0
2,8,6
1,5,4
2,2,0
2,2,0
2,2,0
10,12,2
3,7,4
9,9,0
2,2,0
0,0,0
3,7,4
0,0,0
2,2,0
2,2,0
3,3,0
2,3,1
2,2,0
2,2,0
2,2,0
3,3,0
2,2,0
2,2,0
3,3,0
3,5,2
3,5,2
2,2,0
102,102,0
3,23,20
2,2,0
2,3,1
2,2,0
0,0,0
2,28,26
3,3,0
3,5,2
8,8,0
2,22,20
2,2,0
2,2,0
2,2,0
19,19,0
2,5,3
2,2,0
1,3,2
2,2,0
3,3,0
2,2,0
4,4,0
2,2,0
4,6,2
3,17,14
1,2,1
3,3,0
8,8,0
2,2,0
3,7,4
3,4,1
2,4,2
6,37,31
12,12,0
2,13,11
8,8,0
2,2,0
1,2,1
18,18,0
1,1,0
2,2,0
3,3,0
2,2,0
2,4,2
3,3,0
2,17,15
2,2,0
50,50,0
0,0,0
3,3,0
3,3,0
6,55,49
2,2,0
3,9,6
8,18,10
2,82,80
8,8,0
2,4,2
100,100,0
3,3,0
2,2,0
2,2,0
1,1,0
3,5,2
2,2,0
2,86,84
3,3,0
100,109,9
2,2,0
3,3,0
1,1,0
2,2,0
9,9,0
1,2,1
2,2,0
16,16,0
8,9,1
7,19,12
2,2,0
2,5,3
0,0,0
1,1,0
2,8,6
1,2,1
2,2,0
2,2,0
3,3,0
3,3,0
1,2,1
2,2,0
0,0,0
8,12,4
2,2,0
2,2,0
2,2,0
1,1,0
2,2,0
2,2,0
4,4,0
104,104,0
3,5,2
2,2,0
3,4,1
1,1,0
8,8,0
2,2,0
8,8,0
2,2,0
3,17,14
349,380,31
2,2,0
30,30,0
3,3,0
3,5,2
9,9,0
2,6,4
19,19,0
3,6,3
0,0,0
2,2,0
2,2,0
2,2,0
7,26,19
2,11,9
3,3,0
3,3,0
1,1,0
1,1,0
3,3,0
51,51,0
7,18,11
6,6,0
11,11,0
3,7,4
20,20,0
0,0,0
0,0,0
2,2,0
2,2,0
0,0,0
2,4,2
7,14,7
1,2,1
2,2,0
2,2,0
2,2,0
2,2,0
2,2,0
2,6,4
3,3,0
2,17,15
10,10,0
2,2,0
2,4,2
1,2,1
2,2,0
2,2,0
3,3,0
29,87,58
2,8,6
8,8,0
3,7,4
2,2,0
2,3,1
2,2,0
2,2,0
2,2,0
2,2,0
2,6,4
3,3,0
0,0,0
1,1,0
8,8,0
1,1,0
1,1,0
2,30,28
3,3,0
2,2,0
2,7,5
9,9,0
2,2,0
10,10,0
7,7,0
2,2,0
3,3,0
3,3,0
3,3,0
11,19,8
3,3,0
19,19,0
10,32,22
3,3,0
0,0,0
2,2,0
2,8,6
2,9,7
2,2,0
2,2,0
35,48,13
2,2,0
2,2,0
13,18,5
2,2,0
3,3,0
2,7,5
2,4,2
3,5,2
2,2,0
10,15,5
2,2,0
3,10,7
9,9,0
80,80,0
8,8,0
2,17,15
10,10,0
10,12,2
22,23,1
2,2,0
3,3,0
3,3,0
8,8,0
2,2,0
3,3,0
2,2,0
3,3,0
2,5,3
2,2,0
8,8,0
1,11,10
1,1,0
3,3,0
3,3,0
1,3,2
2,6,4
8,8,0
2,2,0
2,2,0
1,22,21
2,2,0
2,80,78
0,0,0
2,4,2
2,2,0
2,2,0
3,6,3
3,7,4
3,5,2
2,86,84
3,6,3
2,3,1
1,2,1
2,2,0
2,2,0
3,3,0
2,4,2
2,2,0
11,11,0
2,2,0
2,2,0
1,1,0
2,2,0
5,5,0
2,5,3
3,3,0
2,2,0
2,4,2
9,49,40
89,91,2
1,2,1
3,7,4
3,3,0
3,5,2
2,2,0
3,3,0
8,8,0
2,2,0
0,0,0
2,10,8
2,2,0
2,2,0
1,1,0
3,3,0
2,2,0
2,2,0
0,0,0
3,7,4
2,11,9
3,3,0
3,4,1
3,3,0
2,4,2
43,43,0
2,2,0
3,3,0
3,3,0
8,8,0
8,8,0
0,0,0
2,2,0
2,4,2
349,426,77
8,8,0
3,8,5
47,47,0
2,2,0
7,9,2
1,53,52
3,3,0
1,21,20
2,2,0
2,2,0
2,2,0
4,6,2
3,3,0
3,3,0
1,4,3
2,2,0
2,2,0
11,25,14
15,15,0
2,10,8
2,4,2
2,4,2
23,40,17
3,5,2
3,3,0
1,3,2
5,32,27
2,8,6
3,18,15
2,2,0
2,2,0
15,15,0
1,5,4
2,2,0
3,5,2
1,12,11
2,2,0
2,4,2
2,2,0
3,3,0
6,6,0
2,2,0
2,2,0
3,3,0
9,9,0
11,11,0
2,2,0
2,3,1
3,4,1
2,2,0
21,37,16
2,2,0
2,2,0
2,2,0
4,5,1
2,2,0
12,12,0
8,16,8
2,7,5
3,3,0
2,2,0
4,5,1
2,2,0
9,9,0
2,2,0
2,2,0
1,1,0
2,2,0
98,100,2
3,5,2
2,13,11
2,2,0
3,3,0
2,2,0
2,2,0
45,45,0
2,2,0
3,9,6
2,3,1
6,6,0
0,0,0
3,3,0
2,2,0
1,1,0
3,5,2
2,9,7
3,3,0
0,0,0
2,2,0
2,2,0
2,2,0
2,4,2
3,5,2
2,4,2
3,3,0
51,51,0
8,8,0
3,3,0
2,3,1
56,56,0
4,4,0
18,18,0
3,5,2
2,2,0
3,7,4
3,5,2
1,20,19
2,28,26
2,4,2
2,2,0
1,1,0
3,5,2
1,1,0
2,2,0
2,2,0
2,2,0
48,48,0
6,6,0
2,2,0
2,2,0
2,2,0
1,1,0
0,0,0
2,2,0
2,2,0
3,3,0
2,2,0
2,2,0
2,2,0
1,4,3
3,7,4
3,5,2
2,2,0
0,0,0
12,12,0
1,1,0
1,1,0
2,3,1
0,0,0
2,4,2
4,4,0
2,2,0
2,11,9
6,6,0
4,4,0
3,3,0
26,28,2
3,3,0
2,3,1
2,4,2
2,2,0
2,2,0
3,5,2
4,7,3
43,43,0
2,2,0
2,2,0
2,2,0
2,2,0
2,2,0
3,3,0
1,21,20
2,2,0
1,1,0
36,36,0
2,2,0
2,2,0
2,5,3
3,3,0
3,5,2
2,4,2
16,18,2
17,18,1
2,45,43
1,1,0
2,2,0
2,2,0
2,2,0
3,3,0
3,5,2
2,2,0
2,2,0
3,5,2
2,2,0
2,4,2
6,46,40
9,9,0
2,5,3
2,80,78
4,4,0
3,6,3
1,4,3
61,61,0
3,3,0
3,5,2
2,2,0
3,4,1
3,3,0
9,9,0
2,3,1
3,5,2
2,4,2
2,2,0
2,2,0
2,2,0
3,9,6
2,2,0
2,2,0
3,6,3
3,3,0
2,2,0
2,4,2
2,135,133
2,2,0
3,3,0
3,3,0
2,4,2
5,5,0
1,1,0
1,1,0
1,3,2
2,2,0
2,2,0
2,2,0
9,9,0
2,2,0
2,8,6
2,18,16
2,2,0
3,4,1
3,5,2
2,2,0
3,5,2
2,2,0
2,2,0
3,3,0
1,1,0
19,19,0
3,12,9
3,7,4
3,3,0
4,4,0
1,22,21
1,1,0
2,6,4
2,2,0
24,24,0
2,2,0
1,1,0
3,7,4
9,9,0
2,3,1
7,7,0
3,3,0
2,2,0
2,92,90
47,49,2
3,3,0
3,6,3
14,14,0
2,2,0
3,3,0
2,84,82
3,3,0
10,10,0
2,2,0
2,5,3
2,6,4
2,80,78
2,2,0
2,2,0
2,2,0
3,3,0
1,1,0
3,18,15
5,5,0
11,11,0
3,3,0
2,2,0
0,0,0
2,2,0
2,2,0
2,168,166
1,1,0
4,4,0
3,3,0
2,4,2
23,47,24
2,82,80
1,1,0
3,6,3
0,0,0
3,3,0
2,2,0
3,3,0
2,2,0
1,2,1
4,4,0
3,3,0
2,2,0
1,3,2
2,2,0
3,7,4
26,26,0
3,3,0
2,2,0
17,20,3
2,6,4
3,3,0
3,5,2
2,2,0
3,8,5
2,2,0
2,2,0
2,7,5
3,3,0
0,0,0
3,3,0
1,43,42
2,2,0
2,2,0
3,3,0
2,2,0
3,5,2
2,2,0
2,2,0
2,2,0
2,7,5
2,2,0
2,2,0
2,2,0
6,6,0
2,6,4
4,4,0
3,3,0
4,4,0
3,5,2
2,4,2
2,2,0
6,6,0
2,2,0
2,4,2
2,2,0
9,9,0
0,0,0
9,11,2
3,3,0
2,2,0
3,4,1
2,2,0
17,17,0
2,2,0
0,0,0
2,5,3
12,12,0
2,3,1
2,13,11
2,2,0
3,3,0
2,2,0
2,2,0
3,5,2
2,2,0
2,2,0
2,4,2
2,2,0
2,4,2
3,3,0
3,5,2
2,2,0
2,2,0
2,2,0
0,0,0
9,11,2
2,2,0
2,2,0
2,2,0
2,2,0
4,4,0
2,4,2
3,5,2
8,8,0
8,8,0
2,2,0
2,8,6
3,3,0
0,0,0
3,3,0
19,19,0
3,6,3
2,2,0
2,5,3
2,3,1
2,6,4
1,1,0
2,4,2
3,5,2
2,2,0
1,1,0
0,0,0
2,2,0
3,3,0
1,1,0
2,2,0
2,2,0
2,4,2
2,11,9
2,2,0
2,4,2
2,2,0
2,2,0
2,2,0
3,3,0
5,50,45
3,3,0
3,6,3
3,3,0
2,17,15
3,8,5
2,2,0
3,11,8
2,2,0
2,2,0
2,2,0
1,5,4
3,4,1
2,2,0
3,11,8
2,8,6
3,3,0
2,3,1
10,10,0
2,2,0
3,5,2
2,2,0
1,1,0
2,23,21
3,9,6
4,4,0
2,2,0
2,2,0
2,4,2
2,2,0
8,8,0
2,2,0
2,4,2
50,77,27
6,11,5
3,3,0
2,2,0
2,2,0
3,3,0
2,4,2
4,10,6
1,19,18
2,4,2
9,9,0
1,1,0
1,1,0
2,21,19
9,9,0
1,24,23
2,2,0
2,3,1
2,2,0
2,2,0
3,3,0
4,4,0
2,2,0
2,2,0
2,2,0
2,2,0
20,20,0
2,2,0
1,1,0
3,15,12
3,3,0
2,2,0
3,16,13
2,2,0
2,2,0
1,2,1
3,3,0
2,84,82
3,3,0
1,11,10
0,0,0
2,105,103
1,1,0
3,6,3
2,2,0
3,12,9
2,9,7
3,7,4
2,2,0
3,8,5
12,30,18
0,0,0
2,2,0
2,2,0
4,4,0
2,2,0
3,3,0
3,3,0
8,8,0
2,2,0
3,5,2
2,2,0
3,5,2
2,2,0
2,2,0
2,82,80
0,0,0
2,5,3
3,3,0
2,2,0
1,1,0
3,3,0
2,2,0
2,2,0
3,3,0
3,3,0
1,1,0
2,4,2
2,2,0
3,6,3
3,5,2
2,2,0
2,9,7
2,2,0
3,10,7
27,27,0
2,2,0
3,6,3
2,2,0
3,3,0
1,1,0
2,2,0
10,10,0
3,20,17
2,2,0
9,9,0
3,7,4
1,7,6
3,16,13
3,5,2
2,2,0
3,5,2
2,2,0
3,13,10
2,2,0
2,6,4
2,2,0
1,6,5
2,2,0
1,22,21
2,70,68
3,7,4
2,2,0
3,3,0
3,3,0
2,4,2
2,5,3
2,2,0
3,12,9
3,3,0
2,2,0
2,2,0
3,5,2
3,5,2
2,4,2
2,2,0
3,10,7
1,1,0
3,3,0
0,0,0
3,3,0
0,0,0
2,2,0
3,4,1
8,8,0
2,26,24
3,8,5
2,18,16
87,107,20
2,2,0
3,5,2
3,5,2
2,2,0
2,3,1
1,4,3
1,2,1
1,4,3
6,32,26
2,2,0
10,11,1
3,5,2
2,2,0
0,0,0
80,80,0
44,44,0
2,2,0
3,3,0
2,2,0
2,4,2
3,9,6
100,104,4
2,2,0
2,2,0
3,5,2
9,9,0
2,2,0
3,5,2
3,5,2
1,4,3
3,5,2
3,8,5
3,3,0
3,5,2
0,0,0
2,13,11
3,3,0
3,7,4
3,6,3
3,12,9
2,7,5
2,29,27
2,2,0
2,2,0
2,2,0
2,2,0
1,4,3
2,2,0
9,9,0
2,2,0
7,7,0
32,32,0
2,4,2
3,5,2
4,4,0
46,49,3
13,13,0
0,0,0
3,5,2
8,8,0
10,23,13
4,4,0
1,11,10
48,53,5
3,7,4
3,3,0
3,3,0
1,2,1
2,2,0
86,88,2
3,3,0
2,2,0
2,2,0
2,3,1
6,6,0
1,2,1
1,1,0
9,9,0
3,3,0
10,10,0
0,0,0
4,4,0
2,2,0
2,2,0
2,2,0
3,7,4
1,28,27
50,56,6
1,2,1
2,20,18
2,2,0
10,10,0
1,22,21
1,1,0
3,3,0
2,2,0
60,63,3
3,8,5
8,8,0
2,2,0
4,4,0
2,2,0
9,9,0
2,2,0
3,5,2
2,3,1
2,2,0
51,51,0
2,2,0
2,3,1
3,3,0
34,34,0
2,2,0
3,6,3
3,3,0
3,3,0
2,99,97
0,0,0
0,0,0
9,9,0
2,2,0
2,2,0
9,11,2
1,35,34
3,3,0
145,145,0
2,2,0
9,11,2
1,2,1
6,6,0
1,2,1
2,3,1
8,8,0
3,13,10
2,2,0
2,2,0
3,3,0
2,2,0
3,5,2
6,6,0
6,6,0
2,11,9
2,2,0
2,2,0
2,2,0
2,2,0
3,3,0
2,2,0
3,5,2
2,2,0
2,4,2
2,10,8
3,9,6
2,8,6
2,3,1
2,2,0
2,2,0
3,4,1
5,9,4
4,4,0
3,7,4
8,8,0
2,3,1
2,2,0
2,2,0
2,2,0
4,4,0
5,5,0
3,3,0
3,3,0
9,9,0
2,2,0
2,2,0
1,1,0
2,2,0
2,4,2
1,1,0
2,2,0
2,2,0
2,2,0
51,51,0
3,7,4
3,7,4
4,4,0
3,3,0
2,31,29
2,80,78
3,3,0
2,4,2
2,2,0
2,2,0
3,3,0
2,6,4
2,13,11
5,6,1
2,2,0
3,5,2
3,3,0
4,4,0
0,0,0
2,2,0
2,6,4
12,12,0
2,3,1
16,16,0
3,9,6
2,4,2
3,5,2
2,2,0
2,2,0
3,3,0
2,9,7
3,5,2
9,9,0
1,74,73
0,0,0
8,16,8
2,2,0
3,3,0
2,2,0
2,5,3
2,2,0
2,2,0
2,2,0
28,28,0
3,5,2
2,2,0
1,1,0
3,3,0
2,2,0
2,2,0
3,4,1
1,6,5
2,2,0
2,2,0
2,2,0
2,2,0
3,12,9
3,3,0
9,9,0
2,2,0
7,7,0
2,2,0
3,3,0
2,2,0
1,16,15
2,4,2
3,7,4
143,143,0
4,49,45
9,9,0
3,3,0
4,4,0
1,4,3
2,2,0
2,2,0
3,3,0
1,34,33
4,4,0
2,2,0
2,2,0
2,2,0
6,6,0
3,5,2
1,2,1
2,3,1
3,6,3
116,116,0
3,5,2
10,10,0
1,5,4
1,1,0
3,3,0
3,3,0
1,2,1
2,2,0
2,2,0
3,3,0
0,0,0
2,4,2
2,2,0
1,1,0
3,3,0
2,80,78
3,3,0
2,30,28
4,9,5
3,7,4
3,11,8
3,3,0
2,2,0
1,1,0
3,5,2
5,5,0
3,5,2
1,1,0
0,0,0
2,2,0
3,8,5
2,7,5
4,7,3
2,6,4
3,3,0
4,4,0
2,2,0
2,2,0
2,2,0
2,5,3
2,2,0
60,60,0
3,3,0
3,3,0
18,18,0
2,2,0
4,7,3
2,2,0
2,2,0
2,2,0
1,1,0
2,2,0
2,2,0
2,2,0
2,2,0
2,3,1
2,8,6
2,2,0
1,4,3
1,3,2
6,6,0
2,4,2
2,2,0
2,2,0
2,2,0
4,4,0
8,8,0
3,3,0
2,2,0
2,2,0
2,2,0
2,2,0
2,3,1
10,10,0
3,5,2
2,81,79
1,3,2
3,3,0
2,2,0
2,2,0
6,9,3
21,21,0
4,4,0
129,169,40
2,2,0
3,5,2
2,2,0
3,3,0
3,10,7
8,8,0
2,7,5
3,5,2
2,2,0
1,6,5
1,8,7
2,2,0
3,3,0
2,2,0
4,4,0
2,2,0
3,3,0
1,1,0
8,8,0
2,2,0
3,8,5
3,3,0
16,18,2
1,1,0
2,16,14
54,54,0
2,2,0
3,3,0
10,10,0
2,2,0
2,2,0
2,2,0
2,2,0
2,4,2
2,2,0
2,14,12
3,3,0
3,5,2
1,1,0
2,2,0
2,4,2
2,2,0
4,8,4
6,6,0
2,2,0
2,2,0
2,2,0
2,6,4
11,19,8
2,6,4
3,3,0
1,7,6
2,2,0
9,10,1
3,6,3
2,2,0
2,2,0
3,3,0
2,4,2
3,3,0
2,2,0
2,2,0
2,2,0
9,9,0
2,2,0
2,62,60
3,3,0
2,6,4
2,2,0
2,2,0
0,0,0
8,8,0
2,2,0
2,2,0
2,4,2
2,2,0
3,5,2
0,0,0
3,3,0
1,2,1
8,53,45
3,5,2
2,2,0
2,13,11
2,2,0
3,9,6
2,4,2
2,2,0
1,74,73
3,3,0
3,3,0
2,2,0
3,7,4
3,3,0
2,2,0
9,9,0
3,3,0
2,2,0
3,3,0
51,57,6
2,2,0
2,2,0
1,3,2
3,25,22
2,3,1
1,2,1
3,3,0
9,9,0
2,2,0
2,2,0
3,3,0
3,18,15
1,1,0
2,3,1
2,2,0
9,9,0
1,23,22
3,3,0
2,2,0
2,4,2
1,8,7
1,3,2
2,4,2
3,3,0
8,8,0
2,2,0
3,3,0
2,4,2
9,9,0
2,2,0
2,2,0
4,4,0
2,4,2
1,22,21
3,3,0
2,4,2
2,13,11
0,0,0
2,2,0
0,0,0
2,2,0
3,3,0
1,2,1
3,3,0
2,2,0
6,6,0
2,7,5
2,2,0
2,2,0
99,132,33
2,2,0
3,3,0
2,5,3
2,2,0
1,1,0
14,14,0
8,8,0
8,8,0
9,9,0
2,2,0
0,0,0
2,2,0
2,3,1
2,29,27
2,2,0
2,2,0
1,1,0
2,44,42
7,7,0
3,8,5
2,3,1
3,7,4
3,5,2
9,11,2
3,3,0
2,2,0
2,2,0
3,6,3
2,2,0
3,7,4
1,1,0
1,1,0
3,3,0
7,10,3
1,6,5
3,4,1
1,1,0
100,105,5
9,13,4
3,3,0
0,0,0
3,9,6
0,0,0
0,0,0
8,8,0
2,2,0
2,2,0
1,1,0
3,6,3
1,2,1
1,1,0
2,2,0
2,2,0
3,7,4
2,29,27
3,3,0
6,9,3
1,2,1
2,2,0
3,3,0
3,3,0
2,2,0
4,4,0
9,31,22
3,3,0
2,2,0
2,2,0
9,61,52
2,4,2
2,2,0
0,0,0
163,167,4
8,8,0
2,3,1
3,3,0
2,2,0
2,2,0
1,2,1
2,2,0
1,1,0
0,0,0
3,3,0
29,29,0
3,3,0
2,2,0
2,2,0
3,5,2
2,2,0
1,1,0
1,6,5
2,12,10
0,0,0
2,2,0
1,2,1
0,0,0
6,6,0
2,4,2
3,5,2
2,8,6
3,3,0
2,2,0
3,4,1
51,124,73
3,3,0
3,3,0
6,6,0
3,7,4
2,4,2
3,3,0
3,3,0
2,4,2
2,2,0
2,4,2
2,5,3
4,9,5
2,2,0
2,2,0
3,3,0
32,32,0
2,4,2
3,11,8
3,5,2
1,1,0
3,3,0
2,8,6
3,11,8
170,170,0
3,5,2
0,0,0
2,2,0
3,7,4
2,2,0
2,2,0
3,5,2
2,3,1
2,11,9
8,8,0
1,2,1
6,9,3
2,2,0
4,5,1
8,8,0
2,5,3
12,12,0
8,17,9
2,4,2
2,3,1
2,2,0
2,82,80
32,32,0
3,3,0
22,22,0
41,41,0
9,9,0
3,5,2
1,2,1
50,58,8
3,3,0
2,2,0
2,4,2
4,5,1
3,3,0
3,5,2
2,2,0
10,10,0
2,2,0
3,3,0
2,2,0
5,5,0
2,2,0
1,7,6
3,5,2
2,2,0
2,2,0
2,3,1
1,1,0
8,8,0
1,3,2
3,5,2
0,0,0
2,2,0
2,3,1
2,2,0
2,2,0
2,2,0
3,3,0
11,11,0
2,2,0
2,2,0
9,9,0
2,2,0
9,9,0
2,2,0
3,3,0
8,8,0
2,2,0
2,2,0
1,1,0
88,118,30
8,8,0
2,28,26
2,2,0
3,3,0
3,3,0
2,2,0
134,230,96
8,11,3
2,2,0
1,7,6
2,2,0
1,1,0
9,17,8
2,2,0
2,2,0
3,3,0
1,1,0
2,2,0
48,48,0
2,2,0
0,0,0
2,4,2
2,2,0
3,3,0
0,0,0
3,3,0
4,7,3
1,2,1
3,3,0
2,10,8
3,3,0
2,2,0
4,15,11
1,2,1
2,18,16
2,2,0
3,14,11
45,46,1
1,2,1
2,4,2
2,4,2
3,5,2
3,5,2
1,2,1
1,4,3
2,3,1
1,1,0
3,3,0
2,2,0
3,4,1
1,6,5
2,2,0
100,104,4
2,2,0
2,2,0
1,1,0
1,1,0
2,2,0
2,2,0
2,5,3
3,5,2
3,3,0
28,55,27
3,3,0
2,4,2
2,6,4
3,5,2
2,2,0
0,0,0
2,3,1
3,3,0
3,3,0
2,4,2
3,3,0
3,7,4
1,10,9
2,2,0
0,0,0
11,11,0
5,8,3
8,12,4
2,2,0
2,9,7
3,5,2
2,3,1
3,5,2
3,5,2
2,2,0
3,3,0
2,2,0
2,2,0
2,3,1
9,9,0
9,9,0
7,51,44
1,1,0
8,8,0
3,3,0
2,2,0
4,47,43
21,21,0
2,2,0
1,24,23
3,3,0
2,2,0
2,2,0
4,4,0
2,2,0
2,2,0
1,1,0
2,2,0
9,9,0
2,2,0
3,3,0
2,2,0
3,5,2
2,2,0
1,2,1
3,3,0
2,9,7
2,2,0
2,2,0
3,3,0
10,10,0
2,2,0
3,3,0
5,14,9
8,8,0
0,0,0
2,2,0
3,3,0
2,2,0
2,2,0
2,4,2
1,1,0
2,2,0
24,24,0
3,3,0
2,2,0
120,120,0
2,2,0
2,2,0
1,60,59
12,13,1
3,3,0
2,2,0
2,2,0
2,2,0
9,9,0
2,2,0
2,9,7
2,4,2
7,7,0
1,5,4
2,3,1
2,2,0
2,4,2
1,2,1
3,3,0
2,2,0
2,2,0
3,3,0
8,8,0
2,2,0
3,3,0
1,22,21
2,4,2
3,3,0
2,2,0
3,3,0
2,2,0
3,3,0
3,3,0
2,2,0
2,2,0
1,1,0
2,2,0
0,0,0
3,5,2
2,4,2
2,2,0
2,2,0
2,2,0
2,2,0
3,3,0
2,2,0
1,1,0
2,2,0
2,15,13
2,2,0
2,2,0
8,8,0
2,3,1
2,2,0
3,3,0
1,2,1
2,3,1
2,4,2
0,0,0
3,9,6
2,75,73
3,5,2
3,3,0
17,17,0
3,5,2
30,30,0
3,3,0
2,2,0
2,2,0
2,5,3
1,1,0
2,2,0
1,1,0
1,2,1
2,4,2
5,5,0
8,8,0
0,0,0
2,4,2
5,5,0
1,65,64
2,2,0
2,2,0
2,2,0
17,17,0
2,2,0
1,20,19
2,2,0
2,2,0
2,2,0
9,9,0
2,2,0
2,3,1
3,7,4
2,2,0
3,5,2
1,2,1
3,3,0
3,3,0
2,2,0
10,16,6
2,2,0
2,2,0
2,2,0
23,23,0
2,2,0
2,4,2
2,2,0
3,5,2
6,51,45
2,2,0
0,0,0
2,2,0
3,3,0
3,4,1
3,3,0
2,2,0
2,2,0
2,4,2
2,4,2
2,2,0
0,0,0
2,2,0
2,2,0
3,5,2
3,5,2
2,2,0
2,2,0
3,3,0
13,13,0
3,3,0
2,2,0
3,6,3
3,3,0
4,5,1
2,2,0
2,2,0
2,2,0
3,3,0
2,2,0
2,2,0
4,4,0
1,1,0
0,0,0
2,2,0
2,2,0
12,12,0
3,3,0
3,5,2
3,3,0
1,2,1
1,2,1
2,2,0
33,33,0
42,42,0
2,4,2
2,2,0
3,5,2
2,3,1
2,5,3
8,8,0
3,3,0
3,3,0
2,67,65
2,2,0
3,5,2
2,45,43
2,80,78
2,2,0
2,2,0
3,3,0
2,2,0
2,7,5
3,9,6
1,1,0
28,55,27
10,10,0
0,0,0
3,6,3
3,7,4
2,4,2
1,22,21
2,2,0
3,3,0
2,2,0
11,11,0
2,4,2
93,187,94
3,3,0
2,5,3
8,8,0
2,2,0
2,2,0
19,19,0
9,9,0
2,4,2
5,5,0
2,2,0
1,3,2
2,2,0
2,2,0
2,2,0
2,7,5
2,2,0
3,3,0
10,10,0
2,5,3
8,8,0
3,3,0
2,2,0
6,6,0
1,1,0
2,2,0
0,0,0
1,26,25
7,7,0
2,2,0
6,6,0
1,1,0
42,129,87
3,4,1
2,4,2
2,2,0
3,5,2
58,58,0
8,8,0
2,3,1
2,4,2
2,2,0
2,2,0
1,1,0
1,4,3
0,0,0
2,2,0
2,2,0
2,13,11
1,2,1
2,2,0
2,2,0
2,2,0
2,2,0
9,9,0
3,27,24
2,2,0
2,3,1
2,6,4
2,2,0
2,2,0
17,17,0
2,2,0
135,135,0
3,3,0
2,2,0
2,11,9
8,8,0
0,0,0
2,2,0
2,4,2
3,5,2
3,7,4
2,2,0
2,9,7
2,2,0
11,11,0
2,2,0
2,7,5
2,5,3
8,8,0
100,141,41
3,3,0
4,6,2
2,2,0
1,27,26
2,29,27
2,2,0
2,2,0
2,22,20
2,4,2
3,3,0
3,16,13
2,2,0
1,3,2
2,2,0
2,4,2
8,8,0
2,2,0
2,2,0
2,76,74
2,60,58
9,9,0
2,2,0
2,2,0
1,3,2
1,29,28
2,2,0
2,6,4
2,2,0
2,2,0
2,2,0
3,5,2
1,1,0
2,2,0
66,66,0
3,5,2
42,42,0
3,5,2
2,4,2
5,8,3
2,2,0
2,3,1
11,11,0
2,2,0
2,2,0
4,4,0
2,6,4
20,20,0
3,3,0
2,2,0
2,2,0
3,5,2
0,0,0
3,3,0
2,2,0
2,2,0
2,7,5
1,1,0
1,2,1
2,2,0
3,5,2
1,1,0
2,2,0
2,2,0
2,2,0
3,3,0
2,2,0
2,2,0
3,5,2
2,2,0
2,2,0
2,80,78
3,3,0
3,3,0
2,2,0
3,3,0
2,2,0
1,2,1
80,81,1
109,109,0
2,17,15
3,6,3
3,7,4
2,15,13
1,1,0
2,82,80
1,22,21
2,2,0
3,3,0
2,2,0
2,2,0
1,1,0
3,6,3
3,3,0
2,2,0
2,4,2
3,5,2
3,5,2
3,3,0
3,8,5
11,11,0
2,45,43
3,5,2
10,57,47
3,3,0
2,3,1
1,2,1
4,4,0
2,2,0
3,3,0
14,21,7
2,6,4
22,44,22
4,4,0
3,3,0
3,5,2
0,0,0
3,5,2
3,5,2
2,4,2
2,2,0
2,2,0
1,6,5
5,5,0
2,3,1
1,1,0
2,2,0
2,2,0
1,1,0
3,8,5
3,5,2
2,2,0
6,6,0
3,4,1
11,11,0
2,4,2
3,3,0
2,2,0
3,5,2
100,100,0
2,4,2
2,4,2
2,2,0
2,2,0
2,2,0
1,2,1
2,2,0
0,0,0
2,2,0
1,2,1
2,15,13
2,2,0
2,9,7
1,2,1
2,2,0
2,2,0
2,2,0
3,3,0
2,84,82
2,2,0
2,2,0
2,2,0
2,2,0
3,3,0
2,2,0
2,2,0
9,9,0
2,4,2
2,2,0
4,6,2
1,2,1
2,2,0
7,9,2
40,45,5
1,23,22
3,10,7
2,2,0
3,3,0
17,48,31
2,2,0
3,5,2
0,0,0
3,3,0
2,2,0
8,10,2
2,2,0
2,6,4
2,4,2
2,16,14
3,3,0
3,3,0
2,2,0
1,23,22
2,2,0
8,8,0
5,23,18
2,2,0
9,9,0
2,2,0
2,2,0
0,0,0
2,2,0
1,1,0
2,2,0
0,0,0
12,12,0
2,2,0
1,1,0
21,22,1
2,2,0
3,5,2
2,2,0
8,9,1
3,3,0
0,0,0
42,42,0
3,3,0
2,2,0
2,2,0
3,10,7
2,2,0
5,7,2
3,5,2
43,136,93
0,0,0
4,4,0
2,7,5
3,3,0
1,7,6
2,14,12
2,2,0
8,8,0
2,2,0
3,3,0
3,3,0
1,1,0
3,9,6
2,2,0
2,2,0
1,23,22
2,4,2
4,4,0
8,8,0
2,2,0
3,3,0
2,92,90
1,1,0
3,3,0
9,9,0
2,12,10
2,2,0
2,3,1
2,4,2
2,2,0
3,3,0
2,2,0
36,36,0
3,3,0
2,2,0
2,2,0
3,3,0
1,1,0
1,13,12
2,11,9
2,2,0
3,5,2
2,2,0
3,3,0
2,2,0
2,3,1
11,11,0
2,2,0
3,3,0
3,3,0
2,6,4
1,8,7
3,5,2
3,3,0
1,1,0
38,38,0
2,2,0
3,3,0
2,2,0
3,5,2
2,2,0
0,0,0
2,2,0
4,4,0
2,4,2
8,15,7
4,4,0
1,2,1
1,20,19
4,4,0
2,10,8
3,3,0
2,2,0
0,0,0
2,2,0
3,5,2
3,11,8
16,16,0
100,200,100
2,2,0
2,5,3
2,2,0
8,8,0
2,2,0
12,14,2
2,2,0
22,22,0
71,163,92
3,3,0
2,2,0
2,2,0
2,4,2
2,2,0
41,43,2
2,2,0
2,2,0
15,15,0
2,2,0
3,7,4
3,8,5
2,3,1
2,2,0
3,9,6
3,10,7
2,2,0
4,4,0
2,2,0
0,0,0
3,5,2
0,0,0
2,2,0
5,6,1
1,4,3
3,10,7
2,2,0
2,45,43
2,4,2
3,9,6
3,6,3
2,4,2
1,1,0
45,45,0
2,2,0
2,2,0
2,2,0
2,5,3
0,0,0
2,2,0
2,2,0
3,12,9
3,3,0
3,12,9
3,5,2
2,2,0
2,2,0
2,2,0
2,2,0
2,9,7
8,10,2
2,2,0
0,0,0
3,3,0
0,0,0
2,2,0
3,3,0
2,2,0
3,9,6
2,2,0
20,20,0
3,3,0
2,16,14
10,10,0
2,2,0
3,23,20
3,12,9
1,1,0
2,4,2
2,2,0
0,0,0
3,8,5
2,2,0
3,3,0
2,2,0
5,7,2
1,1,0
92,92,0
2,3,1
2,2,0
3,13,10
57,85,28
7,7,0
8,8,0
2,2,0
2,2,0
1,8,7
100,100,0
4,4,0
2,2,0
149,149,0
145,145,0
1,28,27
8,8,0
2,2,0
62,62,0
1,6,5
2,2,0
3,3,0
1,1,0
6,10,4
1,1,0
2,5,3
2,4,2
2,2,0
2,5,3
2,2,0
12,12,0
3,6,3
2,4,2
2,4,2
2,80,78
2,2,0
2,2,0
2,2,0
8,8,0
2,2,0
7,9,2
2,2,0
2,2,0
9,9,0
2,2,0
2,3,1
3,7,4
3,6,3
2,2,0
3,3,0
3,3,0
0,0,0
2,2,0
8,8,0
3,3,0
2,3,1
2,26,24
2,3,1
3,12,9
2,2,0
3,5,2
3,3,0
2,2,0
2,2,0
2,2,0
2,4,2
14,14,0
2,2,0
1,1,0
9,9,0
1,5,4
2,5,3
18,29,11
2,4,2
2,2,0
2,2,0
6,9,3
2,4,2
8,8,0
2,2,0
3,5,2
2,2,0
2,3,1
2,5,3
2,2,0
2,2,0
1,18,17
2,5,3
2,2,0
3,3,0
3,11,8
3,3,0
2,3,1
15,15,0
2,2,0
2,4,2
3,10,7
1,44,43
3,3,0
2,2,0
3,5,2
2,2,0
2,4,2
2,2,0
2,2,0
3,3,0
10,10,0
2,2,0
2,2,0
54,55,1
3,3,0
2,2,0
3,3,0
3,6,3
2,2,0
4,4,0
3,3,0
3,3,0
2,2,0
11,11,0
2,77,75
2,2,0
3,7,4
9,9,0
3,6,3
2,2,0
9,9,0
2,20,18
2,2,0
4,8,4
8,8,0
1,1,0
2,2,0
2,2,0
2,12,10
2,2,0
0,0,0
2,2,0
4,4,0
8,8,0
16,16,0
3,5,2
3,3,0
2,2,0
1,3,2
3,5,2
3,3,0
2,2,0
0,0,0
2,2,0
3,5,2
3,5,2
3,3,0
2,2,0
2,2,0
3,19,16
1,2,1
2,2,0
2,2,0
3,3,0
3,3,0
3,3,0
3,3,0
2,2,0
2,2,0
3,3,0
6,6,0
3,3,0
1,1,0
2,82,80
6,35,29
2,80,78
0,0,0
2,4,2
3,3,0
1,4,3
2,2,0
1,8,7
0,0,0
3,3,0
1,1,0
3,3,0
3,3,0
2,2,0
3,5,2
2,2,0
2,4,2
5,5,0
3,5,2
4,4,0
16,16,0
9,9,0
9,9,0
9,9,0
2,4,2
8,8,0
2,2,0
3,4,1
8,8,0
2,13,11
1,2,1
0,0,0
3,3,0
3,3,0
11,14,3
3,7,4
2,2,0
2,2,0
2,2,0
2,2,0
2,5,3
2,22,20
2,2,0
2,2,0
1,1,0
2,4,2
2,2,0
3,3,0
2,4,2
2,2,0
2,8,6
2,2,0
0,0,0
2,4,2
1,7,6
2,24,22
9,9,0
2,3,1
1,3,2
8,10,2
3,3,0
2,2,0
2,2,0
24,24,0
2,2,0
1,1,0
3,7,4
2,2,0
2,2,0
12,15,3
1,24,23
1,1,0
2,2,0
2,2,0
3,5,2
3,5,2
2,2,0
2,2,0
2,2,0
2,2,0
2,4,2
12,12,0
0,0,0
2,2,0
3,5,2
6,6,0
2,4,2
40,40,0
2,2,0
3,5,2
2,2,0
2,2,0
1,1,0
2,2,0
2,2,0
2,2,0
1,1,0
0,0,0
143,172,29
2,12,10
10,28,18
2,2,0
2,13,11
3,5,2
76,160,84
10,14,4
1,1,0
3,5,2
3,6,3
2,5,3
0,0,0
2,2,0
3,5,2
3,9,6
2,4,2
0,0,0
2,2,0
5,5,0
3,5,2
2,2,0
2,2,0
2,2,0
3,7,4
2,2,0
2,2,0
2,8,6
2,2,0
2,2,0
3,3,0
9,9,0
2,2,0
3,7,4
2,2,0
1,1,0
2,2,0
2,2,0
1,6,5
3,3,0
3,3,0
3,5,2
2,2,0
2,2,0
1,1,0
3,3,0
7,7,0
2,2,0
2,2,0
8,8,0
1,1,0
1,1,0
51,51,0
2,2,0
3,3,0
2,2,0
2,2,0
2,2,0
9,24,15
2,2,0
2,5,3
3,3,0
2,2,0
3,3,0
2,2,0
2,2,0
11,14,3
3,6,3
3,3,0
2,2,0
3,3,0
3,3,0
2,3,1
2,2,0
10,10,0
3,8,5
2,4,2
2,2,0
3,3,0
3,7,4
5,5,0
6,6,0
9,9,0
100,104,4
1,9,8
10,10,0
3,7,4
0,0,0
1,1,0
7,21,14
9,9,0
2,5,3
2,10,8
2,4,2
0,0,0
2,2,0
3,3,0
7,7,0
3,6,3
4,4,0
4,4,0
113,113,0
100,199,99
2,2,0
3,3,0
2,2,0
2,2,0
23,24,1
3,3,0
2,2,0
3,4,1
3,8,5
3,11,8
3,3,0
1,1,0
2,2,0
2,2,0
2,5,3
6,13,7
2,2,0
2,2,0
3,3,0
3,3,0
20,20,0
1,2,1
2,8,6
2,2,0
3,4,1
3,8,5
0,0,0
2,2,0
0,0,0
3,3,0
2,2,0
3,6,3
3,3,0
123,159,36
2,3,1
2,2,0
3,3,0
45,45,0
3,3,0
2,2,0
3,3,0
2,2,0
2,2,0
2,2,0
2,2,0
3,6,3
2,2,0
1,53,52
0,0,0
2,2,0
3,4,1
2,2,0
2,3,1
2,2,0
2,2,0
2,4,2
2,2,0
2,2,0
47,49,2
2,2,0
3,3,0
2,4,2
2,2,0
2,2,0
2,6,4
4,4,0
8,8,0
2,5,3
2,5,3
3,5,2
8,8,0
3,5,2
3,3,0
1,1,0
1,1,0
2,2,0
2,4,2
3,10,7
2,2,0
2,2,0
2,8,6
2,29,27
2,2,0
3,5,2
3,3,0
2,4,2
6,6,0
1,2,1
2,2,0
0,0,0
2,2,0
3,17,14
1,2,1
2,80,78
2,2,0
18,19,1
2,2,0
2,2,0
2,2,0
4,6,2
2,2,0
1,3,2
2,4,2
1,5,4
2,2,0
2,4,2
19,19,0
8,8,0
9,9,0
2,3,1
2,2,0
8,8,0
2,2,0
1,3,2
3,5,2
2,2,0
0,0,0
1,10,9
8,8,0
3,3,0
2,45,43
3,3,0
2,2,0
0,0,0
2,4,2
4,4,0
2,2,0
3,5,2
3,3,0
5,5,0
3,3,0
2,2,0
16,16,0
2,2,0
10,10,0
3,4,1
2,2,0
2,4,2
0,0,0
3,3,0
3,3,0
2,2,0
3,3,0
2,2,0
2,5,3
2,45,43
2,2,0
2,3,1
2,2,0
3,7,4
8,8,0
3,6,3
2,2,0
4,4,0
6,6,0
2,2,0
1,1,0
2,2,0
2,4,2
6,7,1
8,8,0
3,5,2
2,2,0
2,2,0
6,6,0
8,10,2
3,5,2
1,1,0
2,4,2
1,4,3
2,2,0
3,3,0
106,106,0
2,2,0
2,2,0
5,5,0
3,5,2
2,2,0
2,4,2
2,2,0
2,2,0
2,2,0
3,5,2
2,2,0
10,34,24
3,4,1
9,17,8
2,6,4
4,46,42
1,1,0
4,4,0
0,0,0
1,3,2
2,4,2
3,8,5
2,2,0
3,8,5
2,3,1
1,2,1
1,1,0
3,3,0
3,3,0
2,2,0
2,2,0
2,2,0
1,2,1
15,15,0
1,2,1
8,10,2
4,4,0
8,8,0
3,3,0
2,2,0
2,2,0
3,3,0
1,2,1
2,2,0
2,2,0
2,2,0
2,2,0
2,2,0
1,8,7
1,2,1
23,24,1
8,8,0
2,2,0
33,33,0
8,8,0
2,3,1
3,5,2
2,3,1
2,4,2
114,114,0
2,8,6
100,100,0
51,51,0
2,2,0
2,2,0
2,2,0
45,115,70
1,25,24
9,9,0
2,18,16
3,5,2
17,18,1
97,102,5
2,5,3
2,2,0
2,3,1
1,4,3
1,7,6
1,1,0
3,3,0
2,2,0
3,3,0
2,2,0
3,5,2
2,2,0
8,8,0
13,13,0
2,2,0
1,1,0
2,2,0
2,2,0
12,12,0
1,2,1
8,8,0
2,2,0
1,3,2
3,5,2
1,2,1
2,2,0
3,6,3
3,7,4
2,2,0
2,2,0
2,2,0
2,2,0
2,13,11
3,3,0
3,6,3
2,2,0
2,2,0
3,11,8
3,5,2
3,27,24
2,4,2
2,2,0
2,5,3
3,5,2
2,2,0
9,9,0
2,2,0
2,2,0
2,2,0
2,2,0
7,8,1
1,1,0
2,2,0
1,7,6
3,3,0
2,2,0
5,10,5
3,7,4
2,2,0
2,2,0
9,9,0
2,2,0
1,1,0
2,2,0
1,4,3
2,47,45
1,1,0
2,2,0
9,9,0
2,2,0
7,10,3
2,2,0
2,2,0
0,0,0
56,66,10
2,2,0
2,2,0
42,42,0
1,1,0
0,0,0
3,3,0
0,0,0
2,2,0
29,72,43
1,4,3
2,2,0
2,80,78
3,3,0
2,2,0
3,3,0
3,3,0
0,0,0
2,2,0
2,2,0
7,7,0
2,2,0
3,3,0
2,2,0
3,3,0
2,2,0
2,2,0
2,2,0
2,4,2
2,11,9
12,14,2
12,14,2
9,9,0
64,64,0
10,10,0
2,2,0
3,3,0
0,0,0
2,2,0
2,2,0
2,2,0
2,2,0
3,6,3
3,8,5
3,3,0
3,3,0
2,2,0
3,8,5
0,0,0
3,3,0
3,9,6
2,2,0
3,5,2
2,9,7
2,4,2
0,0,0
3,13,10
2,8,6
2,2,0
2,2,0
3,5,2
2,2,0
2,2,0
2,2,0
3,3,0
2,2,0
2,2,0
2,2,0
2,3,1
2,10,8
2,5,3
4,6,2
2,5,3
2,2,0
1,1,0
4,4,0
3,8,5
3,3,0
3,9,6
2,4,2
2,2,0
3,3,0
2,2,0
19,20,1
2,2,0
1,3,2
2,2,0
2,2,0
51,53,2
2,3,1
2,2,0
2,2,0
2,2,0
3,5,2
3,28,25
6,9,3
5,5,0
3,3,0
2,2,0
2,3,1
3,5,2
4,4,0
2,2,0
2,4,2
8,8,0
1,2,1
40,40,0
2,2,0
2,2,0
1,1,0
2,3,1
2,4,2
2,2,0
2,2,0
2,2,0
3,3,0
3,3,0
3,5,2
4,6,2
1,2,1
2,2,0
3,9,6
6,32,26
3,3,0
3,5,2
2,3,1
14,14,0
6,6,0
2,2,0
2,2,0
14,15,1
3,3,0
1,2,1
8,8,0
2,2,0
3,72,69
11,11,0
1,4,3
1,4,3
2,2,0
2,4,2
2,2,0
3,5,2
3,5,2
2,2,0
2,2,0
3,5,2
2,2,0
1,95,94
2,2,0
2,2,0
2,2,0
2,2,0
2,2,0
3,7,4
2,2,0
2,2,0
3,5,2
37,37,0
3,5,2
2,2,0
15,15,0
3,3,0
0,0,0
2,3,1
2,3,1
3,12,9
2,2,0
100,100,0
2,2,0
8,17,9
8,8,0
3,6,3
1,2,1
8,8,0
2,2,0
3,3,0
6,6,0
2,2,0
2,2,0
3,6,3
2,2,0
1,1,0
2,2,0
3,7,4
2,2,0
3,5,2
3,3,0
10,10,0
3,4,1
2,2,0
1,1,0
2,2,0
2,99,97
3,3,0
2,2,0
2,2,0
3,3,0
9,9,0
1,1,0
89,89,0
3,3,0
3,3,0
1,1,0
1,22,21
3,17,14
23,23,0
0,0,0
1,1,0
1,2,1
47,47,0
3,3,0
3,3,0
2,2,0
1,1,0
0,0,0
4,4,0
3,7,4
3,3,0
8,8,0
2,2,0
2,7,5
3,3,0
3,3,0
3,3,0
6,49,43
2,2,0
60,60,0
2,4,2
4,4,0
1,3,2
3,3,0
3,28,25
2,2,0
59,61,2
2,2,0
0,0,0
0,0,0
8,8,0
3,10,7
3,6,3
3,3,0
0,0,0
3,3,0
1,2,1
7,7,0
3,3,0
3,3,0
2,2,0
3,3,0
20,22,2
2,2,0
3,7,4
2,2,0
4,6,2
2,2,0
3,3,0
2,17,15
2,4,2
8,8,0
2,2,0
3,3,0
1,2,1
1,23,22
2,2,0
4,4,0
9,9,0
3,9,6
2,10,8
2,2,0
3,3,0
1,2,1
2,2,0
3,3,0
3,3,0
2,2,0
2,2,0
3,10,7
2,2,0
2,81,79
3,3,0
19,19,0
2,4,2
2,87,85
2,2,0
2,2,0
1,4,3
36,39,3
3,3,0
156,156,0
3,5,2
10,10,0
2,2,0
9,9,0
2,5,3
1,7,6
1,60,59
2,2,0
3,5,2
2,2,0
3,3,0
3,3,0
8,8,0
1,2,1
3,3,0
0,0,0
1,22,21
9,9,0
8,8,0
2,2,0
2,2,0
3,5,2
71,263,192
2,3,1
3,5,2
2,71,69
2,2,0
0,0,0
2,2,0
3,6,3
2,2,0
2,18,16
2,2,0
100,104,4
3,7,4
2,2,0
3,5,2
2,3,1
1,2,1
10,10,0
3,7,4
2,2,0
1,2,1
20,20,0
2,2,0
3,5,2
3,3,0
3,4,1
3,3,0
1,3,2
1,4,3
1,40,39
1,2,1
2,2,0
2,3,1
2,3,1
34,34,0
0,0,0
2,2,0
0,0,0
2,2,0
0,0,0
6,6,0
81,81,0
5,13,8
3,3,0
2,2,0
8,9,1
3,11,8
19,19,0
3,25,22
2,2,0
1,2,1
10,88,78
2,2,0
2,2,0
3,3,0
1,1,0
3,5,2
1,1,0
8,8,0
3,5,2
5,5,0
3,3,0
6,17,11
2,2,0
2,2,0
2,2,0
78,78,0
3,9,6
3,5,2
3,3,0
12,12,0
3,5,2
2,2,0
2,2,0
3,4,1
0,0,0
2,2,0
2,8,6
1,24,23
2,2,0
6,7,1
2,4,2
3,3,0
9,9,0
4,16,12
2,2,0
2,2,0
8,8,0
2,2,0
7,7,0
3,3,0
3,8,5
9,9,0
2,2,0
9,9,0
9,9,0
3,5,2
3,7,4
2,2,0
3,9,6
3,8,5
3,3,0
3,5,2
8,8,0
3,3,0
3,3,0
1,10,9
1,5,4
2,4,2
2,2,0
0,0,0
1,2,1
3,3,0
5,5,0
2,2,0
3,5,2
10,10,0
4,11,7
2,2,0
2,2,0
3,3,0
2,2,0
1,4,3
3,5,2
2,2,0
2,4,2
100,100,0
2,2,0
3,5,2
1,7,6
2,2,0
2,3,1
2,2,0
3,3,0
1,1,0
3,5,2
3,3,0
1,1,0
2,2,0
3,7,4
4,4,0
5,24,19
3,7,4
2,2,0
2,2,0
3,3,0
2,2,0
2,4,2
2,2,0
3,8,5
0,0,0
3,10,7
1,2,1
2,2,0
1,2,1
100,100,0
2,2,0
6,35,29
2,2,0
2,8,6
2,2,0
2,2,0
2,4,2
3,3,0
1,3,2
8,8,0
9,9,0
1,2,1
3,6,3
20,20,0
2,2,0
3,7,4
2,2,0
3,3,0
3,3,0
2,4,2
3,3,0
2,2,0
32,33,1
12,12,0
2,2,0
2,2,0
3,3,0
16,16,0
2,2,0
16,16,0
2,9,7
2,2,0
2,2,0
0,0,0
3,3,0
3,3,0
6,6,0
1,2,1
1,2,1
2,4,2
2,4,2
5,5,0
3,3,0
3,10,7
2,2,0
8,9,1
2,4,2
2,2,0
3,5,2
2,4,2
2,80,78
2,2,0
30,39,9
2,2,0
2,2,0
8,8,0
3,5,2
6,6,0
8,8,0
2,2,0
2,2,0
2,75,73
3,7,4
1,2,1
8,8,0
1,21,20
2,2,0
2,2,0
3,5,2
2,5,3
3,3,0
2,2,0
2,2,0
2,2,0
3,3,0
2,2,0
10,10,0
2,2,0
6,6,0
9,9,0
3,3,0
1,7,6
3,8,5
1,1,0
2,2,0
3,6,3
2,48,46
2,2,0
3,5,2
1,1,0
2,2,0
2,2,0
2,7,5
1,1,0
51,51,0
3,90,87
2,2,0
2,2,0
3,3,0
1,3,2
5,6,1
3,5,2
3,5,2
2,37,35
1,10,9
2,2,0
3,3,0
1,5,4
2,2,0
34,34,0
1,29,28
4,4,0
2,2,0
147,147,0
1,45,44
2,2,0
2,2,0
8,8,0
7,7,0
3,3,0
2,16,14
2,4,2
10,10,0
0,0,0
2,2,0
1,15,14
3,3,0
4,5,1
10,16,6
3,12,9
2,2,0
8,12,4
3,19,16
9,20,11
5,5,0
2,2,0
2,4,2
2,2,0
2,2,0
2,4,2
3,7,4
11,11,0
2,2,0
2,2,0
3,3,0
1,1,0
3,7,4
1,2,1
3,3,0
3,3,0
2,2,0
2,11,9
0,0,0
2,8,6
2,2,0
3,3,0
2,8,6
3,5,2
2,12,10
1,1,0
3,5,2
2,2,0
2,2,0
3,3,0
3,7,4
1,1,0
2,2,0
2,2,0
2,2,0
3,3,0
2,4,2
2,2,0
2,2,0
2,5,3
2,2,0
6,6,0
2,4,2
1,1,0
3,5,2
2,2,0
1,2,1
8,8,0
2,2,0
3,5,2
3,3,0
3,3,0
11,21,10
2,2,0
2,2,0
2,4,2
2,80,78
2,2,0
2,2,0
2,4,2
2,4,2
2,4,2
2,3,1
2,2,0
3,3,0
2,2,0
2,2,0
2,2,0
2,2,0
3,5,2
2,2,0
2,2,0
4,5,1
9,9,0
2,69,67
1,1,0
22,22,0
2,4,2
9,9,0
2,2,0
0,0,0
89,90,1
3,6,3
4,4,0
0,0,0
3,4,1
3,8,5
19,19,0
6,12,6
3,29,26
3,5,2
2,2,0
10,10,0
2,2,0
1,1,0
2,3,1
2,2,0
3,3,0
3,6,3
2,2,0
3,3,0
12,14,2
1,3,2
1,7,6
1,1,0
2,2,0
2,2,0
1,1,0
3,3,0
2,2,0
3,10,7
2,6,4
2,14,12
2,4,2
1,5,4
3,5,2
2,6,4
3,7,4
3,3,0
2,2,0
3,3,0
2,2,0
3,9,6
3,3,0
4,8,4
81,81,0
80,84,4
3,27,24
3,3,0
3,5,2
3,13,10
1,4,3
3,5,2
2,2,0
0,0,0
1,1,0
2,2,0
1,1,0
2,2,0
4,5,1
2,2,0
1,1,0
2,2,0
3,3,0
2,2,0
50,50,0
1,1,0
2,2,0
0,0,0
1,104,103
2,2,0
1,2,1
2,2,0
2,2,0
3,5,2
2,2,0
3,3,0
1,2,1
2,21,19
1,1,0
2,2,0
2,2,0
3,3,0
2,3,1
1,2,1
2,2,0
9,11,2
2,2,0
2,4,2
2,2,0
3,10,7
2,2,0
2,2,0
3,3,0
3,7,4
2,2,0
3,4,1
2,2,0
9,11,2
8,8,0
1,2,1
2,2,0
2,2,0
7,7,0
2,2,0
2,2,0
3,3,0
1,22,21
1,2,1
3,3,0
12,33,21
2,2,0
3,5,2
10,18,8
2,2,0
2,2,0
2,2,0
2,2,0
2,2,0
1,1,0
2,2,0
3,5,2
3,3,0
2,2,0
1,2,1
2,4,2
2,2,0
8,8,0
3,5,2
13,13,0
3,10,7
2,4,2
8,8,0
2,2,0
2,2,0
3,3,0
1,23,22
1,1,0
2,4,2
1,3,2
2,5,3
4,4,0
2,2,0
5,5,0
2,2,0
2,2,0
2,2,0
2,17,15
2,2,0
1,5,4
6,15,9
2,3,1
2,13,11
3,16,13
2,84,82
0,0,0
3,5,2
3,3,0
1,2,1
2,2,0
2,6,4
1,6,5
3,5,2
3,5,2
3,5,2
9,9,0
2,2,0
0,0,0
8,8,0
9,9,0
1,1,0
10,10,0
1,2,1
2,2,0
2,3,1
6,6,0
3,3,0
2,4,2
2,13,11
9,9,0
2,2,0
2,2,0
2,3,1
8,8,0
2,2,0
2,2,0
24,24,0
2,82,80
2,2,0
2,7,5
3,19,16
2,2,0
2,2,0
2,2,0
2,2,0
3,5,2
3,9,6
1,2,1
2,28,26
2,3,1
2,2,0
2,2,0
2,2,0
2,2,0
2,2,0
2,2,0
2,2,0
2,2,0
0,0,0
3,3,0
5,5,0
3,8,5
2,9,7
2,2,0
3,3,0
2,2,0
2,4,2
0,0,0
4,4,0
2,2,0
3,3,0
3,4,1
3,3,0
2,2,0
3,5,2
1,3,2
3,3,0
10,10,0
1,1,0
3,3,0
2,4,2
5,7,2
2,2,0
3,3,0
2,3,1
3,3,0
3,13,10
2,4,2
7,9,2
168,168,0
2,2,0
2,2,0
16,23,7
0,0,0
3,46,43
2,2,0
2,2,0
1,2,1
10,10,0
2,2,0
2,2,0
7,7,0
3,16,13
3,5,2
1,4,3
4,4,0
3,5,2
3,3,0
2,2,0
3,3,0
2,2,0
2,4,2
3,7,4
2,2,0
2,4,2
3,3,0
8,15,7
2,4,2
2,2,0
4,7,3
3,7,4
3,3,0
2,2,0
2,2,0
2,2,0
1,44,43
6,6,0
44,52,8
2,5,3
3,3,0
10,10,0
30,30,0
1,1,0
2,2,0
2,2,0
8,8,0
100,100,0
2,2,0
2,16,14
3,5,2
2,2,0
2,2,0
2,2,0
19,20,1
1,2,1
14,14,0
2,3,1
14,16,2
3,5,2
2,2,0
4,4,0
3,4,1
2,2,0
2,2,0
3,5,2
19,19,0
2,2,0
2,2,0
2,3,1
2,2,0
15,15,0
0,0,0
2,2,0
3,3,0
2,4,2
3,74,71
2,2,0
1,2,1
2,2,0
2,2,0
3,7,4
2,6,4
0,0,0
7,12,5
1,1,0
6,6,0
1,11,10
2,2,0
2,4,2
2,2,0
2,3,1
2,2,0
3,5,2
8,8,0
1,1,0
8,8,0
2,16,14
20,20,0
2,2,0
3,5,2
2,4,2
0,0,0
2,2,0
3,3,0
3,5,2
2,2,0
2,2,0
2,3,1
2,2,0
3,3,0
2,2,0
3,7,4
2,6,4
2,5,3
2,2,0
4,4,0
2,2,0
3,3,0
3,7,4
3,5,2
8,8,0
12,12,0
3,10,7
0,0,0
2,97,95
0,0,0
2,2,0
2,2,0
2,2,0
8,8,0
3,3,0
2,2,0
2,2,0
2,2,0
2,48,46
100,102,2
3,3,0
2,2,0
8,8,0
2,2,0
3,7,4
2,4,2
3,3,0
3,3,0
2,2,0
3,3,0
3,22,19
0,0,0
2,2,0
5,5,0
1,2,1
2,5,3
9,9,0
1,1,0
3,4,1
4,16,12
2,2,0
3,5,2
1,1,0
3,3,0
9,9,0
3,5,2
8,8,0
3,3,0
2,4,2
2,4,2
3,8,5
2,2,0
2,4,2
2,3,1
2,2,0
3,5,2
10,10,0
2,5,3
51,51,0
2,2,0
2,2,0
2,2,0
3,6,3
4,4,0
3,5,2
2,2,0
2,2,0
4,6,2
2,3,1
9,9,0
2,7,5
2,2,0
2,2,0
2,2,0
1,3,2
1,1,0
3,3,0
26,26,0
2,2,0
2,2,0
3,7,4
3,3,0
2,2,0
2,2,0
2,2,0
3,3,0
2,4,2
3,7,4
0,0,0
3,3,0
2,2,0
2,7,5
2,2,0
2,2,0
0,0,0
2,2,0
2,6,4
2,2,0
2,2,0
2,2,0
2,2,0
2,3,1
2,2,0
2,2,0
3,81,78
5,5,0
3,10,7
17,17,0
22,23,1
2,2,0
2,2,0
3,3,0
2,12,10
3,9,6
2,3,1
47,47,0
3,6,3
2,2,0
0,0,0
3,5,2
12,12,0
3,3,0
3,7,4
3,3,0
3,8,5
2,2,0
22,22,0
2,2,0
8,8,0
11,11,0
2,2,0
2,8,6
3,3,0
2,2,0
2,2,0
2,3,1
2,2,0
3,3,0
3,3,0
2,2,0
2,2,0
2,9,7
7,7,0
3,3,0
2,2,0
1,3,2
2,2,0
2,2,0
2,2,0
1,1,0
9,9,0
2,2,0
2,2,0
2,2,0
3,3,0
1,22,21
3,5,2
2,10,8
3,3,0
2,8,6
3,6,3
2,6,4
2,2,0
2,2,0
2,2,0
51,51,0
2,6,4
8,10,2
2,82,80
9,9,0
3,12,9
2,2,0
3,9,6
1,2,1
11,11,0
63,67,4
2,2,0
2,4,2
2,2,0
1,1,0
3,3,0
2,2,0
2,2,0
1,8,7
9,9,0
2,2,0
2,3,1
3,3,0
3,9,6
3,3,0
3,5,2
6,20,14
2,5,3
3,5,2
2,2,0
3,5,2
0,0,0
1,2,1
1,22,21
2,2,0
1,1,0
1,2,1
1,2,1
3,5,2
3,9,6
3,7,4
3,5,2
3,3,0
3,3,0
4,4,0
2,4,2
2,2,0
2,4,2
42,42,0
2,7,5
1,2,1
18,18,0
3,3,0
2,23,21
2,2,0
2,2,0
3,3,0
10,10,0
3,3,0
3,7,4
1,2,1
2,4,2
2,2,0
2,4,2
2,2,0
3,3,0
2,4,2
100,100,0
3,4,1
0,0,0
2,2,0
2,2,0
1,1,0
1,2,1
3,9,6
2,25,23
2,2,0
0,0,0
2,4,2
2,2,0
2,8,6
3,3,0
3,3,0
2,2,0
8,8,0
2,2,0
2,6,4
2,2,0
0,0,0
3,3,0
3,4,1
3,7,4
9,9,0
2,2,0
2,2,0
3,3,0
1,1,0
2,2,0
2,3,1
2,2,0
0,0,0
2,4,2
6,6,0
3,5,2
3,4,1
4,5,1
57,57,0
129,236,107
3,3,0
3,3,0
2,2,0
1,2,1
2,2,0
3,3,0
2,6,4
2,2,0
2,2,0
2,2,0
1,1,0
2,2,0
3,3,0
8,8,0
2,2,0
10,10,0
3,3,0
3,5,2
2,4,2
2,2,0
2,8,6
2,2,0
2,6,4
8,8,0
3,3,0
2,10,8
12,12,0
2,4,2
2,5,3
6,6,0
8,8,0
2,2,0
2,2,0
2,2,0
1,5,4
4,4,0
2,2,0
1,1,0
2,80,78
2,2,0
2,5,3
2,2,0
2,2,0
3,5,2
3,3,0
2,2,0
49,49,0
4,4,0
2,2,0
2,2,0
8,8,0
8,8,0
2,2,0
2,2,0
2,12,10
3,5,2
2,2,0
3,3,0
13,13,0
3,3,0
0,0,0
3,3,0
2,2,0
1,1,0
3,3,0
3,3,0
2,4,2
1,2,1
3,3,0
1,1,0
0,0,0
2,2,0
1,2,1
2,84,82
2,8,6
2,2,0
3,4,1
4,15,11
3,3,0
3,18,15
3,10,7
1,6,5
2,2,0
31,31,0
2,2,0
3,3,0
8,8,0
1,2,1
32,33,1
2,2,0
3,8,5
2,2,0
1,1,0
3,3,0
5,5,0
2,2,0
2,2,0
1,1,0
3,7,4
2,3,1
3,4,1
2,2,0
2,2,0
2,2,0
2,2,0
3,3,0
2,2,0
2,2,0
8,8,0
2,2,0
2,2,0
54,54,0
1,21,20
2,2,0
2,4,2
3,3,0
1,1,0
2,4,2
9,9,0
2,2,0
2,2,0
2,2,0
2,2,0
3,3,0
0,0,0
3,14,11
2,2,0
4,5,1
1,60,59
6,35,29
2,15,13
2,4,2
0,0,0
9,9,0
2,2,0
2,11,9
8,8,0
2,2,0
2,2,0
2,26,24
3,9,6
1,1,0
2,2,0
0,0,0
4,4,0
2,19,17
0,0,0
2,2,0
2,2,0
2,2,0
2,2,0
4,30,26
2,2,0
2,2,0
2,2,0
3,3,0
0,0,0
17,19,2
2,2,0
4,22,18
0,0,0
12,12,0
2,2,0
2,2,0
2,4,2
2,2,0
2,2,0
1,2,1
2,2,0
2,4,2
1,10,9
1,1,0
9,9,0
2,4,2
4,15,11
2,2,0
0,0,0
27,51,24
2,2,0
0,0,0
2,2,0
2,2,0
2,2,0
2,2,0
1,13,12
1,4,3
3,3,0
5,5,0
2,2,0
3,10,7
5,5,0
3,5,2
156,156,0
3,5,2
2,2,0
3,3,0
2,2,0
5,5,0
9,9,0
2,4,2
2,2,0
1,84,83
2,2,0
2,2,0
2,14,12
2,2,0
2,6,4
2,14,12
2,2,0
3,11,8
2,2,0
2,2,0
2,2,0
2,8,6
1,1,0
2,2,0
1,2,1
2,2,0
1,2,1
2,2,0
1,1,0
3,3,0
2,2,0
2,4,2
3,5,2
3,7,4
1,3,2
3,5,2
2,2,0
2,9,7
4,11,7
3,5,2
1,1,0
2,2,0
3,5,2
2,2,0
3,3,0
3,5,2
3,5,2
2,2,0
3,7,4
3,5,2
56,56,0
2,2,0
3,3,0
1,1,0
1,1,0
9,13,4
1,45,44
6,6,0
2,2,0
2,5,3
3,3,0
2,82,80
3,3,0
10,10,0
3,3,0
2,2,0
0,0,0
3,3,0
6,25,19
2,2,0
9,9,0
3,10,7
2,11,9
3,3,0
2,4,2
3,3,0
2,2,0
2,2,0
1,1,0
2,2,0
3,3,0
2,2,0
0,0,0
3,3,0
8,10,2
8,8,0
3,3,0
186,186,0
7,7,0
2,2,0
2,2,0
3,3,0
2,2,0
2,2,0
20,20,0
2,4,2
3,3,0
2,3,1
8,8,0
0,0,0
7,92,85
2,2,0
9,9,0
3,3,0
2,66,64
2,2,0
9,9,0
2,2,0
2,2,0
2,2,0
2,2,0
3,3,0
2,4,2
1,45,44
20,20,0
82,82,0
1,22,21
2,3,1
2,2,0
2,2,0
2,2,0
3,3,0
3,3,0
2,2,0
2,5,3
1,2,1
3,7,4
2,2,0
3,11,8
5,5,0
3,57,54
9,9,0
3,3,0
2,2,0
150,161,11
2,2,0
3,5,2
2,2,0
1,34,33
1,2,1
2,2,0
8,8,0
1,1,0
2,2,0
2,2,0
3,7,4
6,8,2
2,2,0
3,3,0
2,4,2
100,100,0
3,5,2
1,5,4
3,11,8
3,3,0
2,2,0
9,9,0
2,4,2
2,4,2
3,5,2
2,2,0
2,7,5
3,3,0
6,6,0
2,3,1
2,2,0
2,2,0
2,2,0
2,2,0
2,16,14
2,2,0
2,4,2
2,2,0
2,2,0
3,3,0
48,48,0
2,2,0
2,2,0
38,38,0
6,6,0
1,2,1
2,4,2
20,20,0
3,3,0
2,2,0
3,3,0
11,11,0
2,2,0
2,5,3
3,5,2
2,2,0
2,3,1
3,5,2
1,5,4
2,2,0
3,7,4
3,8,5
2,4,2
3,5,2
8,8,0
16,32,16
2,13,11
2,5,3
2,2,0
2,2,0
3,17,14
2,2,0
1,9,8
3,6,3
2,2,0
1,1,0
3,3,0
2,2,0
2,14,12
1,2,1
9,9,0
2,2,0
3,3,0
2,48,46
3,4,1
9,9,0
1,2,1
10,10,0
2,2,0
99,99,0
9,9,0
2,2,0
3,3,0
2,2,0
8,8,0
1,1,0
21,71,50
2,2,0
2,2,0
2,2,0
8,8,0
3,11,8
2,2,0
1,2,1
1,4,3
3,4,1
1,1,0
2,2,0
3,5,2
1,1,0
2,2,0
2,2,0
8,8,0
3,3,0
2,2,0
1,5,4
2,3,1
2,11,9
2,2,0
3,4,1
0,0,0
11,11,0
9,9,0
2,2,0
38,38,0
2,3,1
1,22,21
3,3,0
3,5,2
2,4,2
2,2,0
9,9,0
2,5,3
2,2,0
0,0,0
3,7,4
13,14,1
2,2,0
8,8,0
1,5,4
3,19,16
7,9,2
1,1,0
0,0,0
2,2,0
3,4,1
23,23,0
1,1,0
2,2,0
2,4,2
0,0,0
2,2,0
1,4,3
2,2,0
3,3,0
2,2,0
9,15,6
1,1,0
2,4,2
2,5,3
2,2,0
3,3,0
13,15,2
20,55,35
2,2,0
20,20,0
2,2,0
3,3,0
10,10,0
0,0,0
8,8,0
1,1,0
2,2,0
5,5,0
1,1,0
3,5,2
3,7,4
3,3,0
2,2,0
2,2,0
2,2,0
1,2,1
2,2,0
2,10,8
8,16,8
6,6,0
2,2,0
2,3,1
3,8,5
2,2,0
2,2,0
2,2,0
2,2,0
2,2,0
2,4,2
2,2,0
3,3,0
8,8,0
1,3,2
1,21,20
0,0,0
3,3,0
2,2,0
1,1,0
3,5,2
1,2,1
2,2,0
2,2,0
3,9,6
12,12,0
1,1,0
2,4,2
2,2,0
39,39,0
2,2,0
2,2,0
1,1,0
5,11,6
3,7,4
2,2,0
15,15,0
6,12,6
3,3,0
3,3,0
0,0,0
3,7,4
2,4,2
2,29,27
3,7,4
1,5,4
2,2,0
2,6,4
3,3,0
4,16,12
3,5,2
24,24,0
8,8,0
4,4,0
8,8,0
3,3,0
2,2,0
2,2,0
0,0,0
0,0,0
1,1,0
2,5,3
1,2,1
2,2,0
3,5,2
2,2,0
3,3,0
2,2,0
6,16,10
3,4,1
3,6,3
1,2,1
1,4,3
2,4,2
3,3,0
12,16,4
3,3,0
1,1,0
2,2,0
1,22,21
2,2,0
2,2,0
2,4,2
2,2,0
2,2,0
1,1,0
6,7,1
8,8,0
7,7,0
3,3,0
3,7,4
2,2,0
21,21,0
2,4,2
2,4,2
2,4,2
3,3,0
8,8,0
3,19,16
2,3,1
6,6,0
2,2,0
7,7,0
1,1,0
2,2,0
2,2,0
2,2,0
18,35,17
2,4,2
2,4,2
2,2,0
3,5,2
0,0,0
2,9,7
3,14,11
1,2,1
33,33,0
2,2,0
2,2,0
3,5,2
1,1,0
4,4,0
2,2,0
2,10,8
2,32,30
9,11,2
4,47,43
2,4,2
2,4,2
3,3,0
2,2,0
2,2,0
4,6,2
7,7,0
0,0,0
2,2,0
3,3,0
70,70,0
3,3,0
3,3,0
2,2,0
2,2,0
3,9,6
3,5,2
8,8,0
3,7,4
10,10,0
3,3,0
3,19,16
107,124,17
2,2,0
2,2,0
8,8,0
2,3,1
1,3,2
3,5,2
3,3,0
1,23,22
3,3,0
3,5,2
3,3,0
2,2,0
3,3,0
6,6,0
0,0,0
2,2,0
2,3,1
7,7,0
134,178,44
2,3,1
50,50,0
2,8,6
3,13,10
9,9,0
2,2,0
8,8,0
2,8,6
67,67,0
57,59,2
9,9,0
2,6,4
2,2,0
22,23,1
3,5,2
2,6,4
3,3,0
3,7,4
1,2,1
2,2,0
3,3,0
1,2,1
3,3,0
1,2,1
2,8,6
9,9,0
36,36,0
2,3,1
2,4,2
1,4,3
3,5,2
2,2,0
1,2,1
2,2,0
2,2,0
2,2,0
3,3,0
4,8,4
2,4,2
3,12,9
2,2,0
87,94,7
1,1,0
2,4,2
13,13,0
2,2,0
0,0,0
2,3,1
2,4,2
2,2,0
0,0,0
3,3,0
2,2,0
9,9,0
1,2,1
3,4,1
2,2,0
100,104,4
6,6,0
8,8,0
3,6,3
8,8,0
3,10,7
3,3,0
2,4,2
36,36,0
3,6,3
3,3,0
11,12,1
2,2,0
2,9,7
3,5,2
3,5,2
2,2,0
1,3,2
2,3,1
2,4,2
3,6,3
2,2,0
100,109,9
7,7,0
3,8,5
1,2,1
0,0,0
3,33,30
2,2,0
2,69,67
2,6,4
2,2,0
2,2,0
3,6,3
1,3,2
3,3,0
3,5,2
2,2,0
3,3,0
1,1,0
2,4,2
4,4,0
2,2,0
2,2,0
1,1,0
2,4,2
3,3,0
3,3,0
2,2,0
51,101,50
2,2,0
2,2,0
2,2,0
1,2,1
8,9,1
2,28,26
2,2,0
3,3,0
3,3,0
2,2,0
2,2,0
2,2,0
2,2,0
0,0,0
9,9,0
11,11,0
2,2,0
0,0,0
2,28,26
3,5,2
2,2,0
1,2,1
2,2,0
2,4,2
2,2,0
3,8,5
3,3,0
1,22,21
2,8,6
3,8,5
2,6,4
3,15,12
2,4,2
4,7,3
0,0,0
1,62,61
2,3,1
9,9,0
2,2,0
3,3,0
2,15,13
3,16,13
2,2,0
2,2,0
2,2,0
2,2,0
3,3,0
0,0,0
1,3,2
3,3,0
3,3,0
2,2,0
3,5,2
3,3,0
2,2,0
2,2,0
3,3,0
2,99,97
2,2,0
2,2,0
2,5,3
2,4,2
1,3,2
3,5,2
2,2,0
3,3,0
2,2,0
1,2,1
100,104,4
2,2,0
2,2,0
2,2,0
1,7,6
3,5,2
2,2,0
2,2,0
3,5,2
5,10,5
2,4,2
2,2,0
2,2,0
2,2,0
3,3,0
1,1,0
4,20,16
2,4,2
2,2,0
3,3,0
2,3,1
3,3,0
2,2,0
3,5,2
2,2,0
7,7,0
3,7,4
6,6,0
3,5,2
3,6,3
3,3,0
90,95,5
3,5,2
2,2,0
2,2,0
4,4,0
2,2,0
129,129,0
3,3,0
1,6,5
100,104,4
9,9,0
2,2,0
2,2,0
2,4,2
3,7,4
4,4,0
2,2,0
6,6,0
2,2,0
3,3,0
8,8,0
2,2,0
2,2,0
3,7,4
17,17,0
2,12,10
3,3,0
0,0,0
10,10,0
3,3,0
12,12,0
0,0,0
3,5,2
2,2,0
3,18,15
2,2,0
2,2,0
3,5,2
0,0,0
3,47,44
3,3,0
2,2,0
2,2,0
2,5,3
2,2,0
2,2,0
5,5,0
11,11,0
2,22,20
1,1,0
2,3,1
2,4,2
3,5,2
2,2,0
4,4,0
2,2,0
1,1,0
3,5,2
2,2,0
2,18,16
2,9,7
2,2,0
3,3,0
3,3,0
2,2,0
40,144,104
0,0,0
1,25,24
2,2,0
9,9,0
3,3,0
3,4,1
6,6,0
2,2,0
2,47,45
2,2,0
1,2,1
4,5,1
2,2,0
2,4,2
4,4,0
9,9,0
2,2,0
2,2,0
1,22,21
2,2,0
2,5,3
12,12,0
2,2,0
3,5,2
2,4,2
2,2,0
11,48,37
2,2,0
2,2,0
2,4,2
2,2,0
1,2,1
3,3,0
2,2,0
0,0,0
2,2,0
2,4,2
2,2,0
1,2,1
2,8,6
2,2,0
2,6,4
2,8,6
11,11,0
2,2,0
2,2,0
1,1,0
2,2,0
3,5,2
13,82,69
12,12,0
1,2,1
2,2,0
3,6,3
2,2,0
2,9,7
2,2,0
11,11,0
2,2,0
10,10,0
3,3,0
3,3,0
4,5,1
2,5,3
5,5,0
2,2,0
21,21,0
0,0,0
2,2,0
3,3,0
2,2,0
2,4,2
5,5,0
2,2,0
5,5,0
6,7,1
1,1,0
1,1,0
27,27,0
2,8,6
1,22,21
2,2,0
3,3,0
9,9,0
1,49,48
2,33,31
5,5,0
8,8,0
3,3,0
3,5,2
3,5,2
1,7,6
2,2,0
2,12,10
2,2,0
13,13,0
3,5,2
1,1,0
2,2,0
3,3,0
2,3,1
0,0,0
8,8,0
3,9,6
3,3,0
3,5,2
9,9,0
2,4,2
9,9,0
2,2,0
2,2,0
0,0,0
36,36,0
1,1,0
3,3,0
3,3,0
3,3,0
1,1,0
3,5,2
2,2,0
3,3,0
3,9,6
2,2,0
2,2,0
3,3,0
1,1,0
3,9,6
2,2,0
3,3,0
2,2,0
9,9,0
3,5,2
2,2,0
2,4,2
2,2,0
3,5,2
2,2,0
3,5,2
3,3,0
3,3,0
2,2,0
0,0,0
2,2,0
3,3,0
2,2,0
4,4,0
2,5,3
22,78,56
3,3,0
2,4,2
8,8,0
3,23,20
2,2,0
2,3,1
2,3,1
2,3,1
3,3,0
2,2,0
2,2,0
2,4,2
8,8,0
2,2,0
2,2,0
2,2,0
2,2,0
4,4,0
1,2,1
2,2,0
2,2,0
2,2,0
3,3,0
2,2,0
3,3,0
1,2,1
1,1,0
3,3,0
2,2,0
2,2,0
1,1,0
2,2,0
2,5,3
1,1,0
1,1,0
2,2,0
2,2,0
3,3,0
3,3,0
3,3,0
3,3,0
2,2,0
3,7,4
2,2,0
2,2,0
2,2,0
2,2,0
3,3,0
2,6,4
2,2,0
2,9,7
2,11,9
8,19,11
2,2,0
3,9,6
82,82,0
3,6,3
1,3,2
2,2,0
98,102,4
6,23,17
2,3,1
3,3,0
11,11,0
4,4,0
2,2,0
3,3,0
3,3,0
1,3,2
9,9,0
2,2,0
1,5,4
2,2,0
1,2,1
3,9,6
3,5,2
1,1,0
2,2,0
7,105,98
2,2,0
1,2,1
4,8,4
2,2,0
3,3,0
5,5,0
31,31,0
7,7,0
2,9,7
2,2,0
1,5,4
3,3,0
2,12,10
3,3,0
3,3,0
3,3,0
1,1,0
90,99,9
2,2,0
3,3,0
2,2,0
9,9,0
2,2,0
2,2,0
3,3,0
2,2,0
42,42,0
2,2,0
1,1,0
2,2,0
2,2,0
3,3,0
3,3,0
2,4,2
3,3,0
3,3,0
0,0,0
7,7,0
2,2,0
2,2,0
2,2,0
1,2,1
3,3,0
2,2,0
2,5,3
2,2,0
2,2,0
2,3,1
3,3,0
3,3,0
3,3,0
2,126,124
3,3,0
3,9,6
2,4,2
18,18,0
3,3,0
3,15,12
2,2,0
1,1,0
3,3,0
2,4,2
16,16,0
2,4,2
2,6,4
2,2,0
2,2,0
3,3,0
2,7,5
2,2,0
4,4,0
2,7,5
1,26,25
9,9,0
8,8,0
15,17,2
1,1,0
1,1,0
3,3,0
1,1,0
0,0,0
3,5,2
2,2,0
0,0,0
18,18,0
3,3,0
2,3,1
3,7,4
3,3,0
2,6,4
2,2,0
2,2,0
2,2,0
2,5,3
2,6,4
7,8,1
1,5,4
4,6,2
31,32,1
0,0,0
3,3,0
1,1,0
2,2,0
2,5,3
0,0,0
3,3,0
2,2,0
3,11,8
0,0,0
2,8,6
3,3,0
2,2,0
2,2,0
2,2,0
3,3,0
1,1,0
2,22,20
2,2,0
10,130,120
3,3,0
3,3,0
1,1,0
0,0,0
9,9,0
2,2,0
3,3,0
2,2,0
3,9,6
2,82,80
2,2,0
2,2,0
2,2,0
25,25,0
2,2,0
2,2,0
3,15,12
1,2,1
33,33,0
3,4,1
3,3,0
100,296,196
2,2,0
2,2,0
2,13,11
27,27,0
2,8,6
96,104,8
2,2,0
3,3,0
2,2,0
3,5,2
4,7,3
4,4,0
3,3,0
4,15,11
8,8,0
3,11,8
2,2,0
2,2,0
9,9,0
3,9,6
1,2,1
1,11,10
2,4,2
2,6,4
2,2,0
3,52,49
9,9,0
3,8,5
2,2,0
2,2,0
8,34,26
2,2,0
3,5,2
2,2,0
2,2,0
2,7,5
2,2,0
3,3,0
0,0,0
20,84,64
2,2,0
73,79,6
2,4,2
3,4,1
5,5,0
2,2,0
2,2,0
2,2,0
2,6,4
2,2,0
2,2,0
24,24,0
3,4,1
2,2,0
2,4,2
2,4,2
2,2,0
2,2,0
2,2,0
68,70,2
14,14,0
2,5,3
9,9,0
4,4,0
2,2,0
3,3,0
2,2,0
4,41,37
2,84,82
2,2,0
1,23,22
2,2,0
9,9,0
0,0,0
3,7,4
1,3,2
3,3,0
2,4,2
1,80,79
2,2,0
2,2,0
2,2,0
2,2,0
2,2,0
3,3,0
0,0,0
4,6,2
3,3,0
8,14,6
2,2,0
2,2,0
2,2,0
2,3,1
3,3,0
2,2,0
98,167,69
2,10,8
3,7,4
3,9,6
3,5,2
2,6,4
3,3,0
2,3,1
2,34,32
2,2,0
2,5,3
3,3,0
2,2,0
2,2,0
3,4,1
3,7,4
1,1,0
3,3,0
2,2,0
2,2,0
2,2,0
1,2,1
2,2,0
2,4,2
2,2,0
3,5,2
2,2,0
2,4,2
2,4,2
2,2,0
2,10,8
1,1,0
2,2,0
3,3,0
9,9,0
5,7,2
2,2,0
3,3,0
3,3,0
1,4,3
2,2,0
2,4,2
2,2,0
2,2,0
11,11,0
2,2,0
2,2,0
3,5,2
24,25,1
2,2,0
1,1,0
10,18,8
12,12,0
2,2,0
3,3,0
3,51,48
2,2,0
2,4,2
87,98,11
2,2,0
3,5,2
2,3,1
2,4,2
2,2,0
3,5,2
2,2,0
0,0,0
1,9,8
2,2,0
2,2,0
2,2,0
2,2,0
2,2,0
2,4,2
1,1,0
3,6,3
3,3,0
1,1,0
1,1,0
1,20,19
0,0,0
68,68,0
2,2,0
5,5,0
3,5,2
3,3,0
3,9,6
2,6,4
2,4,2
2,2,0
2,2,0
2,2,0
2,2,0
0,0,0
4,4,0
2,47,45
2,2,0
2,2,0
3,3,0
2,4,2
2,2,0
2,5,3
2,2,0
100,100,0
2,2,0
0,0,0
2,2,0
2,2,0
3,3,0
2,2,0
3,3,0
9,9,0
6,6,0
2,2,0
3,17,14
9,9,0
2,2,0
8,10,2
1,1,0
3,5,2
3,5,2
2,2,0
2,2,0
3,3,0
2,2,0
3,7,4
4,4,0
1,2,1
2,2,0
3,5,2
2,45,43
2,2,0
2,2,0
3,4,1
24,24,0
2,29,27
9,9,0
2,2,0
3,3,0
3,5,2
20,20,0
2,4,2
8,8,0
3,5,2
2,5,3
4,4,0
3,7,4
1,21,20
3,10,7
3,3,0
2,4,2
5,5,0
2,2,0
6,6,0
3,7,4
3,3,0
3,24,21
8,8,0
2,8,6
2,2,0
2,2,0
2,2,0
2,4,2
100,200,100
2,3,1
2,4,2
1,1,0
2,2,0
1,4,3
3,5,2
3,4,1
2,3,1
2,2,0
2,3,1
0,0,0
3,3,0
2,2,0
5,5,0
3,5,2
3,3,0
7,7,0
2,2,0
2,4,2
3,7,4
1,2,1
25,26,1
2,2,0
2,2,0
2,4,2
2,3,1
2,82,80
3,3,0
29,30,1
2,3,1
0,0,0
3,7,4
2,3,1
2,2,0
8,8,0
0,0,0
0,0,0
2,6,4
2,2,0
0,0,0
2,2,0
2,2,0
2,2,0
3,3,0
19,19,0
0,0,0
0,0,0
2,3,1
2,2,0
2,2,0
2,2,0
3,8,5
2,2,0
2,2,0
3,3,0
2,2,0
3,10,7
2,2,0
1,1,0
2,8,6
3,5,2
7,7,0
2,4,2
9,9,0
3,5,2
3,3,0
2,16,14
2,6,4
1,1,0
2,6,4
2,2,0
2,4,2
4,4,0
2,2,0
2,3,1
2,2,0
2,2,0
7,14,7
2,2,0
2,2,0
1,1,0
8,8,0
3,5,2
2,2,0
1,1,0
3,3,0
6,6,0
2,2,0
1,5,4
1,1,0
1,1,0
2,2,0
2,2,0
2,5,3
5,5,0
2,2,0
3,11,8
21,21,0
11,11,0
3,3,0
3,9,6
2,2,0
2,2,0
2,9,7
2,2,0
3,4,1
0,0,0
2,2,0
1,3,2
2,2,0
442,442,0
2,2,0
2,5,3
1,2,1
3,5,2
2,2,0
2,2,0
2,4,2
8,8,0
1,2,1
12,12,0
1,1,0
2,2,0
2,8,6
2,2,0
2,2,0
3,3,0
32,32,0
8,8,0
2,2,0
3,5,2
2,2,0
3,7,4
2,2,0
8,8,0
3,3,0
2,4,2
3,3,0
63,80,17
2,27,25
2,2,0
3,6,3
2,2,0
3,3,0
2,3,1
3,10,7
1,22,21
3,3,0
2,2,0
3,3,0
3,3,0
3,5,2
2,8,6
3,3,0
10,10,0
2,18,16
2,2,0
2,2,0
3,3,0
3,3,0
2,80,78
8,8,0
3,7,4
8,8,0
2,2,0
1,2,1
3,3,0
3,7,4
0,0,0
1,1,0
1,5,4
2,10,8
2,2,0
3,3,0
3,3,0
3,3,0
3,18,15
9,9,0
3,3,0
2,4,2
8,11,3
2,13,11
2,2,0
2,2,0
3,3,0
2,4,2
11,11,0
2,7,5
1,1,0
2,2,0
2,2,0
2,2,0
8,8,0
16,20,4
3,11,8
3,3,0
3,20,17
1,2,1
8,8,0
2,2,0
1,21,20
3,5,2
2,4,2
2,4,2
2,2,0
3,7,4
3,5,2
2,2,0
8,8,0
2,2,0
8,8,0
1,1,0
3,3,0
2,2,0
2,2,0
2,2,0
2,2,0
3,3,0
1,1,0
1,2,1
1,1,0
2,2,0
3,19,16
10,10,0
2,2,0
9,9,0
2,3,1
0,0,0
11,11,0
3,5,2
2,2,0
3,3,0
3,3,0
0,0,0
4,4,0
3,3,0
2,2,0
11,20,9
12,12,0
3,3,0
2,3,1
2,2,0
2,2,0
2,2,0
3,3,0
3,3,0
3,3,0
1,4,3
2,2,0
2,3,1
10,10,0
2,2,0
3,9,6
3,3,0
1,2,1
1,1,0
3,3,0
3,3,0
2,2,0
3,3,0
2,2,0
3,4,1
2,2,0
2,2,0
0,0,0
6,10,4
2,2,0
2,2,0
2,2,0
3,6,3
3,5,2
100,100,0
2,4,2
3,5,2
2,2,0
3,3,0
75,89,14
8,8,0
2,2,0
2,2,0
3,3,0
3,3,0
2,2,0
2,2,0
2,2,0
5,5,0
2,2,0
3,3,0
1,1,0
2,2,0
2,2,0
2,2,0
3,3,0
0,0,0
0,0,0
2,2,0
2,2,0
1,2,1
2,11,9
9,9,0
3,7,4
2,2,0
1,25,24
3,9,6
3,5,2
2,2,0
1,6,5
2,4,2
2,2,0
3,3,0
3,3,0
3,3,0
2,2,0
3,6,3
2,2,0
3,4,1
2,8,6
1,28,27
3,3,0
2,2,0
2,2,0
1,20,19
9,11,2
3,5,2
4,73,69
2,2,0
2,6,4
3,16,13
6,6,0
2,2,0
4,4,0
3,5,2
2,3,1
2,2,0
2,16,14
1,1,0
51,53,2
2,2,0
87,94,7
0,0,0
2,2,0
3,3,0
3,3,0
2,2,0
1,1,0
1,24,23
2,2,0
1,11,10
3,3,0
3,3,0
3,3,0
13,88,75
3,3,0
2,4,2
2,2,0
1,1,0
1,5,4
2,3,1
1,2,1
8,8,0
26,46,20
3,3,0
2,2,0
8,8,0
2,2,0
2,4,2
3,3,0
2,2,0
2,2,0
2,2,0
44,44,0
0,0,0
4,6,2
0,0,0
10,10,0
2,2,0
2,13,11
3,5,2
89,91,2
8,8,0
2,2,0
1,2,1
2,9,7
2,2,0
3,7,4
2,2,0
3,3,0
3,3,0
37,37,0
2,9,7
1,1,0
11,11,0
2,80,78
2,2,0
2,2,0
3,3,0
3,3,0
5,8,3
2,2,0
2,6,4
100,100,0
3,3,0
2,4,2
1,1,0
2,2,0
8,8,0
1,1,0
2,4,2
3,5,2
1,2,1
4,4,0
3,3,0
3,3,0
2,2,0
3,4,1
3,6,3
1,1,0
2,2,0
3,3,0
3,5,2
2,2,0
3,3,0
3,3,0
2,4,2
2,2,0
2,3,1
3,5,2
2,2,0
2,2,0
2,4,2
3,5,2
3,4,1
2,2,0
3,7,4
3,10,7
2,2,0
9,9,0
2,2,0
3,7,4
2,2,0
2,4,2
2,4,2
1,89,88
1,3,2
0,0,0
3,11,8
44,44,0
2,2,0
3,5,2
2,2,0
40,109,69
37,37,0
2,2,0
1,5,4
2,5,3
3,5,2
3,3,0
2,2,0
10,10,0
2,2,0
2,2,0
3,3,0
3,3,0
3,5,2
0,0,0
2,2,0
2,3,1
2,2,0
2,2,0
1,4,3
1,23,22
3,5,2
3,6,3
7,7,0
10,10,0
3,8,5
2,2,0
1,1,0
3,8,5
3,3,0
2,2,0
5,5,0
3,4,1
3,3,0
3,3,0
2,11,9
6,6,0
3,3,0
100,200,100
3,3,0
2,2,0
2,2,0
3,3,0
2,10,8
2,3,1
2,2,0
1,2,1
2,8,6
2,2,0
10,10,0
2,2,0
2,2,0
2,3,1
3,7,4
2,6,4
2,4,2
2,5,3
2,4,2
2,4,2
2,2,0
2,4,2
3,3,0
3,6,3
2,2,0
2,4,2
2,2,0
1,1,0
9,9,0
2,2,0
1,2,1
12,12,0
2,6,4
20,20,0
3,3,0
3,4,1
100,100,0
1,1,0
2,2,0
2,2,0
1,2,1
1,1,0
1,20,19
6,6,0
3,5,2
8,8,0
2,2,0
2,4,2
2,3,1
3,3,0
20,22,2
1,2,1
2,2,0
2,2,0
3,5,2
1,2,1
1,1,0
2,3,1
4,4,0
2,2,0
3,3,0
3,7,4
1,1,0
2,8,6
70,178,108
2,8,6
0,0,0
2,82,80
2,2,0
2,2,0
2,2,0
3,8,5
2,13,11
1,1,0
5,17,12
2,2,0
2,18,16
2,2,0
2,2,0
2,4,2
3,3,0
2,8,6
3,3,0
3,3,0
2,2,0
1,3,2
2,2,0
2,2,0
2,2,0
2,2,0
9,9,0
2,2,0
2,2,0
2,2,0
2,2,0
2,2,0
1,3,2
3,3,0
2,2,0
3,3,0
3,5,2
0,0,0
3,5,2
0,0,0
3,7,4
3,5,2
2,2,0
1,1,0
4,10,6
2,2,0
3,5,2
2,2,0
2,2,0
0,0,0
2,2,0
5,5,0
2,2,0
0,0,0
1,5,4
2,2,0
1,1,0
2,2,0
3,3,0
2,2,0
3,7,4
3,3,0
53,56,3
2,2,0
2,2,0
8,8,0
2,2,0
2,2,0
1,4,3
2,2,0
1,1,0
2,2,0
2,2,0
2,2,0
2,2,0
9,9,0
9,9,0
2,2,0
2,4,2
1,22,21
7,7,0
1,1,0
1,8,7
2,2,0
2,2,0
3,3,0
1,76,75
2,2,0
2,2,0
3,9,6
64,64,0
2,2,0
3,3,0
3,3,0
2,2,0
3,11,8
2,2,0
3,3,0
2,2,0
2,2,0
0,0,0
3,6,3
2,4,2
3,5,2
3,3,0
3,21,18
1,2,1
2,2,0
2,6,4
3,6,3
9,9,0
1,5,4
2,21,19
2,2,0
1,25,24
2,2,0
2,2,0
2,2,0
0,0,0
2,2,0
6,6,0
2,3,1
0,0,0
3,3,0
1,2,1
5,6,1
2,2,0
3,6,3
2,20,18
2,2,0
16,16,0
2,2,0
1,1,0
2,6,4
2,3,1
2,2,0
5,5,0
3,3,0
1,3,2
2,2,0
3,3,0
2,2,0
2,2,0
2,6,4
11,11,0
1,21,20
0,0,0
0,0,0
2,2,0
9,26,17
2,2,0
3,3,0
2,2,0
2,2,0
2,42,40
2,2,0
3,3,0
3,3,0
2,4,2
4,4,0
2,2,0
3,3,0
34,34,0
3,6,3
1,1,0
2,2,0
2,2,0
2,2,0
8,8,0
1,1,0
3,9,6
2,3,1
2,5,3
7,12,5
2,2,0
2,4,2
3,5,2
0,0,0
2,2,0
23,23,0
2,2,0
2,6,4
1,1,0
1,2,1
3,5,2
3,3,0
2,2,0
3,3,0
3,3,0
2,2,0
3,3,0
2,2,0
1,1,0
3,7,4
0,0,0
3,3,0
51,97,46
2,4,2
25,25,0
10,10,0
3,8,5
2,6,4
2,4,2
3,3,0
6,6,0
11,11,0
3,3,0
2,2,0
8,8,0
3,3,0
2,16,14
2,2,0
26,26,0
2,2,0
2,2,0
4,4,0
47,49,2
0,0,0
0,0,0
3,5,2
2,2,0
2,2,0
9,9,0
2,4,2
2,4,2
3,3,0
20,20,0
1,2,1
2,2,0
4,4,0
2,5,3
1,26,25
2,4,2
2,2,0
2,4,2
1,3,2
3,3,0
1,1,0
9,9,0
2,2,0
2,2,0
2,2,0
40,40,0
2,2,0
1,8,7
2,2,0
11,56,45
3,3,0
3,20,17
2,2,0
3,3,0
8,8,0
0,0,0
3,5,2
2,2,0
2,4,2
2,2,0
3,5,2
1,5,4
10,10,0
3,6,3
3,8,5
2,2,0
3,9,6
2,9,7
2,2,0
3,3,0
1,21,20
4,4,0
2,2,0
4,4,0
6,6,0
2,2,0
100,104,4
2,2,0
4,9,5
3,3,0
2,2,0
2,2,0
3,3,0
18,18,0
3,3,0
0,0,0
2,2,0
8,24,16
2,2,0
2,2,0
2,2,0
10,10,0
2,2,0
2,10,8
3,5,2
3,3,0
3,7,4
1,2,1
9,9,0
2,2,0
3,3,0
3,10,7
16,16,0
1,1,0
2,13,11
16,18,2
2,2,0
3,3,0
3,3,0
4,4,0
3,3,0
6,7,1
2,2,0
3,3,0
3,8,5
2,3,1
3,7,4
3,3,0
8,8,0
2,15,13
3,5,2
9,9,0
2,2,0
2,4,2
0,0,0
2,2,0
2,2,0
2,3,1
2,2,0
1,7,6
2,12,10
2,2,0
2,2,0
0,0,0
3,5,2
3,3,0
0,0,0
3,3,0
1,52,51
2,2,0
2,13,11
3,3,0
2,2,0
2,6,4
3,3,0
3,8,5
1,4,3
3,3,0
14,14,0
2,2,0
3,9,6
3,5,2
1,5,4
2,2,0
2,4,2
3,3,0
3,7,4
3,27,24
100,106,6
2,2,0
2,2,0
1,24,23
2,2,0
3,3,0
8,8,0
2,2,0
2,2,0
2,21,19
2,2,0
2,2,0
2,2,0
2,2,0
3,14,11
2,2,0
2,2,0
9,9,0
2,17,15
26,28,2
2,2,0
20,20,0
1,1,0
0,0,0
1,12,11
11,11,0
2,2,0
3,5,2
2,2,0
2,2,0
2,2,0
2,2,0
3,4,1
3,8,5
2,4,2
2,2,0
3,3,0
0,0,0
10,27,17
1,1,0
1,2,1
8,9,1
2,4,2
2,2,0
2,2,0
3,3,0
100,100,0
2,2,0
2,2,0
3,3,0
2,2,0
2,2,0
2,8,6
2,6,4
2,2,0
3,3,0
2,2,0
3,11,8
9,9,0
3,3,0
2,2,0
3,3,0
2,2,0
8,10,2
1,4,3
3,3,0
2,2,0
5,6,1
1,2,1
1,1,0
3,7,4
4,4,0
1,3,2
2,2,0
2,2,0
3,3,0
8,8,0
3,5,2
2,2,0
24,24,0
2,13,11
2,2,0
11,11,0
2,2,0
2,2,0
2,2,0
3,5,2
1,4,3
2,4,2
3,3,0
2,2,0
27,27,0
1,2,1
3,7,4
0,0,0
2,2,0
1,10,9
9,9,0
2,3,1
3,3,0
2,2,0
1,1,0
4,4,0
8,8,0
2,2,0
3,3,0
2,80,78
10,10,0
3,5,2
2,22,20
84,86,2
0,0,0
3,3,0
2,8,6
1,2,1
2,5,3
47,148,101
2,2,0
2,80,78
2,2,0
9,9,0
13,13,0
2,2,0
8,8,0
3,13,10
1,22,21
2,2,0
2,4,2
8,8,0
4,4,0
2,4,2
4,11,7
1,33,32
9,9,0
2,3,1
2,2,0
2,10,8
3,7,4
2,2,0
2,2,0
9,9,0
3,3,0
1,1,0
9,24,15
2,2,0
2,2,0
7,10,3
2,4,2
3,8,5
2,2,0
2,82,80
2,2,0
2,2,0
2,2,0
2,2,0
2,4,2
1,2,1
2,2,0
5,5,0
3,3,0
2,2,0
6,25,19
1,10,9
1,2,1
2,2,0
1,6,5
2,2,0
3,5,2
2,2,0
3,7,4
9,9,0
1,20,19
1,22,21
3,3,0
3,3,0
2,6,4
3,6,3
1,57,56
12,12,0
2,2,0
12,12,0
0,0,0
2,11,9
2,2,0
2,2,0
2,2,0
10,10,0
0,0,0
55,73,18
2,2,0
3,3,0
1,1,0
9,9,0
1,1,0
2,2,0
1,26,25
1,2,1
2,2,0
20,23,3
3,3,0
3,5,2
2,2,0
62,192,130
18,18,0
2,2,0
4,4,0
3,15,12
2,2,0
2,5,3
3,3,0
2,3,1
2,2,0
3,7,4
2,2,0
0,0,0
2,4,2
4,4,0
2,19,17
1,2,1
3,3,0
2,12,10
2,2,0
2,2,0
3,5,2
1,8,7
4,5,1
2,2,0
2,8,6
3,5,2
7,7,0
8,8,0
2,2,0
74,90,16
8,10,2
2,2,0
2,12,10
2,4,2
3,3,0
2,2,0
11,24,13
2,2,0
2,2,0
1,1,0
15,15,0
4,4,0
3,19,16
2,5,3
2,2,0
2,2,0
3,3,0
1,7,6
6,13,7
2,2,0
3,5,2
9,9,0
1,4,3
2,2,0
6,7,1
2,47,45
3,7,4
2,2,0
3,3,0
2,2,0
2,4,2
3,5,2
2,2,0
1,78,77
2,2,0
2,2,0
2,3,1
2,4,2
8,8,0
2,2,0
2,5,3
2,2,0
10,10,0
1,4,3
2,5,3
2,2,0
1,3,2
1,1,0
3,13,10
3,11,8
3,3,0
3,10,7
3,11,8
1,1,0
8,10,2
2,2,0
2,2,0
2,2,0
4,4,0
3,7,4
1,2,1
8,8,0
2,2,0
3,5,2
9,9,0
2,2,0
2,6,4
3,5,2
2,2,0
3,3,0
3,3,0
2,2,0
2,2,0
1,2,1
2,2,0
3,3,0
6,7,1
1,1,0
8,8,0
1,1,0
2,12,10
2,2,0
1,2,1
3,3,0
1,1,0
3,7,4
2,2,0
2,2,0
9,9,0
1,5,4
0,0,0
9,9,0
10,10,0
0,0,0
2,2,0
2,2,0
2,2,0
7,9,2
4,4,0
2,2,0
0,0,0
9,9,0
1,1,0
3,7,4
2,28,26
2,2,0
3,3,0
93,96,3
2,2,0
70,166,96
6,6,0
9,9,0
2,14,12
1,2,1
15,15,0
2,9,7
2,2,0
9,9,0
7,7,0
8,12,4
1,1,0
2,2,0
2,5,3
3,3,0
8,8,0
3,5,2
3,8,5
2,4,2
8,8,0
3,6,3
2,2,0
2,4,2
8,8,0
0,0,0
2,4,2
2,6,4
2,4,2
1,4,3
2,2,0
2,21,19
2,2,0
1,2,1
2,4,2
2,2,0
2,2,0
2,2,0
4,4,0
2,2,0
100,104,4
3,15,12
6,6,0
8,8,0
2,2,0
3,5,2
2,2,0
3,3,0
1,2,1
2,4,2
2,2,0
1,1,0
8,8,0
1,2,1
6,37,31
2,2,0
3,3,0
1,2,1
2,3,1
0,0,0
2,4,2
0,0,0
2,2,0
2,4,2
11,11,0
2,6,4
2,2,0
2,4,2
2,2,0
3,3,0
2,5,3
2,2,0
3,7,4
3,3,0
2,2,0
3,3,0
21,21,0
4,4,0
7,7,0
1,6,5
2,8,6
3,5,2
3,5,2
2,2,0
2,4,2
2,2,0
4,11,7
2,2,0
2,2,0
2,5,3
2,2,0
2,2,0
3,5,2
2,2,0
2,2,0
2,2,0
2,2,0
3,7,4
2,2,0
2,6,4
2,15,13
2,2,0
3,3,0
3,5,2
3,3,0
3,3,0
2,2,0
2,4,2
2,2,0
1,2,1
9,9,0
2,2,0
3,3,0
1,2,1
15,15,0
2,2,0
2,2,0
2,4,2
2,2,0
5,11,6
2,6,4
1,2,1
2,4,2
2,2,0
5,5,0
2,2,0
3,3,0
1,4,3
2,8,6
2,2,0
2,9,7
2,2,0
3,3,0
2,2,0
2,2,0
3,3,0
2,4,2
3,5,2
2,3,1
2,4,2
1,3,2
4,5,1
3,5,2
3,3,0
3,3,0
8,8,0
26,26,0
72,72,0
8,8,0
2,2,0
2,2,0
86,86,0
2,5,3
2,2,0
3,3,0
7,7,0
8,8,0
100,100,0
3,3,0
8,9,1
2,4,2
3,9,6
2,4,2
8,8,0
2,10,8
2,2,0
1,1,0
2,2,0
2,2,0
1,1,0
3,9,6
2,3,1
3,4,1
2,5,3
100,198,98
3,3,0
2,2,0
2,2,0
1,3,2
2,8,6
0,0,0
2,8,6
3,5,2
2,4,2
3,5,2
2,2,0
2,2,0
3,9,6
2,2,0
2,2,0
0,0,0
1,8,7
2,2,0
2,2,0
8,8,0
23,23,0
2,2,0
3,3,0
2,7,5
2,82,80
2,2,0
0,0,0
2,2,0
3,10,7
2,5,3
2,2,0
13,15,2
2,2,0
6,6,0
6,6,0
2,2,0
2,4,2
2,2,0
3,7,4
2,2,0
2,2,0
2,2,0
1,1,0
3,3,0
3,3,0
1,7,6
2,2,0
2,2,0
3,3,0
1,1,0
2,2,0
2,2,0
1,5,4
1,2,1
2,26,24
2,2,0
0,0,0
2,6,4
2,2,0
2,2,0
2,2,0
3,5,2
3,3,0
3,3,0
2,4,2
3,3,0
98,128,30
4,5,1
2,2,0
2,5,3
3,4,1
3,5,2
3,3,0
3,5,2
2,2,0
3,5,2
2,2,0
3,5,2
2,2,0
2,2,0
1,10,9
51,57,6
3,3,0
2,3,1
3,8,5
2,2,0
2,2,0
2,9,7
2,3,1
2,3,1
1,2,1
3,3,0
3,5,2
2,2,0
1,2,1
2,6,4
1,2,1
2,2,0
1,23,22
2,2,0
2,2,0
2,12,10
3,5,2
0,0,0
51,51,0
2,4,2
3,5,2
2,86,84
3,3,0
4,4,0
2,31,29
2,2,0
2,2,0
2,5,3
1,3,2
1,1,0
2,9,7
6,8,2
3,7,4
2,2,0
3,3,0
1,1,0
2,6,4
2,5,3
2,2,0
3,11,8
1,1,0
2,4,2
3,5,2
2,3,1
2,2,0
2,2,0
2,2,0
3,3,0
2,2,0
100,104,4
3,5,2
3,3,0
60,60,0
2,2,0
5,5,0
1,2,1
3,3,0
9,9,0
1,3,2
2,2,0
2,2,0
2,2,0
1,1,0
2,13,11
0,0,0
2,7,5
2,2,0
2,2,0
3,3,0
2,2,0
3,3,0
1,2,1
3,7,4
3,6,3
2,2,0
56,163,107
8,8,0
4,5,1
0,0,0
2,2,0
3,9,6
4,4,0
2,3,1
0,0,0
3,3,0
2,2,0
2,8,6
4,4,0
6,9,3
1,10,9
1,1,0
66,66,0
2,4,2
9,9,0
2,2,0
8,23,15
2,6,4
3,3,0
3,3,0
2,2,0
3,3,0
9,9,0
1,3,2
3,9,6
2,2,0
2,2,0
2,2,0
3,3,0
2,6,4
2,45,43
3,5,2
20,20,0
1,29,28
2,2,0
38,76,38
2,6,4
2,2,0
3,3,0
1,2,1
3,3,0
3,6,3
2,6,4
4,10,6
2,2,0
2,2,0
2,20,18
20,20,0
5,5,0
94,94,0
2,2,0
3,5,2
3,23,20
2,2,0
3,3,0
3,3,0
0,0,0
2,4,2
3,3,0
3,3,0
2,2,0
100,101,1
3,3,0
2,4,2
3,5,2
2,4,2
8,13,5
2,2,0
2,2,0
1,1,0
2,29,27
3,12,9
2,2,0
3,5,2
2,2,0
2,2,0
3,3,0
2,2,0
3,3,0
4,4,0
1,5,4
1,21,20
3,7,4
1,3,2
0,0,0
100,100,0
3,3,0
1,1,0
2,5,3
2,2,0
2,3,1
2,3,1
23,23,0
2,2,0
2,2,0
3,3,0
8,8,0
3,7,4
3,3,0
2,2,0
2,2,0
87,89,2
3,3,0
3,3,0
3,4,1
4,4,0
3,3,0
3,3,0
3,3,0
3,8,5
2,5,3
2,2,0
2,3,1
12,15,3
3,3,0
2,2,0
1,9,8
2,4,2
3,3,0
80,80,0
1,3,2
3,3,0
0,0,0
9,9,0
2,4,2
2,2,0
2,4,2
3,7,4
2,4,2
2,2,0
2,9,7
2,2,0
2,2,0
2,2,0
1,1,0
2,80,78
2,2,0
2,2,0
3,3,0
3,3,0
7,10,3
22,23,1
2,4,2
3,3,0
0,0,0
8,8,0
2,27,25
2,9,7
6,6,0
3,3,0
2,6,4
2,2,0
2,2,0
120,120,0
13,13,0
2,4,2
2,2,0
2,2,0
2,2,0
9,9,0
2,2,0
2,2,0
4,54,50
2,2,0
2,2,0
2,2,0
2,6,4
1,4,3
2,2,0
2,2,0
81,81,0
2,2,0
3,18,15
0,0,0
2,3,1
5,9,4
0,0,0
2,2,0
5,5,0
10,10,0
2,2,0
2,2,0
2,2,0
30,30,0
2,3,1
2,2,0
3,5,2
3,3,0
75,75,0
2,2,0
1,2,1
3,5,2
1,1,0
11,11,0
2,3,1
2,2,0
2,2,0
0,0,0
1,2,1
2,2,0
2,2,0
2,2,0
100,227,127
1,1,0
3,3,0
2,2,0
22,24,2
2,3,1
2,15,13
1,59,58
2,2,0
11,13,2
2,2,0
2,9,7
3,3,0
3,3,0
1,1,0
2,2,0
2,2,0
3,3,0
3,5,2
3,5,2
3,3,0
0,0,0
2,2,0
2,2,0
1,16,15
3,3,0
100,109,9
9,13,4
2,80,78
2,9,7
2,4,2
0,0,0
3,5,2
2,2,0
3,4,1
0,0,0
3,5,2
9,9,0
3,3,0
3,11,8
1,26,25
3,3,0
3,3,0
3,9,6
3,6,3
7,9,2
3,7,4
3,7,4
2,2,0
51,51,0
8,8,0
3,5,2
3,7,4
3,11,8
2,2,0
3,10,7
2,4,2
2,47,45
3,3,0
9,9,0
1,5,4
2,2,0
2,2,0
3,3,0
2,2,0
1,1,0
1,1,0
1,2,1
2,2,0
3,5,2
3,6,3
3,6,3
3,3,0
2,2,0
3,3,0
2,4,2
3,3,0
8,8,0
2,3,1
2,2,0
3,3,0
2,3,1
0,0,0
2,2,0
2,2,0
2,2,0
2,2,0
8,8,0
2,2,0
2,2,0
2,8,6
1,23,22
9,9,0
2,2,0
0,0,0
20,20,0
1,3,2
3,5,2
3,3,0
2,2,0
2,2,0
8,8,0
2,4,2
2,4,2
3,6,3
2,4,2
2,9,7
3,3,0
3,7,4
2,4,2
2,7,5
2,2,0
9,9,0
2,2,0
1,6,5
3,5,2
1,21,20
2,4,2
3,3,0
2,2,0
2,2,0
3,3,0
42,42,0
2,6,4
3,3,0
2,2,0
9,9,0
2,2,0
3,3,0
2,2,0
2,2,0
1,4,3
3,31,28
2,2,0
1,4,3
2,2,0
2,6,4
2,2,0
7,9,2
3,3,0
6,6,0
2,2,0
2,2,0
2,2,0
3,3,0
14,14,0
2,2,0
2,2,0
4,4,0
2,2,0
1,2,1
2,2,0
2,2,0
3,3,0
2,2,0
6,8,2
2,2,0
0,0,0
2,104,102
3,5,2
1,1,0
2,9,7
2,2,0
2,2,0
3,3,0
2,2,0
2,2,0
3,3,0
1,1,0
2,2,0
2,2,0
2,2,0
3,13,10
2,2,0
2,2,0
2,82,80
3,6,3
2,2,0
1,2,1
3,3,0
1,25,24
11,11,0
2,2,0
3,11,8
2,2,0
2,2,0
2,2,0
0,0,0
2,2,0
3,4,1
3,3,0
3,3,0
87,87,0
2,2,0
1,1,0
2,4,2
2,2,0
2,6,4
2,2,0
3,5,2
1,1,0
2,3,1
2,2,0
3,3,0
2,2,0
2,2,0
2,2,0
1,1,0
2,9,7
2,2,0
55,214,159
2,4,2
2,2,0
3,3,0
2,2,0
1,4,3
13,13,0
2,3,1
4,4,0
2,2,0
0,0,0
12,92,80
1,1,0
1,1,0
1,26,25
8,8,0
2,4,2
0,0,0
0,0,0
2,2,0
6,6,0
0,0,0
9,9,0
1,1,0
1,1,0
3,3,0
1,2,1
2,2,0
2,2,0
100,100,0
2,2,0
2,2,0
3,9,6
2,2,0
2,2,0
2,2,0
1,103,102
3,9,6
2,4,2
2,2,0
2,2,0
2,2,0
2,2,0
2,4,2
2,12,10
2,2,0
2,2,0
2,6,4
2,2,0
3,8,5
2,2,0
51,51,0
3,3,0
3,7,4
1,1,0
2,2,0
8,8,0
2,2,0
2,2,0
2,3,1
1,1,0
2,2,0
2,6,4
1,2,1
3,8,5
3,3,0
2,2,0
3,5,2
1,2,1
0,0,0
2,2,0
2,2,0
2,2,0
9,9,0
2,2,0
8,8,0
2,2,0
2,3,1
2,3,1
2,2,0
3,3,0
406,417,11
2,2,0
3,3,0
2,5,3
3,3,0
200,449,249
1,2,1
2,2,0
2,2,0
4,4,0
3,3,0
3,5,2
2,9,7
3,3,0
3,3,0
3,7,4
18,18,0
7,9,2
2,2,0
3,5,2
1,55,54
0,0,0
1,3,2
3,5,2
0,0,0
1,1,0
0,0,0
2,4,2
2,4,2
3,6,3
4,5,1
3,3,0
10,10,0
1,1,0
46,49,3
1,1,0
31,34,3
2,2,0
2,7,5
2,2,0
2,6,4
3,3,0
2,5,3
2,2,0
1,1,0
1,2,1
2,7,5
1,3,2
0,0,0
2,2,0
14,14,0
8,8,0
3,5,2
2,2,0
3,20,17
2,2,0
2,2,0
1,5,4
44,44,0
18,18,0
2,3,1
3,9,6
2,2,0
1,1,0
2,2,0
2,2,0
2,2,0
2,2,0
2,5,3
2,2,0
3,5,2
3,7,4
9,9,0
9,9,0
3,6,3
2,2,0
2,2,0
2,2,0
3,3,0
2,2,0
3,3,0
2,2,0
2,3,1
3,3,0
3,5,2
2,15,13
1,4,3
4,4,0
2,4,2
2,9,7
2,2,0
2,2,0
10,10,0
2,2,0
2,2,0
6,6,0
3,5,2
2,2,0
2,2,0
2,4,2
9,9,0
3,3,0
2,4,2
3,3,0
0,0,0
2,2,0
2,2,0
2,2,0
0,0,0
3,5,2
2,2,0
3,11,8
8,8,0
3,3,0
3,5,2
2,2,0
2,2,0
2,2,0
3,5,2
1,1,0
3,3,0
3,3,0
2,7,5
3,3,0
21,67,46
1,6,5
2,2,0
2,2,0
1,36,35
3,3,0
2,2,0
10,10,0
2,8,6
1,3,2
2,3,1
11,11,0
2,2,0
2,2,0
0,0,0
1,1,0
2,4,2
2,2,0
2,2,0
1,11,10
1,62,61
2,2,0
5,14,9
3,3,0
8,11,3
3,5,2
2,2,0
2,2,0
2,2,0
9,9,0
1,5,4
2,2,0
3,5,2
1,1,0
3,7,4
3,7,4
3,7,4
3,5,2
2,2,0
2,2,0
3,6,3
2,6,4
1,22,21
2,2,0
2,2,0
2,2,0
2,4,2
2,2,0
2,2,0
2,13,11
1,2,1
2,2,0
2,4,2
3,8,5
3,3,0
57,61,4
2,2,0
3,3,0
3,3,0
6,6,0
3,3,0
2,2,0
3,3,0
2,4,2
3,5,2
2,2,0
3,3,0
1,3,2
6,37,31
2,3,1
2,23,21
6,6,0
2,5,3
2,2,0
2,2,0
2,5,3
2,6,4
2,2,0
4,5,1
2,2,0
3,5,2
0,0,0
2,2,0
11,79,68
0,0,0
2,82,80
2,2,0
2,2,0
4,4,0
0,0,0
2,2,0
2,2,0
1,25,24
2,10,8
15,15,0
2,6,4
2,2,0
2,2,0
1,1,0
2,15,13
2,2,0
1,1,0
1,24,23
3,8,5
2,2,0
1,80,79
6,7,1
3,9,6
2,6,4
2,2,0
2,2,0
2,2,0
2,2,0
2,2,0
2,2,0
3,9,6
5,5,0
2,8,6
2,27,25
9,9,0
2,5,3
3,5,2
4,4,0
2,4,2
2,3,1
2,2,0
63,71,8
2,2,0
2,2,0
3,13,10
2,2,0
3,5,2
2,2,0
2,12,10
2,2,0
61,61,0
4,4,0
3,24,21
2,2,0
26,28,2
2,6,4
2,10,8
4,4,0
2,2,0
1,1,0
3,6,3
2,2,0
95,95,0
2,2,0
2,14,12
3,7,4
9,9,0
3,3,0
3,3,0
3,3,0
3,6,3
2,2,0
9,9,0
2,2,0
6,6,0
3,5,2
2,2,0
2,8,6
2,2,0
1,2,1
4,8,4
2,4,2
1,7,6
2,2,0
3,3,0
2,2,0
3,3,0
2,3,1
1,1,0
2,2,0
1,2,1
17,17,0
3,4,1
3,3,0
3,4,1
5,6,1
2,2,0
4,4,0
3,3,0
2,5,3
1,1,0
3,7,4
2,2,0
6,6,0
2,2,0
2,2,0
2,3,1
2,2,0
1,2,1
2,2,0
9,9,0
3,9,6
3,3,0
2,21,19
8,8,0
0,0,0
3,3,0
1,1,0
1,6,5
2,2,0
2,2,0
2,2,0
0,0,0
2,2,0
14,14,0
2,2,0
5,9,4
2,2,0
2,2,0
5,5,0
2,2,0
2,2,0
3,3,0
1,2,1
3,3,0
2,2,0
2,2,0
3,3,0
2,2,0
3,3,0
2,112,110
3,7,4
8,8,0
2,2,0
9,18,9
0,0,0
9,9,0
19,19,0
11,11,0
2,2,0
3,3,0
2,2,0
2,4,2
2,2,0
8,8,0
2,2,0
2,2,0
3,5,2
2,2,0
2,28,26
2,2,0
2,3,1
2,8,6
1,13,12
65,230,165
2,2,0
0,0,0
0,0,0
1,1,0
7,10,3
2,4,2
8,8,0
2,2,0
6,6,0
232,253,21
2,2,0
6,6,0
0,0,0
0,0,0
13,15,2
2,2,0
2,28,26
1,20,19
8,8,0
3,5,2
2,5,3
52,52,0
3,3,0
2,2,0
2,4,2
3,3,0
3,3,0
4,4,0
4,4,0
3,3,0
9,9,0
2,2,0
1,1,0
1,2,1
2,4,2
1,29,28
2,2,0
2,2,0
8,9,1
2,2,0
2,2,0
2,6,4
2,3,1
2,2,0
2,2,0
2,2,0
1,1,0
3,3,0
3,11,8
8,8,0
2,2,0
2,6,4
10,10,0
9,9,0
3,3,0
2,2,0
2,2,0
2,2,0
8,8,0
2,2,0
3,9,6
3,9,6
2,2,0
3,18,15
0,0,0
3,3,0
5,5,0
3,7,4
3,5,2
8,8,0
2,2,0
3,3,0
3,5,2
3,7,4
2,5,3
1,1,0
0,0,0
0,0,0
13,15,2
2,2,0
2,5,3
2,2,0
0,0,0
2,2,0
68,70,2
8,8,0
3,3,0
3,9,6
2,2,0
2,2,0
23,32,9
2,2,0
3,8,5
2,2,0
2,2,0
2,2,0
2,3,1
2,8,6
8,8,0
2,21,19
2,2,0
2,11,9
3,3,0
1,3,2
1,1,0
2,5,3
94,94,0
2,4,2
2,2,0
2,7,5
1,1,0
2,2,0
2,2,0
10,105,95
3,6,3
2,2,0
2,2,0
2,2,0
2,2,0
2,2,0
1,47,46
2,2,0
3,9,6
1,3,2
1,1,0
2,2,0
12,23,11
2,2,0
2,4,2
2,2,0
3,3,0
2,4,2
3,3,0
2,2,0
2,4,2
2,2,0
4,4,0
2,4,2
2,2,0
2,16,14
2,4,2
3,6,3
3,3,0
8,10,2
3,3,0
1,1,0
4,4,0
11,12,1
2,2,0
2,2,0
3,5,2
1,1,0
2,2,0
5,7,2
6,10,4
2,2,0
2,3,1
3,5,2
2,23,21
8,8,0
2,2,0
2,2,0
1,33,32
2,2,0
2,2,0
2,2,0
160,160,0
2,2,0
2,7,5
2,2,0
2,4,2
2,16,14
1,1,0
2,2,0
1,1,0
2,2,0
2,82,80
2,2,0
2,2,0
3,7,4
3,3,0
2,2,0
2,3,1
3,3,0
2,6,4
2,2,0
4,4,0
6,6,0
1,7,6
3,7,4
2,2,0
3,3,0
11,25,14
2,2,0
0,0,0
1,1,0
2,2,0
221,322,101
2,2,0
1,1,0
9,9,0
3,3,0
8,8,0
2,2,0
2,102,100
8,8,0
2,4,2
2,3,1
2,4,2
2,2,0
2,2,0
2,2,0
2,2,0
2,4,2
9,9,0
3,3,0
3,3,0
2,2,0
2,25,23
1,1,0
3,7,4
8,8,0
3,3,0
2,2,0
2,2,0
2,2,0
27,28,1
2,7,5
3,5,2
1,2,1
3,3,0
12,14,2
2,2,0
2,2,0
2,2,0
8,8,0
2,2,0
2,2,0
3,3,0
2,2,0
2,2,0
3,3,0
2,2,0
4,4,0
0,0,0
1,4,3
2,2,0
2,2,0
2,2,0
2,4,2
2,27,25
1,1,0
3,3,0
2,13,11
2,2,0
3,3,0
3,12,9
2,2,0
2,2,0
2,7,5
2,2,0
40,40,0
3,5,2
2,2,0
2,2,0
3,3,0
2,2,0
2,2,0
12,12,0
4,13,9
2,2,0
2,2,0
7,7,0
3,10,7
1,2,1
5,5,0
2,2,0
2,2,0
2,3,1
2,2,0
1,2,1
3,3,0
5,5,0
2,30,28
0,0,0
2,2,0
3,11,8
3,5,2
1,1,0
9,9,0
3,3,0
2,2,0
2,2,0
2,4,2
2,90,88
3,6,3
2,4,2
2,2,0
8,8,0
2,2,0
2,11,9
8,8,0
2,4,2
1,20,19
19,19,0
0,0,0
2,2,0
2,2,0
2,12,10
2,2,0
2,2,0
3,7,4
0,0,0
1,3,2
1,2,1
4,4,0
2,2,0
0,0,0
2,2,0
3,3,0
1,3,2
3,10,7
9,9,0
0,0,0
2,2,0
1,4,3
2,2,0
3,7,4
22,22,0
1,28,27
2,2,0
3,3,0
3,3,0
2,2,0
2,2,0
3,3,0
0,0,0
2,80,78
2,2,0
1,14,13
2,2,0
11,43,32
3,3,0
6,8,2
3,7,4
3,3,0
2,2,0
2,2,0
87,89,2
27,27,0
1,3,2
3,3,0
2,2,0
3,3,0
1,74,73
2,2,0
1,2,1
3,9,6
40,54,14
1,2,1
3,5,2
2,2,0
6,6,0
1,3,2
3,3,0
3,7,4
5,5,0
2,2,0
19,19,0
3,10,7
2,2,0
2,4,2
2,13,11
2,3,1
2,8,6
2,2,0
2,2,0
2,2,0
2,2,0
3,3,0
3,3,0
2,2,0
2,4,2
100,153,53
2,2,0
2,2,0
8,8,0
2,2,0
0,0,0
2,3,1
2,2,0
3,5,2
2,2,0
2,18,16
3,3,0
2,2,0
3,8,5
2,2,0
2,2,0
2,4,2
2,2,0
11,11,0
3,6,3
1,2,1
2,2,0
2,11,9
3,3,0
3,5,2
2,2,0
8,8,0
3,3,0
1,20,19
2,2,0
1,2,1
3,3,0
3,3,0
4,4,0
2,2,0
20,20,0
3,3,0
2,2,0
2,2,0
2,6,4
4,6,2
3,3,0
1,2,1
3,5,2
1,23,22
3,3,0
2,13,11
46,46,0
2,2,0
147,147,0
2,2,0
2,2,0
18,18,0
3,25,22
1,4,3
3,3,0
3,10,7
3,3,0
2,2,0
2,4,2
2,2,0
2,2,0
2,2,0
3,3,0
3,3,0
2,2,0
2,2,0
2,2,0
2,8,6
2,2,0
2,4,2
3,3,0
2,2,0
2,3,1
3,3,0
1,2,1
3,3,0
2,2,0
3,3,0
2,3,1
2,45,43
3,5,2
2,2,0
2,2,0
2,2,0
2,4,2
2,4,2
2,2,0
2,2,0
2,2,0
2,2,0
3,6,3
1,1,0
2,2,0
1,5,4
2,3,1
2,2,0
2,4,2
2,2,0
2,2,0
3,3,0
3,3,0
2,2,0
3,3,0
3,5,2
3,7,4
2,15,13
2,4,2
1,2,1
2,16,14
2,2,0
1,1,0
2,5,3
2,2,0
2,5,3
1,7,6
3,3,0
3,3,0
3,3,0
2,2,0
2,5,3
2,2,0
2,2,0
4,4,0
2,2,0
2,2,0
2,2,0
2,4,2
1,3,2
4,5,1
2,5,3
2,2,0
3,13,10
9,9,0
2,34,32
3,7,4
2,2,0
3,9,6
3,5,2
11,11,0
2,2,0
2,2,0
2,12,10
100,102,2
2,2,0
3,5,2
0,0,0
3,5,2
2,3,1
2,2,0
18,18,0
2,2,0
9,9,0
3,3,0
20,20,0
2,13,11
3,5,2
3,3,0
2,2,0
3,3,0
4,4,0
1,1,0
3,3,0
2,2,0
2,6,4
2,2,0
3,5,2
3,3,0
2,2,0
3,4,1
2,4,2
3,7,4
2,4,2
2,2,0
2,2,0
3,5,2
2,14,12
9,9,0
2,94,92
2,4,2
2,3,1
2,4,2
2,2,0
2,2,0
2,2,0
2,2,0
2,2,0
8,8,0
2,2,0
3,5,2
3,3,0
2,2,0
2,2,0
3,5,2
3,14,11
2,3,1
2,8,6
2,2,0
1,1,0
2,2,0
2,2,0
2,2,0
3,3,0
2,2,0
2,2,0
7,7,0
133,133,0
18,18,0
3,3,0
3,5,2
2,2,0
12,12,0
1,23,22
1,2,1
9,9,0
2,2,0
10,18,8
2,2,0
3,26,23
1,1,0
0,0,0
9,9,0
3,5,2
1,1,0
2,2,0
3,3,0
3,5,2
1,2,1
2,2,0
2,2,0
2,2,0
2,2,0
2,2,0
2,2,0
0,0,0
2,2,0
1,2,1
12,12,0
1,26,25
20,20,0
2,4,2
3,3,0
1,3,2
8,8,0
6,6,0
2,2,0
2,2,0
1,3,2
4,4,0
0,0,0
2,62,60
2,32,30
2,2,0
2,2,0
2,2,0
2,2,0
20,22,2
9,9,0
2,2,0
1,7,6
3,5,2
2,4,2
100,100,0
0,0,0
3,5,2
2,11,9
2,2,0
2,2,0
3,3,0
8,10,2
2,3,1
1,29,28
1,1,0
3,3,0
2,2,0
0,0,0
2,13,11
2,2,0
0,0,0
2,2,0
8,8,0
4,4,0
4,4,0
2,2,0
0,0,0
9,9,0
3,9,6
0,0,0
3,5,2
4,4,0
3,11,8
9,9,0
0,0,0
3,3,0
3,40,37
1,25,24
2,2,0
2,4,2
3,7,4
3,3,0
2,4,2
0,0,0
1,2,1
3,4,1
2,2,0
0,0,0
0,0,0
2,3,1
2,4,2
2,4,2
1,5,4
2,2,0
3,3,0
3,3,0
2,2,0
2,4,2
2,4,2
2,2,0
2,17,15
2,2,0
2,2,0
2,4,2
2,2,0
2,2,0
2,2,0
2,2,0
2,2,0
3,3,0
2,2,0
2,4,2
3,10,7
2,2,0
2,10,8
3,9,6
3,3,0
3,9,6
3,3,0
3,3,0
6,6,0
2,2,0
2,2,0
10,14,4
36,44,8
2,6,4
8,36,28
1,2,1
2,2,0
2,2,0
3,3,0
4,31,27
2,11,9
2,7,5
2,2,0
6,6,0
2,2,0
3,3,0
3,5,2
4,4,0
1,1,0
15,15,0
8,8,0
11,11,0
3,3,0
2,2,0
2,2,0
1,1,0
9,9,0
3,3,0
8,23,15
8,8,0
3,3,0
1,1,0
1,2,1
2,2,0
2,2,0
1,1,0
9,9,0
3,3,0
8,8,0
3,25,22
2,2,0
3,8,5
1,4,3
2,2,0
2,2,0
3,3,0
8,8,0
3,7,4
2,2,0
28,30,2
2,2,0
3,8,5
3,4,1
0,0,0
3,5,2
3,9,6
0,0,0
24,25,1
2,2,0
2,4,2
3,3,0
8,8,0
3,3,0
1,2,1
2,4,2
2,2,0
3,5,2
0,0,0
2,2,0
0,0,0
5,49,44
3,3,0
2,3,1
1,2,1
75,75,0
2,2,0
2,2,0
2,7,5
1,1,0
2,2,0
2,12,10
3,3,0
2,2,0
3,6,3
2,2,0
3,4,1
9,9,0
3,3,0
3,3,0
3,3,0
72,75,3
2,2,0
2,2,0
2,2,0
11,11,0
2,4,2
2,45,43
2,2,0
3,5,2
2,2,0
2,2,0
3,9,6
0,0,0
0,0,0
3,3,0
1,23,22
3,3,0
2,2,0
4,4,0
2,2,0
4,5,1
7,7,0
1,28,27
2,2,0
2,2,0
0,0,0
2,2,0
23,23,0
3,3,0
2,2,0
3,4,1
0,0,0
8,8,0
1,1,0
0,0,0
0,0,0
1,1,0
3,7,4
1,7,6
1,1,0
3,3,0
2,4,2
7,10,3
1,1,0
2,2,0
2,2,0
1,1,0
2,2,0
3,3,0
2,2,0
2,2,0
2,2,0
2,2,0
3,3,0
1,26,25
8,8,0
2,2,0
3,3,0
2,2,0
6,35,29
2,13,11
8,29,21
0,0,0
2,15,13
12,12,0
1,2,1
1,1,0
10,12,2
2,3,1
14,14,0
2,5,3
2,4,2
2,11,9
1,1,0
2,2,0
2,2,0
0,0,0
2,2,0
2,4,2
1,1,0
2,2,0
57,73,16
3,4,1
14,14,0
1,2,1
2,2,0
1,26,25
12,12,0
1,1,0
3,20,17
2,2,0
2,2,0
2,2,0
2,4,2
2,2,0
2,2,0
1,1,0
2,3,1
2,8,6
2,2,0
3,3,0
2,2,0
8,8,0
3,3,0
2,2,0
1,7,6
2,2,0
2,4,2
3,3,0
3,3,0
3,6,3
2,2,0
3,3,0
8,8,0
2,10,8
2,2,0
3,5,2
9,19,10
2,2,0
3,5,2
1,6,5
3,5,2
3,6,3
2,23,21
1,2,1
2,2,0
1,2,1
1,1,0
3,8,5
1,2,1
2,2,0
2,4,2
3,3,0
2,4,2
1,1,0
3,8,5
2,5,3
3,5,2
2,2,0
24,24,0
9,9,0
1,1,0
5,5,0
2,4,2
5,11,6
2,3,1
2,4,2
3,17,14
2,2,0
2,2,0
2,2,0
12,12,0
2,2,0
2,2,0
3,3,0
3,3,0
24,76,52
2,2,0
2,9,7
2,2,0
1,1,0
2,2,0
8,8,0
0,0,0
3,7,4
1,2,1
3,3,0
3,5,2
2,2,0
0,0,0
3,3,0
8,10,2
2,4,2
51,51,0
2,2,0
2,4,2
2,2,0
8,16,8
3,3,0
15,16,1
1,2,1
6,6,0
3,3,0
2,4,2
6,6,0
2,2,0
3,3,0
3,5,2
16,17,1
2,2,0
2,2,0
3,3,0
2,2,0
2,5,3
3,3,0
2,2,0
3,6,3
8,8,0
1,23,22
7,7,0
3,3,0
3,3,0
2,2,0
1,1,0
8,8,0
2,31,29
8,8,0
1,23,22
3,3,0
3,8,5
3,3,0
5,5,0
3,3,0
22,22,0
2,4,2
4,4,0
3,3,0
6,6,0
2,4,2
1,22,21
3,3,0
4,4,0
4,21,17
2,2,0
11,11,0
3,3,0
40,40,0
22,24,2
2,2,0
1,1,0
0,0,0
2,2,0
2,2,0
3,5,2
8,8,0
2,4,2
8,8,0
1,6,5
2,16,14
2,2,0
9,9,0
10,10,0
1,23,22
1,1,0
1,2,1
1,1,0
2,2,0
2,4,2
3,14,11
1,1,0
1,1,0
2,3,1
2,2,0
3,6,3
2,4,2
1,3,2
2,2,0
3,11,8
2,6,4
4,4,0
3,7,4
3,14,11
2,3,1
3,3,0
2,2,0
2,2,0
2,4,2
3,3,0
2,2,0
1,1,0
3,3,0
3,3,0
3,5,2
2,4,2
3,5,2
2,4,2
11,11,0
2,2,0
2,2,0
9,9,0
2,2,0
68,68,0
2,2,0
3,3,0
2,2,0
2,4,2
8,8,0
3,11,8
2,2,0
19,19,0
3,3,0
2,2,0
0,0,0
2,2,0
2,2,0
2,2,0
2,6,4
3,5,2
3,7,4
1,5,4
8,8,0
12,12,0
2,5,3
2,2,0
3,3,0
9,9,0
2,2,0
2,2,0
2,2,0
2,2,0
3,7,4
1,4,3
2,2,0
2,2,0
2,2,0
2,2,0
2,3,1
2,2,0
9,9,0
9,9,0
1,6,5
2,2,0
3,3,0
2,16,14
2,2,0
2,14,12
8,8,0
3,11,8
3,5,2
8,8,0
2,2,0
2,2,0
1,1,0
3,3,0
2,2,0
2,4,2
3,3,0
2,2,0
1,2,1
2,5,3
2,2,0
2,6,4
2,2,0
2,2,0
2,2,0
4,18,14
2,2,0
1,1,0
3,3,0
2,2,0
3,5,2
1,1,0
2,6,4
1,16,15
2,2,0
1,3,2
1,3,2
2,2,0
3,3,0
2,6,4
3,10,7
6,6,0
10,10,0
1,1,0
2,2,0
3,3,0
3,28,25
2,2,0
2,5,3
1,1,0
2,2,0
2,2,0
5,5,0
1,2,1
10,10,0
2,4,2
3,5,2
2,14,12
2,4,2
9,9,0
2,2,0
3,3,0
8,8,0
2,4,2
11,11,0
2,2,0
0,0,0
2,2,0
3,3,0
3,3,0
6,7,1
2,2,0
1,34,33
2,2,0
3,3,0
8,8,0
8,8,0
3,7,4
2,2,0
6,6,0
1,1,0
1,27,26
2,2,0
2,121,119
0,0,0
2,2,0
2,9,7
3,8,5
2,18,16
3,3,0
2,2,0
2,2,0
2,2,0
3,24,21
2,2,0
2,3,1
1,1,0
3,3,0
2,2,0
2,22,20
1,3,2
2,2,0
3,3,0
4,8,4
1,1,0
8,8,0
5,5,0
2,2,0
2,2,0
2,2,0
1,1,0
2,4,2
3,3,0
2,2,0
3,3,0
1,3,2
3,5,2
1,2,1
3,5,2
2,2,0
3,6,3
2,2,0
4,8,4
3,10,7
2,2,0
2,2,0
48,77,29
1,25,24
2,2,0
28,28,0
3,8,5
8,8,0
3,9,6
3,3,0
3,3,0
3,5,2
1,2,1
7,7,0
1,1,0
2,2,0
2,2,0
1,1,0
2,2,0
3,3,0
1,18,17
1,25,24
3,5,2
80,80,0
9,9,0
8,8,0
100,100,0
3,3,0
2,2,0
2,2,0
1,61,60
2,2,0
29,29,0
23,46,23
1,25,24
2,6,4
2,3,1
8,8,0
3,3,0
2,13,11
3,8,5
100,109,9
2,2,0
10,10,0
2,3,1
2,2,0
22,22,0
3,8,5
2,2,0
2,2,0
2,2,0
1,25,24
3,3,0
2,3,1
2,11,9
1,1,0
3,3,0
9,9,0
2,2,0
3,4,1
3,3,0
2,2,0
2,4,2
3,8,5
2,16,14
2,4,2
2,2,0
2,4,2
8,8,0
2,2,0
3,7,4
2,2,0
2,2,0
2,2,0
3,5,2
3,4,1
3,3,0
21,21,0
2,4,2
3,9,6
2,2,0
4,4,0
2,14,12
2,2,0
100,100,0
3,3,0
2,2,0
2,2,0
1,2,1
2,13,11
3,14,11
2,2,0
3,21,18
2,3,1
3,3,0
3,3,0
2,2,0
3,3,0
2,3,1
2,4,2
2,6,4
3,6,3
2,2,0
2,2,0
8,8,0
2,2,0
3,4,1
4,4,0
0,0,0
1,21,20
3,7,4
2,2,0
1,2,1
2,2,0
99,192,93
3,3,0
2,2,0
2,2,0
6,6,0
2,2,0
3,24,21
2,6,4
1,1,0
2,2,0
2,3,1
2,2,0
1,73,72
3,10,7
2,4,2
8,8,0
2,3,1
2,2,0
2,2,0
2,28,26
2,2,0
1,1,0
2,5,3
3,7,4
3,3,0
14,14,0
2,2,0
3,3,0
3,131,128
3,5,2
2,4,2
2,7,5
2,2,0
2,2,0
3,4,1
3,3,0
9,9,0
1,2,1
2,2,0
2,3,1
2,4,2
3,3,0
16,16,0
3,3,0
2,2,0
0,0,0
3,8,5
46,108,62
3,3,0
6,22,16
2,2,0
1,3,2
2,2,0
3,5,2
2,3,1
2,2,0
8,8,0
2,4,2
2,4,2
1,1,0
2,2,0
2,2,0
8,8,0
1,23,22
8,10,2
1,27,26
3,3,0
2,4,2
2,2,0
0,0,0
16,16,0
2,2,0
1,7,6
1,2,1
11,11,0
8,8,0
2,9,7
1,1,0
2,2,0
8,8,0
2,3,1
4,4,0
1,15,14
3,3,0
3,3,0
3,3,0
26,26,0
2,4,2
2,4,2
3,3,0
1,2,1
8,8,0
8,8,0
2,10,8
2,2,0
2,11,9
3,27,24
3,5,2
2,2,0
5,5,0
2,2,0
1,20,19
2,2,0
2,2,0
4,43,39
2,4,2
2,2,0
1,3,2
3,6,3
1,1,0
2,2,0
2,2,0
2,2,0
2,2,0
8,8,0
4,4,0
3,3,0
3,5,2
55,153,98
3,5,2
2,11,9
3,11,8
3,25,22
2,2,0
2,3,1
4,4,0
0,0,0
4,4,0
2,52,50
8,8,0
3,8,5
2,2,0
3,3,0
2,2,0
2,4,2
8,8,0
5,5,0
2,2,0
19,19,0
3,3,0
1,2,1
2,2,0
1,1,0
3,5,2
2,13,11
5,7,2
8,8,0
2,2,0
10,10,0
2,4,2
0,0,0
9,9,0
1,1,0
2,8,6
2,12,10
3,7,4
22,22,0
2,25,23
2,4,2
2,2,0
2,6,4
4,10,6
8,8,0
2,2,0
3,3,0
2,2,0
2,4,2
2,4,2
3,3,0
3,3,0
3,5,2
3,6,3
2,2,0
65,65,0
1,1,0
1,1,0
2,2,0
11,11,0
8,8,0
2,2,0
1,15,14
3,3,0
3,3,0
2,4,2
2,101,99
8,8,0
51,51,0
3,3,0
4,5,1
3,3,0
88,101,13
1,9,8
3,6,3
3,5,2
2,2,0
1,2,1
8,8,0
1,1,0
2,2,0
9,9,0
1,14,13
3,5,2
3,3,0
0,0,0
2,2,0
8,67,59
2,2,0
2,2,0
2,2,0
1,1,0
2,2,0
3,3,0
2,7,5
2,2,0
2,2,0
2,2,0
1,2,1
8,16,8
2,8,6
5,15,10
2,2,0
2,3,1
3,7,4
2,21,19
2,2,0
2,2,0
2,2,0
14,14,0
2,2,0
3,8,5
9,9,0
2,2,0
4,4,0
2,46,44
62,62,0
2,4,2
2,2,0
15,15,0
2,2,0
1,1,0
3,4,1
2,2,0
3,5,2
1,3,2
2,3,1
2,4,2
2,2,0
1,1,0
3,5,2
2,45,43
10,15,5
2,2,0
2,2,0
3,3,0
2,8,6
3,3,0
3,3,0
1,56,55
1,2,1
2,2,0
1,2,1
2,4,2
4,4,0
2,2,0
3,4,1
0,0,0
2,6,4
3,3,0
2,2,0
2,2,0
3,3,0
2,2,0
2,2,0
2,14,12
3,3,0
2,2,0
2,2,0
2,2,0
2,4,2
2,2,0
2,2,0
2,2,0
3,9,6
2,2,0
3,3,0
2,5,3
2,2,0
2,2,0
2,2,0
3,7,4
2,10,8
2,2,0
2,2,0
2,2,0
1,2,1
2,2,0
9,9,0
2,2,0
1,1,0
2,2,0
2,2,0
2,2,0
2,2,0
2,8,6
19,19,0
2,80,78
5,5,0
5,21,16
2,3,1
2,2,0
2,9,7
2,2,0
2,2,0
6,6,0
2,2,0
0,0,0
2,2,0
3,16,13
2,3,1
8,8,0
3,3,0
8,77,69
1,2,1
2,2,0
3,3,0
3,3,0
4,4,0
8,8,0
6,7,1
2,2,0
3,5,2
2,2,0
2,2,0
1,1,0
2,2,0
2,2,0
2,2,0
2,4,2
1,1,0
2,5,3
3,3,0
2,2,0
3,3,0
1,1,0
1,2,1
2,2,0
2,4,2
2,2,0
39,39,0
3,10,7
9,9,0
3,3,0
2,2,0
2,4,2
2,3,1
2,2,0
11,11,0
2,2,0
38,38,0
3,3,0
10,12,2
3,7,4
1,2,1
0,0,0
3,5,2
8,8,0
50,50,0
2,2,0
22,22,0
10,11,1
1,2,1
100,100,0
8,8,0
2,2,0
2,5,3
3,7,4
2,2,0
2,2,0
2,2,0
11,13,2
3,3,0
3,6,3
2,2,0
1,22,21
2,13,11
3,4,1
2,2,0
2,2,0
2,2,0
51,54,3
2,2,0
3,3,0
100,200,100
4,4,0
2,2,0
3,5,2
8,8,0
3,7,4
2,2,0
3,3,0
2,2,0
3,5,2
2,2,0
3,3,0
3,20,17
14,14,0
2,2,0
8,8,0
1,2,1
3,5,2
6,6,0
1,2,1
2,8,6
1,1,0
2,2,0
2,4,2
2,4,2
2,2,0
2,2,0
2,2,0
2,2,0
3,3,0
9,9,0
9,9,0
2,4,2
1,24,23
2,2,0
0,0,0
1,2,1
2,2,0
2,6,4
3,5,2
2,2,0
0,0,0
3,5,2
2,2,0
3,5,2
2,2,0
1,2,1
2,4,2
2,2,0
2,2,0
2,2,0
1,2,1
3,3,0
3,3,0
8,8,0
3,8,5
2,4,2
2,2,0
4,4,0
3,3,0
8,8,0
100,100,0
3,8,5
2,4,2
0,0,0
6,6,0
2,4,2
3,4,1
2,7,5
3,5,2
1,2,1
2,2,0
2,5,3
2,2,0
2,80,78
3,3,0
2,2,0
2,3,1
3,3,0
3,9,6
3,3,0
2,48,46
3,3,0
2,2,0
2,2,0
29,29,0
3,9,6
2,2,0
2,2,0
2,4,2
0,0,0
2,2,0
2,3,1
1,6,5
100,100,0
1,4,3
4,7,3
1,1,0
4,4,0
6,6,0
17,17,0
11,11,0
2,3,1
3,7,4
2,4,2
1,1,0
5,5,0
2,2,0
2,2,0
4,33,29
3,5,2
2,6,4
2,4,2
3,7,4
3,5,2
8,8,0
2,2,0
1,3,2
11,54,43
3,5,2
9,11,2
2,88,86
2,2,0
1,15,14
3,3,0
3,7,4
9,9,0
2,3,1
2,4,2
100,104,4
1,25,24
3,121,118
2,2,0
22,22,0
6,6,0
2,2,0
7,8,1
2,2,0
1,6,5
3,3,0
2,2,0
4,10,6
3,3,0
2,2,0
3,3,0
153,153,0
3,5,2
2,2,0
2,4,2
1,1,0
4,58,54
2,4,2
4,4,0
2,2,0
2,2,0
3,3,0
2,2,0
1,2,1
2,4,2
9,9,0
8,8,0
2,2,0
2,2,0
3,3,0
2,8,6
0,0,0
2,2,0
2,4,2
2,2,0
3,7,4
2,2,0
8,8,0
0,0,0
1,1,0
2,3,1
2,2,0
2,3,1
1,3,2
8,8,0
2,5,3
2,11,9
1,1,0
2,2,0
5,5,0
8,8,0
3,4,1
1,2,1
2,8,6
2,2,0
5,5,0
2,2,0
3,5,2
3,4,1
2,2,0
9,9,0
3,3,0
1,1,0
3,3,0
2,2,0
6,8,2
3,7,4
10,14,4
2,3,1
1,5,4
3,5,2
2,9,7
3,9,6
14,14,0
3,5,2
2,2,0
1,2,1
3,3,0
3,3,0
2,2,0
3,6,3
4,5,1
2,4,2
3,3,0
2,6,4
2,2,0
2,2,0
10,10,0
2,2,0
0,0,0
3,18,15
3,22,19
8,8,0
3,3,0
2,2,0
1,1,0
2,2,0
2,13,11
3,3,0
196,203,7
2,2,0
2,2,0
3,6,3
3,4,1
1,3,2
1,2,1
3,4,1
2,4,2
2,10,8
135,135,0
2,6,4
1,21,20
0,0,0
1,1,0
27,28,1
2,6,4
8,8,0
2,9,7
2,6,4
2,2,0
47,49,2
1,1,0
1,2,1
3,8,5
2,2,0
2,3,1
1,1,0
3,8,5
2,2,0
8,8,0
2,4,2
2,4,2
3,4,1
2,2,0
7,14,7
2,20,18
2,16,14
1,3,2
3,16,13
1,22,21
3,3,0
19,19,0
3,3,0
20,96,76
3,5,2
3,3,0
2,2,0
1,1,0
100,198,98
4,4,0
2,5,3
3,7,4
2,6,4
8,8,0
0,0,0
6,6,0
8,8,0
8,15,7
3,3,0
2,4,2
2,9,7
2,5,3
3,9,6
3,3,0
14,14,0
2,5,3
12,12,0
3,11,8
2,2,0
1,5,4
1,2,1
1,2,1
2,2,0
3,3,0
3,5,2
1,1,0
3,7,4
3,3,0
3,3,0
2,2,0
2,2,0
20,22,2
6,8,2
2,3,1
2,2,0
3,7,4
3,3,0
3,8,5
2,2,0
3,8,5
2,3,1
2,2,0
2,4,2
2,2,0
3,5,2
1,2,1
3,5,2
3,3,0
3,3,0
2,2,0
1,2,1
2,3,1
1,1,0
2,2,0
3,3,0
2,2,0
1,1,0
8,8,0
6,6,0
2,23,21
1,1,0
1,2,1
2,10,8
2,2,0
2,2,0
2,2,0
3,3,0
2,14,12
2,2,0
3,3,0
2,7,5
3,3,0
2,2,0
14,16,2
0,0,0
3,3,0
2,2,0
2,4,2
2,2,0
2,2,0
8,8,0
2,2,0
138,138,0
2,2,0
2,2,0
3,5,2
3,3,0
2,2,0
1,1,0
1,1,0
8,8,0
10,10,0
2,2,0
3,20,17
8,26,18
2,3,1
0,0,0
1,26,25
4,4,0
2,4,2
4,4,0
3,9,6
3,3,0
2,2,0
1,1,0
2,2,0
2,2,0
3,3,0
9,9,0
4,11,7
6,6,0
2,2,0
3,3,0
2,2,0
2,2,0
2,2,0
1,2,1
8,8,0
0,0,0
2,2,0
2,2,0
2,2,0
3,9,6
8,8,0
8,16,8
3,8,5
4,4,0
3,3,0
2,2,0
2,2,0
2,2,0
2,2,0
10,10,0
3,5,2
9,9,0
2,2,0
2,2,0
3,3,0
2,2,0
1,3,2
3,3,0
2,2,0
3,9,6
2,2,0
2,4,2
1,4,3
4,4,0
2,2,0
9,9,0
3,3,0
2,80,78
2,2,0
2,2,0
1,20,19
8,8,0
3,5,2
3,3,0
2,2,0
2,2,0
2,2,0
1,2,1
2,2,0
3,8,5
1,2,1
2,2,0
9,9,0
38,127,89
2,2,0
3,3,0
8,8,0
2,2,0
2,2,0
2,2,0
3,3,0
5,5,0
100,100,0
2,69,67
3,7,4
9,52,43
1,2,1
2,2,0
3,5,2
8,8,0
0,0,0
3,3,0
2,3,1
3,3,0
2,3,1
2,27,25
9,9,0
2,6,4
3,8,5
2,15,13
2,2,0
20,22,2
6,13,7
1,2,1
0,0,0
2,2,0
6,6,0
2,2,0
9,9,0
3,5,2
2,4,2
42,42,0
6,6,0
3,8,5
2,2,0
2,4,2
2,2,0
2,5,3
2,2,0
2,2,0
2,104,102
2,2,0
2,2,0
3,3,0
2,25,23
3,3,0
2,4,2
2,2,0
3,3,0
2,2,0
1,1,0
3,20,17
9,9,0
2,2,0
1,1,0
53,53,0
18,18,0
3,3,0
3,3,0
2,2,0
3,8,5
5,5,0
2,2,0
3,3,0
2,2,0
2,3,1
3,29,26
3,3,0
8,8,0
2,4,2
2,2,0
2,2,0
3,3,0
2,2,0
2,2,0
2,2,0
2,5,3
1,1,0
0,0,0
0,0,0
5,6,1
2,3,1
4,4,0
3,3,0
1,28,27
6,6,0
8,8,0
2,2,0
10,10,0
2,2,0
0,0,0
2,2,0
2,2,0
2,2,0
3,5,2
2,2,0
2,2,0
2,8,6
2,2,0
2,2,0
3,5,2
2,4,2
2,2,0
2,2,0
2,3,1
1,2,1
3,6,3
3,7,4
2,2,0
51,51,0
10,11,1
2,2,0
3,7,4
3,7,4
2,3,1
1,1,0
3,3,0
3,3,0
2,2,0
3,6,3
2,2,0
17,17,0
3,3,0
3,7,4
1,1,0
3,4,1
2,2,0
2,2,0
2,2,0
3,3,0
1,12,11
2,2,0
3,5,2
6,6,0
3,3,0
3,3,0
3,3,0
3,3,0
2,2,0
2,19,17
9,9,0
2,6,4
2,2,0
2,2,0
2,4,2
96,96,0
3,3,0
2,2,0
2,2,0
2,15,13
2,2,0
2,6,4
3,3,0
3,6,3
2,2,0
2,4,2
2,4,2
2,2,0
2,2,0
1,1,0
2,6,4
2,2,0
19,19,0
2,4,2
3,3,0
10,12,2
3,3,0
2,2,0
2,2,0
2,8,6
2,8,6
0,0,0
2,4,2
2,11,9
2,2,0
3,3,0
3,4,1
0,0,0
2,2,0
1,1,0
2,2,0
9,17,8
8,8,0
2,2,0
8,8,0
3,3,0
3,45,42
8,8,0
9,9,0
1,21,20
1,1,0
3,3,0
1,2,1
1,1,0
2,2,0
3,7,4
2,2,0
2,2,0
2,2,0
2,2,0
2,2,0
1,3,2
0,0,0
4,4,0
8,8,0
2,2,0
1,2,1
3,5,2
2,2,0
3,7,4
2,2,0
2,2,0
9,9,0
15,15,0
2,103,101
2,2,0
2,2,0
2,79,77
2,2,0
3,7,4
2,80,78
97,98,1
2,2,0
3,8,5
3,5,2
14,47,33
3,3,0
2,2,0
3,3,0
1,2,1
41,41,0
2,2,0
3,3,0
4,4,0
3,3,0
3,3,0
1,2,1
2,2,0
9,9,0
2,8,6
8,8,0
2,2,0
2,2,0
2,6,4
2,2,0
2,2,0
3,3,0
3,7,4
2,3,1
2,4,2
2,5,3
20,20,0
2,2,0
3,5,2
1,1,0
1,1,0
2,2,0
2,2,0
36,36,0
2,2,0
10,10,0
1,2,1
1,2,1
2,2,0
4,30,26
2,2,0
3,3,0
2,5,3
3,7,4
2,2,0
3,3,0
8,8,0
2,2,0
2,3,1
2,2,0
3,3,0
2,2,0
2,6,4
3,16,13
2,2,0
1,1,0
3,3,0
1,1,0
3,5,2
1,1,0
3,6,3
2,4,2
2,2,0
325,325,0
4,4,0
3,3,0
4,6,2
9,9,0
2,2,0
1,2,1
2,2,0
2,2,0
2,2,0
2,2,0
2,2,0
2,5,3
4,6,2
2,2,0
4,73,69
2,2,0
2,2,0
56,56,0
7,7,0
0,0,0
3,3,0
2,2,0
11,11,0
2,2,0
8,8,0
77,112,35
3,11,8
2,2,0
2,2,0
1,2,1
3,3,0
2,2,0
2,2,0
3,3,0
3,10,7
3,3,0
16,16,0
3,11,8
2,2,0
2,2,0
2,2,0
1,1,0
2,4,2
2,4,2
3,7,4
2,2,0
2,2,0
9,9,0
2,2,0
0,0,0
2,2,0
3,5,2
1,2,1
2,2,0
4,9,5
2,2,0
8,8,0
2,2,0
2,2,0
2,2,0
2,26,24
2,2,0
2,2,0
1,1,0
20,20,0
1,1,0
3,4,1
3,5,2
45,45,0
11,11,0
0,0,0
2,2,0
2,2,0
3,5,2
2,4,2
14,14,0
11,11,0
3,3,0
1,2,1
1,2,1
3,5,2
2,2,0
2,2,0
8,8,0
3,3,0
3,3,0
2,2,0
3,3,0
5,6,1
2,13,11
9,9,0
2,2,0
3,3,0
8,8,0
2,2,0
2,3,1
2,2,0
9,10,1
2,2,0
2,2,0
3,5,2
2,2,0
1,2,1
2,2,0
2,2,0
11,11,0
2,3,1
3,6,3
4,4,0
2,2,0
1,3,2
2,2,0
2,2,0
3,3,0
3,5,2
3,3,0
32,32,0
3,3,0
3,5,2
3,3,0
2,2,0
2,2,0
2,2,0
2,4,2
3,3,0
7,7,0
2,2,0
3,3,0
9,9,0
2,2,0
3,6,3
2,2,0
6,6,0
2,46,44
3,3,0
3,5,2
2,2,0
1,2,1
2,2,0
2,2,0
2,3,1
4,4,0
2,2,0
0,0,0
9,9,0
3,3,0
1,1,0
3,3,0
1,2,1
1,3,2
2,2,0
84,84,0
3,3,0
2,2,0
2,2,0
2,2,0
2,6,4
1,20,19
2,2,0
60,60,0
4,16,12
2,3,1
2,2,0
2,2,0
2,2,0
1,3,2
10,10,0
4,7,3
2,4,2
2,2,0
2,2,0
2,2,0
3,3,0
3,5,2
2,2,0
2,2,0
2,19,17
2,2,0
11,62,51
9,9,0
2,2,0
2,2,0
2,28,26
2,12,10
3,5,2
2,2,0
9,9,0
3,3,0
2,2,0
2,16,14
2,2,0
1,2,1
3,5,2
11,11,0
8,8,0
2,2,0
2,4,2
2,2,0
3,3,0
2,2,0
1,5,4
2,2,0
2,2,0
3,3,0
4,4,0
2,2,0
2,4,2
1,1,0
2,2,0
16,16,0
11,22,11
3,15,12
2,4,2
129,129,0
1,1,0
2,2,0
90,90,0
1,79,78
2,5,3
1,1,0
9,9,0
3,3,0
3,5,2
3,3,0
2,2,0
1,2,1
3,3,0
2,10,8
2,3,1
3,3,0
2,2,0
2,5,3
3,3,0
3,3,0
2,2,0
2,20,18
1,1,0
2,2,0
2,2,0
3,11,8
2,2,0
3,3,0
3,3,0
3,3,0
1,1,0
2,2,0
9,9,0
0,0,0
2,2,0
2,2,0
12,12,0
2,2,0
8,8,0
40,42,2
4,4,0
2,2,0
3,8,5
2,2,0
8,8,0
8,8,0
8,24,16
2,82,80
2,2,0
3,5,2
2,2,0
2,2,0
2,2,0
2,2,0
3,5,2
2,2,0
2,2,0
2,2,0
1,1,0
3,3,0
2,2,0
2,2,0
1,2,1
2,4,2
2,20,18
5,5,0
3,3,0
2,2,0
3,3,0
3,8,5
1,2,1
1,7,6
2,3,1
1,1,0
2,2,0
3,8,5
1,1,0
3,3,0
1,9,8
1,9,8
3,4,1
2,2,0
2,2,0
1,3,2
1,1,0
2,2,0
3,6,3
2,2,0
3,3,0
2,80,78
2,4,2
0,0,0
9,9,0
2,2,0
2,2,0
9,9,0
3,3,0
2,2,0
3,3,0
3,7,4
2,2,0
1,2,1
10,10,0
2,2,0
9,9,0
14,17,3
2,2,0
2,2,0
2,2,0
3,3,0
2,2,0
2,2,0
2,2,0
2,3,1
1,6,5
3,5,2
3,6,3
2,2,0
1,2,1
2,2,0
3,3,0
3,7,4
2,3,1
2,2,0
2,2,0
2,5,3
2,3,1
2,2,0
1,6,5
2,4,2
2,2,0
2,2,0
18,18,0
0,0,0
3,9,6
3,5,2
4,4,0
3,9,6
8,8,0
17,17,0
6,6,0
2,2,0
2,4,2
2,2,0
17,21,4
2,2,0
2,2,0
2,2,0
8,8,0
2,8,6
1,1,0
8,8,0
8,8,0
6,6,0
3,3,0
8,8,0
2,3,1
2,2,0
1,1,0
8,8,0
2,2,0
9,9,0
1,2,1
6,6,0
3,13,10
9,9,0
2,2,0
51,51,0
3,4,1
8,10,2
1,2,1
2,4,2
3,7,4
2,2,0
1,1,0
2,2,0
3,3,0
2,2,0
3,5,2
9,9,0
2,80,78
2,2,0
2,2,0
1,2,1
3,7,4
2,4,2
21,53,32
3,5,2
8,8,0
9,9,0
2,2,0
2,5,3
2,2,0
0,0,0
3,3,0
2,2,0
3,6,3
98,98,0
2,2,0
2,2,0
2,4,2
9,9,0
2,4,2
3,7,4
23,23,0
3,3,0
2,2,0
0,0,0
2,3,1
3,3,0
2,2,0
4,6,2
9,9,0
8,18,10
2,7,5
3,7,4
2,4,2
0,0,0
2,5,3
2,2,0
32,32,0
3,3,0
3,3,0
3,3,0
9,9,0
2,2,0
2,8,6
2,2,0
2,2,0
2,2,0
12,12,0
2,2,0
2,4,2
2,2,0
3,5,2
3,4,1
3,3,0
2,2,0
4,4,0
2,2,0
2,4,2
2,2,0
5,5,0
3,3,0
2,45,43
8,8,0
2,2,0
1,8,7
2,2,0
1,1,0
1,55,54
2,2,0
2,2,0
1,2,1
2,2,0
1,5,4
3,3,0
2,2,0
14,32,18
2,2,0
3,3,0
3,3,0
15,15,0
5,5,0
2,2,0
2,2,0
2,2,0
3,8,5
2,2,0
3,3,0
2,2,0
1,2,1
3,5,2
1,43,42
44,44,0
3,3,0
2,2,0
3,73,70
2,4,2
2,2,0
3,17,14
1,4,3
11,11,0
9,9,0
2,2,0
3,3,0
2,3,1
10,10,0
8,8,0
2,2,0
2,2,0
2,5,3
2,2,0
2,2,0
0,0,0
2,2,0
2,2,0
72,72,0
0,0,0
2,2,0
11,11,0
2,72,70
2,2,0
24,25,1
2,2,0
3,3,0
2,2,0
2,2,0
2,70,68
3,3,0
4,4,0
8,16,8
2,5,3
2,2,0
2,2,0
3,3,0
2,2,0
1,2,1
4,6,2
1,1,0
2,4,2
26,26,0
7,7,0
3,3,0
0,0,0
3,5,2
0,0,0
1,2,1
2,2,0
2,2,0
2,2,0
2,2,0
2,2,0
2,2,0
2,10,8
4,11,7
3,18,15
2,2,0
3,3,0
1,1,0
4,4,0
5,6,1
2,19,17
6,6,0
65,65,0
3,5,2
22,22,0
2,2,0
3,7,4
3,3,0
2,2,0
2,6,4
1,1,0
3,4,1
2,2,0
2,9,7
2,2,0
2,2,0
3,14,11
2,2,0
3,6,3
2,2,0
14,37,23
5,5,0
1,1,0
3,14,11
2,5,3
2,2,0
2,2,0
2,2,0
2,4,2
2,2,0
1,1,0
3,6,3
3,3,0
2,4,2
2,2,0
2,7,5
2,2,0
3,8,5
2,7,5
3,3,0
2,3,1
1,7,6
3,3,0
9,9,0
1,1,0
6,9,3
0,0,0
3,9,6
0,0,0
0,0,0
30,32,2
1,1,0
3,3,0
2,2,0
3,5,2
2,2,0
2,2,0
3,3,0
3,5,2
1,4,3
10,10,0
2,2,0
17,17,0
2,4,2
2,8,6
3,4,1
9,9,0
2,7,5
2,2,0
2,6,4
0,0,0
4,4,0
1,8,7
9,9,0
2,2,0
2,4,2
2,2,0
10,18,8
3,9,6
2,2,0
1,74,73
1,4,3
3,3,0
2,2,0
3,3,0
3,3,0
3,5,2
3,10,7
2,11,9
5,5,0
2,2,0
3,3,0
2,2,0
9,9,0
1,1,0
1,4,3
2,2,0
2,2,0
9,9,0
5,8,3
3,5,2
2,6,4
2,4,2
2,2,0
1,1,0
8,8,0
3,5,2
3,10,7
2,2,0
2,2,0
1,1,0
2,2,0
2,2,0
1,1,0
8,8,0
2,5,3
1,2,1
2,2,0
2,100,98
2,2,0
3,6,3
2,2,0
2,2,0
2,2,0
7,7,0
2,2,0
2,2,0
2,2,0
4,4,0
1,1,0
2,7,5
2,2,0
9,9,0
9,9,0
11,18,7
2,2,0
2,2,0
3,4,1
1,4,3
11,11,0
2,2,0
2,2,0
3,3,0
2,2,0
32,33,1
2,2,0
2,8,6
2,6,4
2,2,0
30,31,1
2,2,0
2,2,0
8,8,0
4,4,0
2,2,0
4,4,0
4,6,2
3,7,4
2,4,2
3,5,2
3,3,0
30,36,6
63,115,52
3,3,0
1,75,74
2,2,0
2,2,0
6,6,0
2,2,0
2,2,0
2,5,3
2,2,0
3,3,0
2,4,2
3,5,2
2,2,0
2,2,0
1,2,1
2,2,0
1,1,0
0,0,0
2,7,5
2,2,0
9,9,0
2,2,0
9,9,0
3,3,0
2,2,0
2,2,0
9,9,0
9,9,0
3,8,5
3,5,2
2,37,35
3,5,2
2,2,0
3,3,0
2,2,0
0,0,0
2,2,0
2,2,0
3,3,0
8,8,0
2,5,3
2,2,0
2,21,19
14,14,0
3,6,3
1,2,1
2,11,9
3,3,0
2,2,0
3,5,2
3,7,4
3,3,0
3,3,0
11,11,0
2,2,0
0,0,0
2,6,4
2,2,0
2,2,0
24,24,0
2,2,0
2,7,5
3,5,2
8,8,0
3,5,2
3,3,0
2,2,0
6,6,0
2,2,0
2,2,0
2,2,0
44,44,0
3,7,4
2,2,0
3,3,0
2,4,2
2,23,21
42,42,0
62,62,0
7,34,27
1,2,1
9,9,0
1,5,4
2,7,5
2,2,0
1,1,0
1,1,0
2,2,0
2,2,0
2,2,0
2,3,1
2,2,0
86,87,1
0,0,0
2,37,35
3,3,0
0,0,0
3,7,4
0,0,0
2,6,4
2,2,0
3,3,0
2,2,0
147,147,0
4,6,2
2,2,0
2,4,2
1,40,39
8,8,0
0,0,0
3,11,8
2,2,0
2,2,0
12,12,0
2,4,2
1,5,4
2,2,0
2,16,14
2,4,2
1,5,4
2,2,0
2,2,0
4,4,0
3,5,2
2,2,0
2,2,0
2,2,0
3,3,0
2,2,0
3,5,2
2,2,0
3,3,0
10,10,0
1,1,0
6,6,0
2,4,2
99,99,0
1,1,0
1,24,23
7,7,0
3,3,0
2,2,0
3,5,2
2,2,0
2,2,0
3,5,2
3,9,6
3,3,0
9,9,0
2,2,0
1,2,1
2,2,0
47,146,99
2,4,2
2,2,0
2,4,2
17,19,2
1,4,3
2,2,0
2,2,0
3,5,2
2,2,0
2,2,0
59,118,59
2,13,11
3,53,50
2,2,0
3,5,2
2,4,2
2,2,0
1,2,1
1,2,1
9,11,2
5,5,0
3,10,7
2,4,2
4,4,0
2,26,24
8,8,0
2,2,0
3,4,1
1,2,1
2,2,0
2,2,0
3,3,0
2,4,2
2,80,78
100,104,4
3,3,0
2,2,0
2,2,0
1,1,0
3,7,4
0,0,0
3,3,0
57,57,0
2,2,0
3,3,0
2,3,1
1,5,4
3,3,0
3,3,0
0,0,0
2,2,0
9,9,0
2,2,0
2,2,0
1,4,3
3,5,2
45,45,0
1,8,7
2,2,0
1,1,0
2,2,0
3,11,8
3,3,0
9,17,8
2,16,14
99,101,2
2,2,0
3,5,2
2,2,0
120,120,0
1,2,1
9,9,0
2,2,0
3,3,0
2,7,5
3,3,0
3,11,8
2,2,0
2,2,0
2,2,0
2,2,0
109,109,0
2,2,0
2,2,0
3,3,0
9,9,0
0,0,0
2,2,0
3,3,0
6,8,2
3,3,0
3,16,13
2,2,0
1,2,1
3,6,3
3,5,2
10,14,4
3,3,0
3,5,2
2,2,0
1,2,1
3,5,2
2,2,0
2,7,5
3,5,2
3,6,3
14,22,8
1,24,23
3,5,2
2,12,10
2,2,0
3,5,2
1,27,26
1,1,0
4,14,10
2,2,0
1,1,0
2,4,2
9,9,0
3,3,0
2,2,0
2,2,0
26,33,7
3,3,0
3,3,0
2,7,5
2,2,0
4,4,0
3,5,2
2,4,2
0,0,0
2,2,0
3,3,0
4,4,0
2,2,0
1,1,0
3,3,0
3,3,0
2,5,3
3,3,0
10,10,0
9,9,0
4,5,1
2,2,0
2,2,0
2,2,0
2,4,2
2,5,3
2,2,0
1,2,1
8,8,0
1,30,29
3,5,2
2,2,0
3,3,0
2,6,4
20,63,43
2,2,0
3,5,2
2,2,0
2,6,4
75,75,0
2,2,0
2,17,15
2,2,0
3,3,0
2,29,27
2,3,1
2,2,0
2,11,9
2,2,0
3,23,20
2,2,0
3,6,3
0,0,0
3,3,0
4,6,2
2,2,0
200,367,167
1,2,1
3,3,0
3,3,0
3,3,0
9,9,0
24,24,0
2,2,0
2,2,0
6,47,41
6,6,0
2,4,2
2,2,0
3,8,5
2,2,0
1,2,1
2,2,0
10,11,1
3,3,0
2,4,2
3,11,8
3,3,0
2,2,0
1,1,0
8,8,0
3,3,0
3,3,0
1,59,58
2,4,2
3,5,2
2,2,0
8,17,9
3,3,0
2,2,0
3,3,0
3,3,0
1,3,2
2,2,0
1,4,3
2,2,0
3,6,3
3,3,0
2,2,0
3,7,4
5,5,0
2,9,7
3,5,2
3,3,0
2,2,0
2,100,98
3,3,0
2,2,0
0,0,0
2,2,0
59,59,0
3,3,0
3,8,5
18,18,0
3,5,2
2,2,0
2,2,0
3,3,0
3,3,0
15,15,0
2,2,0
2,2,0
1,2,1
1,1,0
2,2,0
0,0,0
2,4,2
2,15,13
2,2,0
2,2,0
2,10,8
7,8,1
4,4,0
2,2,0
2,8,6
3,3,0
2,2,0
5,5,0
2,2,0
3,3,0
2,2,0
2,2,0
8,8,0
2,2,0
3,10,7
2,2,0
9,9,0
2,2,0
2,2,0
2,7,5
3,12,9
1,1,0
3,7,4
2,2,0
4,4,0
3,3,0
22,22,0
2,2,0
3,8,5
46,46,0
3,3,0
0,0,0
2,2,0
8,8,0
13,15,2
3,3,0
2,2,0
3,6,3
2,2,0
3,3,0
2,2,0
2,3,1
1,1,0
2,2,0
2,2,0
2,5,3
2,2,0
3,3,0
3,22,19
6,6,0
3,3,0
3,3,0
1,24,23
1,1,0
2,2,0
8,8,0
2,4,2
2,2,0
9,9,0
1,6,5
1,1,0
3,3,0
3,3,0
10,10,0
2,2,0
3,3,0
2,10,8
2,2,0
3,5,2
2,3,1
2,2,0
3,5,2
10,14,4
2,2,0
1,8,7
5,5,0
2,2,0
3,5,2
2,3,1
2,3,1
2,2,0
1,23,22
2,2,0
3,3,0
2,2,0
2,2,0
2,80,78
2,2,0
2,2,0
3,5,2
3,3,0
2,4,2
9,9,0
2,2,0
3,13,10
2,2,0
2,2,0
3,3,0
8,8,0
1,1,0
3,3,0
3,3,0
2,2,0
2,2,0
3,3,0
9,9,0
3,5,2
1,3,2
2,2,0
2,2,0
3,3,0
13,13,0
2,2,0
6,22,16
2,4,2
2,11,9
2,3,1
12,12,0
2,2,0
8,8,0
3,3,0
8,8,0
2,15,13
3,3,0
2,2,0
2,47,45
2,2,0
8,8,0
95,95,0
2,6,4
2,2,0
11,11,0
1,1,0
1,1,0
2,11,9
3,3,0
2,2,0
1,1,0
3,4,1
1,1,0
406,406,0
2,2,0
2,2,0
2,2,0
2,6,4
2,2,0
3,4,1
2,2,0
2,6,4
3,6,3
2,9,7
2,3,1
3,7,4
2,2,0
3,6,3
2,4,2
2,2,0
80,80,0
2,2,0
3,8,5
10,10,0
2,2,0
4,6,2
1,1,0
3,3,0
51,51,0
9,9,0
20,20,0
16,16,0
2,2,0
2,2,0
3,8,5
2,2,0
2,2,0
2,2,0
2,2,0
2,2,0
2,5,3
3,5,2
2,2,0
2,2,0
2,2,0
2,4,2
3,5,2
2,2,0
2,28,26
2,2,0
2,2,0
2,2,0
1,69,68
26,26,0
2,2,0
2,2,0
2,2,0
8,8,0
3,3,0
2,2,0
2,2,0
7,7,0
3,4,1
81,81,0
2,2,0
2,2,0
12,16,4
1,1,0
2,2,0
2,2,0
39,39,0
1,46,45
2,9,7
3,5,2
3,3,0
2,2,0
1,4,3
2,2,0
2,2,0
2,2,0
2,2,0
2,2,0
3,3,0
2,4,2
2,2,0
3,7,4
4,4,0
2,2,0
2,2,0
2,2,0
4,4,0
2,26,24
2,2,0
1,2,1
8,8,0
2,2,0
2,2,0
3,5,2
2,2,0
51,74,23
2,2,0
60,60,0
2,2,0
3,12,9
10,10,0
1,2,1
2,2,0
2,2,0
3,3,0
3,3,0
2,82,80
3,3,0
87,106,19
6,25,19
5,9,4
10,10,0
2,2,0
2,4,2
2,2,0
2,6,4
2,2,0
2,2,0
1,2,1
1,5,4
2,2,0
3,22,19
2,2,0
2,2,0
3,5,2
9,9,0
3,5,2
3,7,4
3,3,0
3,3,0
39,39,0
2,2,0
8,8,0
3,7,4
77,77,0
2,2,0
3,7,4
2,2,0
3,3,0
2,48,46
2,2,0
3,5,2
3,5,2
10,11,1
2,2,0
2,2,0
2,17,15
2,2,0
6,6,0
11,11,0
2,2,0
2,2,0
2,2,0
2,4,2
2,2,0
2,2,0
2,3,1
1,5,4
6,6,0
2,6,4
1,2,1
2,8,6
2,2,0
3,5,2
75,77,2
2,2,0
2,2,0
3,3,0
2,2,0
2,2,0
2,2,0
2,2,0
1,78,77
3,3,0
0,0,0
12,12,0
3,3,0
3,3,0
2,2,0
3,3,0
2,2,0
1,3,2
2,2,0
3,3,0
1,1,0
2,2,0
3,4,1
3,3,0
1,1,0
3,4,1
5,5,0
2,2,0
2,2,0
5,5,0
3,3,0
2,2,0
2,2,0
2,4,2
0,0,0
1,20,19
3,3,0
2,2,0
0,0,0
0,0,0
2,2,0
0,0,0
3,5,2
2,2,0
2,35,33
9,9,0
1,1,0
19,19,0
9,9,0
2,2,0
3,3,0
1,2,1
2,2,0
20,22,2
2,2,0
1,23,22
3,5,2
2,2,0
2,3,1
2,2,0
2,2,0
2,2,0
1,4,3
2,2,0
3,5,2
2,2,0
0,0,0
1,2,1
3,3,0
3,5,2
3,5,2
3,3,0
11,11,0
2,80,78
1,2,1
8,8,0
2,11,9
4,4,0
1,3,2
2,6,4
10,18,8
2,4,2
0,0,0
8,178,170
2,2,0
2,2,0
1,6,5
2,2,0
2,2,0
3,7,4
5,8,3
3,3,0
3,3,0
2,2,0
3,3,0
2,3,1
3,5,2
2,2,0
4,5,1
3,3,0
3,6,3
2,2,0
7,8,1
3,3,0
8,8,0
0,0,0
2,4,2
1,3,2
11,11,0
2,2,0
2,2,0
1,2,1
2,2,0
1,1,0
2,2,0
1,1,0
2,26,24
2,2,0
2,2,0
2,4,2
3,19,16
2,2,0
2,2,0
9,9,0
2,2,0
3,4,1
3,6,3
2,2,0
1,2,1
1,1,0
2,2,0
0,0,0
11,11,0
1,1,0
1,3,2
3,4,1
2,2,0
2,2,0
5,7,2
1,22,21
2,3,1
3,5,2
6,6,0
3,5,2
2,6,4
2,2,0
2,76,74
2,4,2
1,40,39
9,11,2
3,30,27
2,2,0
3,5,2
2,2,0
2,2,0
2,2,0
3,13,10
1,1,0
3,3,0
3,3,0
1,7,6
1,2,1
2,3,1
2,7,5
4,4,0
8,9,1
24,24,0
2,2,0
3,8,5
2,2,0
2,2,0
3,5,2
2,2,0
2,6,4
2,5,3
45,48,3
4,4,0
3,3,0
2,2,0
2,2,0
1,26,25
4,4,0
2,2,0
2,29,27
51,55,4
2,2,0
3,13,10
2,2,0
3,3,0
3,5,2
3,3,0
2,4,2
3,3,0
6,6,0
34,34,0
3,3,0
35,58,23
1,2,1
3,4,1
2,4,2
3,13,10
3,5,2
2,4,2
1,2,1
8,8,0
2,4,2
1,14,13
2,2,0
0,0,0
8,10,2
2,2,0
3,7,4
2,10,8
2,2,0
2,2,0
2,2,0
1,2,1
0,0,0
20,20,0
51,51,0
0,0,0
2,2,0
9,9,0
8,8,0
100,100,0
3,3,0
2,2,0
2,3,1
2,2,0
10,10,0
2,2,0
2,2,0
3,3,0
3,4,1
3,3,0
2,4,2
2,2,0
3,9,6
2,2,0
2,2,0
2,3,1
2,2,0
2,2,0
8,8,0
3,3,0
2,4,2
8,8,0
1,3,2
2,2,0
2,93,91
4,4,0
2,2,0
2,2,0
2,5,3
3,3,0
2,4,2
1,1,0
3,3,0
3,3,0
4,4,0
3,6,3
2,3,1
3,5,2
3,5,2
2,4,2
2,2,0
2,2,0
5,5,0
2,4,2
3,7,4
3,6,3
1,2,1
2,2,0
3,3,0
87,88,1
2,2,0
3,3,0
2,2,0
2,2,0
2,2,0
3,3,0
1,3,2
11,11,0
2,4,2
3,5,2
2,4,2
2,2,0
8,8,0
2,2,0
2,2,0
1,1,0
18,18,0
2,2,0
3,3,0
2,2,0
2,21,19
2,2,0
8,8,0
0,0,0
3,3,0
2,2,0
14,14,0
45,45,0
2,2,0
3,3,0
2,2,0
3,5,2
1,61,60
2,2,0
2,2,0
2,2,0
3,3,0
2,4,2
2,2,0
2,2,0
13,13,0
3,3,0
2,2,0
2,2,0
3,7,4
2,2,0
2,2,0
80,204,124
2,2,0
2,2,0
2,8,6
3,3,0
2,2,0
3,5,2
2,2,0
2,2,0
3,5,2
2,3,1
2,2,0
3,23,20
3,5,2
2,2,0
3,5,2
2,2,0
3,6,3
3,5,2
3,3,0
1,2,1
45,45,0
12,12,0
3,3,0
2,2,0
9,9,0
2,2,0
2,2,0
0,0,0
2,2,0
2,2,0
3,3,0
12,12,0
3,3,0
7,7,0
38,41,3
1,1,0
3,3,0
2,8,6
2,2,0
9,9,0
1,2,1
1,1,0
3,3,0
2,6,4
2,2,0
18,18,0
3,3,0
1,1,0
2,2,0
2,3,1
2,2,0
13,17,4
1,2,1
3,6,3
2,4,2
2,2,0
2,2,0
2,2,0
2,6,4
3,3,0
7,14,7
8,8,0
1,2,1
9,9,0
2,2,0
2,2,0
2,48,46
8,8,0
9,9,0
2,2,0
1,2,1
8,16,8
2,8,6
8,8,0
2,2,0
16,19,3
2,2,0
2,2,0
3,3,0
2,2,0
3,5,2
80,125,45
3,6,3
2,2,0
2,2,0
2,4,2
1,1,0
3,3,0
2,4,2
3,5,2
2,2,0
2,2,0
4,8,4
2,2,0
2,2,0
2,4,2
2,4,2
2,4,2
9,9,0
8,8,0
4,4,0
2,4,2
8,8,0
2,2,0
3,3,0
2,82,80
2,5,3
3,3,0
2,2,0
2,4,2
2,2,0
2,2,0
2,2,0
2,4,2
1,1,0
3,3,0
3,3,0
2,3,1
3,5,2
2,2,0
2,31,29
2,11,9
2,2,0
3,4,1
3,7,4
2,2,0
185,185,0
140,140,0
148,148,0
2,2,0
2,2,0
1,9,8
9,9,0
3,7,4
3,3,0
1,8,7
2,5,3
2,2,0
2,2,0
9,9,0
2,2,0
3,3,0
3,18,15
2,2,0
3,9,6
3,3,0
1,1,0
2,16,14
2,2,0
2,2,0
2,6,4
2,2,0
2,21,19
3,3,0
1,2,1
2,2,0
3,4,1
3,5,2
2,2,0
8,16,8
37,108,71
3,3,0
2,2,0
3,5,2
2,4,2
3,5,2
13,15,2
1,2,1
2,2,0
3,9,6
2,6,4
2,2,0
3,3,0
2,2,0
2,4,2
2,2,0
3,3,0
3,3,0
2,2,0
2,2,0
3,3,0
1,1,0
3,3,0
1,1,0
2,4,2
2,3,1
6,6,0
4,8,4
2,4,2
8,8,0
2,2,0
0,0,0
21,21,0
3,3,0
3,7,4
1,1,0
3,7,4
3,5,2
2,2,0
0,0,0
1,36,35
2,2,0
3,5,2
2,4,2
3,19,16
3,3,0
3,3,0
1,3,2
10,10,0
2,71,69
2,2,0
2,5,3
57,57,0
2,2,0
1,2,1
2,2,0
2,2,0
2,2,0
3,4,1
32,32,0
2,13,11
29,30,1
8,11,3
1,2,1
3,3,0
17,17,0
3,5,2
8,8,0
2,2,0
2,2,0
2,2,0
34,34,0
2,4,2
3,3,0
1,1,0
2,2,0
3,3,0
3,3,0
2,6,4
3,4,1
9,9,0
2,2,0
0,0,0
47,48,1
9,9,0
1,2,1
58,67,9
2,3,1
2,2,0
2,22,20
10,10,0
6,6,0
3,12,9
3,3,0
2,2,0
1,2,1
1,22,21
2,3,1
2,11,9
2,2,0
36,36,0
3,3,0
3,4,1
3,11,8
2,2,0
3,3,0
2,2,0
1,14,13
8,8,0
2,2,0
5,5,0
2,2,0
2,2,0
2,2,0
2,2,0
2,84,82
0,0,0
2,2,0
2,2,0
2,2,0
2,5,3
3,7,4
3,9,6
2,2,0
2,7,5
3,3,0
1,2,1
2,2,0
3,3,0
3,3,0
2,12,10
2,4,2
1,26,25
3,5,2
3,3,0
3,6,3
47,151,104
2,2,0
3,3,0
2,2,0
1,2,1
2,2,0
4,5,1
3,3,0
2,2,0
2,8,6
4,4,0
2,2,0
0,0,0
4,10,6
9,9,0
2,2,0
1,25,24
1,2,1
8,8,0
2,2,0
2,2,0
2,2,0
3,3,0
2,6,4
3,3,0
2,3,1
2,4,2
2,2,0
3,3,0
3,5,2
3,7,4
2,77,75
1,28,27
2,2,0
2,2,0
2,2,0
3,3,0
2,2,0
2,2,0
2,2,0
1,3,2
10,10,0
2,2,0
3,6,3
2,2,0
3,5,2
2,2,0
45,45,0
2,2,0
9,9,0
2,2,0
2,4,2
3,3,0
14,25,11
2,4,2
9,9,0
2,2,0
3,9,6
3,7,4
2,2,0
3,5,2
10,10,0
3,3,0
1,1,0
2,7,5
2,2,0
2,2,0
2,9,7
4,4,0
2,2,0
2,2,0
2,2,0
2,2,0
2,2,0
2,2,0
2,2,0
9,9,0
1,1,0
3,3,0
6,6,0
3,3,0
1,2,1
2,2,0
2,2,0
2,3,1
8,8,0
3,3,0
3,7,4
3,3,0
8,8,0
1,1,0
3,3,0
4,6,2
1,3,2
2,2,0
0,0,0
2,4,2
2,2,0
1,1,0
2,2,0
2,2,0
3,3,0
3,3,0
1,6,5
2,8,6
2,15,13
1,9,8
2,2,0
3,8,5
2,2,0
2,2,0
2,2,0
3,3,0
3,5,2
2,2,0
3,3,0
1,2,1
3,78,75
1,1,0
3,8,5
2,2,0
2,2,0
3,5,2
3,3,0
1,2,1
1,1,0
0,0,0
3,3,0
2,2,0
2,2,0
2,2,0
2,2,0
9,9,0
3,5,2
0,0,0
3,10,7
2,2,0
35,35,0
3,3,0
12,12,0
2,2,0
14,14,0
2,2,0
1,7,6
2,2,0
1,1,0
3,3,0
3,3,0
86,92,6
2,6,4
2,2,0
2,2,0
2,2,0
2,2,0
51,53,2
3,3,0
2,2,0
0,0,0
2,2,0
49,49,0
2,2,0
2,2,0
2,2,0
3,3,0
6,6,0
0,0,0
3,5,2
1,1,0
4,4,0
4,6,2
2,3,1
2,3,1
3,4,1
42,44,2
4,43,39
2,2,0
3,7,4
2,2,0
2,2,0
2,3,1
3,5,2
3,3,0
2,2,0
16,20,4
2,2,0
3,7,4
0,0,0
58,64,6
3,27,24
3,3,0
2,3,1
3,6,3
2,2,0
2,7,5
2,2,0
8,8,0
2,2,0
1,21,20
3,10,7
2,2,0
8,8,0
3,5,2
20,20,0
3,5,2
76,76,0
2,2,0
1,3,2
3,7,4
1,3,2
2,2,0
2,2,0
1,32,31
2,2,0
9,9,0
9,9,0
8,8,0
2,2,0
0,0,0
0,0,0
3,3,0
3,9,6
2,10,8
1,1,0
2,2,0
1,3,2
1,2,1
3,7,4
3,4,1
2,2,0
3,3,0
1,79,78
2,4,2
2,2,0
2,4,2
2,2,0
3,3,0
3,3,0
17,17,0
4,4,0
1,5,4
2,2,0
2,2,0
3,3,0
1,1,0
2,2,0
3,3,0
1,1,0
3,3,0
3,3,0
3,3,0
3,7,4
0,0,0
2,2,0
3,3,0
2,2,0
2,45,43
2,4,2
2,2,0
2,16,14
2,2,0
0,0,0
2,2,0
3,3,0
1,1,0
2,2,0
2,4,2
3,3,0
2,2,0
3,10,7
2,4,2
3,13,10
2,2,0
1,1,0
2,2,0
2,2,0
2,2,0
2,2,0
3,5,2
3,3,0
2,4,2
2,4,2
2,2,0
2,5,3
31,45,14
2,2,0
1,1,0
2,2,0
2,2,0
1,2,1
2,2,0
9,9,0
2,2,0
17,18,1
4,4,0
2,2,0
4,4,0
5,5,0
2,2,0
2,14,12
74,200,126
2,2,0
0,0,0
3,7,4
2,4,2
1,1,0
3,6,3
3,3,0
3,8,5
2,2,0
3,4,1
8,10,2
2,6,4
4,4,0
3,3,0
1,1,0
3,3,0
3,5,2
98,98,0
0,0,0
2,2,0
1,10,9
1,2,1
19,29,10
2,2,0
2,2,0
2,2,0
1,5,4
2,2,0
2,2,0
2,5,3
2,4,2
2,7,5
1,2,1
5,5,0
2,2,0
3,5,2
3,21,18
2,2,0
2,2,0
4,4,0
6,6,0
1,1,0
2,2,0
1,2,1
11,11,0
1,20,19
2,6,4
0,0,0
2,2,0
3,5,2
3,3,0
2,2,0
3,3,0
3,3,0
2,2,0
9,9,0
0,0,0
3,5,2
2,2,0
5,5,0
2,2,0
2,3,1
2,2,0
2,3,1
3,3,0
4,8,4
2,2,0
2,2,0
3,4,1
3,3,0
2,2,0
4,4,0
2,4,2
2,2,0
1,2,1
4,4,0
1,1,0
2,6,4
2,2,0
8,44,36
2,3,1
3,3,0
7,7,0
2,2,0
3,5,2
2,2,0
2,4,2
1,3,2
1,2,1
2,4,2
2,4,2
3,5,2
3,9,6
3,3,0
6,8,2
99,179,80
8,8,0
22,22,0
2,2,0
3,6,3
2,2,0
2,7,5
2,2,0
4,4,0
3,13,10
3,8,5
2,37,35
3,3,0
2,2,0
3,3,0
3,3,0
2,2,0
2,2,0
3,7,4
3,3,0
2,15,13
2,2,0
1,2,1
3,3,0
3,7,4
2,2,0
2,2,0
34,38,4
2,2,0
3,5,2
2,4,2
9,9,0
2,2,0
2,2,0
2,2,0
9,9,0
3,4,1
2,2,0
3,5,2
8,8,0
2,2,0
2,2,0
3,3,0
32,35,3
2,4,2
3,5,2
3,3,0
2,2,0
3,5,2
1,7,6
1,2,1
3,3,0
2,2,0
2,2,0
2,2,0
1,2,1
3,3,0
2,2,0
3,3,0
20,20,0
2,2,0
2,2,0
3,3,0
5,5,0
2,2,0
1,2,1
1,1,0
3,13,10
2,2,0
4,4,0
18,38,20
0,0,0
2,2,0
2,2,0
2,2,0
55,55,0
2,2,0
2,2,0
2,12,10
3,3,0
5,5,0
2,2,0
7,7,0
2,2,0
1,1,0
5,6,1
2,5,3
3,3,0
102,144,42
21,37,16
100,104,4
3,6,3
2,2,0
2,3,1
2,2,0
3,5,2
2,2,0
2,2,0
3,3,0
2,2,0
1,5,4
3,5,2
4,4,0
9,24,15
1,3,2
2,2,0
2,8,6
3,5,2
10,10,0
2,2,0
1,1,0
13,13,0
1,2,1
2,3,1
3,5,2
3,3,0
2,4,2
3,3,0
1,1,0
0,0,0
2,2,0
3,3,0
2,3,1
2,2,0
2,3,1
2,13,11
2,2,0
0,0,0
3,5,2
3,4,1
3,7,4
11,12,1
4,5,1
3,3,0
3,3,0
3,5,2
9,9,0
3,3,0
2,2,0
8,8,0
3,6,3
46,47,1
1,11,10
2,4,2
3,3,0
2,19,17
2,4,2
3,3,0
2,2,0
3,3,0
2,2,0
3,5,2
3,3,0
2,6,4
5,60,55
2,2,0
3,3,0
9,9,0
3,3,0
2,2,0
106,106,0
1,95,94
8,8,0
3,3,0
0,0,0
2,2,0
1,1,0
2,2,0
0,0,0
3,5,2
2,2,0
2,3,1
1,4,3
1,1,0
3,3,0
2,7,5
2,2,0
2,20,18
3,5,2
3,5,2
8,30,22
2,2,0
3,8,5
2,2,0
3,3,0
10,16,6
2,2,0
2,2,0
2,2,0
3,14,11
2,2,0
3,3,0
5,5,0
2,2,0
2,2,0
13,13,0
1,1,0
1,1,0
2,84,82
2,2,0
2,4,2
1,3,2
2,2,0
6,6,0
2,2,0
2,2,0
8,8,0
3,4,1
3,3,0
2,2,0
2,2,0
2,2,0
3,3,0
7,7,0
2,3,1
3,3,0
3,3,0
2,13,11
1,1,0
2,2,0
3,9,6
3,6,3
3,3,0
2,2,0
2,2,0
2,12,10
3,5,2
6,6,0
2,2,0
11,11,0
1,1,0
2,7,5
2,3,1
2,3,1
3,3,0
3,5,2
1,1,0
2,2,0
3,5,2
2,2,0
2,46,44
3,4,1
3,9,6
1,1,0
2,2,0
2,2,0
2,2,0
10,10,0
2,2,0
3,5,2
2,2,0
2,2,0
2,3,1
2,2,0
1,2,1
2,8,6
2,2,0
2,2,0
2,2,0
1,2,1
3,3,0
0,0,0
3,20,17
2,2,0
1,3,2
8,8,0
1,4,3
1,2,1
14,14,0
2,3,1
3,3,0
3,9,6
2,2,0
2,2,0
3,4,1
2,2,0
1,2,1
1,2,1
2,4,2
3,5,2
9,9,0
3,17,14
4,5,1
24,24,0
3,3,0
12,12,0
2,4,2
2,2,0
24,35,11
2,41,39
8,8,0
0,0,0
4,4,0
2,6,4
2,2,0
2,2,0
3,3,0
3,5,2
3,3,0
6,10,4
3,3,0
2,2,0
2,4,2
1,3,2
3,3,0
2,2,0
4,15,11
2,4,2
3,8,5
2,2,0
2,2,0
2,6,4
3,3,0
8,14,6
3,3,0
3,7,4
2,2,0
2,2,0
0,0,0
2,2,0
2,2,0
2,2,0
2,2,0
3,3,0
2,6,4
1,1,0
2,12,10
2,2,0
3,3,0
9,9,0
2,13,11
9,9,0
3,3,0
2,4,2
2,2,0
2,4,2
1,3,2
1,5,4
2,4,2
2,2,0
3,3,0
2,2,0
1,2,1
2,2,0
2,4,2
2,2,0
3,3,0
3,3,0
2,2,0
2,2,0
8,8,0
2,75,73
3,3,0
2,3,1
2,3,1
78,78,0
18,19,1
2,2,0
3,3,0
2,2,0
3,3,0
2,2,0
3,6,3
2,12,10
3,3,0
3,4,1
3,8,5
2,2,0
4,17,13
1,1,0
2,4,2
1,5,4
2,2,0
2,2,0
4,25,21
33,35,2
0,0,0
3,3,0
8,8,0
2,2,0
5,5,0
3,3,0
3,3,0
1,1,0
3,3,0
2,2,0
58,58,0
4,4,0
3,3,0
2,2,0
1,2,1
3,5,2
2,2,0
1,2,1
8,8,0
2,4,2
2,2,0
2,2,0
66,66,0
3,3,0
2,3,1
6,6,0
1,1,0
2,3,1
2,35,33
1,23,22
2,2,0
70,110,40
3,3,0
2,6,4
2,82,80
8,8,0
0,0,0
3,3,0
2,2,0
3,3,0
1,2,1
2,3,1
3,3,0
3,5,2
3,3,0
3,3,0
103,103,0
12,12,0
3,3,0
4,4,0
2,2,0
100,104,4
1,24,23
2,2,0
129,236,107
2,2,0
3,18,15
3,3,0
2,37,35
8,8,0
0,0,0
2,4,2
2,2,0
2,2,0
3,3,0
2,2,0
2,5,3
2,8,6
2,2,0
2,2,0
3,5,2
2,2,0
3,3,0
3,8,5
2,2,0
3,12,9
1,3,2
1,1,0
5,5,0
0,0,0
1,1,0
3,4,1
9,9,0
56,63,7
3,11,8
3,3,0
2,2,0
3,11,8
2,2,0
147,147,0
2,2,0
2,2,0
2,4,2
9,9,0
2,2,0
8,8,0
2,3,1
3,5,2
3,3,0
2,7,5
3,3,0
2,2,0
2,2,0
2,2,0
3,5,2
2,2,0
3,5,2
4,51,47
3,3,0
1,1,0
9,9,0
1,1,0
9,17,8
2,2,0
1,25,24
2,4,2
2,3,1
0,0,0
2,2,0
2,4,2
1,4,3
3,6,3
3,28,25
2,2,0
3,5,2
3,3,0
2,4,2
46,46,0
24,25,1
89,140,51
135,268,133
2,2,0
2,2,0
3,3,0
1,8,7
4,4,0
1,4,3
2,2,0
2,4,2
8,16,8
1,1,0
2,2,0
11,11,0
1,2,1
3,6,3
3,19,16
3,4,1
3,12,9
2,2,0
2,4,2
3,3,0
3,3,0
0,0,0
3,5,2
3,3,0
2,2,0
2,2,0
44,58,14
3,13,10
2,48,46
2,2,0
18,18,0
3,3,0
2,2,0
3,3,0
1,1,0
9,9,0
1,22,21
3,17,14
4,11,7
3,5,2
5,5,0
1,2,1
2,2,0
28,28,0
3,3,0
4,16,12
3,8,5
2,82,80
2,2,0
1,31,30
2,2,0
3,3,0
9,9,0
2,2,0
2,7,5
1,1,0
1,1,0
2,2,0
1,22,21
2,2,0
12,12,0
3,3,0
3,3,0
3,3,0
2,2,0
2,2,0
2,2,0
3,3,0
2,3,1
2,2,0
3,3,0
2,2,0
2,2,0
6,6,0
8,8,0
2,47,45
2,3,1
2,2,0
3,23,20
4,24,20
1,1,0
2,6,4
2,2,0
406,406,0
3,3,0
3,7,4
3,5,2
7,7,0
2,2,0
10,67,57
8,8,0
2,6,4
0,0,0
2,2,0
3,7,4
0,0,0
8,8,0
3,3,0
3,7,4
2,2,0
2,6,4
2,2,0
2,2,0
2,2,0
1,3,2
3,4,1
0,0,0
44,44,0
2,2,0
2,2,0
1,1,0
3,7,4
2,4,2
2,2,0
3,3,0
3,3,0
2,2,0
1,21,20
100,100,0
2,4,2
3,3,0
2,4,2
2,2,0
2,2,0
2,2,0
2,4,2
2,2,0
3,5,2
2,2,0
6,6,0
2,2,0
3,3,0
4,4,0
2,2,0
2,2,0
4,4,0
2,2,0
1,1,0
2,2,0
2,2,0
7,7,0
2,2,0
2,2,0
9,9,0
1,2,1
0,0,0
1,4,3
2,4,2
3,3,0
3,3,0
2,2,0
2,2,0
3,3,0
3,5,2
2,2,0
2,2,0
8,8,0
3,3,0
3,3,0
3,11,8
2,4,2
2,4,2
173,173,0
3,3,0
2,2,0
3,6,3
2,4,2
1,2,1
44,46,2
1,2,1
3,7,4
2,2,0
1,6,5
2,2,0
8,10,2
1,29,28
1,6,5
127,127,0
3,5,2
8,8,0
1,1,0
2,2,0
3,3,0
8,8,0
3,3,0
2,4,2
1,14,13
3,3,0
2,10,8
2,6,4
2,2,0
9,9,0
2,6,4
13,15,2
9,9,0
2,2,0
2,2,0
2,2,0
2,7,5
2,12,10
2,4,2
1,1,0
2,2,0
5,5,0
2,2,0
3,4,1
3,9,6
2,4,2
8,12,4
1,25,24
100,200,100
3,4,1
2,2,0
8,8,0
43,43,0
5,5,0
2,2,0
52,56,4
10,10,0
2,3,1
3,4,1
3,10,7
3,7,4
2,2,0
2,4,2
2,2,0
2,2,0
3,3,0
10,10,0
2,2,0
1,1,0
3,3,0
2,2,0
12,219,207
2,4,2
1,5,4
2,2,0
9,9,0
1,2,1
3,3,0
2,6,4
2,4,2
3,11,8
1,2,1
20,20,0
1,1,0
3,3,0
2,2,0
0,0,0
2,2,0
4,4,0
2,2,0
1,1,0
2,14,12
2,2,0
9,9,0
101,101,0
2,2,0
2,4,2
2,2,0
1,2,1
2,6,4
1,5,4
15,21,6
38,38,0
3,3,0
100,100,0
2,3,1
3,8,5
3,3,0
70,72,2
2,2,0
2,3,1
2,10,8
1,23,22
2,2,0
4,4,0
10,10,0
2,2,0
2,4,2
10,10,0
2,58,56
3,3,0
6,8,2
2,11,9
3,4,1
2,2,0
3,3,0
2,11,9
2,2,0
2,2,0
1,2,1
2,2,0
2,2,0
2,4,2
3,18,15
0,0,0
2,2,0
3,7,4
7,9,2
11,11,0
6,17,11
2,2,0
3,19,16
10,10,0
12,12,0
2,2,0
10,10,0
106,152,46
2,2,0
2,11,9
2,2,0
0,0,0
2,7,5
3,9,6
9,11,2
2,2,0
3,5,2
3,3,0
2,2,0
2,2,0
0,0,0
3,6,3
3,4,1
0,0,0
2,4,2
2,4,2
1,1,0
3,5,2
2,2,0
1,2,1
2,4,2
51,51,0
3,4,1
2,2,0
9,9,0
9,9,0
1,14,13
2,2,0
11,25,14
3,3,0
3,3,0
3,3,0
12,12,0
1,1,0
3,3,0
92,184,92
9,9,0
3,3,0
3,7,4
2,3,1
1,1,0
2,11,9
46,46,0
2,8,6
2,2,0
3,3,0
3,3,0
5,5,0
2,2,0
3,5,2
3,3,0
2,2,0
21,21,0
3,46,43
3,3,0
3,3,0
2,2,0
2,2,0
2,6,4
3,3,0
1,2,1
1,3,2
9,9,0
6,11,5
2,2,0
2,2,0
3,3,0
3,3,0
1,17,16
3,5,2
1,24,23
2,48,46
3,6,3
2,4,2
3,5,2
2,2,0
2,4,2
2,2,0
60,62,2
1,2,1
2,2,0
3,4,1
3,3,0
1,1,0
2,10,8
1,1,0
2,4,2
2,2,0
2,2,0
8,8,0
2,2,0
2,2,0
3,8,5
2,2,0
2,2,0
16,16,0
3,9,6
3,3,0
3,9,6
2,2,0
5,5,0
3,5,2
2,2,0
23,23,0
3,5,2
3,6,3
3,14,11
3,3,0
43,77,34
2,2,0
2,2,0
51,62,11
3,83,80
3,6,3
63,63,0
3,3,0
3,3,0
4,4,0
3,5,2
3,3,0
3,6,3
2,2,0
1,1,0
3,3,0
8,8,0
8,8,0
2,2,0
10,10,0
0,0,0
2,2,0
2,2,0
2,2,0
2,2,0
2,8,6
2,2,0
8,8,0
1,11,10
18,19,1
2,6,4
2,6,4
9,9,0
2,2,0
2,45,43
4,4,0
3,3,0
7,24,17
4,4,0
3,9,6
2,2,0
8,8,0
2,2,0
2,5,3
2,2,0
2,2,0
3,3,0
1,2,1
1,2,1
2,2,0
2,2,0
2,2,0
2,2,0
3,23,20
6,24,18
2,10,8
22,22,0
2,2,0
8,10,2
5,5,0
9,9,0
2,2,0
1,1,0
2,2,0
10,63,53
2,2,0
0,0,0
2,2,0
2,2,0
0,0,0
0,0,0
0,0,0
2,2,0
2,2,0
2,2,0
5,7,2
2,4,2
33,33,0
2,3,1
2,2,0
2,4,2
1,2,1
3,3,0
2,2,0
1,23,22
2,2,0
2,2,0
1,4,3
2,2,0
3,4,1
2,2,0
2,2,0
3,3,0
2,2,0
3,9,6
1,7,6
2,2,0
2,2,0
3,3,0
3,3,0
0,0,0
3,3,0
2,2,0
0,0,0
87,90,3
2,2,0
0,0,0
2,8,6
3,5,2
51,51,0
0,0,0
2,2,0
0,0,0
2,2,0
2,2,0
4,4,0
3,18,15
2,2,0
0,0,0
12,12,0
1,2,1
9,9,0
141,141,0
6,14,8
2,2,0
2,5,3
2,4,2
2,2,0
2,5,3
4,4,0
2,3,1
2,2,0
2,2,0
2,2,0
4,23,19
1,2,1
2,2,0
2,8,6
0,0,0
3,5,2
3,3,0
1,40,39
2,2,0
2,2,0
12,23,11
2,7,5
0,0,0
2,2,0
8,11,3
3,10,7
2,4,2
2,2,0
2,2,0
1,22,21
3,3,0
3,3,0
9,9,0
2,2,0
2,4,2
2,70,68
2,2,0
5,51,46
2,11,9
13,13,0
2,2,0
2,2,0
3,3,0
20,22,2
3,3,0
1,1,0
2,2,0
3,3,0
1,2,1
0,0,0
2,2,0
1,2,1
8,16,8
3,3,0
2,2,0
1,1,0
1,2,1
4,5,1
2,4,2
2,2,0
51,93,42
2,6,4
2,2,0
3,7,4
3,3,0
2,2,0
2,15,13
1,2,1
1,3,2
2,2,0
1,2,1
2,2,0
3,9,6
3,3,0
2,10,8
1,2,1
2,12,10
3,5,2
10,15,5
2,5,3
140,140,0
2,2,0
3,13,10
3,4,1
3,3,0
3,3,0
2,2,0
2,2,0
8,8,0
3,3,0
2,2,0
3,3,0
2,13,11
3,13,10
2,10,8
1,13,12
2,2,0
3,3,0
1,2,1
1,1,0
9,52,43
2,2,0
3,3,0
2,2,0
2,2,0
2,4,2
2,2,0
4,4,0
2,2,0
2,2,0
8,8,0
6,12,6
3,5,2
2,2,0
2,2,0
2,2,0
1,1,0
3,3,0
2,2,0
3,7,4
1,3,2
2,4,2
2,2,0
1,21,20
1,1,0
1,1,0
3,3,0
17,17,0
2,2,0
2,2,0
4,6,2
3,6,3
8,10,2
2,2,0
2,92,90
1,4,3
2,2,0
1,29,28
2,9,7
2,5,3
1,1,0
1,1,0
3,13,10
1,1,0
2,2,0
3,3,0
2,5,3
2,2,0
3,6,3
2,2,0
3,6,3
3,5,2
51,51,0
2,4,2
3,3,0
2,2,0
2,2,0
3,7,4
2,4,2
3,5,2
2,2,0
1,2,1
2,2,0
2,2,0
1,2,1
3,3,0
2,2,0
2,2,0
154,154,0
3,8,5
6,6,0
4,62,58
3,3,0
3,3,0
2,2,0
6,22,16
3,3,0
2,2,0
2,2,0
10,10,0
1,1,0
2,2,0
2,2,0
2,2,0
3,6,3
7,7,0
3,3,0
77,77,0
2,2,0
9,9,0
2,44,42
1,2,1
8,8,0
0,0,0
9,9,0
1,1,0
1,2,1
9,9,0
2,2,0
3,3,0
3,3,0
2,2,0
0,0,0
2,2,0
2,2,0
1,1,0
3,7,4
2,2,0
3,3,0
2,2,0
4,4,0
3,3,0
6,6,0
2,2,0
2,2,0
2,3,1
2,2,0
4,4,0
2,2,0
11,11,0
1,1,0
2,3,1
2,2,0
2,2,0
2,4,2
2,15,13
1,7,6
1,4,3
2,2,0
0,0,0
2,6,4
2,4,2
2,2,0
3,3,0
6,19,13
2,2,0
16,16,0
2,2,0
2,2,0
3,5,2
1,2,1
2,2,0
2,2,0
3,7,4
2,4,2
3,9,6
2,2,0
3,3,0
6,6,0
4,6,2
20,20,0
2,3,1
3,3,0
3,3,0
77,130,53
3,9,6
19,23,4
2,2,0
8,8,0
1,2,1
2,2,0
11,12,1
2,2,0
2,2,0
2,2,0
2,82,80
3,5,2
2,2,0
1,1,0
2,2,0
2,4,2
2,2,0
2,2,0
5,5,0
57,57,0
8,8,0
11,11,0
16,19,3
3,3,0
2,4,2
3,5,2
3,3,0
8,8,0
1,4,3
0,0,0
2,3,1
8,8,0
2,2,0
3,7,4
175,175,0
1,8,7
3,3,0
2,2,0
2,4,2
1,3,2
2,4,2
1,1,0
2,2,0
2,2,0
0,0,0
2,2,0
2,4,2
2,2,0
2,2,0
2,11,9
2,2,0
2,2,0
3,3,0
9,9,0
2,2,0
2,2,0
10,29,19
3,3,0
2,2,0
1,1,0
8,8,0
1,1,0
2,2,0
8,8,0
3,3,0
3,3,0
2,7,5
2,2,0
2,2,0
3,3,0
2,2,0
1,1,0
2,2,0
2,2,0
2,2,0
3,9,6
11,11,0
3,3,0
1,4,3
2,6,4
1,2,1
2,2,0
2,4,2
0,0,0
9,9,0
3,4,1
3,3,0
2,2,0
2,2,0
2,2,0
3,8,5
1,1,0
31,31,0
2,6,4
2,2,0
2,2,0
2,3,1
2,2,0
2,2,0
1,3,2
2,2,0
3,7,4
4,4,0
2,5,3
80,80,0
3,6,3
77,77,0
2,4,2
2,2,0
2,5,3
77,77,0
2,2,0
3,5,2
2,6,4
1,1,0
2,4,2
2,3,1
3,9,6
2,4,2
2,2,0
2,2,0
2,2,0
3,5,2
2,4,2
2,2,0
3,5,2
2,4,2
3,3,0
2,2,0
2,2,0
1,1,0
2,11,9
2,2,0
1,2,1
2,3,1
2,2,0
3,3,0
2,5,3
6,6,0
1,1,0
2,2,0
1,1,0
8,8,0
3,7,4
2,7,5
3,3,0
2,2,0
3,3,0
1,7,6
2,2,0
1,1,0
2,2,0
3,14,11
2,2,0
5,5,0
100,104,4
2,4,2
2,2,0
4,4,0
2,2,0
0,0,0
3,3,0
3,7,4
2,2,0
2,2,0
3,3,0
12,12,0
2,2,0
2,2,0
0,0,0
1,3,2
2,82,80
2,2,0
8,8,0
2,9,7
2,2,0
2,10,8
2,2,0
2,2,0
2,9,7
9,9,0
1,1,0
2,3,1
3,3,0
2,6,4
2,2,0
1,25,24
1,2,1
3,3,0
88,88,0
6,6,0
2,2,0
2,2,0
1,2,1
3,3,0
8,8,0
2,2,0
3,3,0
2,4,2
2,2,0
3,3,0
2,2,0
22,22,0
2,2,0
2,8,6
3,5,2
2,2,0
2,2,0
2,2,0
11,22,11
9,9,0
3,3,0
2,2,0
2,3,1
2,2,0
2,2,0
9,9,0
2,2,0
2,12,10
2,2,0
0,0,0
3,3,0
11,11,0
2,4,2
0,0,0
2,2,0
13,37,24
2,2,0
3,3,0
2,2,0
3,3,0
2,7,5
3,5,2
100,227,127
76,76,0
0,0,0
3,17,14
4,18,14
2,2,0
3,5,2
1,4,3
2,2,0
2,3,1
2,2,0
2,2,0
4,4,0
2,2,0
2,80,78
19,19,0
2,2,0
3,11,8
1,2,1
3,3,0
3,3,0
3,5,2
2,2,0
2,8,6
3,3,0
1,7,6
2,4,2
2,2,0
3,3,0
2,2,0
35,35,0
3,3,0
11,11,0
2,2,0
3,3,0
3,5,2
3,3,0
1,25,24
2,2,0
8,8,0
2,2,0
2,2,0
2,2,0
22,24,2
1,2,1
4,4,0
2,3,1
3,5,2
6,8,2
2,4,2
3,10,7
2,2,0
2,4,2
2,4,2
2,47,45
8,8,0
2,2,0
2,2,0
3,13,10
3,3,0
3,8,5
3,3,0
100,102,2
2,2,0
3,5,2
1,1,0
3,3,0
2,2,0
11,11,0
1,1,0
30,30,0
51,51,0
2,2,0
2,4,2
2,6,4
2,2,0
2,7,5
2,4,2
2,2,0
2,82,80
6,6,0
3,3,0
3,5,2
3,22,19
6,6,0
2,2,0
2,4,2
54,65,11
3,3,0
2,2,0
8,8,0
3,8,5
2,2,0
4,4,0
1,1,0
2,2,0
3,3,0
2,2,0
2,2,0
1,1,0
8,8,0
2,2,0
4,4,0
1,23,22
1,2,1
2,2,0
2,6,4
2,2,0
1,1,0
154,154,0
1,1,0
2,2,0
1,1,0
2,2,0
2,2,0
2,6,4
1,2,1
68,68,0
2,9,7
2,2,0
2,2,0
3,3,0
2,2,0
1,74,73
2,2,0
2,2,0
2,2,0
2,2,0
3,7,4
2,2,0
9,24,15
3,4,1
9,9,0
2,2,0
12,12,0
2,5,3
0,0,0
0,0,0
3,3,0
2,2,0
2,4,2
9,9,0
3,5,2
2,2,0
10,10,0
2,2,0
1,4,3
2,4,2
0,0,0
2,3,1
2,4,2
2,2,0
8,8,0
2,2,0
2,2,0
2,2,0
2,2,0
6,8,2
2,58,56
2,6,4
2,2,0
1,2,1
3,3,0
3,5,2
1,3,2
8,14,6
2,2,0
2,4,2
2,5,3
2,2,0
2,2,0
2,4,2
2,2,0
2,2,0
12,12,0
2,2,0
2,2,0
2,2,0
2,2,0
2,2,0
11,11,0
2,2,0
1,1,0
2,2,0
0,0,0
9,9,0
2,45,43
1,20,19
2,7,5
2,3,1
4,4,0
2,2,0
2,7,5
2,2,0
2,2,0
2,2,0
3,17,14
3,3,0
26,26,0
3,3,0
7,7,0
8,8,0
2,3,1
3,5,2
2,4,2
3,7,4
3,21,18
2,2,0
1,4,3
2,4,2
2,2,0
3,3,0
2,2,0
3,3,0
2,2,0
1,1,0
1,11,10
1,60,59
3,6,3
2,11,9
10,11,1
2,11,9
3,3,0
1,1,0
3,8,5
3,7,4
2,3,1
2,2,0
2,2,0
2,4,2
2,5,3
2,2,0
24,24,0
3,5,2
33,36,3
2,2,0
2,4,2
2,6,4
2,2,0
3,3,0
2,2,0
2,6,4
8,8,0
0,0,0
2,4,2
2,2,0
2,2,0
18,18,0
3,8,5
1,1,0
1,6,5
2,7,5
2,5,3
1,1,0
22,65,43
2,6,4
1,1,0
2,2,0
2,4,2
0,0,0
2,2,0
3,7,4
2,4,2
9,9,0
2,2,0
3,3,0
2,2,0
3,3,0
2,2,0
3,3,0
3,9,6
5,5,0
2,2,0
2,6,4
3,3,0
3,9,6
2,2,0
0,0,0
2,2,0
2,2,0
2,34,32
1,1,0
3,3,0
3,3,0
3,3,0
3,7,4
3,5,2
2,10,8
0,0,0
2,6,4
8,8,0
3,3,0
3,3,0
2,2,0
4,4,0
2,4,2
2,2,0
2,2,0
0,0,0
8,8,0
24,24,0
3,3,0
2,2,0
3,3,0
3,3,0
0,0,0
2,2,0
0,0,0
20,20,0
52,79,27
3,5,2
4,4,0
3,3,0
2,2,0
1,3,2
2,8,6
3,3,0
2,4,2
2,32,30
1,3,2
6,6,0
3,7,4
2,2,0
3,7,4
3,5,2
2,2,0
2,2,0
81,81,0
2,2,0
3,3,0
8,8,0
2,2,0
0,0,0
2,2,0
2,2,0
1,3,2
3,3,0
2,2,0
2,4,2
3,6,3
4,4,0
2,2,0
2,10,8
100,104,4
3,5,2
2,2,0
98,98,0
1,2,1
27,27,0
24,27,3
2,2,0
2,3,1
1,1,0
2,2,0
3,5,2
2,3,1
0,0,0
4,4,0
2,7,5
51,51,0
3,3,0
1,2,1
2,4,2
1,1,0
2,2,0
2,2,0
3,8,5
5,7,2
2,2,0
2,2,0
8,8,0
2,10,8
3,3,0
2,20,18
2,10,8
1,22,21
3,5,2
2,16,14
0,0,0
1,2,1
3,3,0
2,2,0
2,9,7
5,5,0
3,3,0
2,10,8
0,0,0
1,1,0
5,5,0
3,7,4
65,132,67
2,80,78
2,2,0
2,2,0
0,0,0
2,2,0
2,2,0
3,7,4
8,8,0
2,6,4
3,8,5
2,2,0
3,3,0
2,2,0
2,2,0
2,2,0
173,262,89
2,4,2
6,9,3
3,4,1
2,4,2
2,6,4
3,3,0
9,11,2
3,3,0
2,2,0
2,3,1
2,2,0
11,13,2
2,2,0
0,0,0
2,4,2
2,2,0
3,5,2
2,6,4
2,2,0
5,22,17
9,9,0
2,2,0
5,5,0
8,8,0
2,2,0
2,6,4
2,4,2
2,2,0
2,4,2
2,82,80
2,14,12
3,3,0
0,0,0
1,2,1
100,100,0
2,2,0
143,143,0
2,3,1
29,29,0
0,0,0
3,14,11
3,5,2
3,5,2
2,4,2
2,2,0
2,4,2
3,21,18
3,4,1
3,5,2
8,8,0
2,2,0
2,2,0
8,8,0
2,4,2
2,2,0
0,0,0
0,0,0
3,9,6
1,3,2
8,8,0
3,3,0
0,0,0
1,5,4
1,23,22
11,11,0
3,3,0
1,3,2
3,3,0
2,8,6
2,2,0
1,23,22
0,0,0
3,3,0
2,2,0
2,2,0
2,2,0
2,2,0
3,4,1
2,2,0
3,5,2
3,3,0
2,2,0
2,2,0
24,24,0
2,3,1
2,2,0
2,2,0
2,2,0
2,2,0
100,100,0
3,5,2
0,0,0
3,3,0
2,2,0
2,2,0
11,11,0
2,2,0
3,5,2
9,9,0
2,3,1
2,13,11
1,1,0
3,3,0
2,2,0
8,8,0
6,6,0
2,2,0
60,113,53
1,6,5
3,3,0
1,2,1
3,8,5
2,2,0
3,3,0
2,60,58
2,4,2
11,11,0
2,2,0
9,9,0
3,3,0
3,3,0
1,3,2
1,2,1
2,4,2
1,17,16
3,3,0
2,2,0
6,27,21
2,2,0
1,3,2
3,5,2
51,51,0
3,3,0
37,37,0
2,2,0
2,10,8
3,3,0
3,3,0
2,2,0
2,4,2
9,9,0
1,1,0
2,6,4
1,1,0
2,2,0
2,2,0
2,15,13
3,7,4
3,3,0
3,3,0
3,8,5
2,2,0
0,0,0
2,2,0
2,2,0
2,4,2
3,5,2
2,2,0
2,2,0
2,2,0
2,5,3
2,2,0
2,2,0
2,2,0
1,1,0
2,2,0
2,2,0
8,8,0
11,16,5
1,2,1
3,3,0
1,1,0
2,69,67
3,9,6
2,2,0
2,2,0
4,9,5
3,3,0
3,3,0
20,20,0
27,27,0
10,10,0
3,9,6
2,2,0
2,2,0
1,2,1
2,6,4
2,2,0
2,9,7
2,8,6
2,2,0
9,9,0
1,12,11
1,1,0
24,24,0
1,4,3
95,95,0
11,11,0
3,3,0
56,60,4
3,3,0
1,2,1
2,6,4
3,6,3
1,4,3
2,2,0
1,2,1
1,3,2
3,5,2
3,5,2
0,0,0
1,2,1
2,2,0
2,2,0
3,6,3
2,2,0
3,5,2
3,3,0
3,3,0
3,7,4
2,2,0
2,2,0
4,4,0
2,4,2
3,9,6
2,2,0
3,9,6
2,2,0
2,5,3
2,82,80
2,2,0
2,2,0
2,2,0
2,2,0
3,11,8
3,3,0
3,3,0
3,5,2
2,2,0
0,0,0
2,2,0
12,12,0
3,3,0
2,2,0
1,6,5
2,12,10
2,2,0
2,2,0
2,2,0
2,2,0
2,6,4
2,2,0
2,2,0
3,20,17
18,18,0
0,0,0
3,3,0
11,11,0
2,8,6
1,2,1
4,4,0
3,3,0
3,3,0
2,168,166
2,4,2
3,3,0
2,28,26
1,2,1
5,7,2
2,2,0
1,1,0
6,6,0
1,2,1
87,98,11
1,2,1
2,2,0
2,2,0
1,1,0
24,24,0
2,2,0
3,3,0
2,2,0
1,1,0
8,23,15
2,13,11
3,3,0
3,3,0
7,20,13
2,2,0
15,24,9
2,8,6
2,2,0
2,2,0
3,5,2
2,2,0
2,2,0
2,2,0
3,3,0
1,1,0
2,2,0
3,5,2
2,2,0
2,2,0
4,4,0
3,3,0
7,58,51
2,3,1
10,23,13
4,7,3
19,19,0
2,2,0
3,9,6
2,2,0
3,3,0
5,5,0
8,8,0
1,7,6
2,2,0
2,56,54
2,10,8
3,5,2
8,16,8
2,2,0
3,3,0
0,0,0
2,3,1
3,3,0
2,2,0
2,4,2
2,2,0
1,59,58
2,2,0
5,5,0
3,9,6
3,3,0
2,40,38
2,5,3
2,2,0
0,0,0
2,2,0
1,2,1
2,2,0
2,4,2
9,9,0
9,9,0
4,7,3
2,2,0
3,3,0
2,2,0
1,3,2
2,2,0
3,4,1
1,1,0
3,3,0
4,6,2
3,3,0
2,2,0
2,2,0
2,2,0
2,80,78
2,3,1
2,47,45
2,4,2
1,2,1
2,2,0
54,54,0
0,0,0
2,2,0
2,2,0
3,3,0
8,8,0
1,2,1
3,3,0
2,2,0
2,10,8
8,8,0
3,5,2
2,2,0
3,3,0
3,8,5
3,3,0
2,2,0
4,14,10
1,2,1
4,13,9
2,2,0
2,8,6
2,2,0
6,11,5
2,2,0
2,2,0
1,1,0
2,2,0
87,89,2
2,2,0
3,5,2
10,12,2
3,5,2
2,2,0
2,3,1
2,6,4
2,2,0
2,2,0
7,7,0
2,2,0
2,2,0
2,2,0
2,2,0
3,3,0
1,1,0
3,3,0
3,5,2
2,2,0
3,3,0
2,2,0
3,4,1
2,4,2
3,3,0
2,4,2
2,4,2
2,4,2
3,9,6
2,2,0
2,2,0
2,6,4
2,3,1
2,2,0
12,12,0
3,9,6
2,2,0
2,2,0
3,5,2
2,4,2
2,32,30
2,6,4
2,2,0
2,6,4
3,13,10
3,12,9
8,8,0
2,2,0
2,2,0
2,2,0
8,8,0
3,5,2
2,2,0
22,22,0
1,2,1
3,17,14
3,5,2
2,9,7
3,3,0
2,4,2
2,2,0
2,2,0
3,3,0
3,3,0
2,4,2
2,2,0
1,1,0
8,8,0
1,5,4
8,8,0
2,2,0
87,87,0
3,7,4
3,3,0
2,2,0
7,7,0
2,2,0
2,2,0
2,6,4
1,1,0
1,61,60
2,2,0
2,2,0
4,4,0
2,6,4
3,3,0
2,2,0
28,28,0
2,4,2
2,2,0
3,3,0
1,2,1
3,3,0
2,2,0
0,0,0
3,3,0
2,2,0
8,8,0
2,2,0
59,59,0
2,2,0
2,6,4
2,4,2
3,3,0
1,14,13
3,8,5
9,10,1
11,11,0
2,2,0
2,2,0
2,4,2
2,58,56
2,2,0
6,103,97
3,5,2
3,15,12
2,2,0
94,95,1
2,2,0
4,4,0
3,3,0
2,2,0
2,2,0
1,2,1
2,2,0
3,12,9
2,5,3
8,8,0
2,4,2
2,2,0
2,2,0
2,8,6
3,3,0
3,3,0
3,3,0
3,13,10
3,3,0
2,2,0
3,5,2
2,5,3
0,0,0
2,2,0
3,17,14
2,5,3
2,9,7
2,2,0
9,9,0
2,4,2
3,5,2
3,3,0
2,13,11
2,6,4
2,4,2
3,4,1
2,4,2
1,1,0
2,2,0
2,2,0
3,3,0
3,3,0
97,97,0
9,9,0
2,7,5
0,0,0
1,1,0
2,4,2
2,4,2
3,3,0
24,24,0
3,10,7
2,4,2
3,5,2
3,3,0
9,17,8
9,9,0
4,4,0
2,2,0
10,18,8
2,2,0
1,1,0
3,3,0
2,2,0
11,11,0
1,24,23
2,2,0
3,5,2
2,2,0
9,9,0
99,198,99
2,2,0
3,3,0
1,12,11
2,2,0
9,9,0
12,12,0
4,4,0
50,52,2
2,48,46
16,16,0
2,2,0
4,10,6
2,2,0
3,3,0
2,2,0
3,8,5
2,2,0
0,0,0
1,1,0
2,5,3
3,3,0
2,4,2
3,10,7
8,8,0
3,6,3
2,2,0
3,3,0
2,2,0
2,4,2
3,3,0
2,2,0
3,3,0
2,2,0
2,2,0
10,10,0
2,2,0
2,4,2
1,4,3
2,4,2
2,4,2
2,2,0
6,6,0
2,2,0
2,2,0
3,3,0
2,2,0
3,3,0
2,2,0
3,9,6
3,3,0
2,4,2
3,4,1
2,2,0
4,4,0
2,2,0
0,0,0
3,3,0
3,8,5
0,0,0
2,2,0
3,3,0
9,9,0
3,11,8
3,3,0
2,45,43
2,5,3
8,8,0
1,23,22
3,5,2
2,2,0
1,3,2
2,2,0
3,7,4
0,0,0
1,3,2
2,2,0
0,0,0
17,25,8
2,2,0
3,5,2
3,5,2
3,3,0
3,5,2
2,4,2
3,3,0
2,2,0
2,2,0
3,6,3
3,3,0
6,6,0
3,11,8
2,4,2
2,2,0
2,2,0
3,3,0
1,2,1
8,8,0
0,0,0
2,2,0
2,2,0
3,3,0
3,3,0
3,14,11
8,9,1
3,3,0
2,2,0
9,9,0
0,0,0
2,2,0
47,144,97
2,2,0
9,9,0
2,4,2
5,5,0
2,2,0
2,22,20
1,24,23
3,3,0
8,8,0
8,8,0
2,2,0
2,2,0
2,4,2
3,5,2
11,11,0
11,11,0
1,2,1
2,3,1
3,3,0
2,3,1
6,8,2
4,4,0
2,2,0
2,7,5
3,3,0
2,2,0
2,6,4
2,2,0
3,3,0
3,5,2
3,8,5
2,2,0
2,2,0
0,0,0
23,23,0
3,3,0
2,2,0
1,2,1
2,2,0
2,2,0
2,6,4
2,2,0
4,11,7
3,124,121
1,5,4
1,1,0
3,3,0
2,2,0
2,2,0
3,3,0
2,2,0
2,2,0
2,2,0
47,47,0
2,2,0
3,3,0
2,2,0
2,2,0
31,31,0
2,2,0
2,2,0
2,2,0
2,2,0
2,2,0
2,4,2
106,106,0
3,6,3
2,2,0
2,2,0
2,2,0
2,2,0
2,5,3
2,2,0
2,2,0
2,2,0
1,25,24
2,2,0
2,2,0
2,2,0
9,13,4
2,2,0
0,0,0
2,2,0
2,4,2
2,4,2
2,2,0
2,2,0
2,4,2
2,16,14
8,10,2
3,5,2
2,2,0
2,2,0
2,2,0
2,2,0
1,54,53
2,2,0
1,118,117
20,20,0
1,2,1
2,6,4
2,8,6
2,2,0
2,3,1
2,2,0
2,19,17
8,8,0
8,8,0
2,2,0
11,11,0
49,50,1
2,2,0
2,2,0
2,2,0
3,7,4
3,3,0
3,3,0
3,5,2
2,2,0
3,3,0
3,3,0
2,2,0
2,2,0
9,21,12
1,8,7
2,2,0
3,4,1
1,10,9
3,5,2
2,2,0
1,1,0
2,2,0
2,2,0
3,3,0
3,3,0
2,2,0
2,2,0
3,11,8
3,16,13
9,18,9
2,4,2
1,2,1
4,4,0
2,2,0
11,11,0
3,5,2
3,14,11
2,4,2
26,26,0
100,101,1
2,2,0
2,2,0
3,3,0
2,2,0
2,2,0
2,2,0
23,26,3
2,2,0
5,5,0
2,6,4
1,1,0
2,16,14
3,3,0
1,2,1
0,0,0
2,2,0
6,6,0
6,6,0
3,3,0
10,10,0
3,3,0
2,2,0
2,2,0
1,19,18
3,12,9
3,5,2
2,5,3
3,3,0
3,5,2
2,2,0
1,1,0
2,2,0
6,6,0
2,2,0
2,2,0
3,5,2
3,3,0
2,6,4
2,2,0
2,2,0
1,4,3
3,5,2
1,2,1
2,2,0
2,4,2
2,2,0
2,2,0
2,2,0
2,2,0
2,6,4
3,3,0
1,1,0
2,2,0
3,5,2
2,4,2
24,24,0
2,2,0
2,2,0
4,5,1
2,2,0
2,3,1
2,2,0
2,9,7
9,9,0
3,5,2
2,2,0
2,2,0
2,2,0
2,2,0
2,4,2
8,8,0
2,3,1
2,2,0
2,2,0
2,2,0
3,3,0
1,1,0
2,2,0
0,0,0
2,4,2
2,2,0
1,3,2
3,3,0
3,5,2
2,2,0
1,1,0
3,6,3
6,6,0
2,2,0
3,3,0
2,2,0
2,2,0
4,4,0
2,2,0
2,2,0
3,12,9
3,6,3
2,2,0
3,5,2
3,3,0
2,2,0
2,2,0
4,4,0
8,8,0
1,1,0
1,1,0
2,2,0
6,8,2
3,9,6
3,4,1
0,0,0
8,8,0
2,2,0
2,2,0
22,22,0
3,5,2
3,3,0
2,7,5
3,3,0
26,31,5
2,2,0
8,8,0
2,7,5
3,3,0
1,6,5
3,69,66
0,0,0
2,2,0
2,2,0
3,3,0
3,9,6
8,8,0
2,2,0
2,4,2
2,2,0
2,4,2
2,2,0
1,3,2
2,2,0
2,2,0
2,2,0
2,2,0
2,2,0
2,3,1
22,28,6
3,3,0
0,0,0
9,9,0
2,2,0
3,8,5
0,0,0
2,2,0
3,3,0
12,12,0
2,2,0
52,79,27
22,22,0
6,6,0
3,3,0
3,5,2
2,2,0
4,7,3
2,2,0
51,53,2
2,2,0
2,8,6
2,2,0
8,8,0
2,2,0
2,5,3
3,3,0
6,6,0
0,0,0
6,6,0
2,3,1
3,7,4
9,9,0
2,2,0
11,11,0
2,2,0
6,6,0
2,2,0
3,4,1
1,1,0
2,2,0
1,1,0
2,2,0
3,3,0
2,2,0
2,4,2
2,2,0
1,2,1
5,5,0
1,1,0
3,5,2
3,5,2
6,6,0
2,2,0
2,6,4
2,6,4
1,7,6
3,3,0
2,2,0
4,4,0
2,2,0
2,2,0
11,11,0
3,13,10
2,2,0
2,2,0
2,4,2
55,65,10
2,2,0
6,6,0
3,5,2
2,27,25
2,8,6
3,3,0
3,3,0
6,7,1
1,2,1
2,2,0
2,2,0
4,5,1
2,2,0
2,46,44
2,2,0
0,0,0
2,69,67
1,1,0
4,4,0
3,7,4
2,3,1
2,2,0
2,4,2
6,6,0
3,12,9
2,2,0
1,2,1
1,1,0
2,2,0
2,4,2
1,2,1
2,2,0
10,12,2
2,2,0
11,11,0
2,2,0
2,82,80
8,16,8
1,3,2
1,25,24
3,3,0
3,3,0
2,2,0
3,12,9
3,5,2
3,3,0
42,42,0
2,3,1
2,9,7
2,4,2
3,11,8
3,3,0
2,4,2
1,1,0
0,0,0
2,2,0
2,7,5
3,3,0
2,2,0
7,7,0
2,16,14
3,3,0
3,13,10
2,2,0
8,16,8
8,8,0
2,2,0
2,2,0
3,3,0
1,1,0
3,3,0
2,2,0
2,2,0
18,18,0
6,7,1
2,2,0
3,4,1
2,4,2
8,8,0
2,2,0
4,4,0
3,81,78
3,6,3
2,4,2
2,2,0
4,7,3
2,2,0
8,8,0
3,5,2
3,5,2
12,12,0
2,4,2
2,4,2
4,4,0
2,8,6
40,40,0
2,4,2
8,14,6
25,25,0
2,32,30
6,6,0
1,9,8
2,2,0
2,2,0
2,2,0
2,2,0
3,3,0
3,5,2
3,5,2
3,5,2
2,2,0
2,2,0
3,3,0
2,2,0
2,2,0
2,2,0
0,0,0
3,5,2
2,2,0
3,3,0
2,2,0
2,2,0
5,5,0
2,2,0
2,2,0
2,3,1
2,2,0
2,4,2
3,5,2
1,8,7
3,3,0
8,8,0
2,10,8
8,8,0
3,3,0
3,3,0
7,7,0
23,23,0
3,3,0
6,6,0
2,2,0
2,2,0
3,3,0
2,12,10
2,2,0
3,3,0
3,3,0
2,2,0
2,4,2
2,2,0
1,2,1
0,0,0
1,2,1
3,3,0
3,5,2
2,2,0
2,2,0
3,3,0
2,2,0
3,3,0
2,4,2
0,0,0
2,4,2
1,2,1
1,4,3
3,3,0
4,5,1
2,4,2
1,2,1
1,1,0
2,10,8
8,8,0
3,3,0
2,15,13
1,2,1
2,12,10
2,4,2
3,3,0
2,2,0
98,98,0
2,2,0
11,12,1
3,3,0
3,5,2
3,11,8
2,2,0
2,10,8
9,9,0
2,2,0
3,3,0
1,1,0
1,26,25
3,3,0
1,2,1
9,9,0
4,4,0
8,8,0
2,2,0
1,7,6
3,5,2
2,2,0
3,7,4
2,2,0
30,30,0
1,1,0
8,8,0
3,3,0
100,100,0
2,4,2
2,5,3
2,2,0
2,2,0
2,4,2
2,2,0
2,2,0
2,2,0
2,2,0
2,2,0
8,8,0
77,79,2
15,15,0
9,9,0
2,42,40
2,6,4
2,2,0
1,1,0
2,2,0
2,2,0
2,2,0
2,2,0
2,3,1
2,2,0
2,2,0
4,4,0
1,1,0
2,2,0
100,100,0
2,4,2
4,4,0
6,13,7
2,6,4
2,23,21
2,2,0
2,2,0
2,2,0
2,2,0
3,8,5
3,15,12
2,2,0
3,3,0
3,3,0
2,2,0
2,2,0
2,2,0
1,4,3
4,4,0
9,9,0
3,3,0
29,30,1
2,3,1
2,2,0
2,13,11
1,1,0
2,2,0
2,2,0
100,101,1
2,2,0
3,3,0
2,2,0
1,1,0
2,2,0
2,2,0
2,3,1
2,2,0
2,2,0
3,3,0
3,5,2
2,2,0
2,2,0
3,5,2
2,2,0
0,0,0
2,2,0
2,17,15
3,5,2
0,0,0
1,1,0
2,2,0
2,3,1
2,2,0
2,4,2
2,4,2
2,2,0
2,2,0
2,2,0
2,12,10
2,4,2
2,2,0
4,4,0
4,19,15
3,8,5
2,2,0
2,2,0
3,3,0
1,1,0
3,3,0
1,1,0
2,4,2
9,9,0
2,2,0
3,3,0
16,16,0
3,3,0
2,2,0
2,2,0
3,5,2
2,23,21
2,8,6
2,2,0
3,25,22
1,4,3
2,2,0
3,8,5
2,2,0
1,17,16
3,5,2
0,0,0
22,22,0
2,2,0
18,18,0
3,3,0
0,0,0
36,36,0
3,5,2
3,8,5
1,1,0
2,2,0
2,2,0
3,7,4
9,9,0
1,1,0
51,51,0
3,3,0
2,2,0
2,4,2
2,2,0
2,2,0
2,9,7
2,16,14
9,9,0
2,2,0
2,6,4
3,3,0
2,2,0
9,9,0
6,6,0
2,2,0
9,9,0
2,2,0
1,3,2
10,10,0
3,3,0
2,2,0
2,2,0
2,2,0
2,8,6
3,3,0
2,2,0
3,3,0
9,9,0
1,5,4
2,2,0
3,7,4
8,8,0
2,4,2
2,2,0
2,4,2
2,5,3
2,3,1
2,2,0
3,3,0
2,2,0
2,2,0
1,74,73
8,8,0
3,5,2
1,1,0
2,2,0
3,3,0
2,2,0
1,2,1
1,22,21
2,13,11
4,4,0
2,4,2
3,5,2
1,1,0
1,1,0
5,5,0
100,198,98
2,2,0
2,2,0
2,2,0
2,2,0
1,15,14
2,2,0
8,8,0
9,9,0
2,4,2
3,3,0
3,5,2
9,9,0
3,3,0
2,5,3
11,11,0
2,6,4
1,1,0
2,2,0
28,37,9
2,4,2
2,2,0
2,2,0
2,2,0
2,2,0
2,4,2
0,0,0
2,2,0
3,5,2
3,3,0
8,8,0
3,5,2
100,100,0
0,0,0
3,3,0
2,3,1
2,13,11
3,3,0
11,56,45
11,11,0
2,4,2
2,4,2
2,2,0
1,24,23
3,3,0
2,2,0
2,2,0
3,11,8
2,2,0
2,2,0
3,3,0
8,8,0
2,4,2
9,9,0
3,3,0
51,55,4
2,2,0
3,3,0
2,2,0
3,3,0
1,2,1
3,3,0
0,0,0
2,2,0
3,5,2
0,0,0
1000,1000,0
2,4,2
2,4,2
1,21,20
2,2,0
2,2,0
2,3,1
2,2,0
3,7,4
2,2,0
1,1,0
3,7,4
1,1,0
2,2,0
7,7,0
3,3,0
1,28,27
2,6,4
3,8,5
100,104,4
13,13,0
2,4,2
11,11,0
2,2,0
3,3,0
2,2,0
1,24,23
3,5,2
5,9,4
2,2,0
1,8,7
6,6,0
8,8,0
5,10,5
1,2,1
3,3,0
2,2,0
3,5,2
3,13,10
3,7,4
9,9,0
2,4,2
3,5,2
2,2,0
3,3,0
185,288,103
12,12,0
2,4,2
80,80,0
3,3,0
1,2,1
2,2,0
2,5,3
2,2,0
2,2,0
3,3,0
51,51,0
3,3,0
1,3,2
4,13,9
27,30,3
2,2,0
3,3,0
32,32,0
1,3,2
1,63,62
2,2,0
3,5,2
0,0,0
1,1,0
1,2,1
1,3,2
2,2,0
2,2,0
2,2,0
2,5,3
3,9,6
9,77,68
12,12,0
1,1,0
2,2,0
2,2,0
8,30,22
2,2,0
9,9,0
2,2,0
3,3,0
60,61,1
2,2,0
2,2,0
2,2,0
2,2,0
6,6,0
2,2,0
2,2,0
0,0,0
2,2,0
2,2,0
2,4,2
3,3,0
2,8,6
2,2,0
3,3,0
2,2,0
2,2,0
6,6,0
3,3,0
4,6,2
3,4,1
192,194,2
3,8,5
3,14,11
2,2,0
3,3,0
2,2,0
2,2,0
2,2,0
22,22,0
2,2,0
3,5,2
1,1,0
2,3,1
2,2,0
14,14,0
2,2,0
9,16,7
2,2,0
3,3,0
1,8,7
3,7,4
8,8,0
2,2,0
3,8,5
3,6,3
2,2,0
2,2,0
3,5,2
6,17,11
2,3,1
2,6,4
1,20,19
2,2,0
4,8,4
9,9,0
2,2,0
2,2,0
2,4,2
3,3,0
1,1,0
6,6,0
2,2,0
7,7,0
1,59,58
7,18,11
3,13,10
3,3,0
2,2,0
2,2,0
6,8,2
2,2,0
3,4,1
3,5,2
1,1,0
2,2,0
51,51,0
2,2,0
2,7,5
2,2,0
3,3,0
1,1,0
17,17,0
2,2,0
11,11,0
2,5,3
8,8,0
7,10,3
1,24,23
2,2,0
2,3,1
9,9,0
3,3,0
2,2,0
3,5,2
2,2,0
17,23,6
23,29,6
3,3,0
2,2,0
0,0,0
2,2,0
1,2,1
2,10,8
2,3,1
1,1,0
3,5,2
82,115,33
2,2,0
13,17,4
5,5,0
2,2,0
2,3,1
2,2,0
8,8,0
2,2,0
2,2,0
6,6,0
23,23,0
11,11,0
1,2,1
2,6,4
1,23,22
2,4,2
3,5,2
2,2,0
20,20,0
2,6,4
1,1,0
0,0,0
1,2,1
54,54,0
2,2,0
2,7,5
2,41,39
0,0,0
3,3,0
2,4,2
3,20,17
8,8,0
2,2,0
2,2,0
2,2,0
1,1,0
1,1,0
1,2,1
2,2,0
26,28,2
3,3,0
3,3,0
2,2,0
81,81,0
2,28,26
1,3,2
2,2,0
2,2,0
2,6,4
0,0,0
3,3,0
2,2,0
2,2,0
3,5,2
2,2,0
9,9,0
3,3,0
2,2,0
2,2,0
2,2,0
2,2,0
2,35,33
1,2,1
2,6,4
2,8,6
2,2,0
4,4,0
1,1,0
2,5,3
2,2,0
3,5,2
2,2,0
11,11,0
2,2,0
206,255,49
2,2,0
2,5,3
5,5,0
2,2,0
4,4,0
2,2,0
3,7,4
2,4,2
2,2,0
2,2,0
3,6,3
2,2,0
3,3,0
3,11,8
2,3,1
2,2,0
2,2,0
3,5,2
2,2,0
4,4,0
2,3,1
2,2,0
8,8,0
1,1,0
2,2,0
2,2,0
2,6,4
3,30,27
21,21,0
1,1,0
2,2,0
2,2,0
2,2,0
2,4,2
1,1,0
3,3,0
0,0,0
3,3,0
2,2,0
3,11,8
3,3,0
2,2,0
34,34,0
2,2,0
3,3,0
4,4,0
10,22,12
2,2,0
2,2,0
1,3,2
2,7,5
2,2,0
1,3,2
2,30,28
3,8,5
2,2,0
2,3,1
3,3,0
8,8,0
3,3,0
2,4,2
2,2,0
0,0,0
2,3,1
2,2,0
3,6,3
2,4,2
133,133,0
2,4,2
3,9,6
2,2,0
2,2,0
3,9,6
2,2,0
3,3,0
2,2,0
3,7,4
2,2,0
4,4,0
8,8,0
3,5,2
2,2,0
3,9,6
2,2,0
3,5,2
0,0,0
7,7,0
1,1,0
2,4,2
2,2,0
2,2,0
2,2,0
2,2,0
2,2,0
1,1,0
2,2,0
2,4,2
4,4,0
2,2,0
2,4,2
2,2,0
2,4,2
2,2,0
2,2,0
1,1,0
2,2,0
2,2,0
2,2,0
0,0,0
3,3,0
0,0,0
2,2,0
2,2,0
3,7,4
2,7,5
10,10,0
2,6,4
2,19,17
2,2,0
2,2,0
8,8,0
26,39,13
2,3,1
3,3,0
3,3,0
2,8,6
2,2,0
0,0,0
3,5,2
3,3,0
2,2,0
2,2,0
26,28,2
2,3,1
2,2,0
2,2,0
2,4,2
4,4,0
3,3,0
1,4,3
2,92,90
2,2,0
2,3,1
3,9,6
3,3,0
2,122,120
2,2,0
2,12,10
4,4,0
1,2,1
2,2,0
2,4,2
8,8,0
0,0,0
3,4,1
3,4,1
2,12,10
3,5,2
3,3,0
13,13,0
2,2,0
3,3,0
2,2,0
2,5,3
2,2,0
2,2,0
2,2,0
2,2,0
2,4,2
2,2,0
2,2,0
8,11,3
2,22,20
1,7,6
3,5,2
1,5,4
1,15,14
2,2,0
3,5,2
2,6,4
2,2,0
2,2,0
3,4,1
2,2,0
2,2,0
5,5,0
2,4,2
2,2,0
1,1,0
2,2,0
3,5,2
7,12,5
16,16,0
8,8,0
2,2,0
1,1,0
3,5,2
2,2,0
3,6,3
2,2,0
1,1,0
2,4,2
8,8,0
2,2,0
0,0,0
1,6,5
2,2,0
3,3,0
3,3,0
7,7,0
2,2,0
32,32,0
2,8,6
2,2,0
2,2,0
3,3,0
2,5,3
4,4,0
2,2,0
2,2,0
2,5,3
3,3,0
2,2,0
10,10,0
11,11,0
0,0,0
1,2,1
2,2,0
2,7,5
2,2,0
2,2,0
2,2,0
8,8,0
2,28,26
2,2,0
2,2,0
0,0,0
2,2,0
2,5,3
2,2,0
2,2,0
3,5,2
18,18,0
64,64,0
2,2,0
2,3,1
10,10,0
3,3,0
9,9,0
2,4,2
11,11,0
2,2,0
2,4,2
2,4,2
2,2,0
1,1,0
2,2,0
2,10,8
2,2,0
2,2,0
2,2,0
3,3,0
3,3,0
4,4,0
2,5,3
2,2,0
2,2,0
12,14,2
3,3,0
3,3,0
2,2,0
1,1,0
2,3,1
2,2,0
2,2,0
100,198,98
2,2,0
3,3,0
9,9,0
2,6,4
51,51,0
3,3,0
2,12,10
2,2,0
3,10,7
2,2,0
3,3,0
2,2,0
3,5,2
9,9,0
1,3,2
3,3,0
3,10,7
2,2,0
2,8,6
2,2,0
2,2,0
2,2,0
3,3,0
2,2,0
3,28,25
4,4,0
1,1,0
1,4,3
3,9,6
2,13,11
2,3,1
2,2,0
8,8,0
2,2,0
1,1,0
2,2,0
2,2,0
1,1,0
2,2,0
0,0,0
2,12,10
2,2,0
3,3,0
2,4,2
0,0,0
4,8,4
2,2,0
2,8,6
2,2,0
1,1,0
3,3,0
2,2,0
3,3,0
7,105,98
3,14,11
9,9,0
2,2,0
37,44,7
53,61,8
2,2,0
2,7,5
2,2,0
1,13,12
3,5,2
9,9,0
3,7,4
1,1,0
2,2,0
3,3,0
3,3,0
9,9,0
2,8,6
2,2,0
2,2,0
3,3,0
3,3,0
8,8,0
2,2,0
2,2,0
2,2,0
2,2,0
3,3,0
3,4,1
2,2,0
1,1,0
83,83,0
2,2,0
3,5,2
1,1,0
8,8,0
3,3,0
3,5,2
3,7,4
3,3,0
1,1,0
2,45,43
2,3,1
2,2,0
2,6,4
5,8,3
2,2,0
2,4,2
3,8,5
2,2,0
6,6,0
6,6,0
6,6,0
2,5,3
3,4,1
2,2,0
1,2,1
2,2,0
6,6,0
78,78,0
2,2,0
54,157,103
3,3,0
3,7,4
1,4,3
3,3,0
2,26,24
2,2,0
6,6,0
3,5,2
2,2,0
3,3,0
0,0,0
2,2,0
3,8,5
2,2,0
2,2,0
2,2,0
2,2,0
2,34,32
3,3,0
3,3,0
2,2,0
0,0,0
2,4,2
2,6,4
3,11,8
3,6,3
11,22,11
4,4,0
3,12,9
2,5,3
2,2,0
4,4,0
3,5,2
4,8,4
2,2,0
3,5,2
2,2,0
2,6,4
2,2,0
2,2,0
2,2,0
9,9,0
1,22,21
2,2,0
0,0,0
8,8,0
8,8,0
3,3,0
2,2,0
2,2,0
8,8,0
2,2,0
2,6,4
2,3,1
2,2,0
43,43,0
2,2,0
2,2,0
4,4,0
3,3,0
10,10,0
2,9,7
2,5,3
2,2,0
2,2,0
3,3,0
3,3,0
3,4,1
4,5,1
2,2,0
1,5,4
7,9,2
2,2,0
2,4,2
2,8,6
3,3,0
1,3,2
8,16,8
10,12,2
2,2,0
9,9,0
2,2,0
3,9,6
2,5,3
0,0,0
2,55,53
9,9,0
3,3,0
6,6,0
2,2,0
2,2,0
2,2,0
2,2,0
2,2,0
10,10,0
3,3,0
2,3,1
8,12,4
2,2,0
1,22,21
2,2,0
3,3,0
11,11,0
0,0,0
1,2,1
2,6,4
2,2,0
2,2,0
2,2,0
2,2,0
4,4,0
2,2,0
2,2,0
2,2,0
6,6,0
1,2,1
3,5,2
6,6,0
3,3,0
4,4,0
3,7,4
2,3,1
0,0,0
2,2,0
2,2,0
2,2,0
8,10,2
1,1,0
3,3,0
6,6,0
8,8,0
2,2,0
3,3,0
3,5,2
0,0,0
6,6,0
2,2,0
2,4,2
2,2,0
3,3,0
2,2,0
3,3,0
8,8,0
3,3,0
2,2,0
2,10,8
1,2,1
2,7,5
1,5,4
3,3,0
1,1,0
2,2,0
3,5,2
4,4,0
3,3,0
3,3,0
2,2,0
2,2,0
32,52,20
2,2,0
3,12,9
8,8,0
9,264,255
2,2,0
6,6,0
3,3,0
154,154,0
4,4,0
11,11,0
3,3,0
2,2,0
3,5,2
2,2,0
1,1,0
9,9,0
1,1,0
2,2,0
3,3,0
2,2,0
2,2,0
2,4,2
1,1,0
1,3,2
3,4,1
2,2,0
2,2,0
1,2,1
1,1,0
2,2,0
3,3,0
1,1,0
3,3,0
2,2,0
8,15,7
3,7,4
2,2,0
4,4,0
1,4,3
6,7,1
3,5,2
2,2,0
2,18,16
3,3,0
2,2,0
2,2,0
2,2,0
3,3,0
8,8,0
3,5,2
3,43,40
1,1,0
0,0,0
2,2,0
1,2,1
3,3,0
1,1,0
2,2,0
2,2,0
1,5,4
82,270,188
3,3,0
15,15,0
12,12,0
2,2,0
2,2,0
2,4,2
1,1,0
2,2,0
2,2,0
1,2,1
1,23,22
3,3,0
7,7,0
3,3,0
2,4,2
3,14,11
8,8,0
2,2,0
2,2,0
0,0,0
7,25,18
2,2,0
3,7,4
3,8,5
1,5,4
2,2,0
10,10,0
0,0,0
5,47,42
2,2,0
4,4,0
13,13,0
2,2,0
3,5,2
3,3,0
2,2,0
11,12,1
3,3,0
0,0,0
2,2,0
0,0,0
2,2,0
3,3,0
9,12,3
2,3,1
9,9,0
3,7,4
8,8,0
2,2,0
6,12,6
2,4,2
1,1,0
0,0,0
2,5,3
2,2,0
3,5,2
3,3,0
2,4,2
2,2,0
16,16,0
1,1,0
4,4,0
3,3,0
2,4,2
21,47,26
3,3,0
2,4,2
2,2,0
2,7,5
2,2,0
2,4,2
2,2,0
2,2,0
2,2,0
2,3,1
1,75,74
2,2,0
3,3,0
1,1,0
2,2,0
2,2,0
2,2,0
2,9,7
1,21,20
2,2,0
2,2,0
2,2,0
2,17,15
2,5,3
3,3,0
5,24,19
102,102,0
3,24,21
3,3,0
2,2,0
2,2,0
2,2,0
2,2,0
3,3,0
2,2,0
2,82,80
2,2,0
3,5,2
3,9,6
3,5,2
42,42,0
8,8,0
9,9,0
2,2,0
2,2,0
3,8,5
100,100,0
2,2,0
2,2,0
0,0,0
3,8,5
2,4,2
2,2,0
2,3,1
1,1,0
1,8,7
1,23,22
2,2,0
2,4,2
2,2,0
1,5,4
2,2,0
1,2,1
2,2,0
3,7,4
2,7,5
8,8,0
2,2,0
2,2,0
3,3,0
2,2,0
2,2,0
4,4,0
2,2,0
0,0,0
2,2,0
0,0,0
2,2,0
90,90,0
2,2,0
2,2,0
2,2,0
2,2,0
3,3,0
1,5,4
9,9,0
26,28,2
3,3,0
2,2,0
1,2,1
2,8,6
2,2,0
12,12,0
3,3,0
1,2,1
12,12,0
2,2,0
2,2,0
3,3,0
3,5,2
3,7,4
2,2,0
9,9,0
4,4,0
0,0,0
2,2,0
1,1,0
2,2,0
2,5,3
2,2,0
9,9,0
9,9,0
3,3,0
4,4,0
8,8,0
1,1,0
2,4,2
3,5,2
1,3,2
2,2,0
2,2,0
2,2,0
2,2,0
2,2,0
3,3,0
2,5,3
209,214,5
71,110,39
9,9,0
2,8,6
2,3,1
2,2,0
3,3,0
2,2,0
2,2,0
1,1,0
2,2,0
2,2,0
4,5,1
3,3,0
2,8,6
10,10,0
143,143,0
2,7,5
2,2,0
2,2,0
5,5,0
1,3,2
2,2,0
2,2,0
3,3,0
2,2,0
3,3,0
3,3,0
2,2,0
2,2,0
2,2,0
2,2,0
3,8,5
3,5,2
2,2,0
3,9,6
2,2,0
3,3,0
2,2,0
52,156,104
2,2,0
3,3,0
3,5,2
14,14,0
1,1,0
3,3,0
1,1,0
2,2,0
3,10,7
2,2,0
3,3,0
2,72,70
2,2,0
2,4,2
3,3,0
0,0,0
3,3,0
2,2,0
0,0,0
2,12,10
3,3,0
3,25,22
3,4,1
2,2,0
2,95,93
2,2,0
1,1,0
3,12,9
2,2,0
2,2,0
1,1,0
3,8,5
2,2,0
4,4,0
1,1,0
3,5,2
3,7,4
8,11,3
2,4,2
2,4,2
2,2,0
2,3,1
3,3,0
14,14,0
12,12,0
2,2,0
3,3,0
2,2,0
2,4,2
2,4,2
2,12,10
5,7,2
25,25,0
3,3,0
2,3,1
2,2,0
1,1,0
2,2,0
7,7,0
3,3,0
7,7,0
1,1,0
2,2,0
9,9,0
10,23,13
3,3,0
3,3,0
3,3,0
18,184,166
50,50,0
2,6,4
8,8,0
1,1,0
2,4,2
2,2,0
1,4,3
2,2,0
2,2,0
3,26,23
2,2,0
1,3,2
1,3,2
2,7,5
18,18,0
3,3,0
1,1,0
9,9,0
2,2,0
2,2,0
2,2,0
4,4,0
1,1,0
2,2,0
2,4,2
59,59,0
2,3,1
2,2,0
2,4,2
2,2,0
2,2,0
3,3,0
3,4,1
3,3,0
0,0,0
3,5,2
3,3,0
2,13,11
2,4,2
2,2,0
2,2,0
1,25,24
1,2,1
1,5,4
4,4,0
2,2,0
3,3,0
2,2,0
2,2,0
1,2,1
2,2,0
0,0,0
2,4,2
58,59,1
3,5,2
2,2,0
3,5,2
7,8,1
3,3,0
2,4,2
0,0,0
3,3,0
2,2,0
2,2,0
2,2,0
2,2,0
2,2,0
2,2,0
2,2,0
4,4,0
3,5,2
6,11,5
3,5,2
2,4,2
2,2,0
2,2,0
2,2,0
3,3,0
2,2,0
2,4,2
2,2,0
0,0,0
2,2,0
11,11,0
2,4,2
25,75,50
2,2,0
1,4,3
2,4,2
3,3,0
2,9,7
3,10,7
2,2,0
3,11,8
2,2,0
3,5,2
1,1,0
3,3,0
3,13,10
2,2,0
8,8,0
3,3,0
2,2,0
2,2,0
3,3,0
1,1,0
88,276,188
2,2,0
9,9,0
9,9,0
2,8,6
2,2,0
3,3,0
2,6,4
3,3,0
2,2,0
1,3,2
2,2,0
2,2,0
3,7,4
6,6,0
3,7,4
3,5,2
2,5,3
2,2,0
2,2,0
5,5,0
2,2,0
8,8,0
6,6,0
137,137,0
3,3,0
3,3,0
2,2,0
1,30,29
2,2,0
0,0,0
0,0,0
1,2,1
3,3,0
2,2,0
2,2,0
2,2,0
0,0,0
2,6,4
2,4,2
8,8,0
2,2,0
18,72,54
2,2,0
3,3,0
1,2,1
3,5,2
3,7,4
2,2,0
2,2,0
3,3,0
2,2,0
2,6,4
2,2,0
2,2,0
1,1,0
2,4,2
2,2,0
10,20,10
2,2,0
2,2,0
2,2,0
0,0,0
0,0,0
9,9,0
2,3,1
2,2,0
3,3,0
2,10,8
2,2,0
8,8,0
3,3,0
3,20,17
2,2,0
2,4,2
2,2,0
2,2,0
1,2,1
2,2,0
3,3,0
8,8,0
134,134,0
2,2,0
100,100,0
3,5,2
2,9,7
2,3,1
2,2,0
2,2,0
2,2,0
3,5,2
2,2,0
2,5,3
3,9,6
2,2,0
2,2,0
1,6,5
2,3,1
2,2,0
4,5,1
10,10,0
2,2,0
2,2,0
2,8,6
3,5,2
2,82,80
6,8,2
1,3,2
173,173,0
3,7,4
2,2,0
2,2,0
1,3,2
5,83,78
3,3,0
3,5,2
2,4,2
2,2,0
0,0,0
51,51,0
9,9,0
2,23,21
3,3,0
3,7,4
2,8,6
1,2,1
2,2,0
2,5,3
1,2,1
2,6,4
1,1,0
3,3,0
3,3,0
3,3,0
48,48,0
2,7,5
2,2,0
2,2,0
2,2,0
2,2,0
2,8,6
2,6,4
5,5,0
2,4,2
3,3,0
2,2,0
2,6,4
2,2,0
2,6,4
2,2,0
2,13,11
3,5,2
2,3,1
0,0,0
2,2,0
1,2,1
2,2,0
2,2,0
2,2,0
2,5,3
2,4,2
2,2,0
2,2,0
2,2,0
3,3,0
9,9,0
4,4,0
2,2,0
2,2,0
2,2,0
2,2,0
2,96,94
2,2,0
1,1,0
3,5,2
2,2,0
2,2,0
2,2,0
1,2,1
2,4,2
2,7,5
100,104,4
2,4,2
2,2,0
2,2,0
2,2,0
8,12,4
1,2,1
1,1,0
2,2,0
9,10,1
98,98,0
3,3,0
2,2,0
3,5,2
2,2,0
3,7,4
2,3,1
3,3,0
2,3,1
0,0,0
2,6,4
3,5,2
3,4,1
3,18,15
2,2,0
2,2,0
3,5,2
2,2,0
3,8,5
2,5,3
2,2,0
2,2,0
2,2,0
1,1,0
3,8,5
3,3,0
3,5,2
2,2,0
3,6,3
2,13,11
10,13,3
3,3,0
3,9,6
2,2,0
132,132,0
3,7,4
2,2,0
2,2,0
3,4,1
1,2,1
2,11,9
2,2,0
2,6,4
1,20,19
3,4,1
6,6,0
2,2,0
3,3,0
2,2,0
2,8,6
2,80,78
11,11,0
3,3,0
2,7,5
88,91,3
2,3,1
34,34,0
2,2,0
2,2,0
3,3,0
3,3,0
2,2,0
3,3,0
9,9,0
2,2,0
2,4,2
20,20,0
2,2,0
9,9,0
3,3,0
2,2,0
3,5,2
2,2,0
2,2,0
3,3,0
8,8,0
3,3,0
1,1,0
2,2,0
3,3,0
3,3,0
1,2,1
3,9,6
2,2,0
0,0,0
2,2,0
3,3,0
3,9,6
2,4,2
2,2,0
6,8,2
3,5,2
1,14,13
3,5,2
3,3,0
3,3,0
3,3,0
0,0,0
2,2,0
2,2,0
2,4,2
21,21,0
3,3,0
2,5,3
3,11,8
0,0,0
2,2,0
51,51,0
2,2,0
2,2,0
1,1,0
8,8,0
2,2,0
2,2,0
2,2,0
2,2,0
2,2,0
3,5,2
8,8,0
2,4,2
3,8,5
8,8,0
3,4,1
3,5,2
23,23,0
2,4,2
2,2,0
2,11,9
5,7,2
3,9,6
28,28,0
5,5,0
8,9,1
6,6,0
5,5,0
2,4,2
8,8,0
2,2,0
2,2,0
2,2,0
3,3,0
1,10,9
2,2,0
2,2,0
2,2,0
0,0,0
2,9,7
2,2,0
2,2,0
2,4,2
3,3,0
7,7,0
2,2,0
8,8,0
2,112,110
7,13,6
3,5,2
11,11,0
2,2,0
5,8,3
2,11,9
1,7,6
14,14,0
0,0,0
3,3,0
0,0,0
2,2,0
2,2,0
15,15,0
2,2,0
10,10,0
0,0,0
2,16,14
2,2,0
2,2,0
48,48,0
24,24,0
3,3,0
2,2,0
2,2,0
100,104,4
2,3,1
3,3,0
3,3,0
2,3,1
93,187,94
2,4,2
3,3,0
12,12,0
2,2,0
8,8,0
2,4,2
3,3,0
3,7,4
3,7,4
1,10,9
8,8,0
3,3,0
2,2,0
2,2,0
2,2,0
2,2,0
2,2,0
2,2,0
8,8,0
2,2,0
2,2,0
2,6,4
2,2,0
3,7,4
3,3,0
3,5,2
3,8,5
10,10,0
8,8,0
0,0,0
2,2,0
4,4,0
2,2,0
3,7,4
3,3,0
2,2,0
2,2,0
2,12,10
3,3,0
2,2,0
20,20,0
3,3,0
3,3,0
2,2,0
2,2,0
20,20,0
11,11,0
3,3,0
2,3,1
3,7,4
2,2,0
2,2,0
3,3,0
2,2,0
8,8,0
8,8,0
2,2,0
2,2,0
2,2,0
2,2,0
1,1,0
3,13,10
2,2,0
6,6,0
3,3,0
2,82,80
2,2,0
2,2,0
2,2,0
3,5,2
1,1,0
2,2,0
2,2,0
1,2,1
2,2,0
2,2,0
11,11,0
100,106,6
2,13,11
3,5,2
3,4,1
2,2,0
1,2,1
2,92,90
1,1,0
2,2,0
2,2,0
3,3,0
3,3,0
1,4,3
2,3,1
3,3,0
2,2,0
2,2,0
9,9,0
2,4,2
3,3,0
2,2,0
2,40,38
4,8,4
9,9,0
3,3,0
2,2,0
2,2,0
3,3,0
2,2,0
27,29,2
16,16,0
3,9,6
100,201,101
1,2,1
3,3,0
2,2,0
12,12,0
8,8,0
2,6,4
0,0,0
2,2,0
2,2,0
2,2,0
1,4,3
2,4,2
2,2,0
2,82,80
2,2,0
2,2,0
2,15,13
2,4,2
3,3,0
4,4,0
3,3,0
3,3,0
2,13,11
9,9,0
1,2,1
2,2,0
2,4,2
6,28,22
2,2,0
47,47,0
1,65,64
1,1,0
0,0,0
60,121,61
2,4,2
2,2,0
1,7,6
6,36,30
2,2,0
2,2,0
2,4,2
2,80,78
2,5,3
1,23,22
2,2,0
0,0,0
1,9,8
8,8,0
2,8,6
3,5,2
3,3,0
3,3,0
2,2,0
2,2,0
3,3,0
2,4,2
3,6,3
3,3,0
3,5,2
2,2,0
2,2,0
2,2,0
19,19,0
2,8,6
3,7,4
2,2,0
2,2,0
2,2,0
4,4,0
1,1,0
8,8,0
3,12,9
2,2,0
3,6,3
2,2,0
2,4,2
17,17,0
2,2,0
3,3,0
2,2,0
2,2,0
3,3,0
5,5,0
2,3,1
0,0,0
2,2,0
1,3,2
2,2,0
2,3,1
2,2,0
2,2,0
2,4,2
1,1,0
2,2,0
2,2,0
3,6,3
9,9,0
2,2,0
2,2,0
2,2,0
2,4,2
2,5,3
2,2,0
1,2,1
9,9,0
1,1,0
3,3,0
2,2,0
0,0,0
3,3,0
18,39,21
3,3,0
2,2,0
11,11,0
2,5,3
2,3,1
2,8,6
2,11,9
14,16,2
2,2,0
6,8,2
2,2,0
3,7,4
4,4,0
3,3,0
3,7,4
2,2,0
2,2,0
2,2,0
0,0,0
2,2,0
3,3,0
44,44,0
2,2,0
3,3,0
2,2,0
2,2,0
2,25,23
2,4,2
114,114,0
9,9,0
12,12,0
2,2,0
2,6,4
2,2,0
3,5,2
2,6,4
2,2,0
2,2,0
2,2,0
1,23,22
5,16,11
3,3,0
3,3,0
2,2,0
2,3,1
2,4,2
2,11,9
2,2,0
2,2,0
3,3,0
1,2,1
8,8,0
2,2,0
2,2,0
2,5,3
3,3,0
3,3,0
1,1,0
39,39,0
2,2,0
2,4,2
3,7,4
3,5,2
2,4,2
2,4,2
2,2,0
2,2,0
2,2,0
2,2,0
3,24,21
5,6,1
1,21,20
8,8,0
9,9,0
2,19,17
4,4,0
2,2,0
3,3,0
1,1,0
2,4,2
3,4,1
2,2,0
2,2,0
3,3,0
0,0,0
3,3,0
2,9,7
2,2,0
2,2,0
5,5,0
2,2,0
154,154,0
2,2,0
12,12,0
1,1,0
2,2,0
2,5,3
3,6,3
8,8,0
2,28,26
3,4,1
2,12,10
2,2,0
5,5,0
2,2,0
9,9,0
9,9,0
3,3,0
8,8,0
2,2,0
2,82,80
0,0,0
2,2,0
3,5,2
2,6,4
3,7,4
2,7,5
51,57,6
2,2,0
1,14,13
8,8,0
0,0,0
2,2,0
3,5,2
3,3,0
4,4,0
2,2,0
2,2,0
3,3,0
2,2,0
2,3,1
2,2,0
3,3,0
2,2,0
3,3,0
3,3,0
3,3,0
1,4,3
0,0,0
0,0,0
3,4,1
3,5,2
1,2,1
3,3,0
81,202,121
2,4,2
1,71,70
2,7,5
1,4,3
2,2,0
1,3,2
2,2,0
2,2,0
2,2,0
9,9,0
2,2,0
2,2,0
2,2,0
1,1,0
0,0,0
2,2,0
3,11,8
0,0,0
2,2,0
2,2,0
1,1,0
2,2,0
2,2,0
6,6,0
2,2,0
2,2,0
8,8,0
2,2,0
2,2,0
3,8,5
4,4,0
4,4,0
120,120,0
0,0,0
1,17,16
3,7,4
2,2,0
3,3,0
2,2,0
2,2,0
1,1,0
0,0,0
2,2,0
8,8,0
2,2,0
2,2,0
2,2,0
2,4,2
9,9,0
2,25,23
2,4,2
9,9,0
2,4,2
3,7,4
2,4,2
2,6,4
2,2,0
100,100,0
3,48,45
2,2,0
2,2,0
0,0,0
3,5,2
2,2,0
3,5,2
3,3,0
3,3,0
3,3,0
2,2,0
1,1,0
2,2,0
2,2,0
3,5,2
2,2,0
3,10,7
2,2,0
2,2,0
2,2,0
3,3,0
2,2,0
2,2,0
3,7,4
1,62,61
1,3,2
8,8,0
3,6,3
2,2,0
5,14,9
8,8,0
1,23,22
8,8,0
2,2,0
1,7,6
2,2,0
2,4,2
1,3,2
2,6,4
1,1,0
2,4,2
2,2,0
2,2,0
2,2,0
2,7,5
2,2,0
2,2,0
2,2,0
2,2,0
3,3,0
2,2,0
2,2,0
2,2,0
12,12,0
2,2,0
2,2,0
2,2,0
1,2,1
3,3,0
2,2,0
4,4,0
5,138,133
3,5,2
1,1,0
2,2,0
2,4,2
2,2,0
6,6,0
3,3,0
3,5,2
1,20,19
2,2,0
2,2,0
2,2,0
2,2,0
3,3,0
8,8,0
2,4,2
3,3,0
2,2,0
3,4,1
2,2,0
3,3,0
2,2,0
3,3,0
2,2,0
2,4,2
2,2,0
3,3,0
11,48,37
2,2,0
2,2,0
0,0,0
3,6,3
2,4,2
0,0,0
3,3,0
1,1,0
3,5,2
3,6,3
2,2,0
1,2,1
2,2,0
2,7,5
2,2,0
2,10,8
2,2,0
3,3,0
3,9,6
2,2,0
3,3,0
2,2,0
2,2,0
2,2,0
18,180,162
3,3,0
0,0,0
2,2,0
3,3,0
2,2,0
99,99,0
135,135,0
2,30,28
2,2,0
2,4,2
2,2,0
3,3,0
8,8,0
2,2,0
2,2,0
1,6,5
2,5,3
3,4,1
2,7,5
2,2,0
2,4,2
2,2,0
2,6,4
14,18,4
10,14,4
2,2,0
3,3,0
2,4,2
0,0,0
15,21,6
2,3,1
2,2,0
3,8,5
2,2,0
3,3,0
19,19,0
1,4,3
3,5,2
3,18,15
3,3,0
2,2,0
3,5,2
2,6,4
2,2,0
0,0,0
0,0,0
2,2,0
2,2,0
3,3,0
8,8,0
1,3,2
1,1,0
100,103,3
9,9,0
7,7,0
3,3,0
2,2,0
3,5,2
2,2,0
0,0,0
2,2,0
2,4,2
2,3,1
6,6,0
2,2,0
1,79,78
1,62,61
12,12,0
3,5,2
100,104,4
2,2,0
2,9,7
3,10,7
2,5,3
2,2,0
2,2,0
2,2,0
3,3,0
2,13,11
2,2,0
2,2,0
3,3,0
1,2,1
3,10,7
3,3,0
0,0,0
6,7,1
3,3,0
2,2,0
3,3,0
2,4,2
2,2,0
2,4,2
3,5,2
0,0,0
2,2,0
2,2,0
1,1,0
3,7,4
2,2,0
1,7,6
3,22,19
3,5,2
2,2,0
3,5,2
1,2,1
7,7,0
1,8,7
1,1,0
9,9,0
8,8,0
2,2,0
2,4,2
1,2,1
2,12,10
3,9,6
1,1,0
1,7,6
2,7,5
3,24,21
3,3,0
2,3,1
14,14,0
3,3,0
3,3,0
2,6,4
0,0,0
5,5,0
2,2,0
1,22,21
0,0,0
3,5,2
2,2,0
2,2,0
2,2,0
3,5,2
2,2,0
2,2,0
2,4,2
3,5,2
2,2,0
2,2,0
51,51,0
2,2,0
2,2,0
2,2,0
2,2,0
3,3,0
1,1,0
2,2,0
3,7,4
9,9,0
2,2,0
2,2,0
1,70,69
3,9,6
3,31,28
0,0,0
9,11,2
2,2,0
2,10,8
2,2,0
2,2,0
9,9,0
43,43,0
1,22,21
2,2,0
2,2,0
2,2,0
51,51,0
2,2,0
2,2,0
10,10,0
9,18,9
2,3,1
3,5,2
3,9,6
2,2,0
9,9,0
2,2,0
2,2,0
2,2,0
3,3,0
2,2,0
3,3,0
2,4,2
3,5,2
34,42,8
2,2,0
4,4,0
3,3,0
3,3,0
3,5,2
2,3,1
2,12,10
2,2,0
2,4,2
2,5,3
0,0,0
10,10,0
0,0,0
0,0,0
1,3,2
2,2,0
10,10,0
2,2,0
0,0,0
100,200,100
3,7,4
2,2,0
2,2,0
2,2,0
3,3,0
2,2,0
5,5,0
2,2,0
2,2,0
2,2,0
3,3,0
2,2,0
3,4,1
3,5,2
0,0,0
64,65,1
1,3,2
0,0,0
2,2,0
2,2,0
2,5,3
2,2,0
3,3,0
19,19,0
3,3,0
2,2,0
8,8,0
3,3,0
2,4,2
2,3,1
14,14,0
3,3,0
8,8,0
3,4,1
2,2,0
54,134,80
13,17,4
8,10,2
1,2,1
2,2,0
3,4,1
2,2,0
2,2,0
23,23,0
5,5,0
0,0,0
2,5,3
6,6,0
1,2,1
3,10,7
2,2,0
3,15,12
3,5,2
2,2,0
9,9,0
1,1,0
24,24,0
2,2,0
2,2,0
0,0,0
51,51,0
2,2,0
3,3,0
2,4,2
2,2,0
3,3,0
9,9,0
1,1,0
2,4,2
0,0,0
8,8,0
2,2,0
2,2,0
3,3,0
1,1,0
2,2,0
9,9,0
2,2,0
94,194,100
2,2,0
2,2,0
2,2,0
0,0,0
2,2,0
0,0,0
0,0,0
2,4,2
0,0,0
2,2,0
2,2,0
2,2,0
2,2,0
4,27,23
20,20,0
3,6,3
3,10,7
3,9,6
2,2,0
3,3,0
2,2,0
0,0,0
2,2,0
9,9,0
2,3,1
2,2,0
4,5,1
2,2,0
2,2,0
2,2,0
1,1,0
1,1,0
4,4,0
1,1,0
2,2,0
5,5,0
2,2,0
2,5,3
8,13,5
1,1,0
2,4,2
1,2,1
3,4,1
2,2,0
7,7,0
2,2,0
3,5,2
2,28,26
2,2,0
2,2,0
9,9,0
8,8,0
2,4,2
2,2,0
2,4,2
3,7,4
2,2,0
1,1,0
2,2,0
2,2,0
0,0,0
53,56,3
10,10,0
2,2,0
3,3,0
1,2,1
2,2,0
3,7,4
2,12,10
10,10,0
3,3,0
2,2,0
3,5,2
2,4,2
2,2,0
2,2,0
0,0,0
3,3,0
10,10,0
2,2,0
3,7,4
1,1,0
2,2,0
1,42,41
3,3,0
2,2,0
14,14,0
3,5,2
1,2,1
52,52,0
2,2,0
2,2,0
2,2,0
8,8,0
2,2,0
8,8,0
2,2,0
4,4,0
1,7,6
1,3,2
3,3,0
0,0,0
2,6,4
19,29,10
3,17,14
2,16,14
100,100,0
3,3,0
2,2,0
26,26,0
2,2,0
9,9,0
2,2,0
2,2,0
2,2,0
2,2,0
2,2,0
5,5,0
2,2,0
1,2,1
3,3,0
2,2,0
3,11,8
1,2,1
2,2,0
1,5,4
12,12,0
2,2,0
2,2,0
2,4,2
2,2,0
1,2,1
2,2,0
2,2,0
5,5,0
1,1,0
3,3,0
2,2,0
2,2,0
2,2,0
3,3,0
9,9,0
9,9,0
2,2,0
8,8,0
3,3,0
2,2,0
3,7,4
8,8,0
2,2,0
3,3,0
2,2,0
1,2,1
3,5,2
2,2,0
2,2,0
2,6,4
2,2,0
2,6,4
15,15,0
3,3,0
2,2,0
3,5,2
3,3,0
3,3,0
2,2,0
3,3,0
2,2,0
2,2,0
2,2,0
3,5,2
3,7,4
3,5,2
2,20,18
2,2,0
2,2,0
2,2,0
2,2,0
20,20,0
3,3,0
2,2,0
7,7,0
2,2,0
2,2,0
2,7,5
4,4,0
2,2,0
3,3,0
1,1,0
8,8,0
3,6,3
2,11,9
3,7,4
1,1,0
2,2,0
3,3,0
11,11,0
3,3,0
2,2,0
2,2,0
3,3,0
2,7,5
2,4,2
1,1,0
1,2,1
68,68,0
1,1,0
2,8,6
2,2,0
2,4,2
2,2,0
2,2,0
2,2,0
3,3,0
1,1,0
3,8,5
9,9,0
120,120,0
2,2,0
8,8,0
2,2,0
2,80,78
1,2,1
3,5,2
3,3,0
3,3,0
2,8,6
3,5,2
0,0,0
3,5,2
2,2,0
0,0,0
2,2,0
1,1,0
2,21,19
2,4,2
2,11,9
2,2,0
100,104,4
2,3,1
2,2,0
2,4,2
3,5,2
8,8,0
2,2,0
4,4,0
19,19,0
8,8,0
2,2,0
3,6,3
8,8,0
2,2,0
0,0,0
1,1,0
1,2,1
2,6,4
3,11,8
3,10,7
2,2,0
5,5,0
2,2,0
45,45,0
8,8,0
2,2,0
1,41,40
2,4,2
5,7,2
3,3,0
2,2,0
2,2,0
2,2,0
2,7,5
2,3,1
2,17,15
2,2,0
2,2,0
1,1,0
8,8,0
2,3,1
3,5,2
3,3,0
2,2,0
2,2,0
2,7,5
3,5,2
1,9,8
3,5,2
20,20,0
2,2,0
21,21,0
6,6,0
2,2,0
2,2,0
10,10,0
0,0,0
4,4,0
2,2,0
3,3,0
2,2,0
2,2,0
3,6,3
2,18,16
2,8,6
9,9,0
9,9,0
2,2,0
2,12,10
2,2,0
2,2,0
4,4,0
3,3,0
43,43,0
3,6,3
3,3,0
3,7,4
6,6,0
2,2,0
3,3,0
2,2,0
2,4,2
2,69,67
2,45,43
2,2,0
10,10,0
3,9,6
2,2,0
2,6,4
3,3,0
1,7,6
8,8,0
7,9,2
3,3,0
2,5,3
0,0,0
2,2,0
1,2,1
2,2,0
2,2,0
2,2,0
3,5,2
3,3,0
20,20,0
80,80,0
3,7,4
2,4,2
1,1,0
3,3,0
12,12,0
2,2,0
2,2,0
3,3,0
2,2,0
2,2,0
3,5,2
2,2,0
1,63,62
5,6,1
1,1,0
2,6,4
3,6,3
3,3,0
2,2,0
2,82,80
3,3,0
2,2,0
2,3,1
3,7,4
10,10,0
3,7,4
11,11,0
2,2,0
1,1,0
1,1,0
2,5,3
107,204,97
3,3,0
2,2,0
2,2,0
3,3,0
3,3,0
4,4,0
24,24,0
8,8,0
9,9,0
2,2,0
2,2,0
2,4,2
1,1,0
2,2,0
3,3,0
3,3,0
2,2,0
4,4,0
3,3,0
2,2,0
2,2,0
2,2,0
3,3,0
5,5,0
2,5,3
2,2,0
3,3,0
2,2,0
5,14,9
3,7,4
0,0,0
8,8,0
4,70,66
0,0,0
2,22,20
2,2,0
3,8,5
11,49,38
2,2,0
2,2,0
2,2,0
2,2,0
18,18,0
4,4,0
2,10,8
2,2,0
1,1,0
2,2,0
1,1,0
2,2,0
2,2,0
0,0,0
3,3,0
3,3,0
1,56,55
2,2,0
2,2,0
1,23,22
9,9,0
2,2,0
2,2,0
3,5,2
1,26,25
2,2,0
2,21,19
1,9,8
2,4,2
2,2,0
2,2,0
3,3,0
3,3,0
3,3,0
2,2,0
100,108,8
2,2,0
3,5,2
2,2,0
56,77,21
3,3,0
2,2,0
2,5,3
7,7,0
2,2,0
2,2,0
1,1,0
3,3,0
3,5,2
2,2,0
3,10,7
2,2,0
2,2,0
3,5,2
2,2,0
2,20,18
2,2,0
1,1,0
2,2,0
3,5,2
2,2,0
2,2,0
2,4,2
51,53,2
2,2,0
2,2,0
3,9,6
3,4,1
2,2,0
4,8,4
3,4,1
2,4,2
2,4,2
2,2,0
2,6,4
2,7,5
2,2,0
2,4,2
3,4,1
8,8,0
2,2,0
2,2,0
3,3,0
0,0,0
8,8,0
2,3,1
2,4,2
3,3,0
2,7,5
2,2,0
2,2,0
2,9,7
3,3,0
2,2,0
2,2,0
2,2,0
3,4,1
102,102,0
2,2,0
1,1,0
2,2,0
3,3,0
2,29,27
7,7,0
3,7,4
2,2,0
2,2,0
2,2,0
2,2,0
2,2,0
2,2,0
2,2,0
2,2,0
34,34,0
8,8,0
1,1,0
2,2,0
1,1,0
2,2,0
2,2,0
4,4,0
2,2,0
3,3,0
3,3,0
2,2,0
2,2,0
21,21,0
2,4,2
6,6,0
3,5,2
2,2,0
3,3,0
3,7,4
2,2,0
1,10,9
2,2,0
2,3,1
16,16,0
2,2,0
3,3,0
3,3,0
2,2,0
3,6,3
3,11,8
3,3,0
2,2,0
1,1,0
2,2,0
2,2,0
2,2,0
2,2,0
3,3,0
3,3,0
3,8,5
3,3,0
2,2,0
4,10,6
3,4,1
2,2,0
2,2,0
1,2,1
2,7,5
3,5,2
2,2,0
3,3,0
2,2,0
2,84,82
3,3,0
11,11,0
3,22,19
2,2,0
2,2,0
1,1,0
2,2,0
2,4,2
2,3,1
2,2,0
3,5,2
3,5,2
7,16,9
2,5,3
3,10,7
2,2,0
2,2,0
2,2,0
3,5,2
1,2,1
2,4,2
87,87,0
0,0,0
2,2,0
1,2,1
0,0,0
3,5,2
2,2,0
3,3,0
3,3,0
3,3,0
2,2,0
3,3,0
2,5,3
2,2,0
1,1,0
10,43,33
22,22,0
2,3,1
2,5,3
9,9,0
1,1,0
28,49,21
2,2,0
2,2,0
2,2,0
4,4,0
3,8,5
8,8,0
1,1,0
3,3,0
6,6,0
11,13,2
1,1,0
3,4,1
2,21,19
2,2,0
2,2,0
2,2,0
26,26,0
2,2,0
2,2,0
2,2,0
2,3,1
2,6,4
3,5,2
2,2,0
26,28,2
2,2,0
2,2,0
3,5,2
20,20,0
1,20,19
2,52,50
3,3,0
2,6,4
2,2,0
1,1,0
2,2,0
3,8,5
3,6,3
3,3,0
6,6,0
2,2,0
2,2,0
2,2,0
3,3,0
2,3,1
3,5,2
2,2,0
0,0,0
8,8,0
2,2,0
0,0,0
1,4,3
20,20,0
3,7,4
0,0,0
2,2,0
0,0,0
0,0,0
3,3,0
2,2,0
2,2,0
2,2,0
3,5,2
2,4,2
2,2,0
3,3,0
9,9,0
1,1,0
2,2,0
1,2,1
10,10,0
1,3,2
2,4,2
2,2,0
2,5,3
2,10,8
2,2,0
19,19,0
2,2,0
2,35,33
3,3,0
1,1,0
2,2,0
3,5,2
2,2,0
21,21,0
0,0,0
2,2,0
2,12,10
0,0,0
1,3,2
0,0,0
2,2,0
2,4,2
2,2,0
1,1,0
3,7,4
2,2,0
2,3,1
9,11,2
2,2,0
3,7,4
2,2,0
2,2,0
9,9,0
3,9,6
2,2,0
4,4,0
4,4,0
0,0,0
5,17,12
3,3,0
0,0,0
2,2,0
6,6,0
2,2,0
2,2,0
4,7,3
3,43,40
6,6,0
8,8,0
2,2,0
1,1,0
1,2,1
2,2,0
1,3,2
7,7,0
1,1,0
2,2,0
2,2,0
1,5,4
2,2,0
2,2,0
1,1,0
3,5,2
2,2,0
2,2,0
2,4,2
2,2,0
2,2,0
2,2,0
3,3,0
39,39,0
2,2,0
2,2,0
1,6,5
2,2,0
1,2,1
2,3,1
2,92,90
4,4,0
2,2,0
7,7,0
34,35,1
3,24,21
2,2,0
26,26,0
3,3,0
10,10,0
2,2,0
4,4,0
3,5,2
3,9,6
3,3,0
3,3,0
2,4,2
2,2,0
2,2,0
2,2,0
12,12,0
129,129,0
3,3,0
3,14,11
2,2,0
2,2,0
3,3,0
1,1,0
2,5,3
2,26,24
2,2,0
2,2,0
2,4,2
2,2,0
2,2,0
2,2,0
2,2,0
2,2,0
1,44,43
2,4,2
51,51,0
3,3,0
1,1,0
2,5,3
2,2,0
2,3,1
2,2,0
4,5,1
9,9,0
2,2,0
11,11,0
2,2,0
2,2,0
25,53,28
2,2,0
2,4,2
5,8,3
2,2,0
2,2,0
1,1,0
2,2,0
11,11,0
1,1,0
2,4,2
3,3,0
3,7,4
2,2,0
2,2,0
5,5,0
3,3,0
2,2,0
2,10,8
3,7,4
3,5,2
3,3,0
2,10,8
2,2,0
2,3,1
3,10,7
2,7,5
1,4,3
8,8,0
5,5,0
8,8,0
1,1,0
3,11,8
43,48,5
3,3,0
2,2,0
1,2,1
2,6,4
8,8,0
3,3,0
9,9,0
100,104,4
2,2,0
3,11,8
2,80,78
3,4,1
2,6,4
2,2,0
0,0,0
2,2,0
2,2,0
3,5,2
3,3,0
3,3,0
3,3,0
83,83,0
3,5,2
9,9,0
3,3,0
2,2,0
2,2,0
3,3,0
3,3,0
1,3,2
2,2,0
3,3,0
1,1,0
2,2,0
9,9,0
3,3,0
1,3,2
3,3,0
2,2,0
1,6,5
3,7,4
10,10,0
2,4,2
3,3,0
2,12,10
2,2,0
12,102,90
11,11,0
3,8,5
4,5,1
2,2,0
2,2,0
3,5,2
3,3,0
2,4,2
2,30,28
2,6,4
3,3,0
0,0,0
2,2,0
0,0,0
2,2,0
2,2,0
2,2,0
2,6,4
1,1,0
3,3,0
17,18,1
3,3,0
2,2,0
1,1,0
1,2,1
3,5,2
3,3,0
18,18,0
8,8,0
1,63,62
9,9,0
0,0,0
2,2,0
3,3,0
71,171,100
1,2,1
2,2,0
2,2,0
17,25,8
2,2,0
1,6,5
5,5,0
2,2,0
2,21,19
8,8,0
2,2,0
2,2,0
1,23,22
3,9,6
1,1,0
1,123,122
2,2,0
1,1,0
160,160,0
3,5,2
2,2,0
3,3,0
2,2,0
2,2,0
1,23,22
1,1,0
2,2,0
11,11,0
8,8,0
2,2,0
2,3,1
2,2,0
3,3,0
49,59,10
7,7,0
17,17,0
2,2,0
1,2,1
2,3,1
2,2,0
5,5,0
3,3,0
1,1,0
9,9,0
2,7,5
2,2,0
2,8,6
2,2,0
2,2,0
2,2,0
2,2,0
2,11,9
2,4,2
1,2,1
2,2,0
2,11,9
2,2,0
3,4,1
2,5,3
2,3,1
2,2,0
100,100,0
2,6,4
3,3,0
3,6,3
3,5,2
2,5,3
3,3,0
2,2,0
2,2,0
2,3,1
2,10,8
2,2,0
3,3,0
2,2,0
2,2,0
3,3,0
3,4,1
3,3,0
2,2,0
2,2,0
2,2,0
9,9,0
8,8,0
2,2,0
3,8,5
2,2,0
1,2,1
1,1,0
2,4,2
0,0,0
3,3,0
3,3,0
9,9,0
1,1,0
2,2,0
100,100,0
3,3,0
3,3,0
2,2,0
2,30,28
3,3,0
2,4,2
2,2,0
2,11,9
2,2,0
2,2,0
1,28,27
2,4,2
2,2,0
2,2,0
0,0,0
2,2,0
2,2,0
2,4,2
3,9,6
3,4,1
2,2,0
4,4,0
1,2,1
10,20,10
2,2,0
3,3,0
100,100,0
2,2,0
2,2,0
2,2,0
2,2,0
2,2,0
0,0,0
2,2,0
2,2,0
2,2,0
3,9,6
3,5,2
3,5,2
5,5,0
2,2,0
46,46,0
1,28,27
3,3,0
10,10,0
2,4,2
4,4,0
2,6,4
6,34,28
2,3,1
2,2,0
2,2,0
0,0,0
3,3,0
6,6,0
2,4,2
0,0,0
2,2,0
2,2,0
1,1,0
2,2,0
1,4,3
6,21,15
9,13,4
2,4,2
100,104,4
5,5,0
4,5,1
3,3,0
2,2,0
2,2,0
2,2,0
1,2,1
1,4,3
6,6,0
2,7,5
2,2,0
2,2,0
3,11,8
100,104,4
3,3,0
5,5,0
2,2,0
2,2,0
2,2,0
2,2,0
2,2,0
4,5,1
3,3,0
3,3,0
2,2,0
2,2,0
2,2,0
2,2,0
2,2,0
2,25,23
3,7,4
9,9,0
4,9,5
2,2,0
3,3,0
2,3,1
10,46,36
20,20,0
2,2,0
3,5,2
2,2,0
2,2,0
2,4,2
6,6,0
3,3,0
2,2,0
2,2,0
4,6,2
154,154,0
4,4,0
2,4,2
0,0,0
2,4,2
1,1,0
2,6,4
3,3,0
2,4,2
1,2,1
3,5,2
2,2,0
2,2,0
4,5,1
3,3,0
3,8,5
2,2,0
2,2,0
2,2,0
9,9,0
2,2,0
1,1,0
2,2,0
7,7,0
2,2,0
2,15,13
2,2,0
2,4,2
3,3,0
2,2,0
6,6,0
1,3,2
2,4,2
4,4,0
2,2,0
3,7,4
2,2,0
2,2,0
3,5,2
44,44,0
4,4,0
11,11,0
2,2,0
2,2,0
3,3,0
2,9,7
2,2,0
2,2,0
5,5,0
4,4,0
1,1,0
3,3,0
2,2,0
2,8,6
22,22,0
5,7,2
2,3,1
9,10,1
1,1,0
2,2,0
1,2,1
2,2,0
22,22,0
3,8,5
2,2,0
9,9,0
2,4,2
9,9,0
2,2,0
6,6,0
2,2,0
1,2,1
2,6,4
4,15,11
3,7,4
2,2,0
2,93,91
3,13,10
2,2,0
4,4,0
2,6,4
1,1,0
0,0,0
2,4,2
9,9,0
3,5,2
2,2,0
3,5,2
4,4,0
9,9,0
1,1,0
2,2,0
2,12,10
2,2,0
3,3,0
2,2,0
2,2,0
1,2,1
2,2,0
2,2,0
2,2,0
2,2,0
8,8,0
3,10,7
4,9,5
3,3,0
3,3,0
1,23,22
3,5,2
2,2,0
8,8,0
2,2,0
2,2,0
10,10,0
100,100,0
2,2,0
5,5,0
1,3,2
3,17,14
2,15,13
2,4,2
3,3,0
8,8,0
2,2,0
2,4,2
2,2,0
2,4,2
3,9,6
2,2,0
3,3,0
3,190,187
2,2,0
3,11,8
2,2,0
3,3,0
3,3,0
2,2,0
3,3,0
3,7,4
3,12,9
3,5,2
2,2,0
2,2,0
2,5,3
1,48,47
3,3,0
1,1,0
1,1,0
2,2,0
3,8,5
6,6,0
2,2,0
0,0,0
0,0,0
2,2,0
8,8,0
2,2,0
2,2,0
3,70,67
3,3,0
5,5,0
0,0,0
2,2,0
2,2,0
2,10,8
3,5,2
8,8,0
2,2,0
2,2,0
3,3,0
3,8,5
3,12,9
2,2,0
2,6,4
2,2,0
3,5,2
1,1,0
3,3,0
51,74,23
2,2,0
3,5,2
1,1,0
2,2,0
1,2,1
2,3,1
2,2,0
2,3,1
2,2,0
2,5,3
2,4,2
2,19,17
3,6,3
2,2,0
98,98,0
0,0,0
2,2,0
2,5,3
2,2,0
2,2,0
8,9,1
2,6,4
2,6,4
3,9,6
2,2,0
2,2,0
104,104,0
12,12,0
3,3,0
3,3,0
3,4,1
1,62,61
3,3,0
2,2,0
2,4,2
2,2,0
2,2,0
2,5,3
2,2,0
2,2,0
8,8,0
3,5,2
1,1,0
0,0,0
3,3,0
2,2,0
1,2,1
9,9,0
2,2,0
2,2,0
3,3,0
2,2,0
2,4,2
2,2,0
3,3,0
3,3,0
3,7,4
2,3,1
3,3,0
2,3,1
2,2,0
3,5,2
1,23,22
2,2,0
2,2,0
2,11,9
10,11,1
3,3,0
2,3,1
51,51,0
13,13,0
3,11,8
3,5,2
3,7,4
2,2,0
2,2,0
2,2,0
6,6,0
0,0,0
1,22,21
2,2,0
11,11,0
1,1,0
3,3,0
46,46,0
2,2,0
5,5,0
41,41,0
2,2,0
2,2,0
16,16,0
2,2,0
2,2,0
2,2,0
8,8,0
2,2,0
3,3,0
3,3,0
6,6,0
7,8,1
3,5,2
1,2,1
2,2,0
2,2,0
7,7,0
1,21,20
2,2,0
3,5,2
2,84,82
1,2,1
0,0,0
2,25,23
2,4,2
1,1,0
2,2,0
2,6,4
3,5,2
3,4,1
3,7,4
2,2,0
1,1,0
9,9,0
5,5,0
2,2,0
2,2,0
2,2,0
3,9,6
2,2,0
1,5,4
2,2,0
1,1,0
2,3,1
2,15,13
2,2,0
8,8,0
3,3,0
2,2,0
3,3,0
3,3,0
1,5,4
2,4,2
2,2,0
15,15,0
1,2,1
3,3,0
2,2,0
3,3,0
1,6,5
2,6,4
2,2,0
3,4,1
1,1,0
3,6,3
3,3,0
2,2,0
2,2,0
2,2,0
2,2,0
3,5,2
3,3,0
3,9,6
2,7,5
3,5,2
2,3,1
3,8,5
1,1,0
2,2,0
9,15,6
3,3,0
2,4,2
2,2,0
0,0,0
2,2,0
2,2,0
2,2,0
2,2,0
2,3,1
3,3,0
10,12,2
2,4,2
10,10,0
2,2,0
3,5,2
2,3,1
2,4,2
47,86,39
1,1,0
4,4,0
0,0,0
2,8,6
2,3,1
3,3,0
1,4,3
16,16,0
1,2,1
8,8,0
0,0,0
3,3,0
2,2,0
2,2,0
3,3,0
1,1,0
0,0,0
2,9,7
2,2,0
2,2,0
2,2,0
100,104,4
2,2,0
2,2,0
0,0,0
1,1,0
8,8,0
2,14,12
3,5,2
3,3,0
11,11,0
2,2,0
4,4,0
2,2,0
2,27,25
2,3,1
1,12,11
2,2,0
3,5,2
3,3,0
2,5,3
2,18,16
2,2,0
3,9,6
2,3,1
0,0,0
1,2,1
1,1,0
22,24,2
3,4,1
3,5,2
22,22,0
1,1,0
2,25,23
2,2,0
2,2,0
8,8,0
1,1,0
2,2,0
2,2,0
3,9,6
4,4,0
3,5,2
32,32,0
2,3,1
3,3,0
3,4,1
2,2,0
3,3,0
2,2,0
1,1,0
1,16,15
1,26,25
2,9,7
3,3,0
3,3,0
9,9,0
2,8,6
70,77,7
2,82,80
9,9,0
2,3,1
2,2,0
3,5,2
9,9,0
2,4,2
2,2,0
223,223,0
2,2,0
3,3,0
98,109,11
2,2,0
1,11,10
56,56,0
101,101,0
3,14,11
2,2,0
14,14,0
3,3,0
1,1,0
2,2,0
3,3,0
2,2,0
2,6,4
1,2,1
3,3,0
4,5,1
2,2,0
2,2,0
3,14,11
2,4,2
1,2,1
1,1,0
1,1,0
2,2,0
2,2,0
2,2,0
8,8,0
2,2,0
2,2,0
6,6,0
8,8,0
2,4,2
3,3,0
2,2,0
2,2,0
11,11,0
1,3,2
36,38,2
2,10,8
7,7,0
2,3,1
3,3,0
1,5,4
2,2,0
3,3,0
2,3,1
2,2,0
3,6,3
3,3,0
2,6,4
2,2,0
0,0,0
3,3,0
0,0,0
2,2,0
0,0,0
4,8,4
2,2,0
2,2,0
3,5,2
2,2,0
1,2,1
1,6,5
3,3,0
2,5,3
2,2,0
2,2,0
3,3,0
2,6,4
2,2,0
3,7,4
12,13,1
3,3,0
3,3,0
2,2,0
5,5,0
8,8,0
2,2,0
3,5,2
2,2,0
2,2,0
3,3,0
1,1,0
3,7,4
17,17,0
1,1,0
2,2,0
3,3,0
3,3,0
2,2,0
3,5,2
2,6,4
3,8,5
2,2,0
2,2,0
3,3,0
2,2,0
2,2,0
9,9,0
0,0,0
3,3,0
173,173,0
3,5,2
2,2,0
0,0,0
2,4,2
2,2,0
2,2,0
2,4,2
3,13,10
1,51,50
3,3,0
2,4,2
148,148,0
8,8,0
3,5,2
15,16,1
1,25,24
9,9,0
3,5,2
3,45,42
2,2,0
1,57,56
3,3,0
3,8,5
3,6,3
2,2,0
2,2,0
1,4,3
1,1,0
2,2,0
0,0,0
2,2,0
7,22,15
4,169,165
12,19,7
3,5,2
2,16,14
3,7,4
2,2,0
2,2,0
2,2,0
2,5,3
2,2,0
3,7,4
3,5,2
2,2,0
4,4,0
2,2,0
2,2,0
2,2,0
1,1,0
2,2,0
2,2,0
2,2,0
2,2,0
2,2,0
2,3,1
2,2,0
3,5,2
3,3,0
1,3,2
2,2,0
3,5,2
3,3,0
2,2,0
1,1,0
84,105,21
1,2,1
2,2,0
6,6,0
4,12,8
3,3,0
0,0,0
2,9,7
2,2,0
3,12,9
2,2,0
2,2,0
4,4,0
0,0,0
2,2,0
2,2,0
8,8,0
3,3,0
8,8,0
3,8,5
2,2,0
2,80,78
2,2,0
2,5,3
1,1,0
6,7,1
0,0,0
3,8,5
2,2,0
2,2,0
3,3,0
3,3,0
2,2,0
1,2,1
3,8,5
3,3,0
2,2,0
3,8,5
2,4,2
3,3,0
2,2,0
3,4,1
1,2,1
3,3,0
2,7,5
0,0,0
2,27,25
2,2,0
3,3,0
19,19,0
2,2,0
2,2,0
9,9,0
1,2,1
2,3,1
20,20,0
0,0,0
2,2,0
5,5,0
2,4,2
2,2,0
3,5,2
2,2,0
2,2,0
1,2,1
3,7,4
2,4,2
2,2,0
8,8,0
3,3,0
2,2,0
2,2,0
1,20,19
3,3,0
3,3,0
9,9,0
2,2,0
1,1,0
0,0,0
2,2,0
18,18,0
3,10,7
3,3,0
3,4,1
21,21,0
3,3,0
4,8,4
2,3,1
2,2,0
2,2,0
3,3,0
1,2,1
8,8,0
1,74,73
2,2,0
2,4,2
2,3,1
77,78,1
10,10,0
0,0,0
0,0,0
29,29,0
0,0,0
2,2,0
1,20,19
8,8,0
2,2,0
2,2,0
3,3,0
13,21,8
2,2,0
2,2,0
2,5,3
2,2,0
92,94,2
4,15,11
3,5,2
2,2,0
1,1,0
2,2,0
2,82,80
0,0,0
8,8,0
2,2,0
0,0,0
2,80,78
2,2,0
2,2,0
8,8,0
2,2,0
2,2,0
3,3,0
1,1,0
2,2,0
2,2,0
2,2,0
3,19,16
2,11,9
2,2,0
2,2,0
1,7,6
2,2,0
0,0,0
2,83,81
2,2,0
2,3,1
2,2,0
2,2,0
2,2,0
1,4,3
2,2,0
2,4,2
3,3,0
3,3,0
4,4,0
2,2,0
2,8,6
2,2,0
3,3,0
6,7,1
2,2,0
2,2,0
8,8,0
1,2,1
3,3,0
2,2,0
2,2,0
8,8,0
2,2,0
2,2,0
1,1,0
3,5,2
3,3,0
3,3,0
3,5,2
4,13,9
3,4,1
3,5,2
2,2,0
2,2,0
2,2,0
2,2,0
2,4,2
2,27,25
2,2,0
4,8,4
2,2,0
2,82,80
2,4,2
2,4,2
2,2,0
3,3,0
6,6,0
100,104,4
3,3,0
0,0,0
1,4,3
2,2,0
2,6,4
1,1,0
15,15,0
2,2,0
3,7,4
10,16,6
2,6,4
10,10,0
9,9,0
3,3,0
5,5,0
2,2,0
2,2,0
3,3,0
50,67,17
2,8,6
2,8,6
5,135,130
2,4,2
2,2,0
2,5,3
2,2,0
9,9,0
3,3,0
2,2,0
2,2,0
2,2,0
2,3,1
2,2,0
3,4,1
2,2,0
7,27,20
10,15,5
3,6,3
2,6,4
42,42,0
2,2,0
2,2,0
2,2,0
2,6,4
2,2,0
8,8,0
2,2,0
10,12,2
2,2,0
30,32,2
2,82,80
4,4,0
3,3,0
2,3,1
2,4,2
3,3,0
2,5,3
4,7,3
2,4,2
4,4,0
2,3,1
1,26,25
2,9,7
1,4,3
2,2,0
2,82,80
15,17,2
2,2,0
3,3,0
16,16,0
9,9,0
3,5,2
2,2,0
2,2,0
2,2,0
0,0,0
2,4,2
2,2,0
3,9,6
107,207,100
2,2,0
2,9,7
3,7,4
4,4,0
2,2,0
2,4,2
2,2,0
2,2,0
1,1,0
3,3,0
3,15,12
2,2,0
3,3,0
2,4,2
2,2,0
2,2,0
2,2,0
2,2,0
6,6,0
4,4,0
2,2,0
1,2,1
26,27,1
2,5,3
2,4,2
3,3,0
2,2,0
14,14,0
2,2,0
2,2,0
88,118,30
13,13,0
2,2,0
11,22,11
2,2,0
2,2,0
3,3,0
2,2,0
12,55,43
9,9,0
1,1,0
2,6,4
3,22,19
2,10,8
2,7,5
0,0,0
2,2,0
3,3,0
1,2,1
4,4,0
2,2,0
51,101,50
2,2,0
2,4,2
3,3,0
3,7,4
12,12,0
3,3,0
3,3,0
1,22,21
3,5,2
1,120,119
3,3,0
2,3,1
0,0,0
2,2,0
2,2,0
2,2,0
2,2,0
2,2,0
3,10,7
3,5,2
3,3,0
12,12,0
2,4,2
2,2,0
3,3,0
0,0,0
2,2,0
4,4,0
3,7,4
3,9,6
0,0,0
3,3,0
4,6,2
35,35,0
5,7,2
2,2,0
1,1,0
2,3,1
3,3,0
3,6,3
3,3,0
3,3,0
2,2,0
3,7,4
1,1,0
2,2,0
2,2,0
19,19,0
0,0,0
2,4,2
1,3,2
2,10,8
2,11,9
8,8,0
2,2,0
2,2,0
1,4,3
2,4,2
2,2,0
2,2,0
3,3,0
2,2,0
2,5,3
2,4,2
1,2,1
2,4,2
2,13,11
8,8,0
3,3,0
9,9,0
2,2,0
2,2,0
2,3,1
2,2,0
3,3,0
3,3,0
3,5,2
1,2,1
2,3,1
2,2,0
3,5,2
2,2,0
2,2,0
2,2,0
1,1,0
2,2,0
2,2,0
18,18,0
2,2,0
2,13,11
70,267,197
7,9,2
2,2,0
2,2,0
9,19,10
2,4,2
28,28,0
1,5,4
2,2,0
3,32,29
2,2,0
2,2,0
2,2,0
3,7,4
2,4,2
2,2,0
1,1,0
3,21,18
2,28,26
2,4,2
2,3,1
2,2,0
2,4,2
1,1,0
3,5,2
2,2,0
1,2,1
3,7,4
3,3,0
2,2,0
8,8,0
2,2,0
3,3,0
2,2,0
2,2,0
3,7,4
2,2,0
2,2,0
2,9,7
1,58,57
2,2,0
41,44,3
3,20,17
2,6,4
2,2,0
3,5,2
2,6,4
2,4,2
3,3,0
0,0,0
96,97,1
2,2,0
2,2,0
2,2,0
3,3,0
2,2,0
77,77,0
3,7,4
2,6,4
2,3,1
2,2,0
3,6,3
3,3,0
2,2,0
2,2,0
3,6,3
2,2,0
2,2,0
3,7,4
1,1,0
1,2,1
2,2,0
3,5,2
3,5,2
2,2,0
1,1,0
2,2,0
8,8,0
2,2,0
9,9,0
0,0,0
2,2,0
1,3,2
3,5,2
1,2,1
2,2,0
3,3,0
3,3,0
2,2,0
26,29,3
2,2,0
2,2,0
2,2,0
3,7,4
8,8,0
2,2,0
2,8,6
2,2,0
1,1,0
3,3,0
3,7,4
2,2,0
2,2,0
2,3,1
3,3,0
3,4,1
4,4,0
2,2,0
4,4,0
2,2,0
3,7,4
3,3,0
3,3,0
2,4,2
3,3,0
3,6,3
3,5,2
2,2,0
2,80,78
2,2,0
22,22,0
3,3,0
2,2,0
3,7,4
2,4,2
2,4,2
2,2,0
2,2,0
3,10,7
2,4,2
3,8,5
3,8,5
12,12,0
3,7,4
2,2,0
2,2,0
4,4,0
3,7,4
3,4,1
6,6,0
2,2,0
7,15,8
3,5,2
3,3,0
2,2,0
1,3,2
1,2,1
9,9,0
2,2,0
1,2,1
3,3,0
2,2,0
2,2,0
2,2,0
50,50,0
3,3,0
3,3,0
2,2,0
2,2,0
1,6,5
2,2,0
2,2,0
2,3,1
4,4,0
100,100,0
2,2,0
2,2,0
2,2,0
2,2,0
2,2,0
3,4,1
3,3,0
2,2,0
3,5,2
22,29,7
2,2,0
3,9,6
2,2,0
3,12,9
2,2,0
2,2,0
3,5,2
3,3,0
1,1,0
1,69,68
3,3,0
8,86,78
3,3,0
2,3,1
3,3,0
3,19,16
3,4,1
2,2,0
4,4,0
1,1,0
2,2,0
1,3,2
2,2,0
1,2,1
9,9,0
2,2,0
0,0,0
52,53,1
2,2,0
4,4,0
2,2,0
2,2,0
2,2,0
2,2,0
2,2,0
2,6,4
3,3,0
3,3,0
1,3,2
2,2,0
3,3,0
2,2,0
2,2,0
3,10,7
2,2,0
3,7,4
2,2,0
3,3,0
2,9,7
2,3,1
12,12,0
3,7,4
1,1,0
8,16,8
2,2,0
11,11,0
3,7,4
2,16,14
3,8,5
8,8,0
2,2,0
0,0,0
8,8,0
2,2,0
3,8,5
1,1,0
3,3,0
3,3,0
2,2,0
2,2,0
3,3,0
2,3,1
1,1,0
2,4,2
18,121,103
1,2,1
51,51,0
0,0,0
1,1,0
22,28,6
3,3,0
2,2,0
3,3,0
2,2,0
3,3,0
1,1,0
45,45,0
8,8,0
2,7,5
3,5,2
1,3,2
1,8,7
2,4,2
2,6,4
2,2,0
3,3,0
2,2,0
3,8,5
2,2,0
51,51,0
3,3,0
2,17,15
3,3,0
4,11,7
2,2,0
2,2,0
1,32,31
3,6,3
3,3,0
1,2,1
2,2,0
2,2,0
9,9,0
2,2,0
8,8,0
85,85,0
3,3,0
2,2,0
2,2,0
3,3,0
2,2,0
2,2,0
2,86,84
2,5,3
3,3,0
1,25,24
3,7,4
3,6,3
1,71,70
5,5,0
2,2,0
2,2,0
3,5,2
2,2,0
1,7,6
8,8,0
6,6,0
3,10,7
74,74,0
2,2,0
0,0,0
82,87,5
14,14,0
2,2,0
3,3,0
2,4,2
2,69,67
37,41,4
2,2,0
2,81,79
2,2,0
2,2,0
2,2,0
3,3,0
6,6,0
15,15,0
8,10,2
2,2,0
2,80,78
11,11,0
3,3,0
4,4,0
2,2,0
2,4,2
1,20,19
2,3,1
1,4,3
2,2,0
8,19,11
2,2,0
86,92,6
102,102,0
2,2,0
3,5,2
2,2,0
2,3,1
2,2,0
19,22,3
2,2,0
2,2,0
3,5,2
3,3,0
2,2,0
2,2,0
2,2,0
2,2,0
2,2,0
3,13,10
3,5,2
0,0,0
6,6,0
3,5,2
2,2,0
23,23,0
2,2,0
2,2,0
3,3,0
2,14,12
2,2,0
0,0,0
0,0,0
2,2,0
2,4,2
3,3,0
2,2,0
4,4,0
2,2,0
3,7,4
3,8,5
1,23,22
6,12,6
2,2,0
3,5,2
2,4,2
3,3,0
51,51,0
1,2,1
8,8,0
10,10,0
3,3,0
8,8,0
2,5,3
2,2,0
3,3,0
2,2,0
8,36,28
3,3,0
1,2,1
1,2,1
3,3,0
4,5,1
3,6,3
4,4,0
3,3,0
2,2,0
2,4,2
2,2,0
0,0,0
2,2,0
1,1,0
0,0,0
1,1,0
3,3,0
2,2,0
3,5,2
2,2,0
2,2,0
3,3,0
3,27,24
1,6,5
2,2,0
3,5,2
2,2,0
7,7,0
2,13,11
2,4,2
2,2,0
2,2,0
2,4,2
42,43,1
3,5,2
3,3,0
3,3,0
0,0,0
100,104,4
3,3,0
2,2,0
3,5,2
2,4,2
3,3,0
4,4,0
2,80,78
3,3,0
2,5,3
97,100,3
3,3,0
10,10,0
2,2,0
3,3,0
2,3,1
3,3,0
8,8,0
2,4,2
3,3,0
3,8,5
3,5,2
2,2,0
3,7,4
1,20,19
2,2,0
6,6,0
3,3,0
0,0,0
2,2,0
2,2,0
0,0,0
2,2,0
2,83,81
8,8,0
2,4,2
3,23,20
3,4,1
20,20,0
2,2,0
3,4,1
1,1,0
2,2,0
3,3,0
98,98,0
2,2,0
2,2,0
3,3,0
3,3,0
3,5,2
1,1,0
3,6,3
2,2,0
2,2,0
1,1,0
4,5,1
3,3,0
4,4,0
0,0,0
2,2,0
3,5,2
9,9,0
1,1,0
3,5,2
2,2,0
1,2,1
3,3,0
5,7,2
2,2,0
2,2,0
2,7,5
2,2,0
2,3,1
2,2,0
3,7,4
2,2,0
2,2,0
0,0,0
3,3,0
2,4,2
3,3,0
3,3,0
11,11,0
3,3,0
2,2,0
2,82,80
1,2,1
2,2,0
1,6,5
8,8,0
2,4,2
3,3,0
2,2,0
2,3,1
2,2,0
3,3,0
9,9,0
2,6,4
2,14,12
8,8,0
2,2,0
98,199,101
3,3,0
3,3,0
3,3,0
12,12,0
2,4,2
8,8,0
3,3,0
2,2,0
3,10,7
1,2,1
2,2,0
3,5,2
1,2,1
7,9,2
2,2,0
3,3,0
1,25,24
2,2,0
3,9,6
3,3,0
2,2,0
3,7,4
3,3,0
2,133,131
2,8,6
1,1,0
2,2,0
2,2,0
3,5,2
3,3,0
0,0,0
1,2,1
10,10,0
1,4,3
3,5,2
2,11,9
4,4,0
3,3,0
3,3,0
2,2,0
56,79,23
2,2,0
2,2,0
100,100,0
3,7,4
2,2,0
2,45,43
3,4,1
6,6,0
2,2,0
2,2,0
2,2,0
51,51,0
3,7,4
3,3,0
2,2,0
1,2,1
1,1,0
2,23,21
3,22,19
2,2,0
2,2,0
1,1,0
3,14,11
60,60,0
0,0,0
1,5,4
3,3,0
3,3,0
1,6,5
100,105,5
2,2,0
3,3,0
3,8,5
2,4,2
0,0,0
12,12,0
2,45,43
9,9,0
3,3,0
2,2,0
3,10,7
2,2,0
2,2,0
1,1,0
3,3,0
3,3,0
2,2,0
2,2,0
7,7,0
2,2,0
3,3,0
2,2,0
100,100,0
3,3,0
3,10,7
3,13,10
3,3,0
3,5,2
2,4,2
140,140,0
51,51,0
2,2,0
87,87,0
1,4,3
1,2,1
10,10,0
3,3,0
88,167,79
2,2,0
8,8,0
1,1,0
5,10,5
2,2,0
2,6,4
3,3,0
1,2,1
5,5,0
4,6,2
3,3,0
3,3,0
1,115,114
3,3,0
2,2,0
3,16,13
2,3,1
2,2,0
2,2,0
3,43,40
5,5,0
2,2,0
19,22,3
2,2,0
3,17,14
3,3,0
2,2,0
8,8,0
2,2,0
1,1,0
3,5,2
2,2,0
2,2,0
9,9,0
2,2,0
3,3,0
2,2,0
1,2,1
3,4,1
8,8,0
2,2,0
2,6,4
2,2,0
2,2,0
60,60,0
2,2,0
2,19,17
2,2,0
3,5,2
2,4,2
9,9,0
2,2,0
2,2,0
3,3,0
2,13,11
84,92,8
3,5,2
1,1,0
3,3,0
0,0,0
2,2,0
2,4,2
2,2,0
3,3,0
3,5,2
2,2,0
2,3,1
2,2,0
6,35,29
1,27,26
2,2,0
2,2,0
2,4,2
3,7,4
2,2,0
1,1,0
3,3,0
1,33,32
3,10,7
3,7,4
2,4,2
1,1,0
2,2,0
2,3,1
100,100,0
2,2,0
2,2,0
2,2,0
52,156,104
9,9,0
3,3,0
3,3,0
2,6,4
3,12,9
2,3,1
2,6,4
2,2,0
47,70,23
2,2,0
9,9,0
6,6,0
2,2,0
2,4,2
2,2,0
2,2,0
9,9,0
2,2,0
2,2,0
1,1,0
3,3,0
3,5,2
2,4,2
2,2,0
2,2,0
2,2,0
49,52,3
3,5,2
3,3,0
2,2,0
2,2,0
2,2,0
2,2,0
3,3,0
3,9,6
3,25,22
3,3,0
2,2,0
23,24,1
2,2,0
1,1,0
2,2,0
1,26,25
2,4,2
0,0,0
2,2,0
2,4,2
2,13,11
3,7,4
2,4,2
3,3,0
3,3,0
2,7,5
3,3,0
3,6,3
3,4,1
2,2,0
2,2,0
2,5,3
3,9,6
5,5,0
3,4,1
1,1,0
20,20,0
3,3,0
2,2,0
3,3,0
7,7,0
2,4,2
2,2,0
3,3,0
1,9,8
3,3,0
2,2,0
4,14,10
2,2,0
0,0,0
1,3,2
3,3,0
8,8,0
2,2,0
5,5,0
2,2,0
2,2,0
3,78,75
99,101,2
3,5,2
49,52,3
2,2,0
3,3,0
2,12,10
3,3,0
1,73,72
1,2,1
3,3,0
2,2,0
3,3,0
2,2,0
2,2,0
2,82,80
3,5,2
3,7,4
62,76,14
2,2,0
4,8,4
2,2,0
2,4,2
4,4,0
2,4,2
0,0,0
2,2,0
2,2,0
2,2,0
3,3,0
3,3,0
2,2,0
2,2,0
3,3,0
2,2,0
2,4,2
2,2,0
3,3,0
2,2,0
17,17,0
2,2,0
3,4,1
2,17,15
2,2,0
2,2,0
2,2,0
3,10,7
2,2,0
4,10,6
3,5,2
2,2,0
2,2,0
3,3,0
3,5,2
2,2,0
2,2,0
2,6,4
2,6,4
3,3,0
2,2,0
2,2,0
3,5,2
5,8,3
1,3,2
3,7,4
3,63,60
3,5,2
1,3,2
2,2,0
2,2,0
1,53,52
2,82,80
100,100,0
2,2,0
3,3,0
4,5,1
2,7,5
2,172,170
2,2,0
2,2,0
10,10,0
1,1,0
10,10,0
2,4,2
2,3,1
3,7,4
2,2,0
2,9,7
2,2,0
3,3,0
2,2,0
2,6,4
2,2,0
8,8,0
2,2,0
2,4,2
3,4,1
2,216,214
2,2,0
3,3,0
4,22,18
3,23,20
2,2,0
8,8,0
3,3,0
3,9,6
2,2,0
2,4,2
2,2,0
3,5,2
1,9,8
4,6,2
2,80,78
2,7,5
1,6,5
2,2,0
9,16,7
1,2,1
60,120,60
0,0,0
36,36,0
2,3,1
9,9,0
2,2,0
3,3,0
2,2,0
2,2,0
3,3,0
3,3,0
57,73,16
2,4,2
60,64,4
2,2,0
2,2,0
3,3,0
2,2,0
2,2,0
9,9,0
2,2,0
1,1,0
2,4,2
3,3,0
2,2,0
8,8,0
1,2,1
2,3,1
2,8,6
2,2,0
1,1,0
1,2,1
1,1,0
2,2,0
2,2,0
2,47,45
2,4,2
2,2,0
1,2,1
2,2,0
2,2,0
1,3,2
3,3,0
177,177,0
3,5,2
3,3,0
12,13,1
3,5,2
2,2,0
2,2,0
1,1,0
3,3,0
8,8,0
3,5,2
9,9,0
3,5,2
2,2,0
2,10,8
1,1,0
4,6,2
2,2,0
3,3,0
5,7,2
3,7,4
2,11,9
3,3,0
3,8,5
3,5,2
2,2,0
3,13,10
3,5,2
2,2,0
2,2,0
9,9,0
2,2,0
2,6,4
3,5,2
8,8,0
2,4,2
2,2,0
2,2,0
2,10,8
9,9,0
2,2,0
2,2,0
4,4,0
8,8,0
2,4,2
3,6,3
2,2,0
2,2,0
1,1,0
1,2,1
2,2,0
3,3,0
2,2,0
2,2,0
2,4,2
3,3,0
2,2,0
11,22,11
2,2,0
2,82,80
3,3,0
2,2,0
2,2,0
2,7,5
6,6,0
3,3,0
3,3,0
2,2,0
0,0,0
4,4,0
2,2,0
0,0,0
3,3,0
3,15,12
2,2,0
15,15,0
8,8,0
3,3,0
2,4,2
2,2,0
33,36,3
3,5,2
2,2,0
4,6,2
4,4,0
1,4,3
3,5,2
2,2,0
2,15,13
2,2,0
2,2,0
2,3,1
20,32,12
3,5,2
3,8,5
4,4,0
8,8,0
3,40,37
2,2,0
2,2,0
2,2,0
8,8,0
2,9,7
1,3,2
1,1,0
3,3,0
2,2,0
6,6,0
3,3,0
8,8,0
2,2,0
3,3,0
2,2,0
2,2,0
2,2,0
4,4,0
15,16,1
2,4,2
2,2,0
62,62,0
0,0,0
3,15,12
0,0,0
1,4,3
2,45,43
2,2,0
2,4,2
2,2,0
0,0,0
2,2,0
6,17,11
51,51,0
3,7,4
2,4,2
2,2,0
2,2,0
3,8,5
1,116,115
1,7,6
2,2,0
3,6,3
1,1,0
3,3,0
0,0,0
2,2,0
3,5,2
2,2,0
3,10,7
2,2,0
2,2,0
3,3,0
4,4,0
3,3,0
3,3,0
2,2,0
3,3,0
9,9,0
26,26,0
2,2,0
1,24,23
3,7,4
3,3,0
3,3,0
9,9,0
8,8,0
2,2,0
3,5,2
0,0,0
3,5,2
1,3,2
61,67,6
12,12,0
0,0,0
2,2,0
9,9,0
2,2,0
3,3,0
2,2,0
3,12,9
1,49,48
2,3,1
2,9,7
3,3,0
2,2,0
2,4,2
3,3,0
1,2,1
2,2,0
2,2,0
3,5,2
2,7,5
3,3,0
4,18,14
1,1,0
1,8,7
2,3,1
3,18,15
3,3,0
2,2,0
9,9,0
3,3,0
3,5,2
3,3,0
1,1,0
3,3,0
2,2,0
2,2,0
3,24,21
13,13,0
0,0,0
2,2,0
2,2,0
100,100,0
3,3,0
2,2,0
3,3,0
2,21,19
2,2,0
2,2,0
1,1,0
3,4,1
2,4,2
2,2,0
2,2,0
3,5,2
3,3,0
18,18,0
2,2,0
2,2,0
3,3,0
8,8,0
23,23,0
2,2,0
8,8,0
2,2,0
2,2,0
2,2,0
3,3,0
3,3,0
2,4,2
1,1,0
2,2,0
2,2,0
4,4,0
3,5,2
2,2,0
2,2,0
3,5,2
2,2,0
2,5,3
2,2,0
2,2,0
2,3,1
2,74,72
2,2,0
3,5,2
1,2,1
3,5,2
1,3,2
2,2,0
2,4,2
3,6,3
2,2,0
3,4,1
2,2,0
3,3,0
2,17,15
2,2,0
2,2,0
0,0,0
3,3,0
8,18,10
3,29,26
1,2,1
2,2,0
4,4,0
3,3,0
0,0,0
3,9,6
2,2,0
2,4,2
2,2,0
3,7,4
2,2,0
2,2,0
2,3,1
2,2,0
2,4,2
2,2,0
2,33,31
0,0,0
1,1,0
88,88,0
6,6,0
2,2,0
2,2,0
2,2,0
0,0,0
2,2,0
2,2,0
2,2,0
3,11,8
2,2,0
0,0,0
0,0,0
3,4,1
1,2,1
3,3,0
2,2,0
1,2,1
34,34,0
3,3,0
2,2,0
3,3,0
24,24,0
36,44,8
2,2,0
1,1,0
1,2,1
3,3,0
2,2,0
2,4,2
1,1,0
2,2,0
2,2,0
10,12,2
2,8,6
2,7,5
2,2,0
1,11,10
1,1,0
2,2,0
1,4,3
2,3,1
2,2,0
1,2,1
4,4,0
3,3,0
2,2,0
2,2,0
2,2,0
2,7,5
32,32,0
2,2,0
6,6,0
4,4,0
2,2,0
6,6,0
2,8,6
5,5,0
3,3,0
3,6,3
9,9,0
2,2,0
3,3,0
8,8,0
4,4,0
3,3,0
4,4,0
2,4,2
3,6,3
2,2,0
3,3,0
2,2,0
5,6,1
1,2,1
2,4,2
8,8,0
2,8,6
9,9,0
3,5,2
0,0,0
3,5,2
1,2,1
1,3,2
3,9,6
2,2,0
9,9,0
2,5,3
3,4,1
2,2,0
81,81,0
5,20,15
2,2,0
2,13,11
2,2,0
2,2,0
2,2,0
2,4,2
3,3,0
3,8,5
2,2,0
8,8,0
3,3,0
2,2,0
9,9,0
1,2,1
92,92,0
2,3,1
3,3,0
3,5,2
3,3,0
2,2,0
2,2,0
3,6,3
9,9,0
8,8,0
8,8,0
3,5,2
2,4,2
8,8,0
0,0,0
6,13,7
0,0,0
2,4,2
6,8,2
4,4,0
2,6,4
1,26,25
2,4,2
2,3,1
3,3,0
2,2,0
2,2,0
0,0,0
2,2,0
3,11,8
1,2,1
18,18,0
1,2,1
2,2,0
3,5,2
2,2,0
3,3,0
1,2,1
2,2,0
2,2,0
2,8,6
6,6,0
2,2,0
2,2,0
2,5,3
2,2,0
2,2,0
1,1,0
3,3,0
2,4,2
2,2,0
3,3,0
2,2,0
2,2,0
2,2,0
9,9,0
6,6,0
3,3,0
2,2,0
3,4,1
10,10,0
1,35,34
2,3,1
2,2,0
2,4,2
2,2,0
2,5,3
2,2,0
3,4,1
2,8,6
2,2,0
2,2,0
3,3,0
2,2,0
1,1,0
3,5,2
3,4,1
2,2,0
3,3,0
3,3,0
2,2,0
0,0,0
3,9,6
2,4,2
7,9,2
0,0,0
2,2,0
2,3,1
3,4,1
2,2,0
2,4,2
2,2,0
8,8,0
3,3,0
3,5,2
2,2,0
3,5,2
3,3,0
3,3,0
3,5,2
2,4,2
0,0,0
2,5,3
9,9,0
22,22,0
0,0,0
4,7,3
2,2,0
3,3,0
2,4,2
35,48,13
2,2,0
2,2,0
5,5,0
2,2,0
8,12,4
3,5,2
2,2,0
3,3,0
2,2,0
2,3,1
1,3,2
1,2,1
2,2,0
3,3,0
3,3,0
2,2,0
1,3,2
1,30,29
3,3,0
3,10,7
2,2,0
3,4,1
2,2,0
9,9,0
5,6,1
9,9,0
2,2,0
2,2,0
3,7,4
2,2,0
2,2,0
2,2,0
2,4,2
1,1,0
3,3,0
4,4,0
1,8,7
0,0,0
2,95,93
2,2,0
8,8,0
2,2,0
2,6,4
2,2,0
3,24,21
8,16,8
2,4,2
9,9,0
1,1,0
9,9,0
2,2,0
2,2,0
3,5,2
2,2,0
2,2,0
0,0,0
2,2,0
3,10,7
2,2,0
1,2,1
2,2,0
185,185,0
2,2,0
37,44,7
3,3,0
2,2,0
2,2,0
3,3,0
2,2,0
2,3,1
2,13,11
2,6,4
3,5,2
1,3,2
1,4,3
2,4,2
1,1,0
2,2,0
2,2,0
2,2,0
3,3,0
2,2,0
15,15,0
2,2,0
2,4,2
2,2,0
3,3,0
13,13,0
2,30,28
2,4,2
3,9,6
2,2,0
3,9,6
2,2,0
1,2,1
2,2,0
2,4,2
2,2,0
2,2,0
4,4,0
2,11,9
0,0,0
2,4,2
3,6,3
2,2,0
2,3,1
1,1,0
2,2,0
2,2,0
2,6,4
3,3,0
2,4,2
2,2,0
3,3,0
0,0,0
2,2,0
1,2,1
2,2,0
102,102,0
2,3,1
3,8,5
3,7,4
3,10,7
3,3,0
2,4,2
3,3,0
2,2,0
6,8,2
2,2,0
2,2,0
0,0,0
3,3,0
2,2,0
2,2,0
2,2,0
26,27,1
15,15,0
2,2,0
0,0,0
2,2,0
0,0,0
3,3,0
2,2,0
3,3,0
2,2,0
3,3,0
2,2,0
3,5,2
2,2,0
2,4,2
2,2,0
8,8,0
2,2,0
1,1,0
2,2,0
3,5,2
9,9,0
2,15,13
2,2,0
8,8,0
68,68,0
2,3,1
3,5,2
2,2,0
1,4,3
3,21,18
3,5,2
12,12,0
3,5,2
3,7,4
0,0,0
2,2,0
1,60,59
2,80,78
0,0,0
2,2,0
1,2,1
2,4,2
9,9,0
35,47,12
7,7,0
2,4,2
4,4,0
2,2,0
2,2,0
248,281,33
25,100,75
3,8,5
2,2,0
3,3,0
0,0,0
2,6,4
2,2,0
9,10,1
3,3,0
2,2,0
1,1,0
2,2,0
2,2,0
2,48,46
2,3,1
8,8,0
3,3,0
1,1,0
0,0,0
4,13,9
2,2,0
3,7,4
2,10,8
6,6,0
3,3,0
2,2,0
48,48,0
2,4,2
2,2,0
3,7,4
3,5,2
2,4,2
2,2,0
3,4,1
3,5,2
3,4,1
3,16,13
1,2,1
2,2,0
3,6,3
9,9,0
8,8,0
2,2,0
2,2,0
51,74,23
11,11,0
10,17,7
2,4,2
2,2,0
2,2,0
2,2,0
1,21,20
3,3,0
3,3,0
1,3,2
2,2,0
15,15,0
1,47,46
3,8,5
2,2,0
2,2,0
3,6,3
106,106,0
2,2,0
3,3,0
2,4,2
3,3,0
4,4,0
2,2,0
0,0,0
8,8,0
2,3,1
2,5,3
2,2,0
2,2,0
5,5,0
3,7,4
2,2,0
8,8,0
7,7,0
2,2,0
2,6,4
2,2,0
2,2,0
3,3,0
1,75,74
3,5,2
6,6,0
2,13,11
3,3,0
3,3,0
3,3,0
2,6,4
2,2,0
2,2,0
8,8,0
1,2,1
18,18,0
2,2,0
1,1,0
1,2,1
2,4,2
2,2,0
2,2,0
1,24,23
90,90,0
8,8,0
2,6,4
2,2,0
11,11,0
2,2,0
6,6,0
2,2,0
3,3,0
2,2,0
3,9,6
23,23,0
3,61,58
2,5,3
3,3,0
1,54,53
3,5,2
1,5,4
11,11,0
3,5,2
2,4,2
3,3,0
8,47,39
3,21,18
8,8,0
3,7,4
2,2,0
2,4,2
3,3,0
2,15,13
6,6,0
3,3,0
1,1,0
2,5,3
2,2,0
2,2,0
3,3,0
2,3,1
3,3,0
2,2,0
1,1,0
3,9,6
2,2,0
4,4,0
2,2,0
2,5,3
2,2,0
2,2,0
8,8,0
1,1,0
3,9,6
9,9,0
1,25,24
2,2,0
2,2,0
21,58,37
2,4,2
9,9,0
2,2,0
2,2,0
2,4,2
2,2,0
2,2,0
2,2,0
3,3,0
2,82,80
62,62,0
11,11,0
3,3,0
2,2,0
1,2,1
2,2,0
3,3,0
2,2,0
2,2,0
3,3,0
0,0,0
3,3,0
2,2,0
1,2,1
14,18,4
2,2,0
5,5,0
2,2,0
3,3,0
3,3,0
8,16,8
100,100,0
3,3,0
2,2,0
20,20,0
15,35,20
3,8,5
3,10,7
3,3,0
1,2,1
2,2,0
2,2,0
9,9,0
2,2,0
8,18,10
7,7,0
2,2,0
2,2,0
2,40,38
3,3,0
2,4,2
1,1,0
2,2,0
2,8,6
2,2,0
3,15,12
2,2,0
0,0,0
2,2,0
2,2,0
2,2,0
1,14,13
1,8,7
2,2,0
10,10,0
2,2,0
2,2,0
2,2,0
3,4,1
2,2,0
8,8,0
1,3,2
2,4,2
2,2,0
81,138,57
23,23,0
4,4,0
3,3,0
2,2,0
2,2,0
2,6,4
3,5,2
14,14,0
2,4,2
2,2,0
1,2,1
4,4,0
1,25,24
2,2,0
9,9,0
20,20,0
2,2,0
3,3,0
3,3,0
3,3,0
2,2,0
2,2,0
3,7,4
8,8,0
2,2,0
2,2,0
3,3,0
0,0,0
3,8,5
3,3,0
1,1,0
3,3,0
2,2,0
6,6,0
3,7,4
2,4,2
81,168,87
17,25,8
3,3,0
2,4,2
2,5,3
2,2,0
3,3,0
2,2,0
22,22,0
2,45,43
5,5,0
3,3,0
74,74,0
3,6,3
2,2,0
2,4,2
9,9,0
3,18,15
1,15,14
9,9,0
2,5,3
2,2,0
2,2,0
2,8,6
2,4,2
8,8,0
3,3,0
2,2,0
1,2,1
3,4,1
2,2,0
2,5,3
2,2,0
2,2,0
2,2,0
77,132,55
4,8,4
3,3,0
3,3,0
1,8,7
2,4,2
3,9,6
3,7,4
2,2,0
2,2,0
2,2,0
2,2,0
2,2,0
3,3,0
14,28,14
3,5,2
3,3,0
85,97,12
48,48,0
2,4,2
2,2,0
2,2,0
2,4,2
2,2,0
1,1,0
2,2,0
3,7,4
9,9,0
3,3,0
3,3,0
2,3,1
3,3,0
2,2,0
2,13,11
3,3,0
2,6,4
2,8,6
2,15,13
9,9,0
2,13,11
2,3,1
3,3,0
44,44,0
3,5,2
29,87,58
2,2,0
1,24,23
2,2,0
2,2,0
2,2,0
3,3,0
2,2,0
2,4,2
6,29,23
2,2,0
2,2,0
8,8,0
2,2,0
1,1,0
2,2,0
14,23,9
3,5,2
1,1,0
1,26,25
1,2,1
0,0,0
2,2,0
2,2,0
5,5,0
3,3,0
2,2,0
5,7,2
2,2,0
1,2,1
2,2,0
15,15,0
9,9,0
3,5,2
2,4,2
2,10,8
2,3,1
2,2,0
8,8,0
3,3,0
3,3,0
3,8,5
5,13,8
9,9,0
3,3,0
8,9,1
1,23,22
3,11,8
1,1,0
2,2,0
2,2,0
0,0,0
1,45,44
3,9,6
1,24,23
9,9,0
3,3,0
3,3,0
2,4,2
2,4,2
12,12,0
1,1,0
0,0,0
3,7,4
13,13,0
1,1,0
2,2,0
3,6,3
3,3,0
2,4,2
3,10,7
8,8,0
3,4,1
9,9,0
2,2,0
50,115,65
3,3,0
6,6,0
2,2,0
12,12,0
3,3,0
2,20,18
2,3,1
2,3,1
1,1,0
3,3,0
65,65,0
3,3,0
2,2,0
3,3,0
2,2,0
2,2,0
3,3,0
8,8,0
2,2,0
0,0,0
3,3,0
2,2,0
3,3,0
3,3,0
3,7,4
2,2,0
8,8,0
2,4,2
2,3,1
3,3,0
2,2,0
2,4,2
2,2,0
2,2,0
3,8,5
2,2,0
3,7,4
2,2,0
3,3,0
3,5,2
2,2,0
6,8,2
2,2,0
3,3,0
3,9,6
2,2,0
2,4,2
3,11,8
6,11,5
94,94,0
1,3,2
0,0,0
1,1,0
2,2,0
3,3,0
2,11,9
2,4,2
1,6,5
3,17,14
2,23,21
2,2,0
2,2,0
2,2,0
9,9,0
1,7,6
8,8,0
5,5,0
2,2,0
2,5,3
4,4,0
0,0,0
11,25,14
2,2,0
2,3,1
15,15,0
2,2,0
2,2,0
3,3,0
2,2,0
8,10,2
3,3,0
3,8,5
9,9,0
2,2,0
2,2,0
2,2,0
1,2,1
16,16,0
9,9,0
4,4,0
3,3,0
2,2,0
2,4,2
3,5,2
3,5,2
3,3,0
2,23,21
5,26,21
2,2,0
8,8,0
3,5,2
2,2,0
2,2,0
3,23,20
3,10,7
2,2,0
2,2,0
2,2,0
2,2,0
20,20,0
3,15,12
2,6,4
0,0,0
2,2,0
3,3,0
0,0,0
3,5,2
3,5,2
2,2,0
2,2,0
2,4,2
2,2,0
2,7,5
1,7,6
1,7,6
0,0,0
2,2,0
1,5,4
2,2,0
2,2,0
2,2,0
2,2,0
2,2,0
3,5,2
2,13,11
1,1,0
1,2,1
2,4,2
2,2,0
2,6,4
2,2,0
2,2,0
1,1,0
3,5,2
2,2,0
3,5,2
8,8,0
3,7,4
5,7,2
2,2,0
2,2,0
6,22,16
2,2,0
1,6,5
6,6,0
2,4,2
3,4,1
1,1,0
2,2,0
2,2,0
3,9,6
3,3,0
10,10,0
2,2,0
3,3,0
3,5,2
2,3,1
2,2,0
2,2,0
2,2,0
51,52,1
2,2,0
2,2,0
3,5,2
3,3,0
2,2,0
0,0,0
7,7,0
2,6,4
11,22,11
2,2,0
2,2,0
3,3,0
196,196,0
2,2,0
3,5,2
2,2,0
2,2,0
2,2,0
3,3,0
8,8,0
8,8,0
2,2,0
1,1,0
8,8,0
194,196,2
2,2,0
2,2,0
3,5,2
0,0,0
2,2,0
9,9,0
3,4,1
3,11,8
10,10,0
8,8,0
2,2,0
2,2,0
2,3,1
2,2,0
2,2,0
48,48,0
3,5,2
9,9,0
2,4,2
2,2,0
16,16,0
90,99,9
79,80,1
5,5,0
3,11,8
100,100,0
2,14,12
3,6,3
2,12,10
2,2,0
2,2,0
2,17,15
1,1,0
90,90,0
2,2,0
2,2,0
2,2,0
2,2,0
2,4,2
3,3,0
2,2,0
2,2,0
2,2,0
2,2,0
1,1,0
9,9,0
2,2,0
90,173,83
2,2,0
2,2,0
2,2,0
3,3,0
1,1,0
3,5,2
2,2,0
2,2,0
2,2,0
2,2,0
1,2,1
6,7,1
2,2,0
0,0,0
2,2,0
1,2,1
1,5,4
2,3,1
2,2,0
8,8,0
3,5,2
3,3,0
3,3,0
4,5,1
3,5,2
2,3,1
2,2,0
3,3,0
2,2,0
7,30,23
1,1,0
2,5,3
2,10,8
2,2,0
2,5,3
1,3,2
0,0,0
3,3,0
2,2,0
3,3,0
14,14,0
15,15,0
2,4,2
1,2,1
2,2,0
2,83,81
2,2,0
3,3,0
2,2,0
1,3,2
0,0,0
3,3,0
3,3,0
2,2,0
2,2,0
2,2,0
3,3,0
3,3,0
2,7,5
2,4,2
2,2,0
2,2,0
2,2,0
2,40,38
2,4,2
2,2,0
3,3,0
2,2,0
3,3,0
0,0,0
3,10,7
1,3,2
1,1,0
2,2,0
4,4,0
2,2,0
2,2,0
2,2,0
10,53,43
2,2,0
3,3,0
2,2,0
2,2,0
2,2,0
2,2,0
2,2,0
2,2,0
2,3,1
2,2,0
29,29,0
2,2,0
1,3,2
8,8,0
4,4,0
2,30,28
2,2,0
1,1,0
3,8,5
3,3,0
2,2,0
2,2,0
2,2,0
2,5,3
3,5,2
2,2,0
2,2,0
2,2,0
3,23,20
2,2,0
0,0,0
3,3,0
2,5,3
2,2,0
8,8,0
2,2,0
10,10,0
2,2,0
2,4,2
0,0,0
2,2,0
3,3,0
1,3,2
3,3,0
2,2,0
3,5,2
0,0,0
2,22,20
1,6,5
1,4,3
2,4,2
2,2,0
2,2,0
3,5,2
3,3,0
3,5,2
1,3,2
0,0,0
2,3,1
0,0,0
1,26,25
3,6,3
2,134,132
3,3,0
3,3,0
2,4,2
3,3,0
2,2,0
1,25,24
3,5,2
2,2,0
2,2,0
2,2,0
10,12,2
3,3,0
2,3,1
3,5,2
2,2,0
3,4,1
3,3,0
51,51,0
3,3,0
9,9,0
2,2,0
0,0,0
3,11,8
3,3,0
9,9,0
3,3,0
2,2,0
1,49,48
1,2,1
2,23,21
2,6,4
4,5,1
1,9,8
10,11,1
3,3,0
2,2,0
2,2,0
2,4,2
3,3,0
3,5,2
3,3,0
2,82,80
4,14,10
2,2,0
3,3,0
2,2,0
1,1,0
3,7,4
9,9,0
1,1,0
2,2,0
2,2,0
3,4,1
1,2,1
1,2,1
2,2,0
2,2,0
20,20,0
3,3,0
2,2,0
5,5,0
2,82,80
2,2,0
2,3,1
2,2,0
1,23,22
3,3,0
1,3,2
3,17,14
34,36,2
3,3,0
1,2,1
51,51,0
3,3,0
1,2,1
2,2,0
2,2,0
1,2,1
2,80,78
3,17,14
3,4,1
2,2,0
2,2,0
2,2,0
2,3,1
3,3,0
3,9,6
2,6,4
6,8,2
2,3,1
2,2,0
2,6,4
2,4,2
11,11,0
1,2,1
2,2,0
2,2,0
2,5,3
100,100,0
2,2,0
59,59,0
8,24,16
3,10,7
2,2,0
5,8,3
38,38,0
3,7,4
3,9,6
1,1,0
2,2,0
1,1,0
2,2,0
5,5,0
1,1,0
3,3,0
11,22,11
1,4,3
6,8,2
2,2,0
2,2,0
0,0,0
2,2,0
3,3,0
2,2,0
1,1,0
3,3,0
1,1,0
2,3,1
2,2,0
2,4,2
2,3,1
3,5,2
3,7,4
2,2,0
2,2,0
10,10,0
2,3,1
5,10,5
1,3,2
3,3,0
3,3,0
7,7,0
2,2,0
8,8,0
3,3,0
4,4,0
4,4,0
6,6,0
2,2,0
2,5,3
2,2,0
6,6,0
3,3,0
3,6,3
2,6,4
9,11,2
2,3,1
0,0,0
2,2,0
1,1,0
13,13,0
3,3,0
3,3,0
2,2,0
2,17,15
3,3,0
2,2,0
2,5,3
2,2,0
2,10,8
2,2,0
2,11,9
1,1,0
2,4,2
2,2,0
5,5,0
98,161,63
1,10,9
2,2,0
3,8,5
3,7,4
1,3,2
1,5,4
1,2,1
3,5,2
3,3,0
2,2,0
2,4,2
4,4,0
3,3,0
2,2,0
1,2,1
3,3,0
4,7,3
3,74,71
2,2,0
9,9,0
2,2,0
3,7,4
2,2,0
2,3,1
3,3,0
2,4,2
2,4,2
2,2,0
3,3,0
2,2,0
2,2,0
2,2,0
1,3,2
8,8,0
7,7,0
2,4,2
3,3,0
2,2,0
3,3,0
2,2,0
2,82,80
3,3,0
2,2,0
3,3,0
2,8,6
2,2,0
13,14,1
2,6,4
8,8,0
2,4,2
2,2,0
9,9,0
154,154,0
2,6,4
1,1,0
9,9,0
2,82,80
3,7,4
2,3,1
13,13,0
2,2,0
2,2,0
2,18,16
2,4,2
1,2,1
3,3,0
3,3,0
2,2,0
2,2,0
2,2,0
0,0,0
2,2,0
1,8,7
1,1,0
2,2,0
3,11,8
2,2,0
2,2,0
6,6,0
1,1,0
2,17,15
3,3,0
9,9,0
0,0,0
2,8,6
2,5,3
2,2,0
2,2,0
2,2,0
3,5,2
2,2,0
2,2,0
3,3,0
3,7,4
2,2,0
0,0,0
1,1,0
4,73,69
2,2,0
3,3,0
3,3,0
6,6,0
3,3,0
102,102,0
0,0,0
1,1,0
2,2,0
22,24,2
2,2,0
0,0,0
3,9,6
2,2,0
2,3,1
2,2,0
12,12,0
3,7,4
10,10,0
6,6,0
8,8,0
1,1,0
2,2,0
2,4,2
2,2,0
3,3,0
38,41,3
2,4,2
2,2,0
2,19,17
2,23,21
2,2,0
3,5,2
2,2,0
4,9,5
3,3,0
2,2,0
2,2,0
2,2,0
0,0,0
2,4,2
2,4,2
2,2,0
2,4,2
2,2,0
2,2,0
3,5,2
3,3,0
2,2,0
1,23,22
2,4,2
2,2,0
3,4,1
12,12,0
1,80,79
2,2,0
2,2,0
1,31,30
2,2,0
3,3,0
2,2,0
134,134,0
1,2,1
3,3,0
1,1,0
2,4,2
1,3,2
1,3,2
4,4,0
3,5,2
2,2,0
3,3,0
2,2,0
2,2,0
1,1,0
2,2,0
1,2,1
3,3,0
2,2,0
2,2,0
1,23,22
3,3,0
2,2,0
6,6,0
2,2,0
3,3,0
2,2,0
3,7,4
2,2,0
9,10,1
72,109,37
3,5,2
2,7,5
3,5,2
3,3,0
0,0,0
3,3,0
2,2,0
2,3,1
2,2,0
2,6,4
1,2,1
2,9,7
1,3,2
3,3,0
2,2,0
2,2,0
2,6,4
2,2,0
3,3,0
3,5,2
2,6,4
3,9,6
6,6,0
4,4,0
9,9,0
3,5,2
2,3,1
1,1,0
8,8,0
2,2,0
2,2,0
2,4,2
3,3,0
2,2,0
1,3,2
2,2,0
2,2,0
100,100,0
4,4,0
3,5,2
2,3,1
2,4,2
2,2,0
1,2,1
1,4,3
1,2,1
2,2,0
2,29,27
2,2,0
3,3,0
2,2,0
0,0,0
1,5,4
8,8,0
3,5,2
2,4,2
28,54,26
100,200,100
2,2,0
2,5,3
2,2,0
2,2,0
2,2,0
2,4,2
4,17,13
0,0,0
2,2,0
3,3,0
2,2,0
2,2,0
8,8,0
2,2,0
2,2,0
3,3,0
2,2,0
3,8,5
2,2,0
2,2,0
2,2,0
3,3,0
3,6,3
3,5,2
2,2,0
2,2,0
2,23,21
2,2,0
2,82,80
2,2,0
1,2,1
2,9,7
2,2,0
2,2,0
2,2,0
3,6,3
4,4,0
3,5,2
12,12,0
4,4,0
3,5,2
3,3,0
2,3,1
2,2,0
2,2,0
22,22,0
17,17,0
2,2,0
3,16,13
3,5,2
2,2,0
11,11,0
9,9,0
2,2,0
10,15,5
2,4,2
120,242,122
2,2,0
2,2,0
2,2,0
3,8,5
2,2,0
1,11,10
2,2,0
2,2,0
9,9,0
7,7,0
3,3,0
12,12,0
3,3,0
2,4,2
2,2,0
3,5,2
2,6,4
16,17,1
194,194,0
3,7,4
2,2,0
2,2,0
2,2,0
2,2,0
2,2,0
3,21,18
100,100,0
5,5,0
1,25,24
2,2,0
2,4,2
3,3,0
2,2,0
2,4,2
2,8,6
3,7,4
3,3,0
1,2,1
8,8,0
3,3,0
3,7,4
1,1,0
0,0,0
9,9,0
2,14,12
3,5,2
3,3,0
2,2,0
2,2,0
4,6,2
5,9,4
4,18,14
8,8,0
3,9,6
2,2,0
2,3,1
3,11,8
2,2,0
3,9,6
2,2,0
2,2,0
2,2,0
2,2,0
2,11,9
2,25,23
2,2,0
2,2,0
3,7,4
3,3,0
2,2,0
2,2,0
0,0,0
2,2,0
99,99,0
8,8,0
3,3,0
3,3,0
1,2,1
30,30,0
1,1,0
2,2,0
2,6,4
1,2,1
2,2,0
10,10,0
2,2,0
3,3,0
3,3,0
0,0,0
3,5,2
0,0,0
8,8,0
2,2,0
2,4,2
2,2,0
1,3,2
1,1,0
12,12,0
4,73,69
2,2,0
2,2,0
2,2,0
7,7,0
1,20,19
51,53,2
3,9,6
1,24,23
9,9,0
2,4,2
1,2,1
2,2,0
70,70,0
3,3,0
2,47,45
2,2,0
8,8,0
1,3,2
3,3,0
2,2,0
9,9,0
24,24,0
3,8,5
2,3,1
3,3,0
10,10,0
2,2,0
3,5,2
2,2,0
2,3,1
2,3,1
60,62,2
2,7,5
0,0,0
2,2,0
4,73,69
8,8,0
2,2,0
2,2,0
3,3,0
3,3,0
3,5,2
3,5,2
0,0,0
129,129,0
1,9,8
1,1,0
3,7,4
89,90,1
4,4,0
3,3,0
3,3,0
3,5,2
2,2,0
3,6,3
3,5,2
2,2,0
9,9,0
8,24,16
2,2,0
2,3,1
2,2,0
2,3,1
1,2,1
2,4,2
1,1,0
8,8,0
2,2,0
2,2,0
3,18,15
3,4,1
2,2,0
1,2,1
3,3,0
3,5,2
3,6,3
2,6,4
26,27,1
2,2,0
3,3,0
2,4,2
1,2,1
2,4,2
2,2,0
3,8,5
2,2,0
25,25,0
3,5,2
2,2,0
2,28,26
3,3,0
2,2,0
1,4,3
8,8,0
3,7,4
2,17,15
3,5,2
2,3,1
1,4,3
3,5,2
2,2,0
2,4,2
60,60,0
1,21,20
74,80,6
9,9,0
3,3,0
0,0,0
2,22,20
3,5,2
2,2,0
2,2,0
2,2,0
3,7,4
2,6,4
1,3,2
2,6,4
2,23,21
2,14,12
8,8,0
3,3,0
3,5,2
2,80,78
2,2,0
2,2,0
3,15,12
14,14,0
8,8,0
2,6,4
3,7,4
3,31,28
2,10,8
2,4,2
3,3,0
5,5,0
2,2,0
8,16,8
0,0,0
12,12,0
3,3,0
2,6,4
2,2,0
2,82,80
2,2,0
2,2,0
2,2,0
8,8,0
3,3,0
2,2,0
4,9,5
27,30,3
2,2,0
1,28,27
2,40,38
9,9,0
2,2,0
2,2,0
2,2,0
8,8,0
4,4,0
5,5,0
3,3,0
2,2,0
13,15,2
2,2,0
2,2,0
8,8,0
3,7,4
1,1,0
2,2,0
9,9,0
2,3,1
2,2,0
3,3,0
2,2,0
3,3,0
1,6,5
2,4,2
3,16,13
2,2,0
3,5,2
4,4,0
1,2,1
1,1,0
3,3,0
2,2,0
3,3,0
1,60,59
2,6,4
3,3,0
8,8,0
1,23,22
6,6,0
2,2,0
2,2,0
0,0,0
11,11,0
2,2,0
87,106,19
2,4,2
2,3,1
0,0,0
2,2,0
3,5,2
2,2,0
3,5,2
2,2,0
2,2,0
2,5,3
10,10,0
2,15,13
3,5,2
3,3,0
3,6,3
3,6,3
4,4,0
4,8,4
2,10,8
3,3,0
2,2,0
2,3,1
3,3,0
2,4,2
1,1,0
2,3,1
3,3,0
3,3,0
1,4,3
3,3,0
6,6,0
2,2,0
2,2,0
4,4,0
2,2,0
2,2,0
5,47,42
3,7,4
3,3,0
2,2,0
2,2,0
2,4,2
3,7,4
16,16,0
2,4,2
2,2,0
3,6,3
2,3,1
2,2,0
8,8,0
2,2,0
3,3,0
1,4,3
0,0,0
2,3,1
4,4,0
2,2,0
1,1,0
7,7,0
3,4,1
3,3,0
2,87,85
3,8,5
3,3,0
2,17,15
2,4,2
1,2,1
1,23,22
2,28,26
2,2,0
1,2,1
2,5,3
2,4,2
3,3,0
2,8,6
2,2,0
2,2,0
3,5,2
2,3,1
5,5,0
1,2,1
3,3,0
232,232,0
3,5,2
3,3,0
1,1,0
2,2,0
2,2,0
1,2,1
9,10,1
2,3,1
2,25,23
100,104,4
3,3,0
12,12,0
3,10,7
3,3,0
3,5,2
2,2,0
44,46,2
1,2,1
3,3,0
2,2,0
3,3,0
3,3,0
1,1,0
3,3,0
7,7,0
2,2,0
1,1,0
2,2,0
20,20,0
2,3,1
3,9,6
2,2,0
3,3,0
11,11,0
8,8,0
2,4,2
3,5,2
1,88,87
2,80,78
3,3,0
2,2,0
2,2,0
2,3,1
4,4,0
9,9,0
2,23,21
6,9,3
3,7,4
3,3,0
3,15,12
3,21,18
1,3,2
9,10,1
3,10,7
2,2,0
3,3,0
8,8,0
23,23,0
2,2,0
5,7,2
18,18,0
3,3,0
2,2,0
2,4,2
3,3,0
2,2,0
2,2,0
2,3,1
1,1,0
7,7,0
2,2,0
2,4,2
3,5,2
8,8,0
0,0,0
8,8,0
2,2,0
2,2,0
2,2,0
4,4,0
3,3,0
2,2,0
2,2,0
1,1,0
8,8,0
1,4,3
2,3,1
1,2,1
1,25,24
3,3,0
2,3,1
3,5,2
1,3,2
3,3,0
2,5,3
2,2,0
2,2,0
2,4,2
94,94,0
2,2,0
3,24,21
2,2,0
2,4,2
4,4,0
3,3,0
2,4,2
2,2,0
2,2,0
2,2,0
120,120,0
2,2,0
2,2,0
2,8,6
1,5,4
2,2,0
100,200,100
3,7,4
2,3,1
2,4,2
2,2,0
9,9,0
2,2,0
2,2,0
1,2,1
2,8,6
3,7,4
3,3,0
2,2,0
9,9,0
3,5,2
2,2,0
1,2,1
2,2,0
150,169,19
8,8,0
4,4,0
2,2,0
8,8,0
3,3,0
1,2,1
1,7,6
1,6,5
10,10,0
0,0,0
2,2,0
93,187,94
2,2,0
2,2,0
1,1,0
1,1,0
1,2,1
2,2,0
0,0,0
2,2,0
2,2,0
3,5,2
2,2,0
3,10,7
2,8,6
2,2,0
3,5,2
3,3,0
3,13,10
2,2,0
0,0,0
2,4,2
4,50,46
2,11,9
8,8,0
2,2,0
0,0,0
3,3,0
8,8,0
1,23,22
2,2,0
2,2,0
3,3,0
1,14,13
3,3,0
13,13,0
2,2,0
2,3,1
3,3,0
3,4,1
2,2,0
1,2,1
100,153,53
3,5,2
3,5,2
2,2,0
2,2,0
1,3,2
3,3,0
2,2,0
3,3,0
2,2,0
1,1,0
2,12,10
2,2,0
2,2,0
2,4,2
0,0,0
3,3,0
2,2,0
3,5,2
3,3,0
3,12,9
2,4,2
3,3,0
2,2,0
8,8,0
3,3,0
2,10,8
2,2,0
3,8,5
2,2,0
2,2,0
3,3,0
1,2,1
2,2,0
3,3,0
1,5,4
2,2,0
2,2,0
2,2,0
2,70,68
1,8,7
2,2,0
1,6,5
3,5,2
2,2,0
2,2,0
14,14,0
0,0,0
3,3,0
8,8,0
2,2,0
20,20,0
0,0,0
0,0,0
4,4,0
192,192,0
0,0,0
1,1,0
24,24,0
1,1,0
2,2,0
3,3,0
2,2,0
2,2,0
2,2,0
2,5,3
2,2,0
2,2,0
2,2,0
3,5,2
3,13,10
4,6,2
2,2,0
2,2,0
2,2,0
1,1,0
2,4,2
2,2,0
3,3,0
9,9,0
9,9,0
2,2,0
2,2,0
6,6,0
4,4,0
9,9,0
2,2,0
3,5,2
3,7,4
2,2,0
2,4,2
2,2,0
3,7,4
2,7,5
2,2,0
2,2,0
1,33,32
2,2,0
12,16,4
3,5,2
2,2,0
2,4,2
2,2,0
22,22,0
3,5,2
2,2,0
3,3,0
2,2,0
3,5,2
0,0,0
2,2,0
2,4,2
3,11,8
2,9,7
2,2,0
2,4,2
2,8,6
3,3,0
3,3,0
4,71,67
1,22,21
3,5,2
1,2,1
1,59,58
3,5,2
2,2,0
2,2,0
1,1,0
4,4,0
2,4,2
2,2,0
2,2,0
2,2,0
2,30,28
2,5,3
3,4,1
22,22,0
8,8,0
3,5,2
4,10,6
3,3,0
2,2,0
2,2,0
1,1,0
2,4,2
3,3,0
3,3,0
8,8,0
2,9,7
2,4,2
3,5,2
2,2,0
5,5,0
2,2,0
4,4,0
1,1,0
51,51,0
1,2,1
1,1,0
0,0,0
2,2,0
2,2,0
2,2,0
2,4,2
2,37,35
3,7,4
2,2,0
2,2,0
2,23,21
1,6,5
2,2,0
3,3,0
2,2,0
2,3,1
2,2,0
3,3,0
10,10,0
2,2,0
129,129,0
2,8,6
2,2,0
2,6,4
4,4,0
2,2,0
1,1,0
2,2,0
2,10,8
2,2,0
3,5,2
8,8,0
2,2,0
12,12,0
3,5,2
3,3,0
2,2,0
43,44,1
0,0,0
1,7,6
18,18,0
22,22,0
3,3,0
1,3,2
2,2,0
2,2,0
3,11,8
2,2,0
2,2,0
2,2,0
3,3,0
3,4,1
9,9,0
2,5,3
2,2,0
34,34,0
3,12,9
1,2,1
2,2,0
2,69,67
2,2,0
3,9,6
3,6,3
1,1,0
2,5,3
33,74,41
3,9,6
3,3,0
2,40,38
3,3,0
13,13,0
2,2,0
3,5,2
2,4,2
3,3,0
2,2,0
2,4,2
3,3,0
0,0,0
2,2,0
2,5,3
2,2,0
3,3,0
0,0,0
46,46,0
2,10,8
2,2,0
2,2,0
1,2,1
2,2,0
1,2,1
2,2,0
3,3,0
21,21,0
2,2,0
3,3,0
8,8,0
11,25,14
1,1,0
1,5,4
10,12,2
1,25,24
1,29,28
2,2,0
2,2,0
2,2,0
3,3,0
2,2,0
2,2,0
2,2,0
3,3,0
3,3,0
4,5,1
7,19,12
2,2,0
11,11,0
2,4,2
2,18,16
0,0,0
2,2,0
3,14,11
2,3,1
2,4,2
11,11,0
51,51,0
4,4,0
1,25,24
3,3,0
3,3,0
3,10,7
2,2,0
1,3,2
2,2,0
3,3,0
2,2,0
1,1,0
8,8,0
2,2,0
0,0,0
5,5,0
3,3,0
2,2,0
2,2,0
3,3,0
2,4,2
22,22,0
8,8,0
2,2,0
2,2,0
2,2,0
2,2,0
2,2,0
2,82,80
2,2,0
3,81,78
1,10,9
2,5,3
3,3,0
1,1,0
2,2,0
9,9,0
2,2,0
9,9,0
1,7,6
2,2,0
3,7,4
2,97,95
2,2,0
3,5,2
8,8,0
2,2,0
56,56,0
3,5,2
2,2,0
9,9,0
3,13,10
100,100,0
10,10,0
68,68,0
2,2,0
2,2,0
3,7,4
60,60,0
2,2,0
2,2,0
2,7,5
0,0,0
2,2,0
1,1,0
3,10,7
2,2,0
1,1,0
17,17,0
2,2,0
25,25,0
1,5,4
6,9,3
2,2,0
2,2,0
8,8,0
5,5,0
6,6,0
3,7,4
2,2,0
1,1,0
0,0,0
2,80,78
2,2,0
2,7,5
2,2,0
9,9,0
3,3,0
2,2,0
2,10,8
1,1,0
2,30,28
2,2,0
0,0,0
6,9,3
3,5,2
3,5,2
3,5,2
3,7,4
3,5,2
3,7,4
1,1,0
2,2,0
2,2,0
2,2,0
3,3,0
2,3,1
1,1,0
2,29,27
2,2,0
2,2,0
8,20,12
14,14,0
3,3,0
2,2,0
3,3,0
1,47,46
3,5,2
3,5,2
2,4,2
2,2,0
1,7,6
10,12,2
2,12,10
2,6,4
37,37,0
3,3,0
2,2,0
2,4,2
0,0,0
3,3,0
78,158,80
2,2,0
2,3,1
1,1,0
2,13,11
3,3,0
2,4,2
3,3,0
15,17,2
2,2,0
3,11,8
12,12,0
3,5,2
2,2,0
2,4,2
2,2,0
11,11,0
2,3,1
3,3,0
2,2,0
2,4,2
2,75,73
3,5,2
2,4,2
2,4,2
2,2,0
3,5,2
2,2,0
9,9,0
2,2,0
2,2,0
2,3,1
0,0,0
2,2,0
2,8,6
3,26,23
1,24,23
2,2,0
2,2,0
2,2,0
2,2,0
2,5,3
3,3,0
2,2,0
1,2,1
3,9,6
9,9,0
3,3,0
2,2,0
1,3,2
3,3,0
2,2,0
2,2,0
2,6,4
3,3,0
1,1,0
3,30,27
2,2,0
2,2,0
0,0,0
2,6,4
3,3,0
2,5,3
2,2,0
3,4,1
4,4,0
2,2,0
1,3,2
20,36,16
3,5,2
2,2,0
3,5,2
2,4,2
2,2,0
2,4,2
2,2,0
2,2,0
2,2,0
9,63,54
2,2,0
3,6,3
2,2,0
0,0,0
9,9,0
9,18,9
35,47,12
2,2,0
2,2,0
349,748,399
3,9,6
2,4,2
2,2,0
2,82,80
2,2,0
3,9,6
2,9,7
2,2,0
2,2,0
2,4,2
0,0,0
35,35,0
2,2,0
0,0,0
2,4,2
2,2,0
3,9,6
1,1,0
3,6,3
2,2,0
2,2,0
2,2,0
2,4,2
2,2,0
1,1,0
2,168,166
2,2,0
1,1,0
2,82,80
3,3,0
1,1,0
22,22,0
2,2,0
1,5,4
2,3,1
1,1,0
1,2,1
3,5,2
2,12,10
0,0,0
8,8,0
3,3,0
2,2,0
2,2,0
0,0,0
8,8,0
12,12,0
2,2,0
1,23,22
4,8,4
1,23,22
2,2,0
5,5,0
1,59,58
3,3,0
2,2,0
3,3,0
4,4,0
2,2,0
2,5,3
2,6,4
6,6,0
9,9,0
2,2,0
2,2,0
2,2,0
20,20,0
2,2,0
30,30,0
3,11,8
1,2,1
0,0,0
2,2,0
9,9,0
12,14,2
3,3,0
2,8,6
2,2,0
1,2,1
3,3,0
3,3,0
2,2,0
1,3,2
2,3,1
2,2,0
3,7,4
1,54,53
8,8,0
1,1,0
0,0,0
2,2,0
2,2,0
2,2,0
2,2,0
20,42,22
2,2,0
2,2,0
2,2,0
1,1,0
2,2,0
2,2,0
10,10,0
3,3,0
2,2,0
3,3,0
2,5,3
3,3,0
22,22,0
1,1,0
3,5,2
2,2,0
2,2,0
2,2,0
2,2,0
0,0,0
1,1,0
3,6,3
2,2,0
2,12,10
2,7,5
2,5,3
2,9,7
2,2,0
2,2,0
3,3,0
1,2,1
2,5,3
1,2,1
3,9,6
2,2,0
3,3,0
3,4,1
3,3,0
3,3,0
2,2,0
1,2,1
3,3,0
0,0,0
2,2,0
0,0,0
0,0,0
2,2,0
2,3,1
3,5,2
63,178,115
1,40,39
4,7,3
2,2,0
3,3,0
2,2,0
2,2,0
0,0,0
2,2,0
2,4,2
2,2,0
1,22,21
2,2,0
3,3,0
3,4,1
2,4,2
1,26,25
2,2,0
9,9,0
100,100,0
3,3,0
2,2,0
2,2,0
2,2,0
2,2,0
2,2,0
3,3,0
3,3,0
1,21,20
2,4,2
2,5,3
2,4,2
3,5,2
2,4,2
2,2,0
3,8,5
2,2,0
3,3,0
127,127,0
0,0,0
2,2,0
0,0,0
1,6,5
3,3,0
3,7,4
2,8,6
2,2,0
6,11,5
2,4,2
2,3,1
2,2,0
1,2,1
1,1,0
2,2,0
3,14,11
0,0,0
2,2,0
2,23,21
0,0,0
2,4,2
6,6,0
4,4,0
2,3,1
2,2,0
3,3,0
100,109,9
2,2,0
2,4,2
3,5,2
1,2,1
3,3,0
8,8,0
2,2,0
2,2,0
2,2,0
2,2,0
2,21,19
2,4,2
2,2,0
2,2,0
10,10,0
2,2,0
1,54,53
9,9,0
1,1,0
2,2,0
2,2,0
2,2,0
1,2,1
2,2,0
9,9,0
0,0,0
8,8,0
3,3,0
2,2,0
4,4,0
1,2,1
8,10,2
3,3,0
2,8,6
2,2,0
3,3,0
2,2,0
9,9,0
2,11,9
2,8,6
1,4,3
10,10,0
2,2,0
1,1,0
37,37,0
0,0,0
1,2,1
1,2,1
1,1,0
2,8,6
442,442,0
18,18,0
5,5,0
2,2,0
1,5,4
2,2,0
3,10,7
2,4,2
16,16,0
2,2,0
42,66,24
2,2,0
1,1,0
2,2,0
3,5,2
9,9,0
2,6,4
9,9,0
2,3,1
0,0,0
3,9,6
2,2,0
2,2,0
3,3,0
2,4,2
2,2,0
2,2,0
2,2,0
1,3,2
0,0,0
2,2,0
5,5,0
2,2,0
0,0,0
3,4,1
3,3,0
2,2,0
2,2,0
1,3,2
2,2,0
2,2,0
2,2,0
2,2,0
3,3,0
1,3,2
2,2,0
3,4,1
3,3,0
3,4,1
3,3,0
2,2,0
1,1,0
2,2,0
2,2,0
2,2,0
13,58,45
1,2,1
3,3,0
2,2,0
2,39,37
3,3,0
2,10,8
1,3,2
3,7,4
1,1,0
2,4,2
2,4,2
3,7,4
6,115,109
2,2,0
3,3,0
5,5,0
2,4,2
2,14,12
3,3,0
1,55,54
1,1,0
3,3,0
2,2,0
3,3,0
8,8,0
2,2,0
2,2,0
4,4,0
2,2,0
2,2,0
2,2,0
2,2,0
2,2,0
0,0,0
2,2,0
2,2,0
2,2,0
2,2,0
35,35,0
3,3,0
3,5,2
1,1,0
2,6,4
2,2,0
2,2,0
3,3,0
9,9,0
2,2,0
2,2,0
3,3,0
8,8,0
3,5,2
3,3,0
3,3,0
2,2,0
1,1,0
2,2,0
2,4,2
2,2,0
3,5,2
3,3,0
3,3,0
0,0,0
4,5,1
2,80,78
2,2,0
2,2,0
10,10,0
9,9,0
2,2,0
2,2,0
2,25,23
2,29,27
2,5,3
2,2,0
3,8,5
9,9,0
4,4,0
2,2,0
8,8,0
0,0,0
2,8,6
15,15,0
0,0,0
2,2,0
3,11,8
2,5,3
2,2,0
2,2,0
3,9,6
75,75,0
2,2,0
2,3,1
2,2,0
3,3,0
8,8,0
2,2,0
2,2,0
2,2,0
3,3,0
2,2,0
2,4,2
3,6,3
2,15,13
1,15,14
1,1,0
2,2,0
3,4,1
3,3,0
2,2,0
3,3,0
9,9,0
2,3,1
1,1,0
3,13,10
3,3,0
2,2,0
2,2,0
2,80,78
3,3,0
1,13,12
2,2,0
3,3,0
3,3,0
2,2,0
5,5,0
2,2,0
9,9,0
4,6,2
2,2,0
62,62,0
9,9,0
2,2,0
3,3,0
2,4,2
1,3,2
3,9,6
2,2,0
2,2,0
3,5,2
3,4,1
2,3,1
3,3,0
2,2,0
3,72,69
2,2,0
2,2,0
3,3,0
1,1,0
3,7,4
1,2,1
0,0,0
2,2,0
3,3,0
8,8,0
2,2,0
3,3,0
2,8,6
3,6,3
2,2,0
1,2,1
3,3,0
1,1,0
3,12,9
2,3,1
0,0,0
3,5,2
2,2,0
1,1,0
4,5,1
2,2,0
2,2,0
4,4,0
2,6,4
2,2,0
2,2,0
1,1,0
2,4,2
2,2,0
22,36,14
1,3,2
2,2,0
2,8,6
2,4,2
2,3,1
2,2,0
4,4,0
4,4,0
1,1,0
2,4,2
3,3,0
2,4,2
2,2,0
2,2,0
3,5,2
2,6,4
2,4,2
2,2,0
2,2,0
3,3,0
99,170,71
3,3,0
2,3,1
3,3,0
2,5,3
2,3,1
2,2,0
8,8,0
2,2,0
2,2,0
3,3,0
1,2,1
36,57,21
0,0,0
3,5,2
2,2,0
3,5,2
2,6,4
2,4,2
2,4,2
4,73,69
2,2,0
2,11,9
9,9,0
0,0,0
3,3,0
1,1,0
2,2,0
8,8,0
2,4,2
2,4,2
3,3,0
5,5,0
12,35,23
2,2,0
2,2,0
2,2,0
3,4,1
2,2,0
1,1,0
2,2,0
3,8,5
2,4,2
3,4,1
2,8,6
0,0,0
11,11,0
3,5,2
4,5,1
3,3,0
4,39,35
2,2,0
2,2,0
3,3,0
3,3,0
3,9,6
2,2,0
6,6,0
9,9,0
2,3,1
1,2,1
3,3,0
3,3,0
8,8,0
2,9,7
1,2,1
2,2,0
2,2,0
2,2,0
11,11,0
11,11,0
3,3,0
2,6,4
2,2,0
2,2,0
2,2,0
2,2,0
2,2,0
3,3,0
3,3,0
2,2,0
3,8,5
2,40,38
2,2,0
8,8,0
1,6,5
3,3,0
9,9,0
3,3,0
2,4,2
3,3,0
2,2,0
1,3,2
3,29,26
2,21,19
2,2,0
10,10,0
2,4,2
12,14,2
2,4,2
2,2,0
0,0,0
0,0,0
2,2,0
2,2,0
23,23,0
2,2,0
2,28,26
2,6,4
9,9,0
2,2,0
3,7,4
3,3,0
24,24,0
1,1,0
3,3,0
3,3,0
1,10,9
2,2,0
13,13,0
0,0,0
2,2,0
2,2,0
3,8,5
2,82,80
2,3,1
1,2,1
2,2,0
2,2,0
2,2,0
29,146,117
3,3,0
2,2,0
2,2,0
3,5,2
1,2,1
2,4,2
2,2,0
2,2,0
8,10,2
3,3,0
2,2,0
2,2,0
2,96,94
1,1,0
2,2,0
4,4,0
2,2,0
2,2,0
11,19,8
2,7,5
19,19,0
2,2,0
2,4,2
3,9,6
3,3,0
2,6,4
3,3,0
2,12,10
3,3,0
9,9,0
43,43,0
2,2,0
2,2,0
3,7,4
3,3,0
2,11,9
2,2,0
2,2,0
1,2,1
1,23,22
2,2,0
2,2,0
2,2,0
7,13,6
2,2,0
2,2,0
2,36,34
3,7,4
2,2,0
34,34,0
3,7,4
2,2,0
2,2,0
2,2,0
2,2,0
5,5,0
8,8,0
2,3,1
2,8,6
2,2,0
2,13,11
1,1,0
2,2,0
3,3,0
3,4,1
23,23,0
2,2,0
3,3,0
1,1,0
2,5,3
2,2,0
3,3,0
0,0,0
2,2,0
3,19,16
3,3,0
3,5,2
3,3,0
3,7,4
2,2,0
1,1,0
442,442,0
3,5,2
2,16,14
2,4,2
2,2,0
2,2,0
2,2,0
2,2,0
3,14,11
2,2,0
8,8,0
2,2,0
20,20,0
6,6,0
2,2,0
84,84,0
2,2,0
3,3,0
2,2,0
2,8,6
2,3,1
12,12,0
20,63,43
3,5,2
3,5,2
4,4,0
2,8,6
2,2,0
3,3,0
2,105,103
3,5,2
2,2,0
8,8,0
3,3,0
9,9,0
22,23,1
2,2,0
1,46,45
9,9,0
140,140,0
3,7,4
2,3,1
8,8,0
9,9,0
2,2,0
51,58,7
3,3,0
1,23,22
3,11,8
2,4,2
2,2,0
2,2,0
3,3,0
3,3,0
2,2,0
4,4,0
2,2,0
3,3,0
0,0,0
2,7,5
57,58,1
2,2,0
2,2,0
2,2,0
2,11,9
56,56,0
0,0,0
2,4,2
2,2,0
3,83,80
20,20,0
9,9,0
2,3,1
3,10,7
2,2,0
3,3,0
6,6,0
3,5,2
3,7,4
3,3,0
2,2,0
3,4,1
3,9,6
3,3,0
3,3,0
3,6,3
0,0,0
3,5,2
8,8,0
15,39,24
8,8,0
1,2,1
7,7,0
1,3,2
3,3,0
2,2,0
2,2,0
2,2,0
2,2,0
3,16,13
2,6,4
28,122,94
2,2,0
3,3,0
9,9,0
6,6,0
2,2,0
2,2,0
3,3,0
2,2,0
1,4,3
3,5,2
1,2,1
2,17,15
40,125,85
3,3,0
3,3,0
3,5,2
6,6,0
2,2,0
2,24,22
1,1,0
1,2,1
2,3,1
13,15,2
43,43,0
1,1,0
2,2,0
0,0,0
1,1,0
3,3,0
2,2,0
3,3,0
2,5,3
2,4,2
2,2,0
1,1,0
2,2,0
2,2,0
1,1,0
51,51,0
10,10,0
2,55,53
3,3,0
1,3,2
2,2,0
2,2,0
2,2,0
2,8,6
28,29,1
5,5,0
3,5,2
0,0,0
2,3,1
1,8,7
0,0,0
2,2,0
2,2,0
4,4,0
3,16,13
3,3,0
2,2,0
1,3,2
1,3,2
7,7,0
2,2,0
3,3,0
3,3,0
9,9,0
6,6,0
3,3,0
8,8,0
2,2,0
3,3,0
2,2,0
3,3,0
22,22,0
2,2,0
3,11,8
406,417,11
10,10,0
6,6,0
38,38,0
3,5,2
41,41,0
1,3,2
2,2,0
2,2,0
2,2,0
2,2,0
4,6,2
1,1,0
3,3,0
2,2,0
3,3,0
4,4,0
2,6,4
2,8,6
3,5,2
1,4,3
2,2,0
2,2,0
2,2,0
2,4,2
15,56,41
2,2,0
2,2,0
1,6,5
18,121,103
1,1,0
2,4,2
2,2,0
1,22,21
2,2,0
2,2,0
2,2,0
1,66,65
3,3,0
7,7,0
2,5,3
2,2,0
8,8,0
2,4,2
3,3,0
2,4,2
1,1,0
1,1,0
1,2,1
3,5,2
2,2,0
5,5,0
2,63,61
4,7,3
2,2,0
3,3,0
6,6,0
0,0,0
2,2,0
2,2,0
3,3,0
10,10,0
1,6,5
3,3,0
3,7,4
2,2,0
2,2,0
0,0,0
2,6,4
2,3,1
2,2,0
1,1,0
2,80,78
7,7,0
3,3,0
2,2,0
1,1,0
0,0,0
14,30,16
3,3,0
9,20,11
3,5,2
8,8,0
3,3,0
1,2,1
2,2,0
2,2,0
2,2,0
1,2,1
145,145,0
3,8,5
2,2,0
3,7,4
6,6,0
2,4,2
2,2,0
3,7,4
2,2,0
8,8,0
8,8,0
1,7,6
4,4,0
2,2,0
2,2,0
3,3,0
3,5,2
3,8,5
3,3,0
4,4,0
2,2,0
3,4,1
2,2,0
2,6,4
2,3,1
2,2,0
3,5,2
3,3,0
2,3,1
3,9,6
2,2,0
2,20,18
2,2,0
3,3,0
21,33,12
1,3,2
6,6,0
3,3,0
5,5,0
2,3,1
2,2,0
3,3,0
2,88,86
3,76,73
2,2,0
3,9,6
2,2,0
2,2,0
2,2,0
2,2,0
3,5,2
12,12,0
3,11,8
2,2,0
3,3,0
2,2,0
3,6,3
235,281,46
1,26,25
5,5,0
2,2,0
3,5,2
1,6,5
3,29,26
0,0,0
2,3,1
2,2,0
2,2,0
3,3,0
3,3,0
2,2,0
2,2,0
2,2,0
9,69,60
0,0,0
2,2,0
1,25,24
3,4,1
2,2,0
3,3,0
3,9,6
2,2,0
2,2,0
9,9,0
2,3,1
1,2,1
1,13,12
3,3,0
2,2,0
2,2,0
2,2,0
0,0,0
3,6,3
2,4,2
2,2,0
85,85,0
2,2,0
2,2,0
3,3,0
2,5,3
2,4,2
3,3,0
3,3,0
3,3,0
2,2,0
3,3,0
8,8,0
3,3,0
3,3,0
3,3,0
20,20,0
1,26,25
51,51,0
2,2,0
2,2,0
5,5,0
2,2,0
2,4,2
3,4,1
3,4,1
4,9,5
1,3,2
4,5,1
3,7,4
2,4,2
2,2,0
3,5,2
2,4,2
2,5,3
2,2,0
2,4,2
2,2,0
2,2,0
17,21,4
3,3,0
2,2,0
1,1,0
2,2,0
3,6,3
2,2,0
0,0,0
4,4,0
2,2,0
2,444,442
2,2,0
2,2,0
2,2,0
3,3,0
2,2,0
1,2,1
2,2,0
3,5,2
2,2,0
8,8,0
3,3,0
45,47,2
2,11,9
2,2,0
2,2,0
3,3,0
2,2,0
1,5,4
16,16,0
3,8,5
3,3,0
4,12,8
1,2,1
2,2,0
3,6,3
3,5,2
1,1,0
2,2,0
2,7,5
2,2,0
2,2,0
3,3,0
2,2,0
2,2,0
1,1,0
3,6,3
17,20,3
1,2,1
2,2,0
1,1,0
1,1,0
3,10,7
3,3,0
2,8,6
3,7,4
1,1,0
3,3,0
1,2,1
2,2,0
2,2,0
1,1,0
4,19,15
2,2,0
1,1,0
3,3,0
2,2,0
3,3,0
2,4,2
51,51,0
3,5,2
1,4,3
2,2,0
2,2,0
2,2,0
2,2,0
2,2,0
2,21,19
1,1,0
2,3,1
0,0,0
10,10,0
100,100,0
0,0,0
3,3,0
2,2,0
1,2,1
2,2,0
3,7,4
1,22,21
3,22,19
2,2,0
1,1,0
3,3,0
2,2,0
2,2,0
2,4,2
3,3,0
7,9,2
2,7,5
3,7,4
2,2,0
49,49,0
2,3,1
3,3,0
3,3,0
2,2,0
2,11,9
3,70,67
51,51,0
2,2,0
2,4,2
8,8,0
2,10,8
2,2,0
3,8,5
6,6,0
27,27,0
3,3,0
1,2,1
2,2,0
2,42,40
3,5,2
2,2,0
3,3,0
2,69,67
2,4,2
2,2,0
89,89,0
3,5,2
2,2,0
2,2,0
2,2,0
2,2,0
17,19,2
9,9,0
7,9,2
3,3,0
1,5,4
4,4,0
2,7,5
3,3,0
2,4,2
2,2,0
9,9,0
3,5,2
0,0,0
2,2,0
2,2,0
2,2,0
2,7,5
2,2,0
2,2,0
1,6,5
19,19,0
1,1,0
8,8,0
3,3,0
2,2,0
2,2,0
3,5,2
1,56,55
2,2,0
1,1,0
2,2,0
1,2,1
1,2,1
3,7,4
3,5,2
1,1,0
50,50,0
3,10,7
2,6,4
2,2,0
1,1,0
51,53,2
3,4,1
2,9,7
2,2,0
2,2,0
3,5,2
3,3,0
6,6,0
4,4,0
3,6,3
3,3,0
2,2,0
3,7,4
3,3,0
3,5,2
2,2,0
10,10,0
5,5,0
3,3,0
2,2,0
3,13,10
2,2,0
2,2,0
3,6,3
2,2,0
9,9,0
3,7,4
2,6,4
2,2,0
2,2,0
20,20,0
2,5,3
2,2,0
2,2,0
1,29,28
4,4,0
2,2,0
3,5,2
2,2,0
1,56,55
2,2,0
2,2,0
1,1,0
2,2,0
2,2,0
3,7,4
3,5,2
3,5,2
2,4,2
3,3,0
9,9,0
2,4,2
1,1,0
2,2,0
3,8,5
1,1,0
2,2,0
1,2,1
2,2,0
3,3,0
2,2,0
2,3,1
60,121,61
3,3,0
3,5,2
21,21,0
2,2,0
1,1,0
28,29,1
5,43,38
2,2,0
3,5,2
2,2,0
9,9,0
2,2,0
2,2,0
2,3,1
1,2,1
2,2,0
6,6,0
1,1,0
2,27,25
2,2,0
1,3,2
2,2,0
3,5,2
2,2,0
2,8,6
3,3,0
3,12,9
7,7,0
2,2,0
3,21,18
2,2,0
2,2,0
0,0,0
2,2,0
2,7,5
2,2,0
2,2,0
3,3,0
6,10,4
3,28,25
15,32,17
3,3,0
2,15,13
9,9,0
2,2,0
1,1,0
2,2,0
2,2,0
2,2,0
2,2,0
3,3,0
2,4,2
2,4,2
2,4,2
2,2,0
2,2,0
3,16,13
2,8,6
2,2,0
3,3,0
2,2,0
2,2,0
8,8,0
2,4,2
1,1,0
1,1,0
2,2,0
1,1,0
2,4,2
26,36,10
3,77,74
48,51,3
2,2,0
50,51,1
2,2,0
2,2,0
2,2,0
0,0,0
1,2,1
3,5,2
2,2,0
2,3,1
2,8,6
1,24,23
22,22,0
2,2,0
2,2,0
3,3,0
2,8,6
2,2,0
11,11,0
2,10,8
2,2,0
3,3,0
84,84,0
3,5,2
3,10,7
2,2,0
0,0,0
2,2,0
2,2,0
1,2,1
9,9,0
12,12,0
3,3,0
2,2,0
2,2,0
2,2,0
2,2,0
3,5,2
2,2,0
2,2,0
10,20,10
3,7,4
2,4,2
2,2,0
2,2,0
2,2,0
3,5,2
2,3,1
2,2,0
4,6,2
2,2,0
2,2,0
9,9,0
2,2,0
2,2,0
6,6,0
2,2,0
9,9,0
2,2,0
1,1,0
9,9,0
2,4,2
2,82,80
2,2,0
3,3,0
4,4,0
2,2,0
0,0,0
3,3,0
2,2,0
2,4,2
3,8,5
3,5,2
8,8,0
3,3,0
9,9,0
20,38,18
9,9,0
4,4,0
3,3,0
2,2,0
2,2,0
3,3,0
2,2,0
1,1,0
2,2,0
117,117,0
1,1,0
5,5,0
2,5,3
1,26,25
0,0,0
3,5,2
3,3,0
2,2,0
5,6,1
2,2,0
3,3,0
8,8,0
2,2,0
9,9,0
3,3,0
3,3,0
1,1,0
3,6,3
2,2,0
4,4,0
2,2,0
0,0,0
3,3,0
2,2,0
17,17,0
2,2,0
2,2,0
100,100,0
2,2,0
2,2,0
3,3,0
2,2,0
1,1,0
18,19,1
2,2,0
3,3,0
2,2,0
0,0,0
2,12,10
2,6,4
2,16,14
139,139,0
1,1,0
2,2,0
2,2,0
2,2,0
2,2,0
8,8,0
0,0,0
3,3,0
3,5,2
2,2,0
2,2,0
2,2,0
3,7,4
2,4,2
2,2,0
1,22,21
3,3,0
2,8,6
11,32,21
2,3,1
3,5,2
2,2,0
4,4,0
2,2,0
1,1,0
2,84,82
9,9,0
2,14,12
2,2,0
2,3,1
10,14,4
2,2,0
4,4,0
11,11,0
8,8,0
11,11,0
2,4,2
2,4,2
2,2,0
2,2,0
2,4,2
3,3,0
3,3,0
8,8,0
2,4,2
3,3,0
20,20,0
4,4,0
2,2,0
20,20,0
2,2,0
3,6,3
2,2,0
2,4,2
2,2,0
3,21,18
3,71,68
0,0,0
82,82,0
9,9,0
3,3,0
2,2,0
1,3,2
3,3,0
5,49,44
2,2,0
3,3,0
0,0,0
3,10,7
1,14,13
3,6,3
80,87,7
3,3,0
4,4,0
1,2,1
2,2,0
30,30,0
70,76,6
1,2,1
5,6,1
3,3,0
16,16,0
8,8,0
3,18,15
3,3,0
8,8,0
2,2,0
2,4,2
1,1,0
68,76,8
2,2,0
3,3,0
9,11,2
2,2,0
17,18,1
3,5,2
5,6,1
1,1,0
3,3,0
1,1,0
8,8,0
1,23,22
3,16,13
0,0,0
1,1,0
2,2,0
1,2,1
9,9,0
3,3,0
3,10,7
3,6,3
2,5,3
2,12,10
3,5,2
2,2,0
3,9,6
2,2,0
2,12,10
0,0,0
2,2,0
2,82,80
2,4,2
2,2,0
3,3,0
2,2,0
2,12,10
2,2,0
2,2,0
2,2,0
3,3,0
1,1,0
3,5,2
2,96,94
2,2,0
4,7,3
2,2,0
3,5,2
0,0,0
2,2,0
2,2,0
2,5,3
20,20,0
2,4,2
2,2,0
3,3,0
3,5,2
2,2,0
1,33,32
0,0,0
2,2,0
156,156,0
2,8,6
3,4,1
3,5,2
3,3,0
11,11,0
9,9,0
2,2,0
3,3,0
3,3,0
2,5,3
2,2,0
2,16,14
2,2,0
1,1,0
2,2,0
2,2,0
0,0,0
5,5,0
3,6,3
2,7,5
3,3,0
2,2,0
3,3,0
3,3,0
2,2,0
3,3,0
2,2,0
2,2,0
1,2,1
3,5,2
2,2,0
0,0,0
5,5,0
2,2,0
3,3,0
3,3,0
3,3,0
2,2,0
100,198,98
5,5,0
23,23,0
3,3,0
1,1,0
2,2,0
1,2,1
1,3,2
3,3,0
2,2,0
3,7,4
2,2,0
2,2,0
1,5,4
2,2,0
2,80,78
2,2,0
3,5,2
3,3,0
1,2,1
2,2,0
2,2,0
3,3,0
2,2,0
2,2,0
10,10,0
2,2,0
0,0,0
1,1,0
3,4,1
2,2,0
2,2,0
2,6,4
3,11,8
3,8,5
2,2,0
1,4,3
2,2,0
2,2,0
2,16,14
2,8,6
2,5,3
2,2,0
1,1,0
2,2,0
3,3,0
2,2,0
3,3,0
2,2,0
4,4,0
1,3,2
2,2,0
3,5,2
2,2,0
2,2,0
0,0,0
2,2,0
2,2,0
2,2,0
2,2,0
2,8,6
2,8,6
3,9,6
1,1,0
2,2,0
1,1,0
2,2,0
2,4,2
2,2,0
2,2,0
2,2,0
4,23,19
2,8,6
3,7,4
3,6,3
1,2,1
1,2,1
5,5,0
13,16,3
2,8,6
100,104,4
2,2,0
2,2,0
2,2,0
2,2,0
2,2,0
3,3,0
66,68,2
2,2,0
2,2,0
3,3,0
3,11,8
100,104,4
2,2,0
2,2,0
2,6,4
2,2,0
3,5,2
2,2,0
3,10,7
2,6,4
3,3,0
2,2,0
9,9,0
0,0,0
1,4,3
2,2,0
4,4,0
2,2,0
2,2,0
2,2,0
9,9,0
1,5,4
2,2,0
2,4,2
1,6,5
9,9,0
3,3,0
2,2,0
2,2,0
2,2,0
3,5,2
9,9,0
2,3,1
8,8,0
10,10,0
2,2,0
34,34,0
7,7,0
3,7,4
2,2,0
8,8,0
2,2,0
2,2,0
2,2,0
2,2,0
3,3,0
49,114,65
4,7,3
2,2,0
2,2,0
2,2,0
2,2,0
2,47,45
9,9,0
3,3,0
3,3,0
0,0,0
2,2,0
3,9,6
1,2,1
3,3,0
3,5,2
2,28,26
2,2,0
4,9,5
1,1,0
8,8,0
4,4,0
2,2,0
2,2,0
2,3,1
2,4,2
2,6,4
3,5,2
2,2,0
2,2,0
2,6,4
1,1,0
2,3,1
1,7,6
9,9,0
1,1,0
2,2,0
1,2,1
2,2,0
33,33,0
3,5,2
48,50,2
2,2,0
4,4,0
2,2,0
2,12,10
3,3,0
2,7,5
9,9,0
7,7,0
3,4,1
2,2,0
2,2,0
2,2,0
2,2,0
4,4,0
8,8,0
2,2,0
2,6,4
3,5,2
2,4,2
17,17,0
3,5,2
2,82,80
2,5,3
4,6,2
5,5,0
2,2,0
48,48,0
1,23,22
1,2,1
7,9,2
2,2,0
3,3,0
2,2,0
3,3,0
1,1,0
2,2,0
3,5,2
3,3,0
2,2,0
3,3,0
3,7,4
3,3,0
2,7,5
7,7,0
3,7,4
3,3,0
2,2,0
1,1,0
2,2,0
0,0,0
1,1,0
2,2,0
2,2,0
6,6,0
3,8,5
1,1,0
1,6,5
100,104,4
3,3,0
2,2,0
2,4,2
2,2,0
2,2,0
2,2,0
2,2,0
2,2,0
2,4,2
8,8,0
2,2,0
2,34,32
2,2,0
2,2,0
2,2,0
2,4,2
3,5,2
3,3,0
1,1,0
3,7,4
3,3,0
2,5,3
2,3,1
2,4,2
2,2,0
3,3,0
2,2,0
2,2,0
2,12,10
2,4,2
2,2,0
2,3,1
2,2,0
2,2,0
3,4,1
3,3,0
0,0,0
2,2,0
5,7,2
2,2,0
8,8,0
1,5,4
2,2,0
1,4,3
0,0,0
8,9,1
2,6,4
3,3,0
9,9,0
9,9,0
3,5,2
3,3,0
7,7,0
0,0,0
2,2,0
1,2,1
89,91,2
2,2,0
2,6,4
17,17,0
2,2,0
2,3,1
1,1,0
9,9,0
2,2,0
1,1,0
2,2,0
1,24,23
100,100,0
3,7,4
3,3,0
2,2,0
3,5,2
3,3,0
2,2,0
2,2,0
3,3,0
2,5,3
1,2,1
2,6,4
13,13,0
2,2,0
2,80,78
80,80,0
3,6,3
4,4,0
7,7,0
0,0,0
2,6,4
3,3,0
24,24,0
2,4,2
3,3,0
3,50,47
2,2,0
3,3,0
1,2,1
2,2,0
3,7,4
1,4,3
4,4,0
2,2,0
2,2,0
9,9,0
3,5,2
2,2,0
1,1,0
2,2,0
3,5,2
3,3,0
6,6,0
3,7,4
1,3,2
2,5,3
2,2,0
3,3,0
2,12,10
1,6,5
8,8,0
2,2,0
2,2,0
0,0,0
2,89,87
2,4,2
2,2,0
2,2,0
8,8,0
41,41,0
2,4,2
2,2,0
9,9,0
2,2,0
2,2,0
2,2,0
60,84,24
114,114,0
2,2,0
10,10,0
3,5,2
3,3,0
2,2,0
1,1,0
3,3,0
2,2,0
0,0,0
2,80,78
8,8,0
2,2,0
2,2,0
10,10,0
2,2,0
2,2,0
2,2,0
100,100,0
3,3,0
2,2,0
2,2,0
2,2,0
3,8,5
3,11,8
1,27,26
2,2,0
2,5,3
2,2,0
2,2,0
1,60,59
3,3,0
2,2,0
5,5,0
2,2,0
2,2,0
2,2,0
2,4,2
2,2,0
2,2,0
3,3,0
3,3,0
2,6,4
1,2,1
2,2,0
1,36,35
6,8,2
1,2,1
3,4,1
0,0,0
2,2,0
3,3,0
2,2,0
3,7,4
2,2,0
100,104,4
9,32,23
2,4,2
2,4,2
3,3,0
2,2,0
18,18,0
2,4,2
0,0,0
2,3,1
2,2,0
3,3,0
1,1,0
2,2,0
3,3,0
2,4,2
1,2,1
2,2,0
3,3,0
34,35,1
0,0,0
0,0,0
6,8,2
1,9,8
2,2,0
3,3,0
2,2,0
3,3,0
2,2,0
0,0,0
1,72,71
2,2,0
2,5,3
2,10,8
3,9,6
11,11,0
1,1,0
2,2,0
3,5,2
2,2,0
2,2,0
1,25,24
8,24,16
2,2,0
2,2,0
3,3,0
12,12,0
15,15,0
2,4,2
0,0,0
2,2,0
1,1,0
3,3,0
2,2,0
2,2,0
2,2,0
2,2,0
2,6,4
8,8,0
1,48,47
2,2,0
2,2,0
2,4,2
2,2,0
1,1,0
2,2,0
2,2,0
2,2,0
5,28,23
1,4,3
2,2,0
2,7,5
2,2,0
11,13,2
3,3,0
2,4,2
19,19,0
2,2,0
2,4,2
10,10,0
50,50,0
2,2,0
3,5,2
2,2,0
2,2,0
3,5,2
2,4,2
2,2,0
3,5,2
2,2,0
3,3,0
2,2,0
2,3,1
2,2,0
6,6,0
3,5,2
2,2,0
2,2,0
1,1,0
5,9,4
20,20,0
3,17,14
2,4,2
6,6,0
2,8,6
10,10,0
1,2,1
4,4,0
2,2,0
3,3,0
12,12,0
2,2,0
4,4,0
1,3,2
3,3,0
2,2,0
2,2,0
2,2,0
3,3,0
9,9,0
3,7,4
1,2,1
2,2,0
3,5,2
100,104,4
1,25,24
51,51,0
2,2,0
2,8,6
34,34,0
2,2,0
2,2,0
2,2,0
20,20,0
2,2,0
2,2,0
2,2,0
3,3,0
2,2,0
3,3,0
2,2,0
1,1,0
2,2,0
3,5,2
14,34,20
2,6,4
2,4,2
60,113,53
2,2,0
1,1,0
2,2,0
3,4,1
2,2,0
8,8,0
2,2,0
5,8,3
0,0,0
1,1,0
2,2,0
2,2,0
2,2,0
3,7,4
3,11,8
1,1,0
9,9,0
2,4,2
1,26,25
2,4,2
2,2,0
2,11,9
3,3,0
2,4,2
2,2,0
2,2,0
8,8,0
2,2,0
8,8,0
3,3,0
2,17,15
3,3,0
2,6,4
2,3,1
2,2,0
2,4,2
3,3,0
2,6,4
2,2,0
2,2,0
100,104,4
4,4,0
9,9,0
0,0,0
3,8,5
1,2,1
1,8,7
2,3,1
0,0,0
3,3,0
2,2,0
2,13,11
5,5,0
2,4,2
3,10,7
0,0,0
2,2,0
3,4,1
2,2,0
3,5,2
2,2,0
3,5,2
2,2,0
2,2,0
2,4,2
1,2,1
3,3,0
2,2,0
4,4,0
2,2,0
1,2,1
2,2,0
3,3,0
1,1,0
1,3,2
3,3,0
2,2,0
2,82,80
2,2,0
3,11,8
1,2,1
2,2,0
9,10,1
2,2,0
1,1,0
3,14,11
2,2,0
2,22,20
2,2,0
1,1,0
2,2,0
3,3,0
1,2,1
4,4,0
3,6,3
1,30,29
2,2,0
3,13,10
3,11,8
1,7,6
3,6,3
6,6,0
8,8,0
0,0,0
2,2,0
4,4,0
1,1,0
3,5,2
6,6,0
2,5,3
3,3,0
3,25,22
2,5,3
3,5,2
2,2,0
2,2,0
3,4,1
9,49,40
20,20,0
0,0,0
2,2,0
2,4,2
2,2,0
3,5,2
2,2,0
2,2,0
11,11,0
1,3,2
1,1,0
3,6,3
2,2,0
2,2,0
0,0,0
2,2,0
2,7,5
3,3,0
14,14,0
3,6,3
2,2,0
2,2,0
0,0,0
2,4,2
2,2,0
9,9,0
2,4,2
9,9,0
1,24,23
2,2,0
0,0,0
34,34,0
2,2,0
2,4,2
3,5,2
9,9,0
0,0,0
2,4,2
2,4,2
2,4,2
3,3,0
12,12,0
2,2,0
0,0,0
4,8,4
3,3,0
2,6,4
3,5,2
2,2,0
3,3,0
2,6,4
3,3,0
2,2,0
2,2,0
6,7,1
2,2,0
10,10,0
1,1,0
4,5,1
2,2,0
7,7,0
2,8,6
1,1,0
2,4,2
2,2,0
19,19,0
8,8,0
9,9,0
2,2,0
78,158,80
2,26,24
51,74,23
3,5,2
3,3,0
2,3,1
3,9,6
2,4,2
3,3,0
1,5,4
60,60,0
2,2,0
2,2,0
2,2,0
3,3,0
2,5,3
14,14,0
2,2,0
2,2,0
2,2,0
2,2,0
3,3,0
2,2,0
3,5,2
3,4,1
2,11,9
4,4,0
2,2,0
2,2,0
3,3,0
4,5,1
3,3,0
3,3,0
8,8,0
2,2,0
2,6,4
3,3,0
2,2,0
4,4,0
2,9,7
13,13,0
2,2,0
2,2,0
4,4,0
1,3,2
2,3,1
2,2,0
0,0,0
2,47,45
3,9,6
2,2,0
6,6,0
25,25,0
114,192,78
2,2,0
5,31,26
2,3,1
3,3,0
2,2,0
1,1,0
2,2,0
3,4,1
2,2,0
2,4,2
2,2,0
2,4,2
3,3,0
2,2,0
2,2,0
5,5,0
2,2,0
6,6,0
9,9,0
8,8,0
2,2,0
2,2,0
3,3,0
3,7,4
3,3,0
2,4,2
2,4,2
2,2,0
8,8,0
1,1,0
1,2,1
2,2,0
11,11,0
1,3,2
9,9,0
2,4,2
2,6,4
1,30,29
7,7,0
9,17,8
2,2,0
2,2,0
3,3,0
2,2,0
0,0,0
4,6,2
3,4,1
1,5,4
2,2,0
2,6,4
20,25,5
2,2,0
9,9,0
10,10,0
2,6,4
2,2,0
2,2,0
2,2,0
3,5,2
3,3,0
3,3,0
4,6,2
2,6,4
2,2,0
3,5,2
2,2,0
3,7,4
2,2,0
0,0,0
3,3,0
14,14,0
2,3,1
11,15,4
2,80,78
2,8,6
8,8,0
9,9,0
3,7,4
14,14,0
0,0,0
3,5,2
2,2,0
3,3,0
2,2,0
2,10,8
2,2,0
3,9,6
3,8,5
3,5,2
2,2,0
9,24,15
100,100,0
10,10,0
2,2,0
2,2,0
1,1,0
2,4,2
3,8,5
1,2,1
1,3,2
15,15,0
2,2,0
9,9,0
3,18,15
2,2,0
3,5,2
2,2,0
2,4,2
3,3,0
7,10,3
0,0,0
3,3,0
2,2,0
3,3,0
2,6,4
1,12,11
2,13,11
2,2,0
2,2,0
1,10,9
8,8,0
2,4,2
9,9,0
2,2,0
2,4,2
2,4,2
2,2,0
2,19,17
3,3,0
2,6,4
3,5,2
2,21,19
3,3,0
2,2,0
1,1,0
9,9,0
2,2,0
2,2,0
2,2,0
2,2,0
2,3,1
2,2,0
3,3,0
3,5,2
3,3,0
2,47,45
2,2,0
3,5,2
2,2,0
3,3,0
2,2,0
3,7,4
3,3,0
2,2,0
2,16,14
1,1,0
3,3,0
3,7,4
1,2,1
2,23,21
2,2,0
2,2,0
10,10,0
2,2,0
1,1,0
0,0,0
0,0,0
2,2,0
2,2,0
23,23,0
3,3,0
2,2,0
2,2,0
15,15,0
2,4,2
1,1,0
0,0,0
3,5,2
2,2,0
2,3,1
2,19,17
22,22,0
2,2,0
2,2,0
3,3,0
2,2,0
3,3,0
4,5,1
2,2,0
3,3,0
1,24,23
1,30,29
2,2,0
21,21,0
2,2,0
2,2,0
2,2,0
2,16,14
9,32,23
2,4,2
4,4,0
2,2,0
1,1,0
2,2,0
7,13,6
2,2,0
8,8,0
2,2,0
0,0,0
3,3,0
1,2,1
13,25,12
2,2,0
8,8,0
3,3,0
2,2,0
1,1,0
2,2,0
2,2,0
2,2,0
1,1,0
3,3,0
4,4,0
9,9,0
2,2,0
2,2,0
0,0,0
1,1,0
2,2,0
2,2,0
2,4,2
2,2,0
7,7,0
3,7,4
2,4,2
2,2,0
1,2,1
2,2,0
3,3,0
2,2,0
2,2,0
1,2,1
2,4,2
2,2,0
2,7,5
3,3,0
136,136,0
2,2,0
2,6,4
3,30,27
2,2,0
9,9,0
3,3,0
2,2,0
2,2,0
1,1,0
114,114,0
3,10,7
3,3,0
3,3,0
2,2,0
2,2,0
9,9,0
2,4,2
2,4,2
2,3,1
2,2,0
2,2,0
10,10,0
2,9,7
2,6,4
2,7,5
12,12,0
1,1,0
9,9,0
1,33,32
15,15,0
2,2,0
2,2,0
1,31,30
2,40,38
3,7,4
2,2,0
2,2,0
3,3,0
2,2,0
2,4,2
3,3,0
2,2,0
2,2,0
1,22,21
1,1,0
3,5,2
2,2,0
5,5,0
2,4,2
2,2,0
3,3,0
2,2,0
2,6,4
10,10,0
2,2,0
1,2,1
9,9,0
3,3,0
20,30,10
2,2,0
2,4,2
6,6,0
4,4,0
3,3,0
4,19,15
9,9,0
2,2,0
2,2,0
3,7,4
2,2,0
3,3,0
3,4,1
2,80,78
2,2,0
3,3,0
2,2,0
3,3,0
3,7,4
13,14,1
2,4,2
3,10,7
3,3,0
5,5,0
2,18,16
2,2,0
0,0,0
1,1,0
2,2,0
3,3,0
3,3,0
3,3,0
1,3,2
8,32,24
2,2,0
1,1,0
9,9,0
100,100,0
2,2,0
8,38,30
2,15,13
2,2,0
2,3,1
3,5,2
2,2,0
2,9,7
2,2,0
18,18,0
3,9,6
2,2,0
2,4,2
3,3,0
8,31,23
2,4,2
3,4,1
1,28,27
1,31,30
2,2,0
2,2,0
22,24,2
3,3,0
2,2,0
2,76,74
2,2,0
2,6,4
2,2,0
2,2,0
2,2,0
3,7,4
3,3,0
2,2,0
2,4,2
2,2,0
2,8,6
3,7,4
2,2,0
2,2,0
3,5,2
1,2,1
92,94,2
2,2,0
2,2,0
9,9,0
3,3,0
2,6,4
2,2,0
8,8,0
2,2,0
2,2,0
3,7,4
2,2,0
2,2,0
4,4,0
3,5,2
2,6,4
1,1,0
2,2,0
2,7,5
3,16,13
20,20,0
0,0,0
2,2,0
2,2,0
2,2,0
8,8,0
3,5,2
3,7,4
2,2,0
3,7,4
4,5,1
2,8,6
3,5,2
34,110,76
2,2,0
2,10,8
2,4,2
3,5,2
2,2,0
2,2,0
5,5,0
4,4,0
3,11,8
2,2,0
2,4,2
3,5,2
5,14,9
2,2,0
2,2,0
3,3,0
2,6,4
2,2,0
0,0,0
2,3,1
2,2,0
2,2,0
2,2,0
2,6,4
2,4,2
48,50,2
1,1,0
2,2,0
2,2,0
2,2,0
0,0,0
8,11,3
6,6,0
2,2,0
3,5,2
0,0,0
8,8,0
2,2,0
3,9,6
2,2,0
2,2,0
1,2,1
3,13,10
11,11,0
2,2,0
2,2,0
2,2,0
2,2,0
3,5,2
2,2,0
9,9,0
3,5,2
2,2,0
47,47,0
2,2,0
2,12,10
3,85,82
50,53,3
3,8,5
13,15,2
2,2,0
2,4,2
3,3,0
9,9,0
3,3,0
2,2,0
2,3,1
2,2,0
2,2,0
3,3,0
2,2,0
2,4,2
3,4,1
8,8,0
2,8,6
3,9,6
2,2,0
2,2,0
3,9,6
9,9,0
3,5,2
3,3,0
2,5,3
0,0,0
8,8,0
1,20,19
3,3,0
10,12,2
1,2,1
100,100,0
6,6,0
2,2,0
2,2,0
12,12,0
2,4,2
3,5,2
2,2,0
2,2,0
2,2,0
3,3,0
2,82,80
2,2,0
2,2,0
1,1,0
6,13,7
0,0,0
6,24,18
2,2,0
2,2,0
2,2,0
1,1,0
3,14,11
3,5,2
3,3,0
1,3,2
2,3,1
3,5,2
2,2,0
2,2,0
2,2,0
2,2,0
2,2,0
0,0,0
1,1,0
3,3,0
2,4,2
2,2,0
2,2,0
30,30,0
16,18,2
11,12,1
3,5,2
2,2,0
2,25,23
6,7,1
2,2,0
1,3,2
1,1,0
4,5,1
2,6,4
0,0,0
2,4,2
2,2,0
2,2,0
12,12,0
2,2,0
2,2,0
2,10,8
2,2,0
2,2,0
38,38,0
0,0,0
1,1,0
3,3,0
2,2,0
2,2,0
1,1,0
3,3,0
2,4,2
1,5,4
2,2,0
2,2,0
2,2,0
6,6,0
2,2,0
8,16,8
2,2,0
2,2,0
2,2,0
2,4,2
8,8,0
2,2,0
2,8,6
0,0,0
3,3,0
1,19,18
3,5,2
3,5,2
2,45,43
3,3,0
3,3,0
2,2,0
2,2,0
1,2,1
2,2,0
3,4,1
8,8,0
2,2,0
1,2,1
10,12,2
2,2,0
2,2,0
2,2,0
2,2,0
2,2,0
2,2,0
3,5,2
2,2,0
2,4,2
0,0,0
3,5,2
2,2,0
1,7,6
3,3,0
2,4,2
51,51,0
3,5,2
2,2,0
2,2,0
2,2,0
3,3,0
3,4,1
3,3,0
2,2,0
20,20,0
3,5,2
2,2,0
3,3,0
1,2,1
2,4,2
9,9,0
2,2,0
2,2,0
2,4,2
3,3,0
2,4,2
2,2,0
2,2,0
2,2,0
7,7,0
1,2,1
2,5,3
1,28,27
2,2,0
3,3,0
2,6,4
2,2,0
3,3,0
1,1,0
2,2,0
2,2,0
2,5,3
1,41,40
2,2,0
3,5,2
3,3,0
2,2,0
2,2,0
3,3,0
2,4,2
1,2,1
3,3,0
2,4,2
2,4,2
1,2,1
2,2,0
2,2,0
3,3,0
3,6,3
2,2,0
2,92,90
9,9,0
2,2,0
3,3,0
3,9,6
2,2,0
3,7,4
2,2,0
2,5,3
2,2,0
2,2,0
2,2,0
5,5,0
3,4,1
3,3,0
2,2,0
2,4,2
3,3,0
2,6,4
9,9,0
100,100,0
12,12,0
1,1,0
2,2,0
2,2,0
1,2,1
2,2,0
2,5,3
2,2,0
0,0,0
1,22,21
2,2,0
3,5,2
1,2,1
2,2,0
2,2,0
3,7,4
2,2,0
2,2,0
21,21,0
2,2,0
5,5,0
2,2,0
2,26,24
3,22,19
3,3,0
2,2,0
2,2,0
7,10,3
2,2,0
6,6,0
3,3,0
2,2,0
2,3,1
0,0,0
2,2,0
2,7,5
1,2,1
2,3,1
4,8,4
3,3,0
2,2,0
2,2,0
2,2,0
2,3,1
2,4,2
2,2,0
2,3,1
3,3,0
2,4,2
3,3,0
81,81,0
133,133,0
2,2,0
72,109,37
2,2,0
3,3,0
1,3,2
2,2,0
2,2,0
2,2,0
2,2,0
2,4,2
2,2,0
1,1,0
1,23,22
3,3,0
3,3,0
3,3,0
2,2,0
66,66,0
3,10,7
2,2,0
9,9,0
10,10,0
3,3,0
2,8,6
2,2,0
2,3,1
3,3,0
3,3,0
62,76,14
1,1,0
2,12,10
0,0,0
2,4,2
2,7,5
3,3,0
2,2,0
2,2,0
3,5,2
27,27,0
2,2,0
3,7,4
2,8,6
65,65,0
4,4,0
3,39,36
24,24,0
2,6,4
3,4,1
3,5,2
8,8,0
20,20,0
2,2,0
1,1,0
2,2,0
2,2,0
1,1,0
2,2,0
2,2,0
2,13,11
2,3,1
2,27,25
2,7,5
2,2,0
2,5,3
0,0,0
1,2,1
2,2,0
2,4,2
11,11,0
3,3,0
3,6,3
2,2,0
1,1,0
3,11,8
2,4,2
3,3,0
2,2,0
5,5,0
2,2,0
2,2,0
8,8,0
44,49,5
2,8,6
10,10,0
2,2,0
2,2,0
6,8,2
2,2,0
2,2,0
3,3,0
2,2,0
1,7,6
3,3,0
3,4,1
8,8,0
3,3,0
2,2,0
2,2,0
4,4,0
3,3,0
100,100,0
1,29,28
2,3,1
11,11,0
3,3,0
2,2,0
2,2,0
2,2,0
3,9,6
2,2,0
7,7,0
3,3,0
2,82,80
4,4,0
97,97,0
1,2,1
2,9,7
2,2,0
2,12,10
2,2,0
0,0,0
32,32,0
3,5,2
2,2,0
0,0,0
2,3,1
9,9,0
2,2,0
3,3,0
2,4,2
3,3,0
0,0,0
2,3,1
10,10,0
3,3,0
4,4,0
3,3,0
3,7,4
3,10,7
1,2,1
2,2,0
8,10,2
3,3,0
69,69,0
2,24,22
3,3,0
2,2,0
2,2,0
2,3,1
2,4,2
3,3,0
2,2,0
3,11,8
2,2,0
2,2,0
3,3,0
3,7,4
2,2,0
2,2,0
170,181,11
2,6,4
1,2,1
2,2,0
3,10,7
3,3,0
3,3,0
2,2,0
2,4,2
6,7,1
2,2,0
3,4,1
1,1,0
2,2,0
0,0,0
3,5,2
1,1,0
2,2,0
10,10,0
2,2,0
2,2,0
2,2,0
3,3,0
2,2,0
2,8,6
2,2,0
3,27,24
5,5,0
3,3,0
0,0,0
2,4,2
61,61,0
2,2,0
2,2,0
3,3,0
4,7,3
9,9,0
1,5,4
2,2,0
10,10,0
2,8,6
1,22,21
3,3,0
1,80,79
3,4,1
12,12,0
2,2,0
18,18,0
2,2,0
2,15,13
2,6,4
3,3,0
2,2,0
1,1,0
1,1,0
2,2,0
2,2,0
2,6,4
0,0,0
1,1,0
3,3,0
2,2,0
2,2,0
10,10,0
2,4,2
2,2,0
3,3,0
3,11,8
107,107,0
2,2,0
2,2,0
2,2,0
2,2,0
2,2,0
0,0,0
2,2,0
2,4,2
2,2,0
2,2,0
2,2,0
6,6,0
3,3,0
3,3,0
3,6,3
2,4,2
9,15,6
2,5,3
0,0,0
1,1,0
2,2,0
3,3,0
2,2,0
9,9,0
3,3,0
2,2,0
8,8,0
2,6,4
3,5,2
8,8,0
2,2,0
2,2,0
2,2,0
2,2,0
2,10,8
1,2,1
3,3,0
2,2,0
2,6,4
2,2,0
2,2,0
1,5,4
2,29,27
3,3,0
3,9,6
2,2,0
9,9,0
1,1,0
8,8,0
3,9,6
3,3,0
1,2,1
9,9,0
2,4,2
2,4,2
3,3,0
2,2,0
2,2,0
2,2,0
3,7,4
2,80,78
1,10,9
2,2,0
3,3,0
1,1,0
3,7,4
6,6,0
2,4,2
2,2,0
0,0,0
2,2,0
2,13,11
1,2,1
2,2,0
1,21,20
3,3,0
3,3,0
31,31,0
2,16,14
2,2,0
2,4,2
3,5,2
4,76,72
6,6,0
2,2,0
2,2,0
3,7,4
2,2,0
2,9,7
2,2,0
2,2,0
2,2,0
2,4,2
2,2,0
9,9,0
2,4,2
3,7,4
2,2,0
2,8,6
1,7,6
2,4,2
98,98,0
2,59,57
2,2,0
2,2,0
2,2,0
2,2,0
2,2,0
40,144,104
2,2,0
2,4,2
2,4,2
3,3,0
2,48,46
12,111,99
2,2,0
9,9,0
14,14,0
2,2,0
2,2,0
5,5,0
3,3,0
2,2,0
2,7,5
1,1,0
2,2,0
3,5,2
0,0,0
3,3,0
62,130,68
1,3,2
14,14,0
124,124,0
2,2,0
8,8,0
2,2,0
1,2,1
2,84,82
2,2,0
4,11,7
2,4,2
2,2,0
2,22,20
3,3,0
1,1,0
1,1,0
6,6,0
10,10,0
2,4,2
3,3,0
3,21,18
2,2,0
0,0,0
2,2,0
3,5,2
2,2,0
3,3,0
3,10,7
9,11,2
2,2,0
1,2,1
2,4,2
3,3,0
2,2,0
350,382,32
5,5,0
2,2,0
3,4,1
2,80,78
2,10,8
2,3,1
2,2,0
1,1,0
16,18,2
2,2,0
2,2,0
2,2,0
9,9,0
2,4,2
3,5,2
57,57,0
2,4,2
2,2,0
90,341,251
3,3,0
8,8,0
1,1,0
2,2,0
2,7,5
2,2,0
2,2,0
8,8,0
1,1,0
3,3,0
2,4,2
3,28,25
2,2,0
3,9,6
2,5,3
42,42,0
2,4,2
0,0,0
2,72,70
2,18,16
2,6,4
2,2,0
2,5,3
1,3,2
3,5,2
8,16,8
2,2,0
2,8,6
2,4,2
2,2,0
59,59,0
2,2,0
2,7,5
0,0,0
2,2,0
3,9,6
2,2,0
2,2,0
2,4,2
2,82,80
2,2,0
1,2,1
2,2,0
2,2,0
2,2,0
2,2,0
2,2,0
2,2,0
1,2,1
9,9,0
2,2,0
1,1,0
2,2,0
6,11,5
2,2,0
2,2,0
44,69,25
2,2,0
1,1,0
2,2,0
8,8,0
2,2,0
3,4,1
16,16,0
1,1,0
1,1,0
3,3,0
3,5,2
1,3,2
2,2,0
2,2,0
2,2,0
5,15,10
4,4,0
3,3,0
1,1,0
3,3,0
0,0,0
1,1,0
0,0,0
3,7,4
2,2,0
1,2,1
3,3,0
2,2,0
2,2,0
9,9,0
2,2,0
2,2,0
2,3,1
2,2,0
20,20,0
2,2,0
2,2,0
1,1,0
2,2,0
1,6,5
4,4,0
5,8,3
1,1,0
2,2,0
2,3,1
2,9,7
3,8,5
0,0,0
2,3,1
1,2,1
1,1,0
3,8,5
2,7,5
7,11,4
51,131,80
2,4,2
2,2,0
3,3,0
3,8,5
2,2,0
3,8,5
7,7,0
2,2,0
3,15,12
16,16,0
2,2,0
3,3,0
2,3,1
8,8,0
2,2,0
3,5,2
2,8,6
2,2,0
2,2,0
1,1,0
3,8,5
2,4,2
2,2,0
1,1,0
2,2,0
3,5,2
2,2,0
2,2,0
1,1,0
3,3,0
1,4,3
2,2,0
2,16,14
1,1,0
2,2,0
2,2,0
1,24,23
2,2,0
3,7,4
3,5,2
2,2,0
0,0,0
6,8,2
2,13,11
1,21,20
2,6,4
1,3,2
2,2,0
406,417,11
90,90,0
2,2,0
3,3,0
2,2,0
2,4,2
3,3,0
4,14,10
2,2,0
2,2,0
10,10,0
4,6,2
3,6,3
2,2,0
23,23,0
2,2,0
2,2,0
1,1,0
0,0,0
8,8,0
1,1,0
2,6,4
0,0,0
2,13,11
2,2,0
3,3,0
2,2,0
2,2,0
3,3,0
2,2,0
38,38,0
2,2,0
2,2,0
3,3,0
3,3,0
2,8,6
0,0,0
9,9,0
3,6,3
0,0,0
3,17,14
2,13,11
8,8,0
3,3,0
2,2,0
3,6,3
0,0,0
2,2,0
3,5,2
45,45,0
2,2,0
3,3,0
1,3,2
0,0,0
31,31,0
2,2,0
1,2,1
2,3,1
2,2,0
0,0,0
1,1,0
3,5,2
3,5,2
2,2,0
10,20,10
2,2,0
3,3,0
2,6,4
2,49,47
1,3,2
10,16,6
3,6,3
2,2,0
2,2,0
0,0,0
2,2,0
9,9,0
1,4,3
10,10,0
3,9,6
3,5,2
3,22,19
2,2,0
3,3,0
2,2,0
3,5,2
2,2,0
2,4,2
2,2,0
8,16,8
2,2,0
2,2,0
2,2,0
1,2,1
9,9,0
2,2,0
3,8,5
2,80,78
3,3,0
48,48,0
1,1,0
0,0,0
2,4,2
3,3,0
2,2,0
1,3,2
3,5,2
1,1,0
2,3,1
1,2,1
2,6,4
2,2,0
1,2,1
2,2,0
2,2,0
20,20,0
6,8,2
3,3,0
20,20,0
3,6,3
3,3,0
3,5,2
2,2,0
47,50,3
3,3,0
3,3,0
4,5,1
2,2,0
3,3,0
3,6,3
3,11,8
3,3,0
74,237,163
11,11,0
20,20,0
1,9,8
12,12,0
2,2,0
3,7,4
2,2,0
2,2,0
2,2,0
3,3,0
3,6,3
2,2,0
6,6,0
2,6,4
3,10,7
2,5,3
2,4,2
2,12,10
1,1,0
2,4,2
2,8,6
2,2,0
7,7,0
1,1,0
2,2,0
3,3,0
2,2,0
6,8,2
8,8,0
3,9,6
1,24,23
10,10,0
1,1,0
2,3,1
2,2,0
1,46,45
1,1,0
2,2,0
2,2,0
4,4,0
2,4,2
2,2,0
2,2,0
2,6,4
2,3,1
3,3,0
2,2,0
3,3,0
1,2,1
2,2,0
2,2,0
2,6,4
2,2,0
2,2,0
9,9,0
2,2,0
3,17,14
8,13,5
10,10,0
7,7,0
8,8,0
1,7,6
2,2,0
4,4,0
2,2,0
91,91,0
4,4,0
4,7,3
2,4,2
2,2,0
2,2,0
1,2,1
3,4,1
2,2,0
2,2,0
1,1,0
4,4,0
2,2,0
3,20,17
9,9,0
3,3,0
2,2,0
2,2,0
2,3,1
22,22,0
4,4,0
2,2,0
3,3,0
3,5,2
4,4,0
2,2,0
2,7,5
2,4,2
2,2,0
2,42,40
0,0,0
6,6,0
100,100,0
3,5,2
2,2,0
7,20,13
2,2,0
2,8,6
2,2,0
2,2,0
1,1,0
2,2,0
2,2,0
3,3,0
0,0,0
2,6,4
1,2,1
2,7,5
3,3,0
8,8,0
1,1,0
2,2,0
2,2,0
3,3,0
2,2,0
2,5,3
3,3,0
1,1,0
1,2,1
2,8,6
2,2,0
3,4,1
3,4,1
5,5,0
2,2,0
6,10,4
0,0,0
3,3,0
2,4,2
2,2,0
0,0,0
8,8,0
3,6,3
3,10,7
1,7,6
96,98,2
13,13,0
2,2,0
1,6,5
2,2,0
2,14,12
1,23,22
2,2,0
3,3,0
3,7,4
35,47,12
46,49,3
0,0,0
3,5,2
2,2,0
2,4,2
2,2,0
3,3,0
10,10,0
5,5,0
3,5,2
3,24,21
2,3,1
3,6,3
9,9,0
3,3,0
2,2,0
0,0,0
2,5,3
6,6,0
2,2,0
0,0,0
3,5,2
3,3,0
2,2,0
2,2,0
100,100,0
2,4,2
0,0,0
3,8,5
2,4,2
2,3,1
1,1,0
2,2,0
3,5,2
10,10,0
2,2,0
2,2,0
9,9,0
3,24,21
109,109,0
3,5,2
2,2,0
3,5,2
2,2,0
2,2,0
6,7,1
2,2,0
6,8,2
3,3,0
3,5,2
3,5,2
2,2,0
2,2,0
4,7,3
2,2,0
12,12,0
1,5,4
2,2,0
3,3,0
3,3,0
2,2,0
7,22,15
3,12,9
2,6,4
2,2,0
3,3,0
5,5,0
1,1,0
2,82,80
20,20,0
2,2,0
1,1,0
2,2,0
3,3,0
4,4,0
2,2,0
3,5,2
2,3,1
1,2,1
2,2,0
4,4,0
41,42,1
2,2,0
2,4,2
2,2,0
11,11,0
2,2,0
2,2,0
20,20,0
2,2,0
2,2,0
2,2,0
11,11,0
2,2,0
3,3,0
3,3,0
3,3,0
2,4,2
2,2,0
2,2,0
2,2,0
3,5,2
3,3,0
4,4,0
2,4,2
5,5,0
8,8,0
3,13,10
21,21,0
2,5,3
2,13,11
2,2,0
0,0,0
2,2,0
22,22,0
2,3,1
2,2,0
4,4,0
2,2,0
20,20,0
19,19,0
2,2,0
3,3,0
1,1,0
2,5,3
2,2,0
2,2,0
2,4,2
2,2,0
5,5,0
2,2,0
2,2,0
2,4,2
5,7,2
1,9,8
1,2,1
1,4,3
2,4,2
0,0,0
0,0,0
2,2,0
3,7,4
3,3,0
2,5,3
3,3,0
1,1,0
0,0,0
5,5,0
0,0,0
9,9,0
2,2,0
2,6,4
2,2,0
3,3,0
2,2,0
8,8,0
3,5,2
5,5,0
2,2,0
1,2,1
3,3,0
3,5,2
3,3,0
5,8,3
3,21,18
3,5,2
16,16,0
2,5,3
2,3,1
4,11,7
2,4,2
2,2,0
2,2,0
0,0,0
3,5,2
2,2,0
3,3,0
1,1,0
18,18,0
2,2,0
2,2,0
2,2,0
1,1,0
1,1,0
2,2,0
3,5,2
2,8,6
2,2,0
2,2,0
2,2,0
2,2,0
2,8,6
2,2,0
2,2,0
3,4,1
3,3,0
2,2,0
2,2,0
4,7,3
1,2,1
2,2,0
15,15,0
8,8,0
2,4,2
8,8,0
2,2,0
3,3,0
3,5,2
51,51,0
2,2,0
288,288,0
2,2,0
2,2,0
2,2,0
2,2,0
11,11,0
3,5,2
4,4,0
2,2,0
2,4,2
3,5,2
200,385,185
3,5,2
2,2,0
2,2,0
4,4,0
2,2,0
2,2,0
2,2,0
3,3,0
5,5,0
3,3,0
11,11,0
3,13,10
2,9,7
3,6,3
2,2,0
1,2,1
2,5,3
2,2,0
2,4,2
2,2,0
2,2,0
2,2,0
2,2,0
2,2,0
2,8,6
7,7,0
1,1,0
3,3,0
2,2,0
2,2,0
1,1,0
0,0,0
2,2,0
0,0,0
2,2,0
1,23,22
2,2,0
3,3,0
3,3,0
1,2,1
3,7,4
2,4,2
2,2,0
2,2,0
3,26,23
1,5,4
3,3,0
2,7,5
2,2,0
2,2,0
3,10,7
2,8,6
2,2,0
10,10,0
9,9,0
1,3,2
9,9,0
2,2,0
2,2,0
0,0,0
2,2,0
3,12,9
2,4,2
2,2,0
2,5,3
3,3,0
2,2,0
3,11,8
10,10,0
3,5,2
2,2,0
2,2,0
4,4,0
2,2,0
10,10,0
1,1,0
1,2,1
2,2,0
2,2,0
2,4,2
3,3,0
2,2,0
6,172,166
2,2,0
2,2,0
2,2,0
2,2,0
3,5,2
2,2,0
3,3,0
2,2,0
10,10,0
2,2,0
3,4,1
1,1,0
3,3,0
2,2,0
10,10,0
3,11,8
9,9,0
2,2,0
2,2,0
51,51,0
1,2,1
35,40,5
3,4,1
2,7,5
11,22,11
3,3,0
2,10,8
3,3,0
1,2,1
0,0,0
2,4,2
3,3,0
5,5,0
2,3,1
3,4,1
22,22,0
3,7,4
1,1,0
2,9,7
0,0,0
0,0,0
3,14,11
1,1,0
2,3,1
3,3,0
3,3,0
2,2,0
2,2,0
3,3,0
1,2,1
2,2,0
2,2,0
2,5,3
8,8,0
2,2,0
2,5,3
8,8,0
135,135,0
2,2,0
2,4,2
2,15,13
3,5,2
3,3,0
3,3,0
2,2,0
1,1,0
1,2,1
2,2,0
2,2,0
3,3,0
3,5,2
3,3,0
2,2,0
2,11,9
2,2,0
3,3,0
2,2,0
6,6,0
8,8,0
2,2,0
3,3,0
2,2,0
3,12,9
2,2,0
3,3,0
58,58,0
1,2,1
2,2,0
8,8,0
3,5,2
3,3,0
2,5,3
2,15,13
1,23,22
3,3,0
2,9,7
2,11,9
2,2,0
3,5,2
2,20,18
129,236,107
4,5,1
1,1,0
2,9,7
147,147,0
2,2,0
2,2,0
2,2,0
3,5,2
3,8,5
2,2,0
3,3,0
10,12,2
3,3,0
2,4,2
1,10,9
2,3,1
2,2,0
2,2,0
2,2,0
1,24,23
6,14,8
3,7,4
2,2,0
0,0,0
2,2,0
2,2,0
2,2,0
154,154,0
11,22,11
2,2,0
2,2,0
2,2,0
2,2,0
0,0,0
22,24,2
2,4,2
4,4,0
3,5,2
5,7,2
2,2,0
2,2,0
1,1,0
2,2,0
2,2,0
2,2,0
2,3,1
2,2,0
3,5,2
3,3,0
9,9,0
3,9,6
2,2,0
3,3,0
2,4,2
2,2,0
3,13,10
2,2,0
2,2,0
2,4,2
5,5,0
1,1,0
1,22,21
2,18,16
2,8,6
2,2,0
3,5,2
8,8,0
1,2,1
2,10,8
0,0,0
3,11,8
3,3,0
2,2,0
3,3,0
2,2,0
2,3,1
2,2,0
2,2,0
3,3,0
6,6,0
4,5,1
2,2,0
3,5,2
2,2,0
3,3,0
2,2,0
6,6,0
6,17,11
8,8,0
2,2,0
1,1,0
2,18,16
2,2,0
2,2,0
1,1,0
3,3,0
2,2,0
2,2,0
3,3,0
24,24,0
3,3,0
1,40,39
2,2,0
2,2,0
2,2,0
2,2,0
3,3,0
2,2,0
1,2,1
1,2,1
3,3,0
2,2,0
0,0,0
3,8,5
1,1,0
4,5,1
3,3,0
2,2,0
3,7,4
2,2,0
8,8,0
2,2,0
2,2,0
2,8,6
2,2,0
11,11,0
3,3,0
2,6,4
2,2,0
2,2,0
2,4,2
3,13,10
2,3,1
3,3,0
2,8,6
3,3,0
0,0,0
1,23,22
3,8,5
2,2,0
2,10,8
0,0,0
2,2,0
2,4,2
3,5,2
10,10,0
3,3,0
3,5,2
2,45,43
2,4,2
4,4,0
2,4,2
2,2,0
9,9,0
2,17,15
1,2,1
1,2,1
2,2,0
2,2,0
2,2,0
2,2,0
2,2,0
1,5,4
4,4,0
11,160,149
9,11,2
1,24,23
3,3,0
2,2,0
1,2,1
2,2,0
2,5,3
2,7,5
2,2,0
2,4,2
1,2,1
4,4,0
2,2,0
2,2,0
3,3,0
38,39,1
2,2,0
2,2,0
2,8,6
2,2,0
2,2,0
2,4,2
1,21,20
3,4,1
2,2,0
2,2,0
3,5,2
8,8,0
2,5,3
1,17,16
3,6,3
3,3,0
3,3,0
2,2,0
2,2,0
2,2,0
3,14,11
3,5,2
2,2,0
3,22,19
2,7,5
2,2,0
2,2,0
2,8,6
2,2,0
2,2,0
2,4,2
3,3,0
2,14,12
2,2,0
2,2,0
3,3,0
1,5,4
2,2,0
0,0,0
3,8,5
3,7,4
3,6,3
2,2,0
1,2,1
2,4,2
8,8,0
2,2,0
3,3,0
1,1,0
2,16,14
2,2,0
1,1,0
7,9,2
3,7,4
4,7,3
2,2,0
2,2,0
2,2,0
3,3,0
10,10,0
2,4,2
2,2,0
54,157,103
4,4,0
2,31,29
18,18,0
2,2,0
4,4,0
2,2,0
3,13,10
2,2,0
2,3,1
2,2,0
6,6,0
1,1,0
3,4,1
10,55,45
2,2,0
2,2,0
2,2,0
2,5,3
2,6,4
2,2,0
1,1,0
2,2,0
1,4,3
2,23,21
2,3,1
3,5,2
3,7,4
2,2,0
2,2,0
22,22,0
2,4,2
2,4,2
3,5,2
3,3,0
3,14,11
2,2,0
9,9,0
11,11,0
2,60,58
5,5,0
22,22,0
2,2,0
2,9,7
2,2,0
10,14,4
2,2,0
3,3,0
2,12,10
1,1,0
9,9,0
3,5,2
3,3,0
3,5,2
2,2,0
3,3,0
1,29,28
2,2,0
1,2,1
2,2,0
2,2,0
4,29,25
4,5,1
2,2,0
4,4,0
9,9,0
9,9,0
13,13,0
3,3,0
2,2,0
16,16,0
3,3,0
7,7,0
2,5,3
20,20,0
3,3,0
2,2,0
2,2,0
3,5,2
3,23,20
2,2,0
2,3,1
13,13,0
9,9,0
3,4,1
3,3,0
1,2,1
2,2,0
2,4,2
3,9,6
3,9,6
23,23,0
2,2,0
3,3,0
2,2,0
3,3,0
87,87,0
2,2,0
6,6,0
8,8,0
0,0,0
11,11,0
3,3,0
2,2,0
3,3,0
9,9,0
100,153,53
9,9,0
10,10,0
1,2,1
2,2,0
1,2,1
2,2,0
2,2,0
2,4,2
3,3,0
6,10,4
4,10,6
2,2,0
1,22,21
2,4,2
2,2,0
2,2,0
3,3,0
3,5,2
6,6,0
2,2,0
3,3,0
1,2,1
0,0,0
9,17,8
2,4,2
3,5,2
3,3,0
2,6,4
3,9,6
38,38,0
2,2,0
2,6,4
3,5,2
2,6,4
2,4,2
2,2,0
2,2,0
3,4,1
2,5,3
2,2,0
2,4,2
3,4,1
3,3,0
3,3,0
3,3,0
1,2,1
2,2,0
2,2,0
2,80,78
2,2,0
3,8,5
2,2,0
8,8,0
290,290,0
3,3,0
0,0,0
3,13,10
1,1,0
3,5,2
3,5,2
3,3,0
2,8,6
3,3,0
8,8,0
4,8,4
2,4,2
3,6,3
2,2,0
2,2,0
3,3,0
2,3,1
9,9,0
2,45,43
2,2,0
3,3,0
1,2,1
12,12,0
3,3,0
2,4,2
2,2,0
2,4,2
3,3,0
1,1,0
1,2,1
3,3,0
2,2,0
2,3,1
2,2,0
20,20,0
3,5,2
3,6,3
11,11,0
2,2,0
3,3,0
2,2,0
137,137,0
2,4,2
3,3,0
2,2,0
2,5,3
2,2,0
1,1,0
9,9,0
8,8,0
2,2,0
8,8,0
4,4,0
2,2,0
2,80,78
2,5,3
1,9,8
2,3,1
8,8,0
2,3,1
8,10,2
2,2,0
2,2,0
1,1,0
2,2,0
8,8,0
2,2,0
3,3,0
3,13,10
0,0,0
4,4,0
2,2,0
3,3,0
3,3,0
3,5,2
2,36,34
3,3,0
43,43,0
2,2,0
3,5,2
5,8,3
2,2,0
6,39,33
2,2,0
1,22,21
1,1,0
3,3,0
4,41,37
3,3,0
2,2,0
3,3,0
2,4,2
2,2,0
3,3,0
3,8,5
2,2,0
3,3,0
2,2,0
2,4,2
3,3,0
2,6,4
2,2,0
2,2,0
1,2,1
0,0,0
2,2,0
2,21,19
2,2,0
1,1,0
3,3,0
3,7,4
2,2,0
2,2,0
150,164,14
8,8,0
0,0,0
1,1,0
2,2,0
2,2,0
2,4,2
10,12,2
1,2,1
0,0,0
1,3,2
2,2,0
3,3,0
1,2,1
8,8,0
2,8,6
2,2,0
24,24,0
3,7,4
2,2,0
0,0,0
3,3,0
8,8,0
3,7,4
20,20,0
2,4,2
2,2,0
1,2,1
3,7,4
2,2,0
2,2,0
3,3,0
9,9,0
3,3,0
2,6,4
1,2,1
2,2,0
2,2,0
1,1,0
2,2,0
2,2,0
2,2,0
2,2,0
2,2,0
2,4,2
3,3,0
2,6,4
2,2,0
3,5,2
62,62,0
0,0,0
3,3,0
2,2,0
2,2,0
2,6,4
2,4,2
4,13,9
3,5,2
2,2,0
2,2,0
2,6,4
1,1,0
2,3,1
8,8,0
4,4,0
2,16,14
8,24,16
2,6,4
2,16,14
6,36,30
2,2,0
2,2,0
6,6,0
2,2,0
3,7,4
0,0,0
2,2,0
3,3,0
2,3,1
3,4,1
2,5,3
3,9,6
2,2,0
2,2,0
0,0,0
2,2,0
0,0,0
2,8,6
100,104,4
2,11,9
2,2,0
2,4,2
8,8,0
8,8,0
2,2,0
2,2,0
2,3,1
2,2,0
2,2,0
2,5,3
3,5,2
2,13,11
4,4,0
1,2,1
2,2,0
2,2,0
3,5,2
4,4,0
3,9,6
0,0,0
1,2,1
2,2,0
1,1,0
2,2,0
4,7,3
21,21,0
3,3,0
3,3,0
2,2,0
3,4,1
2,2,0
3,3,0
2,2,0
6,14,8
3,3,0
3,5,2
2,2,0
28,30,2
2,4,2
2,2,0
3,3,0
3,3,0
1,1,0
3,3,0
2,2,0
3,3,0
1,6,5
2,2,0
2,28,26
3,8,5
3,5,2
4,5,1
140,140,0
2,2,0
1,1,0
2,11,9
2,2,0
3,3,0
3,5,2
2,30,28
3,5,2
2,2,0
2,2,0
2,2,0
2,4,2
3,21,18
2,2,0
2,2,0
33,35,2
2,4,2
1,21,20
8,8,0
3,3,0
2,8,6
2,2,0
2,2,0
3,11,8
2,2,0
10,10,0
3,9,6
3,15,12
2,2,0
2,2,0
2,2,0
3,7,4
8,8,0
3,3,0
2,2,0
2,2,0
3,3,0
12,17,5
4,4,0
2,2,0
2,5,3
1,1,0
7,7,0
1,23,22
3,5,2
100,100,0
1,2,1
3,11,8
3,3,0
38,44,6
18,18,0
2,4,2
5,7,2
12,12,0
2,8,6
2,2,0
3,6,3
8,8,0
3,3,0
51,51,0
3,5,2
2,4,2
3,3,0
3,41,38
1,1,0
3,3,0
3,3,0
0,0,0
1,52,51
3,3,0
2,16,14
1,1,0
1,2,1
2,6,4
2,2,0
10,13,3
2,2,0
2,2,0
9,9,0
4,4,0
1,1,0
2,8,6
1,1,0
3,6,3
2,2,0
2,2,0
2,10,8
3,3,0
2,2,0
3,3,0
2,2,0
56,56,0
2,2,0
3,5,2
2,2,0
3,3,0
1,1,0
3,5,2
2,82,80
4,4,0
1,54,53
2,2,0
2,2,0
3,7,4
2,2,0
2,2,0
3,3,0
11,11,0
2,2,0
3,3,0
3,7,4
2,2,0
3,5,2
2,2,0
6,6,0
1,2,1
2,4,2
2,2,0
2,8,6
6,6,0
3,3,0
8,8,0
3,20,17
1,1,0
2,2,0
3,5,2
100,100,0
2,2,0
2,2,0
2,2,0
2,4,2
25,28,3
0,0,0
1,1,0
3,3,0
2,2,0
3,8,5
3,6,3
3,3,0
2,4,2
3,3,0
3,3,0
16,23,7
2,2,0
2,2,0
2,2,0
1,10,9
2,2,0
2,3,1
22,29,7
10,10,0
8,8,0
2,2,0
2,2,0
3,26,23
6,6,0
2,2,0
2,2,0
2,2,0
8,8,0
1,1,0
2,2,0
2,13,11
1,2,1
4,4,0
2,2,0
3,3,0
0,0,0
3,3,0
3,3,0
1,18,17
2,14,12
3,4,1
3,10,7
3,3,0
2,2,0
2,2,0
3,3,0
2,4,2
2,2,0
2,10,8
2,2,0
1,2,1
2,2,0
0,0,0
3,3,0
3,7,4
2,2,0
2,2,0
3,3,0
2,2,0
2,2,0
2,8,6
2,2,0
2,3,1
3,3,0
2,4,2
9,9,0
2,2,0
4,5,1
2,2,0
2,2,0
2,2,0
2,6,4
2,2,0
11,11,0
2,2,0
1,4,3
2,8,6
3,14,11
3,8,5
2,2,0
2,2,0
2,4,2
2,2,0
2,7,5
2,2,0
2,29,27
2,4,2
19,19,0
11,11,0
2,2,0
2,2,0
2,5,3
2,2,0
2,2,0
2,4,2
3,3,0
2,3,1
8,8,0
2,2,0
3,5,2
0,0,0
3,3,0
2,2,0
2,2,0
3,3,0
2,3,1
2,2,0
2,8,6
2,2,0
1,1,0
6,10,4
0,0,0
2,2,0
3,3,0
2,2,0
3,3,0
2,4,2
1,2,1
8,8,0
42,42,0
3,4,1
1,1,0
8,8,0
2,16,14
2,2,0
3,3,0
3,3,0
0,0,0
2,3,1
9,9,0
1,1,0
0,0,0
3,3,0
78,158,80
2,2,0
1,1,0
2,2,0
3,3,0
3,3,0
2,2,0
2,2,0
2,6,4
8,8,0
9,9,0
2,2,0
3,3,0
2,2,0
3,5,2
2,2,0
3,3,0
3,3,0
3,3,0
2,2,0
2,2,0
1,4,3
2,2,0
6,8,2
1,1,0
2,6,4
1,2,1
6,6,0
2,4,2
2,2,0
3,3,0
1,1,0
8,8,0
2,2,0
1,7,6
2,2,0
3,5,2
2,97,95
8,8,0
2,2,0
1,20,19
2,2,0
2,2,0
9,9,0
3,3,0
2,2,0
23,23,0
2,84,82
3,7,4
2,2,0
2,2,0
0,0,0
1,30,29
2,2,0
3,6,3
2,2,0
2,7,5
2,2,0
3,3,0
5,6,1
4,4,0
0,0,0
2,16,14
8,8,0
9,9,0
6,6,0
2,4,2
3,3,0
8,8,0
2,2,0
2,2,0
3,3,0
2,2,0
2,2,0
2,5,3
2,2,0
0,0,0
2,2,0
1,1,0
1,2,1
2,2,0
1,2,1
4,7,3
2,2,0
3,3,0
2,4,2
2,2,0
3,6,3
2,3,1
0,0,0
2,2,0
32,36,4
2,16,14
3,3,0
8,8,0
1,1,0
0,0,0
3,7,4
3,3,0
3,4,1
2,2,0
3,3,0
32,32,0
0,0,0
2,2,0
3,3,0
3,3,0
2,2,0
2,2,0
2,2,0
2,4,2
1,1,0
2,2,0
2,4,2
2,2,0
1,1,0
0,0,0
2,2,0
2,2,0
3,5,2
2,4,2
2,2,0
2,2,0
3,3,0
3,7,4
3,5,2
2,2,0
3,3,0
3,3,0
3,3,0
1,2,1
3,5,2
3,7,4
2,2,0
2,2,0
2,2,0
2,2,0
1,1,0
2,2,0
3,3,0
2,8,6
26,34,8
3,3,0
2,4,2
2,13,11
2,2,0
2,2,0
2,4,2
3,5,2
3,5,2
3,5,2
2,2,0
3,10,7
2,34,32
2,2,0
2,5,3
6,7,1
2,4,2
8,8,0
2,2,0
3,3,0
2,2,0
2,71,69
1,2,1
2,2,0
2,2,0
2,4,2
67,67,0
3,3,0
3,3,0
2,9,7
3,3,0
3,8,5
3,3,0
2,2,0
6,34,28
8,8,0
2,2,0
2,2,0
2,80,78
2,3,1
2,2,0
8,10,2
2,2,0
2,6,4
2,10,8
3,3,0
2,2,0
0,0,0
2,2,0
1,3,2
3,3,0
2,3,1
1,1,0
3,7,4
2,2,0
2,2,0
2,2,0
0,0,0
18,18,0
2,2,0
1,1,0
2,4,2
1,23,22
3,3,0
2,2,0
131,131,0
2,2,0
2,6,4
0,0,0
2,2,0
2,28,26
2,2,0
3,3,0
3,3,0
2,3,1
2,15,13
42,42,0
3,3,0
33,33,0
2,2,0
2,2,0
2,2,0
3,34,31
1,4,3
2,2,0
2,2,0
2,2,0
2,2,0
2,2,0
52,156,104
31,31,0
2,3,1
2,3,1
2,4,2
8,8,0
1,4,3
3,5,2
2,12,10
2,28,26
2,4,2
1,3,2
3,9,6
2,2,0
2,4,2
2,2,0
2,2,0
3,3,0
0,0,0
14,14,0
2,2,0
2,2,0
51,53,2
3,3,0
2,2,0
3,3,0
3,8,5
22,22,0
2,2,0
2,4,2
2,59,57
2,4,2
3,3,0
2,2,0
2,3,1
8,8,0
2,2,0
2,4,2
2,2,0
3,3,0
0,0,0
3,3,0
2,2,0
2,2,0
1,22,21
3,7,4
2,4,2
2,3,1
1,2,1
3,3,0
2,2,0
2,2,0
0,0,0
8,10,2
2,3,1
3,47,44
2,3,1
2,6,4
2,2,0
2,2,0
2,2,0
2,2,0
1,2,1
3,3,0
2,2,0
3,3,0
1,3,2
9,9,0
2,2,0
2,2,0
2,2,0
2,2,0
2,2,0
2,2,0
3,9,6
2,13,11
3,5,2
100,100,0
3,3,0
21,43,22
2,4,2
2,2,0
3,5,2
2,4,2
1,25,24
2,6,4
3,14,11
8,8,0
2,9,7
2,2,0
3,7,4
2,2,0
2,2,0
27,27,0
96,96,0
3,3,0
2,2,0
2,2,0
22,22,0
3,3,0
6,6,0
2,2,0
2,6,4
1,7,6
3,3,0
2,2,0
8,8,0
2,4,2
2,12,10
1,5,4
2,4,2
2,2,0
2,2,0
2,2,0
1,1,0
2,2,0
2,2,0
3,3,0
2,2,0
2,2,0
2,2,0
2,2,0
28,45,17
1,2,1
82,82,0
8,8,0
3,3,0
2,357,355
2,28,26
2,2,0
2,2,0
3,3,0
3,3,0
9,9,0
3,3,0
3,11,8
3,4,1
2,2,0
1,3,2
2,2,0
2,2,0
3,3,0
2,2,0
2,2,0
2,14,12
3,5,2
10,10,0
2,2,0
3,3,0
2,2,0
52,52,0
3,7,4
3,3,0
3,3,0
8,8,0
2,4,2
3,3,0
6,6,0
4,4,0
2,4,2
1,3,2
1,13,12
2,2,0
2,14,12
2,4,2
2,4,2
3,5,2
2,2,0
2,2,0
5,5,0
2,2,0
2,2,0
2,2,0
2,2,0
2,2,0
8,8,0
6,43,37
3,3,0
2,4,2
2,5,3
3,5,2
3,30,27
2,91,89
59,59,0
2,2,0
0,0,0
2,4,2
9,9,0
2,2,0
8,8,0
2,3,1
2,2,0
2,2,0
3,3,0
2,13,11
2,2,0
2,2,0
0,0,0
3,7,4
2,3,1
1,1,0
2,2,0
2,4,2
38,38,0
11,11,0
3,4,1
3,3,0
4,4,0
2,2,0
3,3,0
2,2,0
2,2,0
6,9,3
3,8,5
3,5,2
2,2,0
4,4,0
5,5,0
2,2,0
1,2,1
3,5,2
39,39,0
24,24,0
12,12,0
2,2,0
3,5,2
3,5,2
1,1,0
2,18,16
2,2,0
2,6,4
3,6,3
3,3,0
2,2,0
3,3,0
2,2,0
3,3,0
81,81,0
2,2,0
5,6,1
11,17,6
2,3,1
26,26,0
107,107,0
1,14,13
4,4,0
1,1,0
2,6,4
1,5,4
2,6,4
2,2,0
2,2,0
0,0,0
2,18,16
1,4,3
3,7,4
2,4,2
2,2,0
2,2,0
3,3,0
1,2,1
2,2,0
3,3,0
2,2,0
2,4,2
8,8,0
2,2,0
8,8,0
3,3,0
9,9,0
3,11,8
2,2,0
3,4,1
1,8,7
2,2,0
1,1,0
3,7,4
0,0,0
3,5,2
2,2,0
2,2,0
0,0,0
3,3,0
81,81,0
2,4,2
3,3,0
34,36,2
2,3,1
3,14,11
3,3,0
2,2,0
1,2,1
2,3,1
1,2,1
1,10,9
2,4,2
2,4,2
2,2,0
2,2,0
2,4,2
9,9,0
3,3,0
2,23,21
2,2,0
2,2,0
2,2,0
2,2,0
3,4,1
3,3,0
6,6,0
28,28,0
3,3,0
2,2,0
1,24,23
1,7,6
1,3,2
16,54,38
3,5,2
2,3,1
6,6,0
3,5,2
3,3,0
3,10,7
15,15,0
2,2,0
100,104,4
3,9,6
9,9,0
4,23,19
2,8,6
2,2,0
2,6,4
2,2,0
50,73,23
1,60,59
2,2,0
2,2,0
4,4,0
2,2,0
2,2,0
4,9,5
2,2,0
2,2,0
2,2,0
84,180,96
3,5,2
2,23,21
2,2,0
2,3,1
2,2,0
2,2,0
2,2,0
2,2,0
2,2,0
2,11,9
2,4,2
1,2,1
3,10,7
11,11,0
3,3,0
3,5,2
2,2,0
0,0,0
3,3,0
2,4,2
3,3,0
2,2,0
2,2,0
2,2,0
10,17,7
2,2,0
2,2,0
2,2,0
2,2,0
3,3,0
2,2,0
2,2,0
2,2,0
10,10,0
2,2,0
1,97,96
2,2,0
2,2,0
3,5,2
3,5,2
2,2,0
9,9,0
3,3,0
2,2,0
8,8,0
3,3,0
2,2,0
3,3,0
2,11,9
12,12,0
3,3,0
3,5,2
2,8,6
2,6,4
9,31,22
13,13,0
2,2,0
2,2,0
3,3,0
2,3,1
2,4,2
3,3,0
1,4,3
2,11,9
119,122,3
2,6,4
1,1,0
3,3,0
2,2,0
0,0,0
2,2,0
3,3,0
3,3,0
2,2,0
3,10,7
4,4,0
2,2,0
3,3,0
1,1,0
3,5,2
2,45,43
2,4,2
2,4,2
2,2,0
2,2,0
3,3,0
3,3,0
11,11,0
2,2,0
5,11,6
74,80,6
2,2,0
3,7,4
2,2,0
3,3,0
4,4,0
3,3,0
2,2,0
3,5,2
3,5,2
3,3,0
8,8,0
0,0,0
2,3,1
3,5,2
4,4,0
3,3,0
3,3,0
2,2,0
2,2,0
2,2,0
2,4,2
2,21,19
2,4,2
6,6,0
2,2,0
6,6,0
1,9,8
2,2,0
2,2,0
3,7,4
1,1,0
2,2,0
3,5,2
3,5,2
2,2,0
2,6,4
1,1,0
3,3,0
2,2,0
2,2,0
2,2,0
40,40,0
3,3,0
2,4,2
2,2,0
1,7,6
2,4,2
2,2,0
3,4,1
2,2,0
2,11,9
3,3,0
1,2,1
2,2,0
3,9,6
1,7,6
8,8,0
2,28,26
2,2,0
3,6,3
3,5,2
2,8,6
2,3,1
3,3,0
12,12,0
2,2,0
1,24,23
2,4,2
2,2,0
3,3,0
2,2,0
1,2,1
2,2,0
0,0,0
9,11,2
2,2,0
6,6,0
2,10,8
6,6,0
2,6,4
2,102,100
2,2,0
2,4,2
2,2,0
3,5,2
2,3,1
2,2,0
1,5,4
2,2,0
2,2,0
2,2,0
2,2,0
0,0,0
4,4,0
3,12,9
2,2,0
1,1,0
0,0,0
2,2,0
2,5,3
2,2,0
8,8,0
3,3,0
2,2,0
3,3,0
2,2,0
1,5,4
2,2,0
1,20,19
1,1,0
0,0,0
4,17,13
2,2,0
3,3,0
2,5,3
4,4,0
2,4,2
3,3,0
3,3,0
2,2,0
3,8,5
2,2,0
7,7,0
2,2,0
2,22,20
2,2,0
139,139,0
3,3,0
2,2,0
2,35,33
2,2,0
1,1,0
1,2,1
4,4,0
2,2,0
2,2,0
2,2,0
4,4,0
19,19,0
23,23,0
2,2,0
3,5,2
2,2,0
3,3,0
3,3,0
3,3,0
51,53,2
2,2,0
2,3,1
2,2,0
2,97,95
3,3,0
100,100,0
2,2,0
2,2,0
3,4,1
4,4,0
3,3,0
2,2,0
3,7,4
3,3,0
2,2,0
1,1,0
38,38,0
2,2,0
2,2,0
2,2,0
2,2,0
11,11,0
2,2,0
2,19,17
2,2,0
2,2,0
3,3,0
3,3,0
8,8,0
3,8,5
2,2,0
2,2,0
2,11,9
2,2,0
1,6,5
3,3,0
1,1,0
3,3,0
52,52,0
3,5,2
2,4,2
1,3,2
3,6,3
10,10,0
2,2,0
2,2,0
2,9,7
3,3,0
1,1,0
8,8,0
3,3,0
2,2,0
1,1,0
6,16,10
2,6,4
2,2,0
3,3,0
3,5,2
2,2,0
3,3,0
0,0,0
3,6,3
2,2,0
3,3,0
2,4,2
3,5,2
2,33,31
2,2,0
2,2,0
2,2,0
2,2,0
1,3,2
2,2,0
11,20,9
3,5,2
2,4,2
5,25,20
0,0,0
2,4,2
2,4,2
10,10,0
2,2,0
2,2,0
2,2,0
2,2,0
2,2,0
2,10,8
2,2,0
2,2,0
2,2,0
2,2,0
2,4,2
6,6,0
2,3,1
1,2,1
1,1,0
0,0,0
2,8,6
0,0,0
2,3,1
1,1,0
45,45,0
2,2,0
3,7,4
2,91,89
2,8,6
3,47,44
24,24,0
2,2,0
2,2,0
1,1,0
3,5,2
2,2,0
4,4,0
3,8,5
50,104,54
2,2,0
3,3,0
2,2,0
3,3,0
4,5,1
58,58,0
2,77,75
1,28,27
2,2,0
2,2,0
2,2,0
2,6,4
6,6,0
2,2,0
42,44,2
3,3,0
8,8,0
3,3,0
0,0,0
2,2,0
2,2,0
2,2,0
9,9,0
3,3,0
2,26,24
2,2,0
2,2,0
5,5,0
2,4,2
5,5,0
26,26,0
2,128,126
2,2,0
2,2,0
2,2,0
2,2,0
3,3,0
1,22,21
6,6,0
2,2,0
2,2,0
2,2,0
3,4,1
2,2,0
1,1,0
2,2,0
3,6,3
3,5,2
2,2,0
2,2,0
2,2,0
1,2,1
1,1,0
2,2,0
2,2,0
2,2,0
3,3,0
1,2,1
1,24,23
2,2,0
2,2,0
2,2,0
2,2,0
2,2,0
3,3,0
2,3,1
44,45,1
8,8,0
2,2,0
3,5,2
2,2,0
3,6,3
2,3,1
2,2,0
2,11,9
6,8,2
2,9,7
2,2,0
1,2,1
1,30,29
2,3,1
2,2,0
2,2,0
2,2,0
81,138,57
3,3,0
6,6,0
4,10,6
1,2,1
2,2,0
0,0,0
2,15,13
3,7,4
2,2,0
3,3,0
3,9,6
3,4,1
2,2,0
2,2,0
1,24,23
2,2,0
2,2,0
2,2,0
2,2,0
3,9,6
1,2,1
1,1,0
3,3,0
2,2,0
2,17,15
0,0,0
8,22,14
2,2,0
2,2,0
4,4,0
2,2,0
3,6,3
2,3,1
2,4,2
9,9,0
0,0,0
2,2,0
2,2,0
72,118,46
1,1,0
2,2,0
2,2,0
3,3,0
3,9,6
1,1,0
2,2,0
2,2,0
3,3,0
2,96,94
3,8,5
23,23,0
1,3,2
2,2,0
0,0,0
3,7,4
4,4,0
3,3,0
2,2,0
3,3,0
38,38,0
2,2,0
2,19,17
2,2,0
2,6,4
1,1,0
2,2,0
11,11,0
3,3,0
3,5,2
2,4,2
2,6,4
2,2,0
2,2,0
2,2,0
2,2,0
2,2,0
2,6,4
5,6,1
2,2,0
2,2,0
2,2,0
2,2,0
9,9,0
2,13,11
2,17,15
2,2,0
3,4,1
3,3,0
2,2,0
2,4,2
2,6,4
8,8,0
87,103,16
1,2,1
0,0,0
9,9,0
1,1,0
2,4,2
2,2,0
2,2,0
8,8,0
1,2,1
2,3,1
1,1,0
1,1,0
3,11,8
3,3,0
2,8,6
3,3,0
2,2,0
8,8,0
3,5,2
1,21,20
2,2,0
2,4,2
3,21,18
3,8,5
13,25,12
4,4,0
1,5,4
2,2,0
0,0,0
1,5,4
3,3,0
2,3,1
3,6,3
1,1,0
8,8,0
4,4,0
2,2,0
4,5,1
3,8,5
3,3,0
3,3,0
2,7,5
2,4,2
8,8,0
2,2,0
3,3,0
3,3,0
2,2,0
3,3,0
3,5,2
2,2,0
2,8,6
2,2,0
2,5,3
3,3,0
2,17,15
2,2,0
4,4,0
2,4,2
0,0,0
1,2,1
2,2,0
2,2,0
2,9,7
0,0,0
2,2,0
9,9,0
3,3,0
3,5,2
2,2,0
2,2,0
1,1,0
3,3,0
3,5,2
3,3,0
3,3,0
3,3,0
9,9,0
3,3,0
2,2,0
1,13,12
2,4,2
0,0,0
4,4,0
2,2,0
2,6,4
2,4,2
2,2,0
3,6,3
3,3,0
2,2,0
3,3,0
2,2,0
2,3,1
0,0,0
2,2,0
2,2,0
2,2,0
2,3,1
2,2,0
34,34,0
1,3,2
1,7,6
2,2,0
2,2,0
233,235,2
2,2,0
4,6,2
1,5,4
2,2,0
3,7,4
2,2,0
3,7,4
1,3,2
2,2,0
1,11,10
1,2,1
3,3,0
0,0,0
2,5,3
2,2,0
0,0,0
6,6,0
2,2,0
1,2,1
2,2,0
1,1,0
3,6,3
2,6,4
2,2,0
9,9,0
2,2,0
2,3,1
3,12,9
2,4,2
3,24,21
2,2,0
1,2,1
3,10,7
2,2,0
2,2,0
1,1,0
3,3,0
2,9,7
13,48,35
2,2,0
2,2,0
3,3,0
2,2,0
2,2,0
2,2,0
2,2,0
0,0,0
1,3,2
0,0,0
8,10,2
2,2,0
2,2,0
2,2,0
3,6,3
5,9,4
69,169,100
2,86,84
3,3,0
3,7,4
3,3,0
11,22,11
2,2,0
48,48,0
2,2,0
2,2,0
1,26,25
2,2,0
2,2,0
1,26,25
2,3,1
3,5,2
2,3,1
2,4,2
2,8,6
2,2,0
2,2,0
2,4,2
3,3,0
2,2,0
2,11,9
1,1,0
1,4,3
2,4,2
1,28,27
8,11,3
2,2,0
5,5,0
3,3,0
6,11,5
3,5,2
9,9,0
2,2,0
5,5,0
3,5,2
3,7,4
3,3,0
3,3,0
8,8,0
2,6,4
0,0,0
2,2,0
2,2,0
51,51,0
2,2,0
3,9,6
2,4,2
4,4,0
3,5,2
2,2,0
2,2,0
3,5,2
3,3,0
2,2,0
4,4,0
11,15,4
2,2,0
2,2,0
2,2,0
8,8,0
3,13,10
9,9,0
2,2,0
2,2,0
2,2,0
3,3,0
2,2,0
2,2,0
2,2,0
2,3,1
2,2,0
3,4,1
1,2,1
0,0,0
2,2,0
9,9,0
8,13,5
2,2,0
2,2,0
1,1,0
2,2,0
2,3,1
2,2,0
2,2,0
3,5,2
3,3,0
2,2,0
1,1,0
2,2,0
3,7,4
1,3,2
1,8,7
3,22,19
3,3,0
7,7,0
2,4,2
2,2,0
0,0,0
1,1,0
8,8,0
3,24,21
3,3,0
2,2,0
2,2,0
3,8,5
4,4,0
16,16,0
2,4,2
2,4,2
2,16,14
3,3,0
1,2,1
9,9,0
2,2,0
6,6,0
3,6,3
2,4,2
1,4,3
2,2,0
3,7,4
2,2,0
2,2,0
2,2,0
3,3,0
2,2,0
2,11,9
2,82,80
2,2,0
3,6,3
2,2,0
2,2,0
2,41,39
2,2,0
2,2,0
2,4,2
2,9,7
1,12,11
3,3,0
2,2,0
2,2,0
1,2,1
3,3,0
3,3,0
3,7,4
2,2,0
2,2,0
3,3,0
3,7,4
1,1,0
2,2,0
9,15,6
2,12,10
75,76,1
2,2,0
2,2,0
2,2,0
3,3,0
2,2,0
2,4,2
2,2,0
2,2,0
1,1,0
6,6,0
1,3,2
2,2,0
0,0,0
2,2,0
2,2,0
2,6,4
9,9,0
2,2,0
2,2,0
2,2,0
1,2,1
3,5,2
1,2,1
2,82,80
2,2,0
2,2,0
2,2,0
2,4,2
2,2,0
2,2,0
1,2,1
8,8,0
2,2,0
17,17,0
1,2,1
2,3,1
2,2,0
2,2,0
2,4,2
3,3,0
2,3,1
3,3,0
2,21,19
2,2,0
5,8,3
2,4,2
2,3,1
2,2,0
3,3,0
3,7,4
2,2,0
3,3,0
2,2,0
2,9,7
3,9,6
2,2,0
2,2,0
2,2,0
1,2,1
4,4,0
3,3,0
3,5,2
2,4,2
3,3,0
2,2,0
1,1,0
2,2,0
8,8,0
2,2,0
6,6,0
3,3,0
10,10,0
2,6,4
2,2,0
2,2,0
3,9,6
2,2,0
4,4,0
8,8,0
0,0,0
2,6,4
9,9,0
11,11,0
3,3,0
2,6,4
2,2,0
2,12,10
3,3,0
1,1,0
2,2,0
3,3,0
3,5,2
8,8,0
2,2,0
2,4,2
1,1,0
7,7,0
2,2,0
3,3,0
3,5,2
3,3,0
3,3,0
2,4,2
2,2,0
2,2,0
2,2,0
2,89,87
2,2,0
2,11,9
3,3,0
3,5,2
2,2,0
3,3,0
2,6,4
101,126,25
2,2,0
2,4,2
1,1,0
2,2,0
2,2,0
3,3,0
2,2,0
3,3,0
1,20,19
2,2,0
2,2,0
2,4,2
3,3,0
3,5,2
2,2,0
2,2,0
2,2,0
6,6,0
3,21,18
3,5,2
2,3,1
29,32,3
2,2,0
1,1,0
2,3,1
2,2,0
23,23,0
2,2,0
2,2,0
2,4,2
2,4,2
2,82,80
2,2,0
3,3,0
3,5,2
2,3,1
2,2,0
2,2,0
16,16,0
3,3,0
2,2,0
7,7,0
2,6,4
2,2,0
2,2,0
2,2,0
3,3,0
3,16,13
51,51,0
3,3,0
3,3,0
3,3,0
2,3,1
1,2,1
9,28,19
1,1,0
3,5,2
0,0,0
3,3,0
5,5,0
1,1,0
2,2,0
3,7,4
1,1,0
2,3,1
1,1,0
2,2,0
2,2,0
2,2,0
9,9,0
2,2,0
9,9,0
3,3,0
8,8,0
2,20,18
20,20,0
3,3,0
94,94,0
2,2,0
2,26,24
3,5,2
2,2,0
4,4,0
9,9,0
2,2,0
1,2,1
1,8,7
2,2,0
9,11,2
4,4,0
2,2,0
3,5,2
2,2,0
2,2,0
1,1,0
2,2,0
3,9,6
1,2,1
2,2,0
23,23,0
2,2,0
3,3,0
2,2,0
8,24,16
32,32,0
2,2,0
2,6,4
3,3,0
6,6,0
2,2,0
15,16,1
1,1,0
2,4,2
2,2,0
2,2,0
11,11,0
2,4,2
1,1,0
2,2,0
1,1,0
2,4,2
2,2,0
60,60,0
2,2,0
5,10,5
2,3,1
2,5,3
1,1,0
8,8,0
2,3,1
2,2,0
19,19,0
2,4,2
3,12,9
3,7,4
2,2,0
2,4,2
3,3,0
3,5,2
0,0,0
3,3,0
0,0,0
3,3,0
3,3,0
2,2,0
2,18,16
11,11,0
2,2,0
10,10,0
3,5,2
2,2,0
2,2,0
8,18,10
3,3,0
2,2,0
1,1,0
1,2,1
6,6,0
3,3,0
2,3,1
3,3,0
3,3,0
3,3,0
2,2,0
1,1,0
1,1,0
3,6,3
2,4,2
5,5,0
2,2,0
4,4,0
2,2,0
0,0,0
1,2,1
1,1,0
3,3,0
3,11,8
2,2,0
2,2,0
1,2,1
2,2,0
1,1,0
2,3,1
2,2,0
3,3,0
1,2,1
6,6,0
3,5,2
2,2,0
2,6,4
3,3,0
3,4,1
6,6,0
2,2,0
3,5,2
2,2,0
2,2,0
2,2,0
7,34,27
1,1,0
2,2,0
3,6,3
3,3,0
3,3,0
3,5,2
3,6,3
2,2,0
3,5,2
2,2,0
2,11,9
1,64,63
3,3,0
2,2,0
3,3,0
2,2,0
2,4,2
4,4,0
16,22,6
2,2,0
2,2,0
9,9,0
4,4,0
9,9,0
2,2,0
3,3,0
3,3,0
0,0,0
2,2,0
1,1,0
2,2,0
2,7,5
3,4,1
1,2,1
2,2,0
9,9,0
3,3,0
2,2,0
1,1,0
2,7,5
12,12,0
2,4,2
3,5,2
0,0,0
2,9,7
1,21,20
3,5,2
2,2,0
14,14,0
3,5,2
1,1,0
2,2,0
2,2,0
2,2,0
2,2,0
2,2,0
2,4,2
3,5,2
4,4,0
3,12,9
3,3,0
3,3,0
3,7,4
1,1,0
2,2,0
3,76,73
3,3,0
3,3,0
1,1,0
2,2,0
3,3,0
2,4,2
2,6,4
2,2,0
2,8,6
2,28,26
3,3,0
3,3,0
1,1,0
2,2,0
1,1,0
45,46,1
3,3,0
2,2,0
3,3,0
2,5,3
1,1,0
2,11,9
3,9,6
2,2,0
3,6,3
2,6,4
2,2,0
1,10,9
1,85,84
3,3,0
2,2,0
3,5,2
0,0,0
2,2,0
2,2,0
3,4,1
0,0,0
2,2,0
3,3,0
3,5,2
1,1,0
3,3,0
1,1,0
2,2,0
3,5,2
1,2,1
2,2,0
3,3,0
3,11,8
2,6,4
1,2,1
3,3,0
2,2,0
2,2,0
2,2,0
3,6,3
1,5,4
2,4,2
1,2,1
3,7,4
1,2,1
1,7,6
1,1,0
2,2,0
2,4,2
0,0,0
2,2,0
2,4,2
3,8,5
3,3,0
18,306,288
1,61,60
2,2,0
2,4,2
2,2,0
1,25,24
2,5,3
69,71,2
65,65,0
11,11,0
3,3,0
2,2,0
3,5,2
2,2,0
3,8,5
2,4,2
2,2,0
2,2,0
2,6,4
1,1,0
2,2,0
2,2,0
2,2,0
2,2,0
7,7,0
3,3,0
1,3,2
3,3,0
3,3,0
1,25,24
20,20,0
4,4,0
3,4,1
3,3,0
3,3,0
3,5,2
2,2,0
2,2,0
2,6,4
2,2,0
1,2,1
2,2,0
3,3,0
8,8,0
3,3,0
22,22,0
3,10,7
2,2,0
3,10,7
1,1,0
100,100,0
2,2,0
3,6,3
1,2,1
3,3,0
2,2,0
2,4,2
2,4,2
2,2,0
4,15,11
2,2,0
2,2,0
9,9,0
51,125,74
40,45,5
4,4,0
2,3,1
2,3,1
2,10,8
2,3,1
2,3,1
2,2,0
11,11,0
2,2,0
3,7,4
12,13,1
51,51,0
3,3,0
1,2,1
3,3,0
2,2,0
2,2,0
2,17,15
84,92,8
2,4,2
2,2,0
3,32,29
3,3,0
3,7,4
2,2,0
4,4,0
5,10,5
0,0,0
10,10,0
3,3,0
3,5,2
3,3,0
2,2,0
2,64,62
3,8,5
2,2,0
2,82,80
2,4,2
2,2,0
2,2,0
3,5,2
0,0,0
3,3,0
3,4,1
2,2,0
1,21,20
7,7,0
2,2,0
2,2,0
100,104,4
2,2,0
2,2,0
1,1,0
1,2,1
2,4,2
11,11,0
8,8,0
3,5,2
2,2,0
2,2,0
3,3,0
2,80,78
2,82,80
2,2,0
8,8,0
5,5,0
2,2,0
3,3,0
3,9,6
1,1,0
1,4,3
2,6,4
2,4,2
2,2,0
2,6,4
2,2,0
2,2,0
1,1,0
135,192,57
3,3,0
2,2,0
3,9,6
2,2,0
3,6,3
1,22,21
2,5,3
3,5,2
2,6,4
2,3,1
2,2,0
3,3,0
1,1,0
2,2,0
2,2,0
11,11,0
8,8,0
3,3,0
2,2,0
1,28,27
1,1,0
2,3,1
2,14,12
2,9,7
3,3,0
1,2,1
15,17,2
2,2,0
1,1,0
2,2,0
8,8,0
2,3,1
2,2,0
9,9,0
3,26,23
2,2,0
11,11,0
3,7,4
2,19,17
2,2,0
0,0,0
2,2,0
2,2,0
3,118,115
12,12,0
0,0,0
2,5,3
1,8,7
3,3,0
3,5,2
3,3,0
3,3,0
3,3,0
1,1,0
1,5,4
3,6,3
3,3,0
2,3,1
7,7,0
8,8,0
3,9,6
1,1,0
8,24,16
2,4,2
3,3,0
2,2,0
1,1,0
2,2,0
5,5,0
16,16,0
3,5,2
3,3,0
2,2,0
8,8,0
2,2,0
24,173,149
2,5,3
2,2,0
2,2,0
0,0,0
24,24,0
2,2,0
4,4,0
2,2,0
299,299,0
3,3,0
2,2,0
1,1,0
2,2,0
5,22,17
2,2,0
2,13,11
1,31,30
1,2,1
3,5,2
3,3,0
2,8,6
3,3,0
3,5,2
2,6,4
2,2,0
4,6,2
20,20,0
2,2,0
2,6,4
2,6,4
0,0,0
2,2,0
1,2,1
1,2,1
3,3,0
2,4,2
2,2,0
6,6,0
3,6,3
6,6,0
38,38,0
2,2,0
1,1,0
2,2,0
3,5,2
2,2,0
3,8,5
3,5,2
3,5,2
2,4,2
2,2,0
2,3,1
3,3,0
3,3,0
2,2,0
2,2,0
4,4,0
2,4,2
1,1,0
2,2,0
2,3,1
2,80,78
2,2,0
1,26,25
3,27,24
2,4,2
1,1,0
3,5,2
84,84,0
2,2,0
3,5,2
2,2,0
2,2,0
3,3,0
2,2,0
3,5,2
2,27,25
2,2,0
8,8,0
3,5,2
2,2,0
2,2,0
2,2,0
3,5,2
3,4,1
3,3,0
2,2,0
2,4,2
2,12,10
100,104,4
10,10,0
0,0,0
2,3,1
52,52,0
2,2,0
2,4,2
3,3,0
9,28,19
3,7,4
2,2,0
1,1,0
2,4,2
2,2,0
3,3,0
2,2,0
4,4,0
2,16,14
2,4,2
2,2,0
2,7,5
3,3,0
2,4,2
2,2,0
2,2,0
2,2,0
2,2,0
2,2,0
2,2,0
2,8,6
2,4,2
9,9,0
2,8,6
3,5,2
1,9,8
9,9,0
0,0,0
1,2,1
2,2,0
2,9,7
12,12,0
3,7,4
3,6,3
3,4,1
3,3,0
2,2,0
2,2,0
2,5,3
2,2,0
2,2,0
3,3,0
10,20,10
0,0,0
2,2,0
2,4,2
2,4,2
1,2,1
3,7,4
2,2,0
1,2,1
3,18,15
2,2,0
2,2,0
9,9,0
2,2,0
11,11,0
1,1,0
3,3,0
8,8,0
2,2,0
4,5,1
80,125,45
1,2,1
2,3,1
2,2,0
1,3,2
2,3,1
2,3,1
11,11,0
2,2,0
8,8,0
3,3,0
2,3,1
2,2,0
2,36,34
3,5,2
4,4,0
1,1,0
2,2,0
3,3,0
1,2,1
3,16,13
3,7,4
3,29,26
11,13,2
2,2,0
1,1,0
3,3,0
1,2,1
2,2,0
3,3,0
0,0,0
3,5,2
8,8,0
2,2,0
12,14,2
107,107,0
0,0,0
22,22,0
2,2,0
1,16,15
5,5,0
2,2,0
2,97,95
2,2,0
2,4,2
8,16,8
3,3,0
37,99,62
120,120,0
3,5,2
2,2,0
3,8,5
2,2,0
3,3,0
5,5,0
2,2,0
2,2,0
1,2,1
1,2,1
3,3,0
3,5,2
3,3,0
8,8,0
9,9,0
3,5,2
2,4,2
3,7,4
2,2,0
2,2,0
0,0,0
2,2,0
2,4,2
2,2,0
3,3,0
2,2,0
2,2,0
2,2,0
51,51,0
2,2,0
1,8,7
2,10,8
2,2,0
2,2,0
0,0,0
2,3,1
2,2,0
2,2,0
3,5,2
2,3,1
2,2,0
8,8,0
3,3,0
1,1,0
0,0,0
11,31,20
2,2,0
2,2,0
2,2,0
2,2,0
3,3,0
2,4,2
10,20,10
3,5,2
2,2,0
3,5,2
2,2,0
3,3,0
90,90,0
1,1,0
3,3,0
2,2,0
69,69,0
2,2,0
2,3,1
1,6,5
1,1,0
3,3,0
2,2,0
3,3,0
8,8,0
2,2,0
3,6,3
3,8,5
2,3,1
2,45,43
3,7,4
1,2,1
2,2,0
16,16,0
2,2,0
3,5,2
2,3,1
1,2,1
2,4,2
0,0,0
2,2,0
9,9,0
3,5,2
1,86,85
18,18,0
6,6,0
3,4,1
2,4,2
2,2,0
5,5,0
2,5,3
2,3,1
1,1,0
8,16,8
2,6,4
2,2,0
2,2,0
2,2,0
2,2,0
1,2,1
9,9,0
3,3,0
3,3,0
7,7,0
3,3,0
2,2,0
3,3,0
3,3,0
1,4,3
3,3,0
3,10,7
2,2,0
0,0,0
1,3,2
2,2,0
3,27,24
3,5,2
1,2,1
3,8,5
2,4,2
2,2,0
2,2,0
2,2,0
2,2,0
1,4,3
2,2,0
3,3,0
4,4,0
3,15,12
2,4,2
2,2,0
11,11,0
2,13,11
1,2,1
37,39,2
3,5,2
4,10,6
3,3,0
2,2,0
4,5,1
1,2,1
1,1,0
21,21,0
11,11,0
2,3,1
2,46,44
3,3,0
1,3,2
0,0,0
2,4,2
2,2,0
2,2,0
2,2,0
2,2,0
3,3,0
2,2,0
2,4,2
6,6,0
3,3,0
63,63,0
1,1,0
8,8,0
3,4,1
2,3,1
3,5,2
1,1,0
2,2,0
2,2,0
8,8,0
1,1,0
3,3,0
12,12,0
2,2,0
2,8,6
1,7,6
2,2,0
2,2,0
2,2,0
3,3,0
2,2,0
8,8,0
9,17,8
2,2,0
2,2,0
20,20,0
1,2,1
2,2,0
3,20,17
3,5,2
3,5,2
2,4,2
3,3,0
3,3,0
4,4,0
3,3,0
2,2,0
11,11,0
1,9,8
2,2,0
3,7,4
1,20,19
2,2,0
2,2,0
3,3,0
3,5,2
8,8,0
2,2,0
3,3,0
3,3,0
2,2,0
2,2,0
2,3,1
2,2,0
3,3,0
2,2,0
7,8,1
9,9,0
51,74,23
2,2,0
14,14,0
2,5,3
2,2,0
8,8,0
2,2,0
2,4,2
3,5,2
10,10,0
2,2,0
2,48,46
2,2,0
8,8,0
1,3,2
3,8,5
2,2,0
1,1,0
2,2,0
100,173,73
3,4,1
1,1,0
9,9,0
2,2,0
1,20,19
2,2,0
1,1,0
1,1,0
2,2,0
2,2,0
3,6,3
3,24,21
3,3,0
2,19,17
1,27,26
2,2,0
1,22,21
3,5,2
7,7,0
2,6,4
1,1,0
2,2,0
3,6,3
3,3,0
2,2,0
1,1,0
2,2,0
8,8,0
5,5,0
2,2,0
2,2,0
1,1,0
2,21,19
3,12,9
8,8,0
2,4,2
3,3,0
2,4,2
2,2,0
2,5,3
2,9,7
2,2,0
3,3,0
1,2,1
2,4,2
3,3,0
8,8,0
2,2,0
3,76,73
0,0,0
3,12,9
2,2,0
5,5,0
9,9,0
2,2,0
1,1,0
3,5,2
14,14,0
3,3,0
2,2,0
2,2,0
2,2,0
3,165,162
2,2,0
8,8,0
3,3,0
1,2,1
2,2,0
2,10,8
2,4,2
3,3,0
3,3,0
3,3,0
2,2,0
2,4,2
2,54,52
1,1,0
2,2,0
20,22,2
89,94,5
3,3,0
2,8,6
87,92,5
2,2,0
2,3,1
2,2,0
3,3,0
3,5,2
2,80,78
3,3,0
1,6,5
33,33,0
3,3,0
2,2,0
3,3,0
2,6,4
22,22,0
2,2,0
2,4,2
3,3,0
1,2,1
3,6,3
3,11,8
3,3,0
9,9,0
2,2,0
2,6,4
3,14,11
3,5,2
3,3,0
2,5,3
24,136,112
2,2,0
2,2,0
2,2,0
0,0,0
2,2,0
2,2,0
0,0,0
17,17,0
1,2,1
4,11,7
2,3,1
2,2,0
2,6,4
3,3,0
3,5,2
2,2,0
2,2,0
3,5,2
2,3,1
2,2,0
2,2,0
26,26,0
2,6,4
6,64,58
2,2,0
2,2,0
2,2,0
8,8,0
2,28,26
2,2,0
3,3,0
2,3,1
2,2,0
3,5,2
2,3,1
3,5,2
3,3,0
20,28,8
1,3,2
2,2,0
3,4,1
3,3,0
2,6,4
2,2,0
2,2,0
2,2,0
2,2,0
3,3,0
2,2,0
3,3,0
3,7,4
3,5,2
2,8,6
8,8,0
2,45,43
2,2,0
2,4,2
22,22,0
2,2,0
2,10,8
3,5,2
2,2,0
11,11,0
3,3,0
2,2,0
8,8,0
2,2,0
2,6,4
3,9,6
2,2,0
3,3,0
8,8,0
3,5,2
20,69,49
88,101,13
3,5,2
3,15,12
17,18,1
15,15,0
11,11,0
2,2,0
2,2,0
3,3,0
2,2,0
3,3,0
3,5,2
2,2,0
0,0,0
2,2,0
4,4,0
2,2,0
2,4,2
2,2,0
2,2,0
4,6,2
2,4,2
3,3,0
2,2,0
1,3,2
2,2,0
2,8,6
2,2,0
2,27,25
3,21,18
2,2,0
1,2,1
2,2,0
3,3,0
2,2,0
2,2,0
52,108,56
3,6,3
8,16,8
2,2,0
8,8,0
3,3,0
3,5,2
2,2,0
2,4,2
82,82,0
2,2,0
2,22,20
2,2,0
2,2,0
1,3,2
3,8,5
2,18,16
4,4,0
2,2,0
3,3,0
2,11,9
10,10,0
136,232,96
2,2,0
2,2,0
1,2,1
2,2,0
4,4,0
0,0,0
3,3,0
2,2,0
1,1,0
3,3,0
2,4,2
3,3,0
2,2,0
1,1,0
1,3,2
2,2,0
2,2,0
2,2,0
9,9,0
2,2,0
2,2,0
3,3,0
0,0,0
2,6,4
2,2,0
1,1,0
2,7,5
10,10,0
2,3,1
2,2,0
2,120,118
2,10,8
2,2,0
2,2,0
10,10,0
36,36,0
3,3,0
2,4,2
0,0,0
11,11,0
10,10,0
2,2,0
2,8,6
3,7,4
0,0,0
2,2,0
1,3,2
0,0,0
2,4,2
100,100,0
2,5,3
3,3,0
3,3,0
2,2,0
3,7,4
2,7,5
2,2,0
8,8,0
2,6,4
2,5,3
7,8,1
3,5,2
0,0,0
1,2,1
1,65,64
1,1,0
2,2,0
3,3,0
2,2,0
9,9,0
1,2,1
28,45,17
2,2,0
3,5,2
2,2,0
5,14,9
3,5,2
3,9,6
2,2,0
6,6,0
3,3,0
2,2,0
8,8,0
4,6,2
2,7,5
3,3,0
6,6,0
3,7,4
2,2,0
0,0,0
2,4,2
0,0,0
2,2,0
2,3,1
8,8,0
2,2,0
2,3,1
2,2,0
3,9,6
2,15,13
3,13,10
2,2,0
2,13,11
2,4,2
8,8,0
3,37,34
2,16,14
0,0,0
2,4,2
40,45,5
36,36,0
8,8,0
11,11,0
0,0,0
4,4,0
4,4,0
9,9,0
3,3,0
3,4,1
2,45,43
3,7,4
8,13,5
2,113,111
2,2,0
2,2,0
3,3,0
1,5,4
4,4,0
3,4,1
2,5,3
9,9,0
3,3,0
2,2,0
2,2,0
0,0,0
8,8,0
2,2,0
3,7,4
2,4,2
2,2,0
3,5,2
4,5,1
0,0,0
3,3,0
2,2,0
2,2,0
2,2,0
2,2,0
1,2,1
2,2,0
1,14,13
2,4,2
2,11,9
1,1,0
4,17,13
45,45,0
8,8,0
9,9,0
3,25,22
1,11,10
8,8,0
8,8,0
2,2,0
3,7,4
1,80,79
3,5,2
2,2,0
1,2,1
100,100,0
3,3,0
1,21,20
4,4,0
31,31,0
2,2,0
3,8,5
2,2,0
2,2,0
3,6,3
3,13,10
3,10,7
1,1,0
2,4,2
9,9,0
2,2,0
2,2,0
1,1,0
3,5,2
2,2,0
3,3,0
2,2,0
3,7,4
3,3,0
9,9,0
45,45,0
2,2,0
2,10,8
21,21,0
2,2,0
3,4,1
1,1,0
2,2,0
8,8,0
2,2,0
2,2,0
2,2,0
0,0,0
2,8,6
2,2,0
3,3,0
2,25,23
1,9,8
13,13,0
2,2,0
2,2,0
2,6,4
0,0,0
2,2,0
3,3,0
3,3,0
3,3,0
3,3,0
11,11,0
1,2,1
2,6,4
3,3,0
0,0,0
2,7,5
2,2,0
2,2,0
3,3,0
2,4,2
2,2,0
3,6,3
7,10,3
2,2,0
3,5,2
3,3,0
3,3,0
2,8,6
2,6,4
1,1,0
3,7,4
2,2,0
2,95,93
2,6,4
3,9,6
2,4,2
96,128,32
2,4,2
4,11,7
2,4,2
3,3,0
2,2,0
2,2,0
14,14,0
2,80,78
2,2,0
2,15,13
2,2,0
3,3,0
2,4,2
6,23,17
2,2,0
3,8,5
2,2,0
2,2,0
2,2,0
3,3,0
9,9,0
5,5,0
2,2,0
3,3,0
0,0,0
0,0,0
2,2,0
29,32,3
2,6,4
2,2,0
3,3,0
14,14,0
1,5,4
8,8,0
11,11,0
1,2,1
3,4,1
1,1,0
3,4,1
2,2,0
2,2,0
3,9,6
3,3,0
22,22,0
0,0,0
2,2,0
8,8,0
1,2,1
1,8,7
3,3,0
2,19,17
2,2,0
8,24,16
2,9,7
1,2,1
3,3,0
2,2,0
2,2,0
1,29,28
51,51,0
3,3,0
1,1,0
2,80,78
192,192,0
2,2,0
2,2,0
3,3,0
4,4,0
3,7,4
2,2,0
2,2,0
2,2,0
2,2,0
2,2,0
2,2,0
1,2,1
2,2,0
2,16,14
2,3,1
3,7,4
3,7,4
51,53,2
3,7,4
2,2,0
9,9,0
3,3,0
1,1,0
3,15,12
3,3,0
2,2,0
2,4,2
2,2,0
3,3,0
3,3,0
2,2,0
2,200,198
3,5,2
2,2,0
0,0,0
2,2,0
10,10,0
2,4,2
1,22,21
3,10,7
2,2,0
2,2,0
15,15,0
2,2,0
2,2,0
4,4,0
3,3,0
2,2,0
2,2,0
2,4,2
9,9,0
0,0,0
50,55,5
8,8,0
3,3,0
9,9,0
3,5,2
2,4,2
6,6,0
2,45,43
2,2,0
2,2,0
2,2,0
3,7,4
2,16,14
3,5,2
2,2,0
9,9,0
2,6,4
9,9,0
3,5,2
2,2,0
2,2,0
3,3,0
9,9,0
2,2,0
2,2,0
3,9,6
2,2,0
2,2,0
0,0,0
2,5,3
0,0,0
3,6,3
2,2,0
9,9,0
2,3,1
2,3,1
1,11,10
5,5,0
2,2,0
2,2,0
2,38,36
2,2,0
2,4,2
3,9,6
5,5,0
3,3,0
51,51,0
8,8,0
1,2,1
3,21,18
2,2,0
2,2,0
8,8,0
2,11,9
2,4,2
32,32,0
1,4,3
2,2,0
8,8,0
3,3,0
2,2,0
2,2,0
8,8,0
3,5,2
3,6,3
2,2,0
3,3,0
2,2,0
3,3,0
2,2,0
2,4,2
2,2,0
14,15,1
2,2,0
5,5,0
1,5,4
3,12,9
2,4,2
2,63,61
3,3,0
2,2,0
2,2,0
71,71,0
2,4,2
6,6,0
2,2,0
2,2,0
2,2,0
3,3,0
3,5,2
2,2,0
8,12,4
2,2,0
2,2,0
2,2,0
2,2,0
2,2,0
2,2,0
2,2,0
3,5,2
57,57,0
3,5,2
0,0,0
8,8,0
2,2,0
3,23,20
1,3,2
0,0,0
0,0,0
2,2,0
2,4,2
6,6,0
2,2,0
2,9,7
2,2,0
1,1,0
3,7,4
2,2,0
45,47,2
1,4,3
2,2,0
3,3,0
2,2,0
51,51,0
2,2,0
2,2,0
2,2,0
2,2,0
3,3,0
3,3,0
2,4,2
3,3,0
79,79,0
3,3,0
2,2,0
2,4,2
2,2,0
3,6,3
9,9,0
0,0,0
11,11,0
0,0,0
2,2,0
2,14,12
2,2,0
2,2,0
3,7,4
2,2,0
25,34,9
2,28,26
3,5,2
2,6,4
0,0,0
3,3,0
1,3,2
2,2,0
12,12,0
3,5,2
2,2,0
2,4,2
2,5,3
8,8,0
3,5,2
6,11,5
1,25,24
3,5,2
2,2,0
2,2,0
3,3,0
2,82,80
1,118,117
2,2,0
1,2,1
2,3,1
2,4,2
2,19,17
1,1,0
2,2,0
1,1,0
3,3,0
9,9,0
3,3,0
2,9,7
8,8,0
3,8,5
6,6,0
3,5,2
8,8,0
3,14,11
3,5,2
3,9,6
18,18,0
3,9,6
2,2,0
2,5,3
2,2,0
3,6,3
2,2,0
8,8,0
8,8,0
2,2,0
2,4,2
2,8,6
8,8,0
2,2,0
2,2,0
2,2,0
2,2,0
3,5,2
3,3,0
3,7,4
2,4,2
2,2,0
1,1,0
2,2,0
8,8,0
3,3,0
0,0,0
3,5,2
2,2,0
2,2,0
1,2,1
1,1,0
3,3,0
7,7,0
3,5,2
5,5,0
2,2,0
8,8,0
3,4,1
2,2,0
3,19,16
2,2,0
3,3,0
2,2,0
3,3,0
4,4,0
2,2,0
3,7,4
2,48,46
3,5,2
250,330,80
3,3,0
2,2,0
2,25,23
9,9,0
2,2,0
98,98,0
3,3,0
11,32,21
2,4,2
8,8,0
3,3,0
3,3,0
3,5,2
2,2,0
2,2,0
2,2,0
2,2,0
1,2,1
3,11,8
1,2,1
22,22,0
2,2,0
2,2,0
3,3,0
16,16,0
2,2,0
100,100,0
2,97,95
4,4,0
2,2,0
2,2,0
3,3,0
2,2,0
2,111,109
47,106,59
2,2,0
8,8,0
9,9,0
2,2,0
3,3,0
2,4,2
3,5,2
3,3,0
3,3,0
2,2,0
3,7,4
3,3,0
2,2,0
2,2,0
23,23,0
2,2,0
18,18,0
2,2,0
1,26,25
2,2,0
2,2,0
2,2,0
3,7,4
2,2,0
3,3,0
2,2,0
0,0,0
1,1,0
1,2,1
3,3,0
2,73,71
2,2,0
2,7,5
3,5,2
2,4,2
3,3,0
5,8,3
3,5,2
3,23,20
2,8,6
54,58,4
2,17,15
3,14,11
8,8,0
2,21,19
2,2,0
2,2,0
2,10,8
2,2,0
4,4,0
1,1,0
4,4,0
2,2,0
6,6,0
2,2,0
1,2,1
3,4,1
2,2,0
2,4,2
3,3,0
0,0,0
2,2,0
3,5,2
2,2,0
1,2,1
2,2,0
129,236,107
3,5,2
4,47,43
2,2,0
2,2,0
2,2,0
3,3,0
2,4,2
2,8,6
4,4,0
3,11,8
2,2,0
2,2,0
2,2,0
2,4,2
47,49,2
1,2,1
2,2,0
2,2,0
2,2,0
3,3,0
86,86,0
2,2,0
1,1,0
3,5,2
3,3,0
2,2,0
1,2,1
1,1,0
3,7,4
2,2,0
2,2,0
2,2,0
2,5,3
3,6,3
2,6,4
3,7,4
2,4,2
3,6,3
2,5,3
1,24,23
2,2,0
8,8,0
2,2,0
2,4,2
2,4,2
0,0,0
2,2,0
0,0,0
2,2,0
2,2,0
2,2,0
2,2,0
2,2,0
2,2,0
2,11,9
3,3,0
2,2,0
3,7,4
2,2,0
2,2,0
3,3,0
1,1,0
3,3,0
2,11,9
3,3,0
77,112,35
3,3,0
3,3,0
3,3,0
0,0,0
2,4,2
3,10,7
3,5,2
2,2,0
3,3,0
2,4,2
2,2,0
129,236,107
2,2,0
3,3,0
0,0,0
3,10,7
2,2,0
2,2,0
1,24,23
8,8,0
3,7,4
2,8,6
3,5,2
2,2,0
9,9,0
3,5,2
3,7,4
1,1,0
90,90,0
3,5,2
1,75,74
1,5,4
2,4,2
3,3,0
2,4,2
2,2,0
106,106,0
2,2,0
2,2,0
2,4,2
1,5,4
2,2,0
2,2,0
3,7,4
2,35,33
2,2,0
2,34,32
1,4,3
3,11,8
3,3,0
0,0,0
2,8,6
2,4,2
3,3,0
3,5,2
2,2,0
11,11,0
2,8,6
8,8,0
3,3,0
2,2,0
2,2,0
2,2,0
1,1,0
67,67,0
3,6,3
9,9,0
6,6,0
2,6,4
2,2,0
1,2,1
2,3,1
2,2,0
3,3,0
3,6,3
3,3,0
2,13,11
4,4,0
2,2,0
2,2,0
3,11,8
3,3,0
1,1,0
2,2,0
1,4,3
1,2,1
2,3,1
3,5,2
3,3,0
2,2,0
0,0,0
27,27,0
2,2,0
3,3,0
2,2,0
1,3,2
2,2,0
9,9,0
3,3,0
2,2,0
3,3,0
8,8,0
1,2,1
2,2,0
2,2,0
2,2,0
3,3,0
3,3,0
2,2,0
1,7,6
2,2,0
3,6,3
2,2,0
4,4,0
9,9,0
2,2,0
2,2,0
2,2,0
6,9,3
1,3,2
100,108,8
2,6,4
9,9,0
2,2,0
3,5,2
2,4,2
3,3,0
15,15,0
43,45,2
9,9,0
2,2,0
2,2,0
2,2,0
2,2,0
3,3,0
2,4,2
18,18,0
1,2,1
2,2,0
4,13,9
9,9,0
2,2,0
2,4,2
8,8,0
2,7,5
2,2,0
4,20,16
2,2,0
2,5,3
2,2,0
1,5,4
10,10,0
3,3,0
2,2,0
2,2,0
9,9,0
2,6,4
10,17,7
1,10,9
9,9,0
2,15,13
2,2,0
2,2,0
44,45,1
2,2,0
3,3,0
3,3,0
1,1,0
2,2,0
2,4,2
3,5,2
3,3,0
2,2,0
5,5,0
22,22,0
3,19,16
2,2,0
5,5,0
3,3,0
5,8,3
7,9,2
1,9,8
3,5,2
5,15,10
2,4,2
2,2,0
3,5,2
3,3,0
1,1,0
90,90,0
2,2,0
0,0,0
2,2,0
2,2,0
2,2,0
2,3,1
11,11,0
51,51,0
9,9,0
2,2,0
11,11,0
3,3,0
3,7,4
4,5,1
3,5,2
3,5,2
1,1,0
7,7,0
2,2,0
4,8,4
2,2,0
2,2,0
2,2,0
2,2,0
3,5,2
2,2,0
2,2,0
3,29,26
3,9,6
1,1,0
2,8,6
148,148,0
2,4,2
3,3,0
2,2,0
9,9,0
2,2,0
3,5,2
3,13,10
1,2,1
5,32,27
4,4,0
2,2,0
2,2,0
3,5,2
2,2,0
2,2,0
5,6,1
2,2,0
8,8,0
2,2,0
2,4,2
3,7,4
1,2,1
3,3,0
3,5,2
3,13,10
2,2,0
15,15,0
2,3,1
1,2,1
1,26,25
8,8,0
3,11,8
77,79,2
2,2,0
4,4,0
2,7,5
3,7,4
2,2,0
0,0,0
1,1,0
9,9,0
12,13,1
2,2,0
3,3,0
19,19,0
3,3,0
2,6,4
3,3,0
2,2,0
2,2,0
3,5,2
2,2,0
2,4,2
3,3,0
2,2,0
2,2,0
2,2,0
3,5,2
2,2,0
1,1,0
3,5,2
2,3,1
100,104,4
2,2,0
4,6,2
2,2,0
3,7,4
2,2,0
3,14,11
2,2,0
10,10,0
2,2,0
1,31,30
2,2,0
2,5,3
8,8,0
80,80,0
2,2,0
6,6,0
0,0,0
2,3,1
1,21,20
8,16,8
3,3,0
2,2,0
11,11,0
2,2,0
6,13,7
2,2,0
2,2,0
3,3,0
2,2,0
12,12,0
2,7,5
2,2,0
2,2,0
8,8,0
3,7,4
2,2,0
3,3,0
2,2,0
3,3,0
2,2,0
2,2,0
9,52,43
2,2,0
2,2,0
1,1,0
2,2,0
3,3,0
2,2,0
1,1,0
2,3,1
3,8,5
2,8,6
5,5,0
3,7,4
2,2,0
2,6,4
3,3,0
1,1,0
3,7,4
4,13,9
2,2,0
1,1,0
2,2,0
2,2,0
2,2,0
10,10,0
8,8,0
2,2,0
3,10,7
7,9,2
3,3,0
2,2,0
3,3,0
1,2,1
100,100,0
2,2,0
2,2,0
2,2,0
2,3,1
2,2,0
3,3,0
33,36,3
5,11,6
2,2,0
2,2,0
2,2,0
3,5,2
3,3,0
2,2,0
3,5,2
8,8,0
12,13,1
14,14,0
3,5,2
12,12,0
3,3,0
4,9,5
2,2,0
2,4,2
2,11,9
2,5,3
19,19,0
3,6,3
2,2,0
2,13,11
3,3,0
2,2,0
1,1,0
1,4,3
2,2,0
2,2,0
9,9,0
2,2,0
2,2,0
3,3,0
3,3,0
11,11,0
2,2,0
2,4,2
2,2,0
2,2,0
6,6,0
3,3,0
4,4,0
2,3,1
2,2,0
8,8,0
2,2,0
2,2,0
3,3,0
2,2,0
4,4,0
2,47,45
0,0,0
2,2,0
2,2,0
3,7,4
2,2,0
2,2,0
2,10,8
9,16,7
2,5,3
1,4,3
1,24,23
0,0,0
3,5,2
2,4,2
2,2,0
2,2,0
1,3,2
3,3,0
2,2,0
3,3,0
2,2,0
2,4,2
2,2,0
2,2,0
1,1,0
51,51,0
3,5,2
2,56,54
2,45,43
3,5,2
2,2,0
3,5,2
3,3,0
2,2,0
51,51,0
2,7,5
3,6,3
0,0,0
2,2,0
2,2,0
3,3,0
2,2,0
100,100,0
2,2,0
27,27,0
2,2,0
2,2,0
2,6,4
5,26,21
2,2,0
3,7,4
1,1,0
3,3,0
3,16,13
2,30,28
3,3,0
2,2,0
3,5,2
2,2,0
3,3,0
0,0,0
2,2,0
2,82,80
2,2,0
2,2,0
3,3,0
2,2,0
2,3,1
2,17,15
1,6,5
3,8,5
2,2,0
2,2,0
3,7,4
9,9,0
2,2,0
2,2,0
3,3,0
2,8,6
2,2,0
1,2,1
8,8,0
2,2,0
3,3,0
2,2,0
2,5,3
1,7,6
3,3,0
5,5,0
2,4,2
4,4,0
7,7,0
3,5,2
0,0,0
1,2,1
2,4,2
2,2,0
49,53,4
17,19,2
1,1,0
2,5,3
3,7,4
3,7,4
2,5,3
2,2,0
2,4,2
2,2,0
0,0,0
1,1,0
2,2,0
1,1,0
2,2,0
2,2,0
1,2,1
3,5,2
2,2,0
3,8,5
4,4,0
1,19,18
98,98,0
2,2,0
2,2,0
2,2,0
3,5,2
3,3,0
0,0,0
2,7,5
1,2,1
3,8,5
3,3,0
7,7,0
2,2,0
2,2,0
2,2,0
3,8,5
2,18,16
3,3,0
3,5,2
2,2,0
3,4,1
2,2,0
2,2,0
2,2,0
3,10,7
1,3,2
4,4,0
3,3,0
2,6,4
2,4,2
1,1,0
3,5,2
2,2,0
2,49,47
9,17,8
2,2,0
3,3,0
1,2,1
2,4,2
2,2,0
1,1,0
3,5,2
1,44,43
12,12,0
3,3,0
2,2,0
10,10,0
3,3,0
11,13,2
2,4,2
3,3,0
2,2,0
0,0,0
0,0,0
8,51,43
2,2,0
8,8,0
1,1,0
2,4,2
2,4,2
3,3,0
2,29,27
3,5,2
2,2,0
2,3,1
2,2,0
2,2,0
2,41,39
9,9,0
2,2,0
21,21,0
2,2,0
2,5,3
1,2,1
1,1,0
2,2,0
3,3,0
2,17,15
2,8,6
42,42,0
21,21,0
1,22,21
2,2,0
2,2,0
2,2,0
3,3,0
56,56,0
3,18,15
2,2,0
100,100,0
24,24,0
1,21,20
2,2,0
2,2,0
1,22,21
2,10,8
2,2,0
2,2,0
3,3,0
3,3,0
2,2,0
8,8,0
8,8,0
2,4,2
2,2,0
2,2,0
1,3,2
2,2,0
8,8,0
2,4,2
2,4,2
3,5,2
6,6,0
2,2,0
4,47,43
2,2,0
1,4,3
2,2,0
1,22,21
2,2,0
2,2,0
1,1,0
8,21,13
3,3,0
2,2,0
22,22,0
2,10,8
50,50,0
3,5,2
2,2,0
2,2,0
2,15,13
8,8,0
3,3,0
2,2,0
2,2,0
2,2,0
2,2,0
2,9,7
2,2,0
8,8,0
2,3,1
0,0,0
2,2,0
3,5,2
2,2,0
2,2,0
2,6,4
2,2,0
3,7,4
2,4,2
2,2,0
2,2,0
5,5,0
3,5,2
2,2,0
2,2,0
2,2,0
3,3,0
2,2,0
3,3,0
3,5,2
1,1,0
3,3,0
9,9,0
6,35,29
3,5,2
2,18,16
4,32,28
2,2,0
9,9,0
39,39,0
2,2,0
4,4,0
3,5,2
5,24,19
23,116,93
22,22,0
2,2,0
2,2,0
2,2,0
1,2,1
3,3,0
2,2,0
11,11,0
2,9,7
3,3,0
3,3,0
2,2,0
1,1,0
6,8,2
0,0,0
3,3,0
5,18,13
2,8,6
24,25,1
2,82,80
2,2,0
6,6,0
2,4,2
2,4,2
2,2,0
2,2,0
2,2,0
2,4,2
0,0,0
3,5,2
3,5,2
3,3,0
2,2,0
10,10,0
2,4,2
2,2,0
2,2,0
2,82,80
2,2,0
3,5,2
2,2,0
2,2,0
2,2,0
2,2,0
4,7,3
2,2,0
2,2,0
2,4,2
1,1,0
3,3,0
36,36,0
3,5,2
2,2,0
3,5,2
4,47,43
3,3,0
2,2,0
10,17,7
1,5,4
2,9,7
3,5,2
2,2,0
3,5,2
2,2,0
2,2,0
3,7,4
2,4,2
1,7,6
0,0,0
2,122,120
2,21,19
2,2,0
4,6,2
2,2,0
2,4,2
2,2,0
2,2,0
2,2,0
3,5,2
1,5,4
9,9,0
1,5,4
3,18,15
2,2,0
0,0,0
22,22,0
2,2,0
2,2,0
2,2,0
2,2,0
2,69,67
3,3,0
2,2,0
3,4,1
9,9,0
1,1,0
0,0,0
2,2,0
3,7,4
0,0,0
2,2,0
2,4,2
2,2,0
42,42,0
1,1,0
10,12,2
2,50,48
3,3,0
0,0,0
3,3,0
3,3,0
2,2,0
2,3,1
2,2,0
3,3,0
2,7,5
2,2,0
2,2,0
1,3,2
3,5,2
1,1,0
3,3,0
3,3,0
2,2,0
3,3,0
2,4,2
8,8,0
2,2,0
2,2,0
3,4,1
2,2,0
2,2,0
10,10,0
3,5,2
1,2,1
2,2,0
2,4,2
3,5,2
2,2,0
3,3,0
2,2,0
2,2,0
2,2,0
22,22,0
3,13,10
1,2,1
14,14,0
3,8,5
1,2,1
10,10,0
3,5,2
2,2,0
0,0,0
6,6,0
2,4,2
20,20,0
100,100,0
3,5,2
3,3,0
2,2,0
2,2,0
1,2,1
2,2,0
2,2,0
2,2,0
2,2,0
3,3,0
2,2,0
3,5,2
0,0,0
3,3,0
0,0,0
3,5,2
3,3,0
21,104,83
3,3,0
2,14,12
2,4,2
3,7,4
4,7,3
3,8,5
2,2,0
2,2,0
2,2,0
2,2,0
2,2,0
3,3,0
0,0,0
4,8,4
2,2,0
2,2,0
1,5,4
4,4,0
3,24,21
2,82,80
3,3,0
2,2,0
2,2,0
2,2,0
2,2,0
2,2,0
1,24,23
2,2,0
3,5,2
3,3,0
3,3,0
3,3,0
3,4,1
9,9,0
2,2,0
2,4,2
1,1,0
2,4,2
3,3,0
2,2,0
2,6,4
3,6,3
2,3,1
3,7,4
4,4,0
349,380,31
3,3,0
2,7,5
3,16,13
2,13,11
1,20,19
2,10,8
2,4,2
3,3,0
3,4,1
2,2,0
3,6,3
2,2,0
2,2,0
1,2,1
1,4,3
9,9,0
3,6,3
3,3,0
2,11,9
2,12,10
1,1,0
9,9,0
2,2,0
2,46,44
3,3,0
2,2,0
8,8,0
2,2,0
1,1,0
2,5,3
1,1,0
4,4,0
0,0,0
2,2,0
6,6,0
3,3,0
2,2,0
1,66,65
2,2,0
2,5,3
2,2,0
0,0,0
3,3,0
3,3,0
17,17,0
2,2,0
2,4,2
2,2,0
3,5,2
2,2,0
2,2,0
2,2,0
0,0,0
3,7,4
2,2,0
2,11,9
1,2,1
2,52,50
9,9,0
2,4,2
2,2,0
2,13,11
3,8,5
2,3,1
2,2,0
8,8,0
5,5,0
3,3,0
2,7,5
2,2,0
1,1,0
3,3,0
2,4,2
2,2,0
3,14,11
2,4,2
6,6,0
2,2,0
3,3,0
147,147,0
3,6,3
2,2,0
2,2,0
2,2,0
2,2,0
2,3,1
4,5,1
2,2,0
3,7,4
8,8,0
3,3,0
2,2,0
1,39,38
3,6,3
8,8,0
2,2,0
1,2,1
100,100,0
5,18,13
7,10,3
3,3,0
3,9,6
2,2,0
2,80,78
2,2,0
0,0,0
2,2,0
1,2,1
3,3,0
2,2,0
2,2,0
2,2,0
6,6,0
1,2,1
2,2,0
4,4,0
2,4,2
3,3,0
3,6,3
2,2,0
8,8,0
3,13,10
3,7,4
4,4,0
2,2,0
0,0,0
2,2,0
2,5,3
2,4,2
3,4,1
2,4,2
2,2,0
53,53,0
19,51,32
0,0,0
2,5,3
2,2,0
9,9,0
3,8,5
1,1,0
2,4,2
3,3,0
9,9,0
3,7,4
4,4,0
1,1,0
2,2,0
3,3,0
31,33,2
2,2,0
1,1,0
2,2,0
9,9,0
3,8,5
26,26,0
3,4,1
2,6,4
2,2,0
51,74,23
3,3,0
3,5,2
0,0,0
2,2,0
46,51,5
3,3,0
2,2,0
1,1,0
3,6,3
2,2,0
2,2,0
3,5,2
2,4,2
2,2,0
0,0,0
2,5,3
2,2,0
3,3,0
2,2,0
2,2,0
2,3,1
2,5,3
3,3,0
2,2,0
3,3,0
3,3,0
2,2,0
1,14,13
6,6,0
2,4,2
2,2,0
3,7,4
3,3,0
2,2,0
9,9,0
2,4,2
1,4,3
2,2,0
2,2,0
3,3,0
1,2,1
2,2,0
2,4,2
2,2,0
2,7,5
2,2,0
6,6,0
2,2,0
3,5,2
75,75,0
3,9,6
2,2,0
1,1,0
2,2,0
1,27,26
3,3,0
1,1,0
2,4,2
2,2,0
1,1,0
2,2,0
3,3,0
2,8,6
3,3,0
9,9,0
26,26,0
2,2,0
2,10,8
5,5,0
2,2,0
2,2,0
5,5,0
1,3,2
1,1,0
1,1,0
2,2,0
2,2,0
2,4,2
3,3,0
3,3,0
2,4,2
51,51,0
2,3,1
2,2,0
2,2,0
3,3,0
50,50,0
2,2,0
11,11,0
2,4,2
1,7,6
3,16,13
0,0,0
1,1,0
3,3,0
2,3,1
2,2,0
2,2,0
3,5,2
2,2,0
2,2,0
11,25,14
2,2,0
2,2,0
2,8,6
0,0,0
6,6,0
3,3,0
11,11,0
9,9,0
9,9,0
2,2,0
2,2,0
1,1,0
2,28,26
3,6,3
3,5,2
2,82,80
2,2,0
2,2,0
5,5,0
3,8,5
3,3,0
88,88,0
21,21,0
3,8,5
26,26,0
2,2,0
1,7,6
51,74,23
4,4,0
2,2,0
3,3,0
1,1,0
3,3,0
2,2,0
2,2,0
3,5,2
2,5,3
6,7,1
8,8,0
3,13,10
2,47,45
1,3,2
3,5,2
3,3,0
1,1,0
17,17,0
0,0,0
2,2,0
2,4,2
2,3,1
1,26,25
2,2,0
2,2,0
3,4,1
2,2,0
2,2,0
3,18,15
2,3,1
2,2,0
0,0,0
2,8,6
8,8,0
3,3,0
11,11,0
3,3,0
2,2,0
2,2,0
2,4,2
3,7,4
2,2,0
3,3,0
2,2,0
2,2,0
2,4,2
3,3,0
2,4,2
3,6,3
2,3,1
4,5,1
2,2,0
6,6,0
3,5,2
3,3,0
2,2,0
2,6,4
3,3,0
2,2,0
3,5,2
2,45,43
22,22,0
3,40,37
1,2,1
20,20,0
2,2,0
34,44,10
4,21,17
1,2,1
3,3,0
1,8,7
1,1,0
2,2,0
2,2,0
3,8,5
2,2,0
2,2,0
2,4,2
2,2,0
2,2,0
2,26,24
145,145,0
2,2,0
2,2,0
2,2,0
2,2,0
2,2,0
2,6,4
3,7,4
2,2,0
2,21,19
2,4,2
8,8,0
2,5,3
6,6,0
2,2,0
3,5,2
3,6,3
5,5,0
2,2,0
2,2,0
2,2,0
2,17,15
2,4,2
1,3,2
3,9,6
2,2,0
1,1,0
2,2,0
2,2,0
2,15,13
3,3,0
3,3,0
8,8,0
3,8,5
2,2,0
2,43,41
2,2,0
2,2,0
1,1,0
2,2,0
3,3,0
7,7,0
9,9,0
1,5,4
3,5,2
2,7,5
9,12,3
2,11,9
2,2,0
2,3,1
2,2,0
7,7,0
3,3,0
2,2,0
1,74,73
3,4,1
2,4,2
2,2,0
3,3,0
7,7,0
42,44,2
2,2,0
2,2,0
2,2,0
3,16,13
2,2,0
3,3,0
1,1,0
92,98,6
2,2,0
3,3,0
3,5,2
1,3,2
150,159,9
1,18,17
3,5,2
2,2,0
2,2,0
3,3,0
3,3,0
2,16,14
2,2,0
3,4,1
22,22,0
3,3,0
3,3,0
0,0,0
3,3,0
2,4,2
2,2,0
1,1,0
2,2,0
3,5,2
8,8,0
2,2,0
11,11,0
2,2,0
2,2,0
2,3,1
3,4,1
1,1,0
2,2,0
3,9,6
9,9,0
3,3,0
3,8,5
0,0,0
2,25,23
2,2,0
2,2,0
3,5,2
3,13,10
2,2,0
2,2,0
2,3,1
2,2,0
20,20,0
3,3,0
4,72,68
2,2,0
1,2,1
8,12,4
4,4,0
2,4,2
2,2,0
3,3,0
8,8,0
9,9,0
2,2,0
3,5,2
2,2,0
1,1,0
2,2,0
3,5,2
3,5,2
2,2,0
4,4,0
2,4,2
3,3,0
3,3,0
7,13,6
3,7,4
2,2,0
9,10,1
2,2,0
9,9,0
0,0,0
3,3,0
2,2,0
3,7,4
10,10,0
0,0,0
6,6,0
2,2,0
5,8,3
2,4,2
22,22,0
4,4,0
5,5,0
1,1,0
2,2,0
1,28,27
3,3,0
3,3,0
0,0,0
5,5,0
2,2,0
1,2,1
2,2,0
2,4,2
2,2,0
1,1,0
2,4,2
3,3,0
4,6,2
2,101,99
0,0,0
3,3,0
15,15,0
11,11,0
2,6,4
2,2,0
32,35,3
3,3,0
4,22,18
2,2,0
2,2,0
9,9,0
8,8,0
2,2,0
2,12,10
3,9,6
2,12,10
1,2,1
2,9,7
3,7,4
19,19,0
3,3,0
3,4,1
0,0,0
2,5,3
1,4,3
10,10,0
3,3,0
3,5,2
2,2,0
2,12,10
1,2,1
3,5,2
2,2,0
3,3,0
2,2,0
2,2,0
6,6,0
9,9,0
3,3,0
2,2,0
2,2,0
2,2,0
10,10,0
1,2,1
1,64,63
11,11,0
2,2,0
50,50,0
1,1,0
2,3,1
2,14,12
2,2,0
12,13,1
2,2,0
60,121,61
2,2,0
2,2,0
2,3,1
2,2,0
2,2,0
2,3,1
2,2,0
3,10,7
3,5,2
2,2,0
2,7,5
3,3,0
2,2,0
2,2,0
2,2,0
2,62,60
2,2,0
3,5,2
2,2,0
3,3,0
2,2,0
2,27,25
2,2,0
0,0,0
2,2,0
6,6,0
2,11,9
2,2,0
3,7,4
10,10,0
3,3,0
6,6,0
3,5,2
0,0,0
3,3,0
2,2,0
3,3,0
2,3,1
4,4,0
3,3,0
0,0,0
2,2,0
14,14,0
2,3,1
2,2,0
3,8,5
1,1,0
2,2,0
2,4,2
3,7,4
2,2,0
1,6,5
2,2,0
2,2,0
3,3,0
1,8,7
0,0,0
6,6,0
3,6,3
3,6,3
2,3,1
100,153,53
1,4,3
1,2,1
6,6,0
2,2,0
3,5,2
2,4,2
2,2,0
2,2,0
2,2,0
3,3,0
2,2,0
2,2,0
2,2,0
2,2,0
223,223,0
3,3,0
3,3,0
9,9,0
129,169,40
2,3,1
3,3,0
19,36,17
1,2,1
1,2,1
2,4,2
2,2,0
2,2,0
2,40,38
3,3,0
1,2,1
3,14,11
143,143,0
3,12,9
34,36,2
2,2,0
2,14,12
4,4,0
2,2,0
4,14,10
2,7,5
2,2,0
9,9,0
9,9,0
2,2,0
2,2,0
3,3,0
3,3,0
2,99,97
3,3,0
2,2,0
10,10,0
2,2,0
1,2,1
2,2,0
1,1,0
2,4,2
15,15,0
2,2,0
3,3,0
2,2,0
3,3,0
2,2,0
2,7,5
2,2,0
2,2,0
3,3,0
2,2,0
8,8,0
4,4,0
2,5,3
1,4,3
1,79,78
2,4,2
3,5,2
2,2,0
2,4,2
3,7,4
3,3,0
3,3,0
2,3,1
2,2,0
2,2,0
3,5,2
2,2,0
1,2,1
4,4,0
0,0,0
3,3,0
2,2,0
3,5,2
2,2,0
2,5,3
6,35,29
16,16,0
4,73,69
2,4,2
0,0,0
3,13,10
2,6,4
2,2,0
1,3,2
94,123,29
0,0,0
1,2,1
11,15,4
2,84,82
4,4,0
8,21,13
2,2,0
2,6,4
2,2,0
9,9,0
2,2,0
2,2,0
2,4,2
2,3,1
3,3,0
2,3,1
3,11,8
3,3,0
1,2,1
3,3,0
3,3,0
2,2,0
2,8,6
3,7,4
2,2,0
3,10,7
16,16,0
2,2,0
9,9,0
3,6,3
2,2,0
2,4,2
2,2,0
3,3,0
1,5,4
2,3,1
8,8,0
0,0,0
2,2,0
2,46,44
2,2,0
3,7,4
3,5,2
4,4,0
12,12,0
3,7,4
9,9,0
9,9,0
3,3,0
3,3,0
0,0,0
2,2,0
2,4,2
9,31,22
2,8,6
2,2,0
2,2,0
2,2,0
2,4,2
9,9,0
2,2,0
3,3,0
2,2,0
2,3,1
2,45,43
3,3,0
2,2,0
2,2,0
3,3,0
3,11,8
2,2,0
16,16,0
5,5,0
1,1,0
2,2,0
2,2,0
3,5,2
24,24,0
2,4,2
1,4,3
8,8,0
3,7,4
9,9,0
2,2,0
20,20,0
2,4,2
2,2,0
2,2,0
22,22,0
0,0,0
2,2,0
10,10,0
3,3,0
2,4,2
2,2,0
2,3,1
3,3,0
3,3,0
2,2,0
9,9,0
2,2,0
3,3,0
2,2,0
1,1,0
124,124,0
3,7,4
56,56,0
2,2,0
3,3,0
1,1,0
3,13,10
3,9,6
206,228,22
3,5,2
2,26,24
9,11,2
2,4,2
2,2,0
3,3,0
2,4,2
2,4,2
10,10,0
3,81,78
2,2,0
2,3,1
3,3,0
3,3,0
2,2,0
4,4,0
2,2,0
3,5,2
2,2,0
9,9,0
2,4,2
6,34,28
1,60,59
14,14,0
17,17,0
3,3,0
2,4,2
1,2,1
8,8,0
2,6,4
13,13,0
3,7,4
2,2,0
2,2,0
3,3,0
2,2,0
2,2,0
2,2,0
3,3,0
2,2,0
100,100,0
0,0,0
2,2,0
2,2,0
2,2,0
3,4,1
1,2,1
2,4,2
3,4,1
2,2,0
1,23,22
3,3,0
2,2,0
1,76,75
3,7,4
2,2,0
2,2,0
2,2,0
3,7,4
0,0,0
2,2,0
3,3,0
2,2,0
3,3,0
88,118,30
2,2,0
3,5,2
10,20,10
2,3,1
2,2,0
11,11,0
3,11,8
98,98,0
3,3,0
3,3,0
1,4,3
1,1,0
2,2,0
8,8,0
3,3,0
0,0,0
2,2,0
1,37,36
2,2,0
2,2,0
2,5,3
2,2,0
3,3,0
1,21,20
2,3,1
3,5,2
3,10,7
3,3,0
8,8,0
1,4,3
8,8,0
2,4,2
2,2,0
3,9,6
2,4,2
0,0,0
3,3,0
2,2,0
6,6,0
3,3,0
2,3,1
2,2,0
2,2,0
2,13,11
3,5,2
2,2,0
5,6,1
1,3,2
9,9,0
1,1,0
2,5,3
3,5,2
6,9,3
2,2,0
3,5,2
2,2,0
2,2,0
2,10,8
8,8,0
6,6,0
2,80,78
9,9,0
2,4,2
12,23,11
3,3,0
2,4,2
3,4,1
2,2,0
3,8,5
2,2,0
3,8,5
2,10,8
2,2,0
2,2,0
3,7,4
1,2,1
3,3,0
2,2,0
2,4,2
1,4,3
3,3,0
106,303,197
0,0,0
3,3,0
3,3,0
3,3,0
3,3,0
1,2,1
3,3,0
39,39,0
2,7,5
2,2,0
2,2,0
3,7,4
2,2,0
2,2,0
1,1,0
2,2,0
2,2,0
9,9,0
9,9,0
1,1,0
3,3,0
3,8,5
3,3,0
20,21,1
2,2,0
0,0,0
2,2,0
2,2,0
0,0,0
3,5,2
2,2,0
3,26,23
2,2,0
2,2,0
2,4,2
2,4,2
2,2,0
2,2,0
3,3,0
1,56,55
2,2,0
10,12,2
2,2,0
2,2,0
1,1,0
2,2,0
10,10,0
8,8,0
2,4,2
2,2,0
2,2,0
2,4,2
1,1,0
1,2,1
8,27,19
3,3,0
160,160,0
1,1,0
2,2,0
3,3,0
2,4,2
8,8,0
7,13,6
9,9,0
2,2,0
2,2,0
12,12,0
2,2,0
3,3,0
1,4,3
3,23,20
22,22,0
2,6,4
1,21,20
1,24,23
2,2,0
3,5,2
2,2,0
1,2,1
10,10,0
2,2,0
2,2,0
3,7,4
18,18,0
1,3,2
2,2,0
2,2,0
2,2,0
2,8,6
3,5,2
2,2,0
2,6,4
2,2,0
2,3,1
2,2,0
3,3,0
2,2,0
27,27,0
2,2,0
2,4,2
2,2,0
2,4,2
9,9,0
3,3,0
1,22,21
2,4,2
3,3,0
2,2,0
3,6,3
3,3,0
2,2,0
2,2,0
2,2,0
38,38,0
2,2,0
2,4,2
98,98,0
3,5,2
2,2,0
3,3,0
0,0,0
3,5,2
2,2,0
2,2,0
0,0,0
2,10,8
2,2,0
2,2,0
2,2,0
1,12,11
9,9,0
2,4,2
4,4,0
3,10,7
2,7,5
11,11,0
2,2,0
2,2,0
3,3,0
2,2,0
2,2,0
3,5,2
2,2,0
2,4,2
2,2,0
3,3,0
2,9,7
2,30,28
3,5,2
2,6,4
3,3,0
2,3,1
6,7,1
3,12,9
33,33,0
2,2,0
3,3,0
2,99,97
2,4,2
2,2,0
2,2,0
1,21,20
0,0,0
2,82,80
3,3,0
3,3,0
1,4,3
2,2,0
23,44,21
0,0,0
2,2,0
3,4,1
3,3,0
2,2,0
2,2,0
7,7,0
2,2,0
43,43,0
124,124,0
2,11,9
2,2,0
0,0,0
2,2,0
0,0,0
3,5,2
2,2,0
2,4,2
2,2,0
3,3,0
2,2,0
2,2,0
2,2,0
3,3,0
2,2,0
1,2,1
2,2,0
9,9,0
2,2,0
3,5,2
3,11,8
2,2,0
4,4,0
2,2,0
2,2,0
3,5,2
2,2,0
2,3,1
3,3,0
3,5,2
7,7,0
1,17,16
2,2,0
3,3,0
3,3,0
1,7,6
2,4,2
9,9,0
2,2,0
3,5,2
1,7,6
3,3,0
2,2,0
3,3,0
2,11,9
2,2,0
2,2,0
2,2,0
2,4,2
2,2,0
9,9,0
3,3,0
3,5,2
3,4,1
2,2,0
10,10,0
6,10,4
3,5,2
3,3,0
3,3,0
2,2,0
5,5,0
3,29,26
2,2,0
2,4,2
1,25,24
3,5,2
2,23,21
0,0,0
2,2,0
2,10,8
2,2,0
3,3,0
29,29,0
2,4,2
3,24,21
2,82,80
4,21,17
2,2,0
3,3,0
2,4,2
3,3,0
3,3,0
3,7,4
2,15,13
2,6,4
2,4,2
2,2,0
2,11,9
16,20,4
100,100,0
8,8,0
1,3,2
2,2,0
2,2,0
3,3,0
10,10,0
2,2,0
4,4,0
47,47,0
2,6,4
2,2,0
2,2,0
2,2,0
2,2,0
3,5,2
0,0,0
18,28,10
3,3,0
2,6,4
3,3,0
3,3,0
9,18,9
2,2,0
3,3,0
7,41,34
2,2,0
1,76,75
1,2,1
2,5,3
100,100,0
3,4,1
3,5,2
2,2,0
2,2,0
2,2,0
56,56,0
1,2,1
2,2,0
3,3,0
3,3,0
3,3,0
2,2,0
3,3,0
3,3,0
2,4,2
2,2,0
2,2,0
1,2,1
3,7,4
1,5,4
10,23,13
2,2,0
3,3,0
2,13,11
1,2,1
7,7,0
1,2,1
1,1,0
2,2,0
2,2,0
3,12,9
2,2,0
2,4,2
1,1,0
9,9,0
2,2,0
3,10,7
2,2,0
3,3,0
2,4,2
2,6,4
3,7,4
2,2,0
3,9,6
2,2,0
2,4,2
3,3,0
36,36,0
3,11,8
3,5,2
9,9,0
3,9,6
4,4,0
2,4,2
3,4,1
2,2,0
10,10,0
2,20,18
2,2,0
2,2,0
2,2,0
2,2,0
1,1,0
2,4,2
2,2,0
3,3,0
2,2,0
3,4,1
3,11,8
2,2,0
1,1,0
2,2,0
0,0,0
2,2,0
2,45,43
2,2,0
2,2,0
2,2,0
2,8,6
3,3,0
2,2,0
2,2,0
2,8,6
8,8,0
2,2,0
2,2,0
2,2,0
2,2,0
1,2,1
3,11,8
100,101,1
12,12,0
3,3,0
3,3,0
3,3,0
2,10,8
2,8,6
2,2,0
40,40,0
2,7,5
3,7,4
3,5,2
4,7,3
2,3,1
2,2,0
2,2,0
3,9,6
2,2,0
2,4,2
3,6,3
1,2,1
2,2,0
3,4,1
2,2,0
3,3,0
2,2,0
3,3,0
1,1,0
2,2,0
0,0,0
3,3,0
3,5,2
1,7,6
6,10,4
2,2,0
2,2,0
2,2,0
3,3,0
4,4,0
2,2,0
100,100,0
2,2,0
0,0,0
0,0,0
2,2,0
3,9,6
3,3,0
1,45,44
2,80,78
1,1,0
2,2,0
3,5,2
3,9,6
2,2,0
10,12,2
3,3,0
2,4,2
3,3,0
3,3,0
2,80,78
3,7,4
2,2,0
3,3,0
2,2,0
2,3,1
3,3,0
1,2,1
2,2,0
3,3,0
9,9,0
2,4,2
1,22,21
3,5,2
3,3,0
3,3,0
3,4,1
2,2,0
2,8,6
2,5,3
2,7,5
2,2,0
3,9,6
51,74,23
2,2,0
1,26,25
82,82,0
2,2,0
3,6,3
2,4,2
2,2,0
3,3,0
8,8,0
2,2,0
2,5,3
2,4,2
3,3,0
2,2,0
3,8,5
2,2,0
2,2,0
3,3,0
2,2,0
2,2,0
3,3,0
88,88,0
3,5,2
2,2,0
8,8,0
2,4,2
2,2,0
2,2,0
8,8,0
11,11,0
3,5,2
2,4,2
51,52,1
3,25,22
2,2,0
3,5,2
2,2,0
6,6,0
3,11,8
3,10,7
2,2,0
8,8,0
8,8,0
2,20,18
2,2,0
9,9,0
50,52,2
0,0,0
10,10,0
2,2,0
2,2,0
4,15,11
1,2,1
3,5,2
3,3,0
3,3,0
3,3,0
3,5,2
1,21,20
2,2,0
3,3,0
3,5,2
2,2,0
3,3,0
3,3,0
1,5,4
2,2,0
2,3,1
3,11,8
70,127,57
8,10,2
3,3,0
3,5,2
0,0,0
2,2,0
2,2,0
2,2,0
1,2,1
3,5,2
3,3,0
71,71,0
3,3,0
2,2,0
1,1,0
22,22,0
2,4,2
2,5,3
0,0,0
2,2,0
1,1,0
3,4,1
2,2,0
2,2,0
1,2,1
2,4,2
4,5,1
2,14,12
3,3,0
3,3,0
1,1,0
2,2,0
3,3,0
2,2,0
2,2,0
3,3,0
2,2,0
100,100,0
2,2,0
3,5,2
2,2,0
0,0,0
3,3,0
2,2,0
2,2,0
3,3,0
3,8,5
2,8,6
2,2,0
4,4,0
2,2,0
2,2,0
2,2,0
2,2,0
2,2,0
2,2,0
2,2,0
3,5,2
37,37,0
2,4,2
3,3,0
2,3,1
1,3,2
3,3,0
98,98,0
6,6,0
3,6,3
4,4,0
9,9,0
1,29,28
3,9,6
4,4,0
2,25,23
3,13,10
2,2,0
2,2,0
0,0,0
2,4,2
2,2,0
2,2,0
1,1,0
3,3,0
2,2,0
2,2,0
1,1,0
2,2,0
3,46,43
6,6,0
10,13,3
3,3,0
2,2,0
2,2,0
0,0,0
54,54,0
2,2,0
2,17,15
2,2,0
4,11,7
2,24,22
2,2,0
11,14,3
2,2,0
3,25,22
2,2,0
1,1,0
0,0,0
20,20,0
2,4,2
2,2,0
7,8,1
2,4,2
1,1,0
3,6,3
2,4,2
2,6,4
4,4,0
2,2,0
4,4,0
3,8,5
6,6,0
2,2,0
2,2,0
2,2,0
2,2,0
3,8,5
3,17,14
3,3,0
3,3,0
6,7,1
4,71,67
2,2,0
2,2,0
2,2,0
8,8,0
2,2,0
7,37,30
2,2,0
2,2,0
3,3,0
3,3,0
3,3,0
2,2,0
3,9,6
3,10,7
2,2,0
2,2,0
2,10,8
8,8,0
8,16,8
2,2,0
9,9,0
48,48,0
13,13,0
12,12,0
2,2,0
0,0,0
2,2,0
3,10,7
2,4,2
2,2,0
1,2,1
13,13,0
4,36,32
2,2,0
1,22,21
9,9,0
2,2,0
3,8,5
3,5,2
2,2,0
4,4,0
3,3,0
2,20,18
9,9,0
2,9,7
2,4,2
3,5,2
2,2,0
2,4,2
3,6,3
1,2,1
7,7,0
2,2,0
2,2,0
2,3,1
2,2,0
3,5,2
2,4,2
5,5,0
3,3,0
1,2,1
2,2,0
2,2,0
3,3,0
1,1,0
2,2,0
2,6,4
2,16,14
2,2,0
7,7,0
2,2,0
3,8,5
2,2,0
3,3,0
3,4,1
3,5,2
2,2,0
2,2,0
3,7,4
9,32,23
51,71,20
2,2,0
3,3,0
6,6,0
2,2,0
3,3,0
3,3,0
2,2,0
2,2,0
15,15,0
2,2,0
13,30,17
3,13,10
9,9,0
2,2,0
4,4,0
2,2,0
4,4,0
2,2,0
3,3,0
8,8,0
2,6,4
5,5,0
3,4,1
4,4,0
100,100,0
2,2,0
2,2,0
8,8,0
9,9,0
22,22,0
1,2,1
2,3,1
2,2,0
8,8,0
3,4,1
2,2,0
3,6,3
2,2,0
3,7,4
3,3,0
2,2,0
0,0,0
2,2,0
2,2,0
12,12,0
2,2,0
2,4,2
2,4,2
3,3,0
2,8,6
8,8,0
4,4,0
2,2,0
2,2,0
2,2,0
3,7,4
38,41,3
1,1,0
1,113,112
3,7,4
2,4,2
100,104,4
2,2,0
6,6,0
2,3,1
2,2,0
2,2,0
2,3,1
1,2,1
3,3,0
129,129,0
5,10,5
3,6,3
3,3,0
2,2,0
3,3,0
2,2,0
2,8,6
9,9,0
9,9,0
3,5,2
1,1,0
1,2,1
2,2,0
2,6,4
2,2,0
2,6,4
2,4,2
3,3,0
3,3,0
3,8,5
1,1,0
2,2,0
4,8,4
2,2,0
0,0,0
2,2,0
2,4,2
2,2,0
1,9,8
4,5,1
2,2,0
2,2,0
1,2,1
1,2,1
2,2,0
2,2,0
2,2,0
120,120,0
2,2,0
2,4,2
2,2,0
3,3,0
3,3,0
2,2,0
2,2,0
6,6,0
2,2,0
3,6,3
2,2,0
3,3,0
2,2,0
2,4,2
1,6,5
11,11,0
9,18,9
2,4,2
2,2,0
3,3,0
2,2,0
28,30,2
2,3,1
20,35,15
3,5,2
2,4,2
2,6,4
2,4,2
9,9,0
3,3,0
2,2,0
1,1,0
2,5,3
10,17,7
2,4,2
2,45,43
4,9,5
3,6,3
2,2,0
3,3,0
3,7,4
2,2,0
5,6,1
2,2,0
2,2,0
2,2,0
2,2,0
3,4,1
2,2,0
3,6,3
2,2,0
5,5,0
1,7,6
2,4,2
8,8,0
2,2,0
2,8,6
2,2,0
3,23,20
6,6,0
2,2,0
22,23,1
2,3,1
9,9,0
4,4,0
11,11,0
2,2,0
2,3,1
2,4,2
2,2,0
3,7,4
2,4,2
2,2,0
2,2,0
2,2,0
2,2,0
2,2,0
0,0,0
3,3,0
3,4,1
2,2,0
2,2,0
3,3,0
2,3,1
2,4,2
2,2,0
9,9,0
3,3,0
3,7,4
2,9,7
8,8,0
3,31,28
0,0,0
3,7,4
3,3,0
2,2,0
2,2,0
3,3,0
1,2,1
20,20,0
1,1,0
2,2,0
3,3,0
8,8,0
2,2,0
2,3,1
3,3,0
1,1,0
6,7,1
2,5,3
2,2,0
2,2,0
1,3,2
4,6,2
2,2,0
2,2,0
3,8,5
2,2,0
2,2,0
2,6,4
2,2,0
2,2,0
2,3,1
2,2,0
92,92,0
2,2,0
2,2,0
1,1,0
2,2,0
2,5,3
3,16,13
80,111,31
2,9,7
2,2,0
2,4,2
2,2,0
3,3,0
2,2,0
3,3,0
2,2,0
9,9,0
3,3,0
2,2,0
26,26,0
2,4,2
2,2,0
2,4,2
2,2,0
2,2,0
2,82,80
3,3,0
2,2,0
2,30,28
3,5,2
2,2,0
2,4,2
2,2,0
2,2,0
1,1,0
1,8,7
2,2,0
2,2,0
2,2,0
2,2,0
3,3,0
6,27,21
3,3,0
3,6,3
5,5,0
63,63,0
2,2,0
3,3,0
28,82,54
2,2,0
2,2,0
2,2,0
2,4,2
2,2,0
2,2,0
3,3,0
0,0,0
2,2,0
2,2,0
3,6,3
3,3,0
3,3,0
2,3,1
60,60,0
2,4,2
3,3,0
3,9,6
2,30,28
2,2,0
3,4,1
1,1,0
2,2,0
3,3,0
38,38,0
3,3,0
1,2,1
1,3,2
2,2,0
3,3,0
3,8,5
2,2,0
2,2,0
0,0,0
1,1,0
2,2,0
0,0,0
2,3,1
3,4,1
2,8,6
12,12,0
2,2,0
26,26,0
1,7,6
6,14,8
2,3,1
3,5,2
9,9,0
2,4,2
3,3,0
2,2,0
3,5,2
2,3,1
3,5,2
14,15,1
2,2,0
3,3,0
8,8,0
3,5,2
2,2,0
1,2,1
2,2,0
1,1,0
1,2,1
16,16,0
3,6,3
2,11,9
2,2,0
147,147,0
20,38,18
4,4,0
2,4,2
9,12,3
2,2,0
3,3,0
12,12,0
2,2,0
3,5,2
9,9,0
2,4,2
3,3,0
2,2,0
2,2,0
3,12,9
3,6,3
2,5,3
2,10,8
2,2,0
2,2,0
2,3,1
2,8,6
2,2,0
20,20,0
2,4,2
30,30,0
3,8,5
2,2,0
3,5,2
0,0,0
3,3,0
2,2,0
2,2,0
2,4,2
0,0,0
3,3,0
6,6,0
2,11,9
3,5,2
1,6,5
1,21,20
3,5,2
3,3,0
1,2,1
7,7,0
111,111,0
22,22,0
0,0,0
7,7,0
2,2,0
3,7,4
2,8,6
69,91,22
8,8,0
2,2,0
1,1,0
2,2,0
3,8,5
2,2,0
3,3,0
3,3,0
6,7,1
2,2,0
6,8,2
3,3,0
2,2,0
1,2,1
6,6,0
1,10,9
2,2,0
3,4,1
2,2,0
3,3,0
2,2,0
2,3,1
2,2,0
1,26,25
2,2,0
3,3,0
2,2,0
2,4,2
3,5,2
3,5,2
26,26,0
0,0,0
8,8,0
2,2,0
2,4,2
2,6,4
2,2,0
3,3,0
2,2,0
3,5,2
2,4,2
2,2,0
3,6,3
2,2,0
2,2,0
2,4,2
2,2,0
2,2,0
2,2,0
1,2,1
2,2,0
3,3,0
2,2,0
2,2,0
2,5,3
2,12,10
10,88,78
2,2,0
120,120,0
3,3,0
17,17,0
1,3,2
98,99,1
2,4,2
3,7,4
2,4,2
2,2,0
2,2,0
1,6,5
3,3,0
2,2,0
2,8,6
3,3,0
3,3,0
2,2,0
3,3,0
2,4,2
2,2,0
2,2,0
2,2,0
2,3,1
3,3,0
3,3,0
2,8,6
3,5,2
2,2,0
3,4,1
3,3,0
2,2,0
2,2,0
3,9,6
2,2,0
3,3,0
11,11,0
2,2,0
2,2,0
3,4,1
2,4,2
2,2,0
2,2,0
2,2,0
2,124,122
23,23,0
3,5,2
3,3,0
9,9,0
2,2,0
2,2,0
2,2,0
2,2,0
2,2,0
2,2,0
8,8,0
1,5,4
3,3,0
2,2,0
1,1,0
3,5,2
1,1,0
1,1,0
2,2,0
2,10,8
2,6,4
2,2,0
2,2,0
2,2,0
0,0,0
2,5,3
2,2,0
3,3,0
2,3,1
1,3,2
2,2,0
0,0,0
0,0,0
3,7,4
4,4,0
3,3,0
2,18,16
1,1,0
3,5,2
3,3,0
7,13,6
8,16,8
3,11,8
3,7,4
99,146,47
3,6,3
2,2,0
2,4,2
2,4,2
2,2,0
2,2,0
3,5,2
6,6,0
2,2,0
1,6,5
3,5,2
1,2,1
8,8,0
1,3,2
2,4,2
8,9,1
2,8,6
2,13,11
2,17,15
2,2,0
62,62,0
2,2,0
349,373,24
2,2,0
2,2,0
2,2,0
1,1,0
2,2,0
3,14,11
10,10,0
2,2,0
3,3,0
2,2,0
3,7,4
3,3,0
3,3,0
22,22,0
3,23,20
2,2,0
2,3,1
2,2,0
2,3,1
2,2,0
11,11,0
2,2,0
2,2,0
3,3,0
1,3,2
2,2,0
2,2,0
12,12,0
3,3,0
3,3,0
0,0,0
2,2,0
3,27,24
2,2,0
2,2,0
3,3,0
2,2,0
2,2,0
2,3,1
3,4,1
2,2,0
3,9,6
1,4,3
9,57,48
2,4,2
2,6,4
2,2,0
3,3,0
2,2,0
2,3,1
2,3,1
1,1,0
2,4,2
2,12,10
6,6,0
3,3,0
10,10,0
2,2,0
2,3,1
1,1,0
1,1,0
2,2,0
2,45,43
7,7,0
7,7,0
1,1,0
2,2,0
2,7,5
0,0,0
3,5,2
1,2,1
2,3,1
2,2,0
1,1,0
2,4,2
2,2,0
3,7,4
2,2,0
191,215,24
3,3,0
2,80,78
2,2,0
3,3,0
1,6,5
3,3,0
22,22,0
2,5,3
1,1,0
3,3,0
6,7,1
1,74,73
2,2,0
2,2,0
2,2,0
2,2,0
3,3,0
2,4,2
2,2,0
2,2,0
12,23,11
3,3,0
2,6,4
2,4,2
10,13,3
2,3,1
8,11,3
2,2,0
3,3,0
2,2,0
3,3,0
3,3,0
66,68,2
2,2,0
2,2,0
8,8,0
2,2,0
2,2,0
5,5,0
2,3,1
4,4,0
8,8,0
44,44,0
2,2,0
1,5,4
2,2,0
2,3,1
7,7,0
3,3,0
1,2,1
11,11,0
3,3,0
3,3,0
2,2,0
43,43,0
76,79,3
4,4,0
3,13,10
2,2,0
2,6,4
2,2,0
2,2,0
2,2,0
2,2,0
8,8,0
3,4,1
2,2,0
0,0,0
3,8,5
2,2,0
4,6,2
2,3,1
2,2,0
3,10,7
2,2,0
10,30,20
2,2,0
2,2,0
3,3,0
2,2,0
2,2,0
1,1,0
2,2,0
2,2,0
1,2,1
2,2,0
3,3,0
8,8,0
2,3,1
141,141,0
2,2,0
2,3,1
2,2,0
2,37,35
2,2,0
2,2,0
3,5,2
2,2,0
2,6,4
2,6,4
2,2,0
1,1,0
3,6,3
2,2,0
6,7,1
2,5,3
2,3,1
3,3,0
81,82,1
3,5,2
2,2,0
2,2,0
2,18,16
3,3,0
3,3,0
2,2,0
3,6,3
2,3,1
2,2,0
2,2,0
2,2,0
3,3,0
1,5,4
2,2,0
4,7,3
2,2,0
4,4,0
2,4,2
2,3,1
1,3,2
4,4,0
3,3,0
3,3,0
7,7,0
3,6,3
3,7,4
3,3,0
3,5,2
2,2,0
2,2,0
10,10,0
6,8,2
2,82,80
5,5,0
4,8,4
2,2,0
2,6,4
3,3,0
2,2,0
2,23,21
2,2,0
3,3,0
3,3,0
2,2,0
2,2,0
2,2,0
9,9,0
6,6,0
2,2,0
2,2,0
1,2,1
1,2,1
8,8,0
14,14,0
3,3,0
3,5,2
1,2,1
9,9,0
2,2,0
9,9,0
2,2,0
1,1,0
3,4,1
2,2,0
2,2,0
6,6,0
3,3,0
1,3,2
9,9,0
2,2,0
2,8,6
2,8,6
2,2,0
3,3,0
4,4,0
66,66,0
1,6,5
3,3,0
1,2,1
1,24,23
2,2,0
2,2,0
3,4,1
4,4,0
3,7,4
1,2,1
9,9,0
2,2,0
3,4,1
3,99,96
2,2,0
2,2,0
2,4,2
2,5,3
2,2,0
2,2,0
2,2,0
3,5,2
3,5,2
3,3,0
1,2,1
2,2,0
8,8,0
2,2,0
1,9,8
3,3,0
1,22,21
3,10,7
1,46,45
2,2,0
1,2,1
8,8,0
2,4,2
1,2,1
2,2,0
1,4,3
2,46,44
2,3,1
2,2,0
2,2,0
2,2,0
97,106,9
3,10,7
3,3,0
2,2,0
2,2,0
3,3,0
0,0,0
3,3,0
1,2,1
4,4,0
2,2,0
2,5,3
8,8,0
2,2,0
14,14,0
2,2,0
2,2,0
51,51,0
4,4,0
2,5,3
4,4,0
2,47,45
2,3,1
0,0,0
2,2,0
11,11,0
2,14,12
2,2,0
2,2,0
3,3,0
2,2,0
3,3,0
2,2,0
3,3,0
3,3,0
1,2,1
3,3,0
1,1,0
3,5,2
3,7,4
3,5,2
2,2,0
2,2,0
2,2,0
2,2,0
8,8,0
2,2,0
2,6,4
14,14,0
3,3,0
5,5,0
0,0,0
3,4,1
3,9,6
0,0,0
2,6,4
2,2,0
2,2,0
0,0,0
2,2,0
2,4,2
2,9,7
2,17,15
2,5,3
1,1,0
2,2,0
2,2,0
2,2,0
3,7,4
4,4,0
175,175,0
3,3,0
8,8,0
2,2,0
0,0,0
2,4,2
1,1,0
2,8,6
3,5,2
2,13,11
1,1,0
2,80,78
3,3,0
3,3,0
2,2,0
8,16,8
3,3,0
5,6,1
3,3,0
20,46,26
1,3,2
11,11,0
1,1,0
2,2,0
1,1,0
3,5,2
1,1,0
3,5,2
22,22,0
2,2,0
2,2,0
2,6,4
2,8,6
3,3,0
3,7,4
0,0,0
25,29,4
1,3,2
1,1,0
1,7,6
8,8,0
3,5,2
2,2,0
3,5,2
3,7,4
3,5,2
0,0,0
3,3,0
3,3,0
3,9,6
2,2,0
2,2,0
2,2,0
2,2,0
3,4,1
3,4,1
2,2,0
3,3,0
2,2,0
2,2,0
56,56,0
5,5,0
2,2,0
2,2,0
1,1,0
2,2,0
0,0,0
2,2,0
3,3,0
3,3,0
2,2,0
2,11,9
4,5,1
2,2,0
2,28,26
2,2,0
2,2,0
2,5,3
3,3,0
8,8,0
3,7,4
51,51,0
2,2,0
3,5,2
8,53,45
3,5,2
3,3,0
2,3,1
3,9,6
2,2,0
3,3,0
2,2,0
2,2,0
3,3,0
1,9,8
2,4,2
1,3,2
9,24,15
2,5,3
0,0,0
2,2,0
3,3,0
1,6,5
1,6,5
8,8,0
2,4,2
2,2,0
2,2,0
5,5,0
3,36,33
2,2,0
3,3,0
2,13,11
2,2,0
3,3,0
3,7,4
1,1,0
3,5,2
3,7,4
2,2,0
0,0,0
0,0,0
1,3,2
2,2,0
1,25,24
1,2,1
3,14,11
2,4,2
2,4,2
3,5,2
5,5,0
2,2,0
7,7,0
1,1,0
1,1,0
2,2,0
5,6,1
3,7,4
2,2,0
2,29,27
2,2,0
3,3,0
1,1,0
2,171,169
1,1,0
1,2,1
3,3,0
4,28,24
2,2,0
2,92,90
3,3,0
3,3,0
2,2,0
2,4,2
2,2,0
3,8,5
2,2,0
3,4,1
2,8,6
21,22,1
2,4,2
2,2,0
2,2,0
3,5,2
3,7,4
3,3,0
3,3,0
2,2,0
2,10,8
1,9,8
2,2,0
2,37,35
2,2,0
0,0,0
2,2,0
3,6,3
2,2,0
3,3,0
1,1,0
3,7,4
0,0,0
3,3,0
3,3,0
9,9,0
2,2,0
2,2,0
0,0,0
2,2,0
2,2,0
2,2,0
2,2,0
1,1,0
8,8,0
2,2,0
2,2,0
1,2,1
2,2,0
3,5,2
3,5,2
2,2,0
2,2,0
1,2,1
3,3,0
3,3,0
3,3,0
0,0,0
25,25,0
3,5,2
4,4,0
27,74,47
2,2,0
9,9,0
2,2,0
1,2,1
100,100,0
2,2,0
3,9,6
3,3,0
5,14,9
2,6,4
3,3,0
2,80,78
2,4,2
4,4,0
2,3,1
3,5,2
2,10,8
1,1,0
2,2,0
3,3,0
1,3,2
3,3,0
10,13,3
8,8,0
2,2,0
2,2,0
11,11,0
7,7,0
4,4,0
83,83,0
90,105,15
3,3,0
3,14,11
3,3,0
1,2,1
0,0,0
2,2,0
1,3,2
20,21,1
3,3,0
3,7,4
3,3,0
0,0,0
4,6,2
2,2,0
3,6,3
3,3,0
2,2,0
2,7,5
0,0,0
8,25,17
3,4,1
1,3,2
17,20,3
3,6,3
1,7,6
1,3,2
2,4,2
2,2,0
2,2,0
1,1,0
0,0,0
2,2,0
1,4,3
2,2,0
2,2,0
2,8,6
3,3,0
20,24,4
3,3,0
9,9,0
2,2,0
3,3,0
2,2,0
2,2,0
100,100,0
10,10,0
2,2,0
2,2,0
2,2,0
2,3,1
9,9,0
2,45,43
4,4,0
3,3,0
2,6,4
2,2,0
2,4,2
3,3,0
2,2,0
0,0,0
6,6,0
1,1,0
2,2,0
3,5,2
9,9,0
3,10,7
1,123,122
1,4,3
9,9,0
2,6,4
1,3,2
3,6,3
3,5,2
2,4,2
3,3,0
1,3,2
3,3,0
2,4,2
2,2,0
1,1,0
2,9,7
0,0,0
3,5,2
2,5,3
3,5,2
1,2,1
14,16,2
2,2,0
2,2,0
2,2,0
1,4,3
2,2,0
1,1,0
10,10,0
2,2,0
37,37,0
2,2,0
1,1,0
1,26,25
2,3,1
2,2,0
9,9,0
3,5,2
2,2,0
2,6,4
2,2,0
3,11,8
2,2,0
1,1,0
2,2,0
3,3,0
1,1,0
2,2,0
1,2,1
6,8,2
4,10,6
3,7,4
2,2,0
2,4,2
2,2,0
2,2,0
2,2,0
2,6,4
2,2,0
4,10,6
3,3,0
2,2,0
3,3,0
2,2,0
2,2,0
51,74,23
3,5,2
0,0,0
2,5,3
2,2,0
2,2,0
9,9,0
2,4,2
0,0,0
2,2,0
2,11,9
1,1,0
4,4,0
3,8,5
2,2,0
4,7,3
2,2,0
3,3,0
3,5,2
2,2,0
2,2,0
3,3,0
0,0,0
1,2,1
2,27,25
3,3,0
1,4,3
2,2,0
9,9,0
3,5,2
2,2,0
2,5,3
2,5,3
2,2,0
51,51,0
2,2,0
3,6,3
3,5,2
5,5,0
2,2,0
2,2,0
2,2,0
2,2,0
3,3,0
2,2,0
1,6,5
3,14,11
2,2,0
2,2,0
3,5,2
3,3,0
2,2,0
6,7,1
2,2,0
8,8,0
2,2,0
2,2,0
3,6,3
3,7,4
2,5,3
3,4,1
2,2,0
2,2,0
1,1,0
3,3,0
2,2,0
31,35,4
2,2,0
2,6,4
1,13,12
2,2,0
1,2,1
3,3,0
2,11,9
1,1,0
7,7,0
3,19,16
2,2,0
2,2,0
2,4,2
3,8,5
2,2,0
9,9,0
2,2,0
3,3,0
2,2,0
1,2,1
3,3,0
3,9,6
2,8,6
2,5,3
3,6,3
1,2,1
2,5,3
3,11,8
2,2,0
1,1,0
2,5,3
3,9,6
0,0,0
2,13,11
2,2,0
2,2,0
1,1,0
2,15,13
0,0,0
2,2,0
8,8,0
93,165,72
7,8,1
3,5,2
2,2,0
3,5,2
3,12,9
2,2,0
2,80,78
1,1,0
1,1,0
2,4,2
1,4,3
2,4,2
1,1,0
2,2,0
2,2,0
2,2,0
1,3,2
2,2,0
2,2,0
2,4,2
3,3,0
2,2,0
2,2,0
2,2,0
8,8,0
3,3,0
2,2,0
2,2,0
3,3,0
3,5,2
2,2,0
1,3,2
2,2,0
2,2,0
3,5,2
12,12,0
2,4,2
3,3,0
3,8,5
3,3,0
79,79,0
2,2,0
2,4,2
19,19,0
9,9,0
0,0,0
100,100,0
0,0,0
3,22,19
3,10,7
2,2,0
3,3,0
2,2,0
2,2,0
2,2,0
6,47,41
3,3,0
5,5,0
19,19,0
2,2,0
2,8,6
1,21,20
3,3,0
2,2,0
3,3,0
2,4,2
9,9,0
1,10,9
2,2,0
2,2,0
3,9,6
2,4,2
3,3,0
8,8,0
1,1,0
2,2,0
0,0,0
2,2,0
8,8,0
2,2,0
2,2,0
3,8,5
2,2,0
2,2,0
1,7,6
1,1,0
2,2,0
3,5,2
3,9,6
1,12,11
2,4,2
2,2,0
2,2,0
2,2,0
5,5,0
2,2,0
2,2,0
3,5,2
2,2,0
2,2,0
3,6,3
3,4,1
2,2,0
3,3,0
1,1,0
2,5,3
2,2,0
3,3,0
6,34,28
8,8,0
3,7,4
2,2,0
54,54,0
2,2,0
2,2,0
3,3,0
3,3,0
2,2,0
11,11,0
2,7,5
2,2,0
2,2,0
1,1,0
2,2,0
3,3,0
2,2,0
0,0,0
3,3,0
3,5,2
2,9,7
0,0,0
3,21,18
2,2,0
2,87,85
2,3,1
2,2,0
3,6,3
1,7,6
2,25,23
2,2,0
2,2,0
100,104,4
2,2,0
51,52,1
14,14,0
3,3,0
2,2,0
8,8,0
1,20,19
2,3,1
3,11,8
3,3,0
3,5,2
3,5,2
2,2,0
2,2,0
3,3,0
2,2,0
2,2,0
2,2,0
0,0,0
3,5,2
2,2,0
3,7,4
3,3,0
9,9,0
2,2,0
1,1,0
2,2,0
2,2,0
4,4,0
4,9,5
9,9,0
3,7,4
2,2,0
1,4,3
2,2,0
3,3,0
150,161,11
2,5,3
3,28,25
2,4,2
2,80,78
2,2,0
2,34,32
2,2,0
2,9,7
2,2,0
3,3,0
2,3,1
2,2,0
2,2,0
2,2,0
3,3,0
3,14,11
2,2,0
2,2,0
2,7,5
2,2,0
8,8,0
2,2,0
1,3,2
3,3,0
2,8,6
3,3,0
2,2,0
2,4,2
3,3,0
3,3,0
8,8,0
2,2,0
2,2,0
2,2,0
2,2,0
2,4,2
8,24,16
2,2,0
2,2,0
0,0,0
2,2,0
0,0,0
3,3,0
2,2,0
1,2,1
3,3,0
3,7,4
3,5,2
0,0,0
4,4,0
1,3,2
1,1,0
2,2,0
1,5,4
3,7,4
10,10,0
2,2,0
3,7,4
2,2,0
2,2,0
11,11,0
0,0,0
4,98,94
4,4,0
6,6,0
0,0,0
2,4,2
2,2,0
6,6,0
2,2,0
2,2,0
2,2,0
3,3,0
2,2,0
3,5,2
3,3,0
3,3,0
3,3,0
1,24,23
3,5,2
3,3,0
2,2,0
2,4,2
0,0,0
2,2,0
2,2,0
2,3,1
3,11,8
4,4,0
1,2,1
2,2,0
2,2,0
3,13,10
9,10,1
2,2,0
2,2,0
3,3,0
8,8,0
3,3,0
0,0,0
2,2,0
1,1,0
2,2,0
3,6,3
2,4,2
2,5,3
3,3,0
3,3,0
3,8,5
3,11,8
2,2,0
2,2,0
9,9,0
2,82,80
3,3,0
1,2,1
2,47,45
2,2,0
0,0,0
1,3,2
2,2,0
2,2,0
0,0,0
2,2,0
11,11,0
100,104,4
3,3,0
2,2,0
3,4,1
3,3,0
2,2,0
2,2,0
3,5,2
2,4,2
2,2,0
2,8,6
8,8,0
3,3,0
4,4,0
3,8,5
2,3,1
2,2,0
8,8,0
3,3,0
3,3,0
3,5,2
5,7,2
2,2,0
2,4,2
2,2,0
2,2,0
2,2,0
3,7,4
2,2,0
2,2,0
46,48,2
18,39,21
2,2,0
2,2,0
2,2,0
2,52,50
0,0,0
2,2,0
2,2,0
2,2,0
3,49,46
6,6,0
3,3,0
2,2,0
2,2,0
2,2,0
3,5,2
3,3,0
4,4,0
2,2,0
2,2,0
2,15,13
4,99,95
2,4,2
4,4,0
3,3,0
2,4,2
2,6,4
2,4,2
2,5,3
3,12,9
2,2,0
3,3,0
2,2,0
1,2,1
6,6,0
1,1,0
2,2,0
2,2,0
2,6,4
3,3,0
2,2,0
19,19,0
2,2,0
3,24,21
3,7,4
2,2,0
1,1,0
10,10,0
2,2,0
3,3,0
2,4,2
2,4,2
1,2,1
2,4,2
2,2,0
3,5,2
2,103,101
11,11,0
0,0,0
2,2,0
1,1,0
2,2,0
2,2,0
2,2,0
28,30,2
1,2,1
62,62,0
3,7,4
2,2,0
6,6,0
3,25,22
3,5,2
2,2,0
86,157,71
2,4,2
2,48,46
2,2,0
3,3,0
2,2,0
9,9,0
3,3,0
3,7,4
62,63,1
2,2,0
2,47,45
3,5,2
3,3,0
3,5,2
11,11,0
2,8,6
2,2,0
2,4,2
2,2,0
3,5,2
1,2,1
9,9,0
32,32,0
8,8,0
2,2,0
3,9,6
2,5,3
1,20,19
2,3,1
4,17,13
2,82,80
3,3,0
3,3,0
2,2,0
2,8,6
8,8,0
2,2,0
11,11,0
1,5,4
3,30,27
3,3,0
2,2,0
3,3,0
2,2,0
1,6,5
11,11,0
2,2,0
2,2,0
78,80,2
2,2,0
3,3,0
2,2,0
2,2,0
2,2,0
2,2,0
2,2,0
6,6,0
2,2,0
3,7,4
2,6,4
2,2,0
3,6,3
2,2,0
2,2,0
2,77,75
2,4,2
2,2,0
2,2,0
8,8,0
1,2,1
5,16,11
3,8,5
2,2,0
2,2,0
2,2,0
2,2,0
51,51,0
3,3,0
2,5,3
59,59,0
1,40,39
3,3,0
2,2,0
9,9,0
2,7,5
2,2,0
3,9,6
2,93,91
2,2,0
3,7,4
4,99,95
8,8,0
1,1,0
2,2,0
1,1,0
2,2,0
47,49,2
2,4,2
2,2,0
2,2,0
3,5,2
1,2,1
2,2,0
2,2,0
2,3,1
2,2,0
3,5,2
3,3,0
6,49,43
2,5,3
0,0,0
2,2,0
3,13,10
2,2,0
2,2,0
2,2,0
2,22,20
10,24,14
3,4,1
1,2,1
3,3,0
1,4,3
0,0,0
2,2,0
2,2,0
3,3,0
0,0,0
2,9,7
2,4,2
3,23,20
1,7,6
10,10,0
8,8,0
3,3,0
3,3,0
2,2,0
2,2,0
3,3,0
3,5,2
4,6,2
0,0,0
3,4,1
3,3,0
3,29,26
3,5,2
3,3,0
2,2,0
2,2,0
2,4,2
2,2,0
2,11,9
2,4,2
3,19,16
3,5,2
0,0,0
2,2,0
3,5,2
2,4,2
3,3,0
16,16,0
9,9,0
3,3,0
2,4,2
3,3,0
4,18,14
45,45,0
3,3,0
19,19,0
2,6,4
2,2,0
3,7,4
3,9,6
2,2,0
1,2,1
2,2,0
3,3,0
2,5,3
2,2,0
3,5,2
2,2,0
3,3,0
2,2,0
2,2,0
20,20,0
4,4,0
1,25,24
1,4,3
2,2,0
3,5,2
0,0,0
1,1,0
2,2,0
2,2,0
2,2,0
59,59,0
2,2,0
1,2,1
3,3,0
77,97,20
2,4,2
1,3,2
1,5,4
2,4,2
2,6,4
0,0,0
2,2,0
2,9,7
8,8,0
2,2,0
3,12,9
2,2,0
25,25,0
3,5,2
8,8,0
6,6,0
3,3,0
2,2,0
3,5,2
2,2,0
2,2,0
0,0,0
2,2,0
3,3,0
2,4,2
3,3,0
3,7,4
2,6,4
0,0,0
2,2,0
3,3,0
1,11,10
2,2,0
9,9,0
3,7,4
11,11,0
2,2,0
0,0,0
3,7,4
1,2,1
3,10,7
2,15,13
2,5,3
2,2,0
2,18,16
9,9,0
2,2,0
10,10,0
2,2,0
1,10,9
2,2,0
2,8,6
2,2,0
3,3,0
3,3,0
4,101,97
1,1,0
98,98,0
2,2,0
40,54,14
2,2,0
2,11,9
1,1,0
2,10,8
1,1,0
2,2,0
3,3,0
2,2,0
1,1,0
2,5,3
3,5,2
6,6,0
2,2,0
11,11,0
2,5,3
2,8,6
2,2,0
5,6,1
2,5,3
2,2,0
2,2,0
3,3,0
1,3,2
0,0,0
3,7,4
1,1,0
3,3,0
4,4,0
19,19,0
1,4,3
0,0,0
2,2,0
2,2,0
3,6,3
6,6,0
1,1,0
100,104,4
3,3,0
2,2,0
3,3,0
2,2,0
1,6,5
2,2,0
2,5,3
2,3,1
2,2,0
2,2,0
3,3,0
2,4,2
11,20,9
1,1,0
2,3,1
1,1,0
3,3,0
1,1,0
3,3,0
2,4,2
3,6,3
2,2,0
2,2,0
2,2,0
1,1,0
2,2,0
2,2,0
2,4,2
0,0,0
2,4,2
2,2,0
3,3,0
2,4,2
3,3,0
2,2,0
2,4,2
2,2,0
2,2,0
2,18,16
2,7,5
2,2,0
2,2,0
1,2,1
1,1,0
5,5,0
10,10,0
2,2,0
2,6,4
2,2,0
1,29,28
3,6,3
3,3,0
2,2,0
3,3,0
2,2,0
3,5,2
4,4,0
3,3,0
2,2,0
8,20,12
11,11,0
8,8,0
2,2,0
4,4,0
13,13,0
3,3,0
2,2,0
2,2,0
2,2,0
2,6,4
8,8,0
1,1,0
2,2,0
2,2,0
3,12,9
1,1,0
2,2,0
8,10,2
6,27,21
2,2,0
2,4,2
3,3,0
2,2,0
5,5,0
3,3,0
2,3,1
8,8,0
2,4,2
2,2,0
6,6,0
2,2,0
3,6,3
16,19,3
1,6,5
9,9,0
3,4,1
2,10,8
2,4,2
2,2,0
2,3,1
14,16,2
1,1,0
2,2,0
2,45,43
2,4,2
3,7,4
2,3,1
1,3,2
3,3,0
3,5,2
1,1,0
1,2,1
3,5,2
2,2,0
3,11,8
3,5,2
4,5,1
1,1,0
3,9,6
3,7,4
2,2,0
3,5,2
2,5,3
3,5,2
2,4,2
2,2,0
3,3,0
94,101,7
2,2,0
11,78,67
3,3,0
2,6,4
2,2,0
4,4,0
0,0,0
60,62,2
3,8,5
5,7,2
2,2,0
2,2,0
2,2,0
36,36,0
2,2,0
86,86,0
2,2,0
3,3,0
1,23,22
3,7,4
2,2,0
2,14,12
1,2,1
2,2,0
1,1,0
2,2,0
2,2,0
1,2,1
14,14,0
2,2,0
2,5,3
3,3,0
14,14,0
2,5,3
22,24,2
2,6,4
2,2,0
2,3,1
2,2,0
3,9,6
3,3,0
3,13,10
2,2,0
8,8,0
2,10,8
3,5,2
3,3,0
3,3,0
2,2,0
2,6,4
3,3,0
45,45,0
22,23,1
1,1,0
5,5,0
2,10,8
2,11,9
74,78,4
2,3,1
2,2,0
2,2,0
2,2,0
3,5,2
2,12,10
12,12,0
2,7,5
2,2,0
4,6,2
2,2,0
8,8,0
2,3,1
1,21,20
3,3,0
154,154,0
2,2,0
3,5,2
3,3,0
13,13,0
2,2,0
1,21,20
3,3,0
3,11,8
10,11,1
2,2,0
3,9,6
2,3,1
0,0,0
1,1,0
2,2,0
2,2,0
3,3,0
2,2,0
2,2,0
1,2,1
8,8,0
2,2,0
2,2,0
3,3,0
2,2,0
2,10,8
2,6,4
2,5,3
3,8,5
2,4,2
2,2,0
3,5,2
2,2,0
2,2,0
8,8,0
3,5,2
100,104,4
3,5,2
6,6,0
3,3,0
8,8,0
2,2,0
3,3,0
2,2,0
52,167,115
3,3,0
0,0,0
1,2,1
0,0,0
3,3,0
5,10,5
2,2,0
2,2,0
3,3,0
2,4,2
2,2,0
87,94,7
2,4,2
12,12,0
2,2,0
2,2,0
8,8,0
2,2,0
3,52,49
2,2,0
2,8,6
1,4,3
2,19,17
3,3,0
4,4,0
2,2,0
2,8,6
2,7,5
2,3,1
2,10,8
3,3,0
2,2,0
3,5,2
2,2,0
1,22,21
2,6,4
19,97,78
1,1,0
1,4,3
1,2,1
2,2,0
2,2,0
2,3,1
2,4,2
3,3,0
2,2,0
2,2,0
2,4,2
8,10,2
2,82,80
2,2,0
2,4,2
2,2,0
2,2,0
2,2,0
2,2,0
3,3,0
0,0,0
3,3,0
3,5,2
1,2,1
2,16,14
3,3,0
3,12,9
6,6,0
2,2,0
2,4,2
23,23,0
3,3,0
9,9,0
25,25,0
2,4,2
2,2,0
6,8,2
3,3,0
3,3,0
1,2,1
3,4,1
1,2,1
2,45,43
2,2,0
2,28,26
2,7,5
3,20,17
3,3,0
6,6,0
2,15,13
1,1,0
2,84,82
100,106,6
2,80,78
2,2,0
2,2,0
1,2,1
2,18,16
3,12,9
2,13,11
3,3,0
3,5,2
2,2,0
1,2,1
1,2,1
2,2,0
3,5,2
77,77,0
3,3,0
3,9,6
3,15,12
4,4,0
1,3,2
30,31,1
3,3,0
2,2,0
2,2,0
3,3,0
2,3,1
3,3,0
2,2,0
1,2,1
3,7,4
3,5,2
3,3,0
2,2,0
2,2,0
3,5,2
2,15,13
3,8,5
3,22,19
9,9,0
2,13,11
2,2,0
3,3,0
2,4,2
2,2,0
2,2,0
2,2,0
2,2,0
2,2,0
2,2,0
2,2,0
2,2,0
8,10,2
2,2,0
2,2,0
2,2,0
2,2,0
1,1,0
0,0,0
8,8,0
3,3,0
2,2,0
2,2,0
4,4,0
2,2,0
2,2,0
8,8,0
9,9,0
8,8,0
2,3,1
2,2,0
2,8,6
3,3,0
3,15,12
0,0,0
2,5,3
3,7,4
2,2,0
2,4,2
2,2,0
3,3,0
1,13,12
2,4,2
11,25,14
2,3,1
2,2,0
2,2,0
91,91,0
5,5,0
0,0,0
2,2,0
2,5,3
2,2,0
2,2,0
3,3,0
3,5,2
2,2,0
2,8,6
2,2,0
2,4,2
3,7,4
19,19,0
0,0,0
3,3,0
1,1,0
2,2,0
2,2,0
2,3,1
35,35,0
3,3,0
2,2,0
1,3,2
2,2,0
3,3,0
2,2,0
1,8,7
2,2,0
3,5,2
3,25,22
3,7,4
3,5,2
2,3,1
1,2,1
1,2,1
2,82,80
7,13,6
0,0,0
1,1,0
3,3,0
10,10,0
2,2,0
2,2,0
2,2,0
1,1,0
0,0,0
0,0,0
2,3,1
2,2,0
6,6,0
3,26,23
2,2,0
2,82,80
3,3,0
1,23,22
2,2,0
3,5,2
3,3,0
2,3,1
3,3,0
2,2,0
2,2,0
2,2,0
2,4,2
3,7,4
3,5,2
2,4,2
3,11,8
9,10,1
2,2,0
3,5,2
2,4,2
2,60,58
1,2,1
2,2,0
1,12,11
2,3,1
3,3,0
3,3,0
2,2,0
8,8,0
2,4,2
2,2,0
0,0,0
2,8,6
4,4,0
8,8,0
1,3,2
1,1,0
2,6,4
2,2,0
1,1,0
1,2,1
2,3,1
2,2,0
3,3,0
9,9,0
3,6,3
3,5,2
2,2,0
3,3,0
1,1,0
1,2,1
3,3,0
8,8,0
1,1,0
70,81,11
2,13,11
24,24,0
3,3,0
1,3,2
1,1,0
2,2,0
2,2,0
3,3,0
2,2,0
10,10,0
2,2,0
1,1,0
2,4,2
1,1,0
2,4,2
0,0,0
3,3,0
2,2,0
8,8,0
2,4,2
3,5,2
16,17,1
3,8,5
2,2,0
2,2,0
2,2,0
0,0,0
2,3,1
2,2,0
4,4,0
2,2,0
4,4,0
2,18,16
3,5,2
11,11,0
2,23,21
2,80,78
3,3,0
3,3,0
0,0,0
2,2,0
1,1,0
2,10,8
8,8,0
2,2,0
3,5,2
8,8,0
2,2,0
8,8,0
3,5,2
3,9,6
2,2,0
4,4,0
1,1,0
0,0,0
2,3,1
2,2,0
3,7,4
2,5,3
2,2,0
2,35,33
3,3,0
2,2,0
2,4,2
2,2,0
2,4,2
3,3,0
3,6,3
1,5,4
2,2,0
4,4,0
1,1,0
4,8,4
3,5,2
1,21,20
5,8,3
1,3,2
2,2,0
6,6,0
3,3,0
2,37,35
2,80,78
3,3,0
71,71,0
1,2,1
1,2,1
8,8,0
5,28,23
28,28,0
3,5,2
2,2,0
3,3,0
1,3,2
2,2,0
3,5,2
2,2,0
2,2,0
1,19,18
3,3,0
4,8,4
2,2,0
2,6,4
2,2,0
2,2,0
1,1,0
1,58,57
2,2,0
3,6,3
5,5,0
2,2,0
3,8,5
2,4,2
2,2,0
2,2,0
3,3,0
2,12,10
2,2,0
3,5,2
2,2,0
2,5,3
1,14,13
0,0,0
3,10,7
1,1,0
2,2,0
2,6,4
2,2,0
2,2,0
3,6,3
2,2,0
3,11,8
2,6,4
6,7,1
1,4,3
2,2,0
2,3,1
2,4,2
2,2,0
2,4,2
2,2,0
2,2,0
2,2,0
1,1,0
2,2,0
2,2,0
1,25,24
1,1,0
2,8,6
1,24,23
2,2,0
3,13,10
9,9,0
43,43,0
2,2,0
96,96,0
9,9,0
3,3,0
0,0,0
6,9,3
2,4,2
0,0,0
1,2,1
4,4,0
3,3,0
3,10,7
2,3,1
2,2,0
1,1,0
3,12,9
2,2,0
3,9,6
2,2,0
2,3,1
0,0,0
2,4,2
2,5,3
3,3,0
2,2,0
2,4,2
2,2,0
3,3,0
5,5,0
2,7,5
0,0,0
2,2,0
3,8,5
8,8,0
10,16,6
3,5,2
2,2,0
4,6,2
0,0,0
3,3,0
2,28,26
3,3,0
3,3,0
2,9,7
2,2,0
1,2,1
2,2,0
3,9,6
1,24,23
47,49,2
6,7,1
3,3,0
9,9,0
2,2,0
2,8,6
0,0,0
38,41,3
2,2,0
2,5,3
3,3,0
1,2,1
36,44,8
2,82,80
3,5,2
7,7,0
6,35,29
2,2,0
3,3,0
29,29,0
2,2,0
51,51,0
1,1,0
2,2,0
3,7,4
3,4,1
0,0,0
2,2,0
3,7,4
2,2,0
0,0,0
5,21,16
2,2,0
39,39,0
3,3,0
2,4,2
2,2,0
44,46,2
2,2,0
2,2,0
2,2,0
2,2,0
2,2,0
9,9,0
3,3,0
1,2,1
3,5,2
1,6,5
2,9,7
3,3,0
2,2,0
2,2,0
101,101,0
2,2,0
6,84,78
3,5,2
2,8,6
2,9,7
1,1,0
6,6,0
13,13,0
3,3,0
2,3,1
95,95,0
0,0,0
8,8,0
100,104,4
3,3,0
49,72,23
9,9,0
1,4,3
2,2,0
2,6,4
10,19,9
3,3,0
3,103,100
2,2,0
2,2,0
100,104,4
5,5,0
0,0,0
1,1,0
3,3,0
3,7,4
8,8,0
2,2,0
2,21,19
100,100,0
3,3,0
2,2,0
2,2,0
17,17,0
2,2,0
3,3,0
18,18,0
0,0,0
3,5,2
2,2,0
3,3,0
5,12,7
2,2,0
2,4,2
3,3,0
2,2,0
2,2,0
3,3,0
3,6,3
2,2,0
3,5,2
2,2,0
2,2,0
1,2,1
2,2,0
9,9,0
0,0,0
2,2,0
3,3,0
1,1,0
2,2,0
2,4,2
0,0,0
2,2,0
2,2,0
2,2,0
4,9,5
11,25,14
3,5,2
3,3,0
2,2,0
3,3,0
2,2,0
9,9,0
2,2,0
2,2,0
2,2,0
3,3,0
0,0,0
2,3,1
2,2,0
3,5,2
3,6,3
3,5,2
2,2,0
2,4,2
1,20,19
3,4,1
2,2,0
3,5,2
0,0,0
2,2,0
6,6,0
2,3,1
2,4,2
5,8,3
134,146,12
3,3,0
2,2,0
3,5,2
3,3,0
2,5,3
0,0,0
2,2,0
2,2,0
3,5,2
3,5,2
2,2,0
2,2,0
2,2,0
3,3,0
2,6,4
2,5,3
17,17,0
2,2,0
3,7,4
2,2,0
2,2,0
2,2,0
7,9,2
0,0,0
100,100,0
11,11,0
2,2,0
12,12,0
2,2,0
5,5,0
64,64,0
2,10,8
2,2,0
3,3,0
2,2,0
6,6,0
2,2,0
2,2,0
2,2,0
10,27,17
4,4,0
2,2,0
2,2,0
3,3,0
2,2,0
2,2,0
0,0,0
1,2,1
3,3,0
3,7,4
2,2,0
2,2,0
1,7,6
6,6,0
2,3,1
3,3,0
3,3,0
2,2,0
20,20,0
11,11,0
2,2,0
4,11,7
3,5,2
2,4,2
0,0,0
2,2,0
19,19,0
3,3,0
3,3,0
3,3,0
2,2,0
2,8,6
3,17,14
2,8,6
2,2,0
8,8,0
2,2,0
3,11,8
3,17,14
3,3,0
3,19,16
2,2,0
1,1,0
2,19,17
2,4,2
3,12,9
22,22,0
2,2,0
3,10,7
10,10,0
9,9,0
2,2,0
3,3,0
2,60,58
2,2,0
3,3,0
3,3,0
3,3,0
3,3,0
1,1,0
60,121,61
9,9,0
2,43,41
2,2,0
8,8,0
9,9,0
3,3,0
1,6,5
2,2,0
0,0,0
2,2,0
3,6,3
20,20,0
0,0,0
2,2,0
3,3,0
7,7,0
1,1,0
2,2,0
2,4,2
2,5,3
1,22,21
2,5,3
1,3,2
2,2,0
2,2,0
3,5,2
12,12,0
1,3,2
3,3,0
2,4,2
2,2,0
9,9,0
2,2,0
2,2,0
2,3,1
9,9,0
2,23,21
2,2,0
0,0,0
2,2,0
7,7,0
2,2,0
2,2,0
2,19,17
3,3,0
3,5,2
2,2,0
2,2,0
2,2,0
3,5,2
2,6,4
0,0,0
5,8,3
3,3,0
2,2,0
2,2,0
3,3,0
2,80,78
2,2,0
2,2,0
3,3,0
3,7,4
2,2,0
2,2,0
0,0,0
1,22,21
2,2,0
4,6,2
2,2,0
2,2,0
0,0,0
2,2,0
3,3,0
2,2,0
2,2,0
2,2,0
3,3,0
3,3,0
2,2,0
0,0,0
2,2,0
3,3,0
2,2,0
2,2,0
3,5,2
2,2,0
9,9,0
2,2,0
2,2,0
54,68,14
1,1,0
3,13,10
2,2,0
2,2,0
2,4,2
1,1,0
4,4,0
2,2,0
1,4,3
2,2,0
2,2,0
2,2,0
0,0,0
2,2,0
2,2,0
2,4,2
3,5,2
7,7,0
3,3,0
2,3,1
4,4,0
3,3,0
3,8,5
3,5,2
2,2,0
49,49,0
13,19,6
2,2,0
2,2,0
0,0,0
1,1,0
2,2,0
3,5,2
2,2,0
2,2,0
2,2,0
3,5,2
2,2,0
2,2,0
2,2,0
2,2,0
3,5,2
1,2,1
3,3,0
3,8,5
2,5,3
2,2,0
2,2,0
0,0,0
2,2,0
2,2,0
3,5,2
23,66,43
3,3,0
2,2,0
2,6,4
2,7,5
2,2,0
0,0,0
2,2,0
9,9,0
2,2,0
3,9,6
2,2,0
2,2,0
2,2,0
2,2,0
2,2,0
14,14,0
3,3,0
2,2,0
1,1,0
2,2,0
6,9,3
1,33,32
2,2,0
2,2,0
2,2,0
3,3,0
3,3,0
1,30,29
1,1,0
3,8,5
1,6,5
2,2,0
3,12,9
8,8,0
2,2,0
2,45,43
2,4,2
2,2,0
2,2,0
2,2,0
2,2,0
3,3,0
1,2,1
2,2,0
4,4,0
2,2,0
20,20,0
2,2,0
17,17,0
2,2,0
2,4,2
3,11,8
1,77,76
3,5,2
16,26,10
3,7,4
2,4,2
3,3,0
38,40,2
8,8,0
2,2,0
9,9,0
2,2,0
2,40,38
0,0,0
19,19,0
2,9,7
8,18,10
2,80,78
0,0,0
5,114,109
1,1,0
2,3,1
2,6,4
3,10,7
0,0,0
3,7,4
2,2,0
1,1,0
2,2,0
27,27,0
1,1,0
2,4,2
2,8,6
4,4,0
2,4,2
2,14,12
3,9,6
2,24,22
2,2,0
1,7,6
7,8,1
2,2,0
1,1,0
2,2,0
3,3,0
2,2,0
2,5,3
8,8,0
6,6,0
6,7,1
2,2,0
3,5,2
2,2,0
5,5,0
51,51,0
8,8,0
3,13,10
3,3,0
2,2,0
1,1,0
2,2,0
1,1,0
2,2,0
2,2,0
2,82,80
2,2,0
3,5,2
8,8,0
2,2,0
22,22,0
2,3,1
2,3,1
1,1,0
2,2,0
2,2,0
3,5,2
2,6,4
2,45,43
2,2,0
2,2,0
0,0,0
3,3,0
3,3,0
3,3,0
2,16,14
2,2,0
4,4,0
2,2,0
4,4,0
3,12,9
2,2,0
2,4,2
2,2,0
2,2,0
2,2,0
2,3,1
3,3,0
2,2,0
0,0,0
4,6,2
2,8,6
3,5,2
3,3,0
3,3,0
2,5,3
3,5,2
3,3,0
2,45,43
3,3,0
18,18,0
3,6,3
2,2,0
2,2,0
2,3,1
4,10,6
2,2,0
1,2,1
2,2,0
2,2,0
2,2,0
8,8,0
1,3,2
3,5,2
1,1,0
1,3,2
2,2,0
14,14,0
2,2,0
3,27,24
2,5,3
3,5,2
2,8,6
1,4,3
2,2,0
2,5,3
2,2,0
2,2,0
3,9,6
3,5,2
6,49,43
8,8,0
8,8,0
0,0,0
2,2,0
6,6,0
1,1,0
2,2,0
3,6,3
13,14,1
2,2,0
3,5,2
1,3,2
3,4,1
3,6,3
2,2,0
3,5,2
2,2,0
1,2,1
3,5,2
3,5,2
1,3,2
2,2,0
2,9,7
2,2,0
103,112,9
2,2,0
2,4,2
2,2,0
2,2,0
2,2,0
10,10,0
8,54,46
51,51,0
2,5,3
2,2,0
1,2,1
2,2,0
2,2,0
19,19,0
9,9,0
2,2,0
3,5,2
0,0,0
1,1,0
2,2,0
2,4,2
6,6,0
3,5,2
2,2,0
3,6,3
0,0,0
94,94,0
2,2,0
2,4,2
2,9,7
3,7,4
3,7,4
2,2,0
2,2,0
2,2,0
9,9,0
1,2,1
3,3,0
3,5,2
2,3,1
2,2,0
3,3,0
2,29,27
2,2,0
2,2,0
2,2,0
51,75,24
2,3,1
3,3,0
2,10,8
2,2,0
2,4,2
2,2,0
2,80,78
3,3,0
1,2,1
1,1,0
2,19,17
6,17,11
100,127,27
0,0,0
2,2,0
2,10,8
3,68,65
22,22,0
0,0,0
14,14,0
20,20,0
2,2,0
3,3,0
3,6,3
18,18,0
2,2,0
6,12,6
0,0,0
1,2,1
2,2,0
2,2,0
2,4,2
2,3,1
3,9,6
2,2,0
5,5,0
88,88,0
8,8,0
3,3,0
2,2,0
2,2,0
10,10,0
1,1,0
2,2,0
12,12,0
2,4,2
3,3,0
3,3,0
2,2,0
3,3,0
2,3,1
8,8,0
8,8,0
8,8,0
2,2,0
2,4,2
3,4,1
2,2,0
3,3,0
1,3,2
0,0,0
13,15,2
1,2,1
2,2,0
2,4,2
9,9,0
2,2,0
2,13,11
0,0,0
3,10,7
3,3,0
2,2,0
1,2,1
2,2,0
2,2,0
0,0,0
8,8,0
4,4,0
1,1,0
3,3,0
2,4,2
2,2,0
37,37,0
3,3,0
8,8,0
2,4,2
2,2,0
2,6,4
1,9,8
2,2,0
100,100,0
2,6,4
3,4,1
2,2,0
2,4,2
2,2,0
2,2,0
2,2,0
2,2,0
1,1,0
1,1,0
2,4,2
2,2,0
2,2,0
2,80,78
3,26,23
2,2,0
2,2,0
4,4,0
1,7,6
2,2,0
3,5,2
9,9,0
4,4,0
3,3,0
2,2,0
10,10,0
2,8,6
2,8,6
2,3,1
2,2,0
2,2,0
3,7,4
3,3,0
7,9,2
10,21,11
2,2,0
2,2,0
2,6,4
4,4,0
2,2,0
2,4,2
6,6,0
3,3,0
2,17,15
1,2,1
4,8,4
7,7,0
2,2,0
3,8,5
11,11,0
2,2,0
3,3,0
29,31,2
2,7,5
8,8,0
3,5,2
43,44,1
2,2,0
2,2,0
2,69,67
2,5,3
2,84,82
1,15,14
56,56,0
2,2,0
2,2,0
2,2,0
2,2,0
3,3,0
3,3,0
3,5,2
0,0,0
2,2,0
2,2,0
2,3,1
9,9,0
2,7,5
1,32,31
2,3,1
2,9,7
2,2,0
1,1,0
2,2,0
2,4,2
2,5,3
2,2,0
2,2,0
2,2,0
0,0,0
2,2,0
6,35,29
3,3,0
2,2,0
2,2,0
3,3,0
2,4,2
2,2,0
2,19,17
2,2,0
1,1,0
9,9,0
2,6,4
2,2,0
3,3,0
2,2,0
2,2,0
2,2,0
2,2,0
20,23,3
8,9,1
3,8,5
2,2,0
2,2,0
2,4,2
2,2,0
2,2,0
2,10,8
7,7,0
2,2,0
3,3,0
2,2,0
2,80,78
3,8,5
3,5,2
0,0,0
0,0,0
8,8,0
0,0,0
2,2,0
1,1,0
8,8,0
2,2,0
2,2,0
2,3,1
3,3,0
2,2,0
8,8,0
3,3,0
3,3,0
70,70,0
2,3,1
1,2,1
1,1,0
1,1,0
11,11,0
1,101,100
3,7,4
2,7,5
3,3,0
1,22,21
2,2,0
2,4,2
2,2,0
3,3,0
2,2,0
2,2,0
2,2,0
1,3,2
11,11,0
3,3,0
2,2,0
3,3,0
3,5,2
3,5,2
0,0,0
2,2,0
0,0,0
2,2,0
3,3,0
2,2,0
1,2,1
3,3,0
1,2,1
1,1,0
2,3,1
3,12,9
3,6,3
1,2,1
3,3,0
2,2,0
3,3,0
4,4,0
3,3,0
4,10,6
3,6,3
2,2,0
20,20,0
17,17,0
9,9,0
3,3,0
3,3,0
2,2,0
2,2,0
2,2,0
3,9,6
2,2,0
1,8,7
2,2,0
2,2,0
1,7,6
2,2,0
3,10,7
1,4,3
2,2,0
2,2,0
8,8,0
9,9,0
2,7,5
3,21,18
2,3,1
0,0,0
4,4,0
1,22,21
2,2,0
2,4,2
2,3,1
20,20,0
3,4,1
8,8,0
2,2,0
2,9,7
2,2,0
2,6,4
3,3,0
4,4,0
3,4,1
2,2,0
5,5,0
1,2,1
3,3,0
1,2,1
9,9,0
2,2,0
3,6,3
2,2,0
10,10,0
2,2,0
2,2,0
2,2,0
8,8,0
2,6,4
8,8,0
1,2,1
3,7,4
2,2,0
9,9,0
2,2,0
3,3,0
3,5,2
3,9,6
0,0,0
0,0,0
5,5,0
2,9,7
3,3,0
2,2,0
1,15,14
4,4,0
1,5,4
2,24,22
3,3,0
18,20,2
2,3,1
2,4,2
2,2,0
2,3,1
2,2,0
2,8,6
9,9,0
0,0,0
2,2,0
10,10,0
6,27,21
3,4,1
2,10,8
1,2,1
2,3,1
2,6,4
8,8,0
4,4,0
2,2,0
2,4,2
2,4,2
10,10,0
3,3,0
2,4,2
2,2,0
0,0,0
3,3,0
2,28,26
2,2,0
5,10,5
31,31,0
2,2,0
2,2,0
2,2,0
3,3,0
2,2,0
8,8,0
2,2,0
4,4,0
2,6,4
78,78,0
3,23,20
2,2,0
4,6,2
10,10,0
3,7,4
2,2,0
2,4,2
14,15,1
2,2,0
5,5,0
2,4,2
2,3,1
3,5,2
3,3,0
5,5,0
1,2,1
2,4,2
2,2,0
24,24,0
2,2,0
1,1,0
2,2,0
1,2,1
2,8,6
2,2,0
2,2,0
2,2,0
2,2,0
3,5,2
2,6,4
3,3,0
2,2,0
2,9,7
3,3,0
2,30,28
2,2,0
1,2,1
3,5,2
2,9,7
4,4,0
2,2,0
2,4,2
1,21,20
3,3,0
2,2,0
2,2,0
0,0,0
3,11,8
1,1,0
3,3,0
0,0,0
2,2,0
9,9,0
2,47,45
3,5,2
3,3,0
3,3,0
2,4,2
2,2,0
1,5,4
2,2,0
2,2,0
3,5,2
2,2,0
2,2,0
9,9,0
2,2,0
2,2,0
1,6,5
2,2,0
3,3,0
3,5,2
23,24,1
2,4,2
1,4,3
2,2,0
2,2,0
1,1,0
2,2,0
3,6,3
2,2,0
21,26,5
9,9,0
2,2,0
3,8,5
1,2,1
3,4,1
0,0,0
1,1,0
2,2,0
12,12,0
5,5,0
0,0,0
2,82,80
2,2,0
2,2,0
3,3,0
3,3,0
2,2,0
2,4,2
20,20,0
1,10,9
3,5,2
0,0,0
3,5,2
2,2,0
2,12,10
8,8,0
2,2,0
2,2,0
3,7,4
2,2,0
2,2,0
3,3,0
3,3,0
2,2,0
3,5,2
1,3,2
2,3,1
10,10,0
1,44,43
2,7,5
6,15,9
2,6,4
3,10,7
2,13,11
12,13,1
1,2,1
2,3,1
2,2,0
1,25,24
2,2,0
2,2,0
3,3,0
3,7,4
2,2,0
3,7,4
3,5,2
8,8,0
1,2,1
6,6,0
1,1,0
2,2,0
3,4,1
3,3,0
2,2,0
1,1,0
1,3,2
30,30,0
2,2,0
3,9,6
9,9,0
8,9,1
2,7,5
2,2,0
2,29,27
3,3,0
3,3,0
2,2,0
52,53,1
2,2,0
9,9,0
3,14,11
3,5,2
2,2,0
2,5,3
2,2,0
2,2,0
4,32,28
2,2,0
1,2,1
3,5,2
8,8,0
2,2,0
11,11,0
1,23,22
3,3,0
2,2,0
3,3,0
4,8,4
3,5,2
2,2,0
3,3,0
3,3,0
2,2,0
2,2,0
2,2,0
3,3,0
2,2,0
2,2,0
2,3,1
0,0,0
2,2,0
2,9,7
2,2,0
3,3,0
2,2,0
1,2,1
3,5,2
1,3,2
2,2,0
2,3,1
50,50,0
9,9,0
1,24,23
2,2,0
1,16,15
3,3,0
2,80,78
3,5,2
3,3,0
6,7,1
1,1,0
11,11,0
2,2,0
2,2,0
4,4,0
2,2,0
4,5,1
2,2,0
59,60,1
8,8,0
3,7,4
1,24,23
2,2,0
1,1,0
0,0,0
3,5,2
2,2,0
2,6,4
2,2,0
2,2,0
3,3,0
0,0,0
2,2,0
2,4,2
2,2,0
10,12,2
3,9,6
3,3,0
3,3,0
0,0,0
7,7,0
3,5,2
2,2,0
2,2,0
2,2,0
2,2,0
2,2,0
2,2,0
2,2,0
11,11,0
3,3,0
0,0,0
1,1,0
2,2,0
3,14,11
9,11,2
2,2,0
3,3,0
2,2,0
2,2,0
3,3,0
3,9,6
2,2,0
3,3,0
1,8,7
3,3,0
2,2,0
9,9,0
1,2,1
2,2,0
2,7,5
3,3,0
2,2,0
1,24,23
3,15,12
1,1,0
3,3,0
2,6,4
2,2,0
12,12,0
3,3,0
2,2,0
3,3,0
3,3,0
2,7,5
35,35,0
1,23,22
4,9,5
11,11,0
3,23,20
3,3,0
2,2,0
2,2,0
3,4,1
1,78,77
3,5,2
3,3,0
3,5,2
4,4,0
2,15,13
0,0,0
3,3,0
3,5,2
2,2,0
2,2,0
3,3,0
3,8,5
2,2,0
1,2,1
3,3,0
2,2,0
8,16,8
2,2,0
8,8,0
4,16,12
3,3,0
3,3,0
3,3,0
2,13,11
2,6,4
2,2,0
5,10,5
1,1,0
3,5,2
2,2,0
1,1,0
2,2,0
2,2,0
1,4,3
3,3,0
3,3,0
1,2,1
2,2,0
0,0,0
1,2,1
8,8,0
0,0,0
3,3,0
2,2,0
3,5,2
2,6,4
2,2,0
9,9,0
4,4,0
4,5,1
2,2,0
7,7,0
2,10,8
2,2,0
0,0,0
2,2,0
8,8,0
3,3,0
2,2,0
2,4,2
4,99,95
2,2,0
6,8,2
2,2,0
2,2,0
0,0,0
3,3,0
2,5,3
8,8,0
2,6,4
1,1,0
3,7,4
3,3,0
2,2,0
24,30,6
2,2,0
3,7,4
2,2,0
4,4,0
6,6,0
3,3,0
2,4,2
3,3,0
2,4,2
6,6,0
1,1,0
2,2,0
3,3,0
2,2,0
2,2,0
6,6,0
10,14,4
2,2,0
99,99,0
2,2,0
1,2,1
3,5,2
2,4,2
3,3,0
2,2,0
2,2,0
2,2,0
3,3,0
2,2,0
2,2,0
2,2,0
2,4,2
2,2,0
0,0,0
1,1,0
3,9,6
4,4,0
3,3,0
9,9,0
5,5,0
2,8,6
32,32,0
2,5,3
3,5,2
2,2,0
64,67,3
2,2,0
1,6,5
1,2,1
3,7,4
3,3,0
2,2,0
2,4,2
2,2,0
3,3,0
2,2,0
3,3,0
1,4,3
2,2,0
0,0,0
2,2,0
1,3,2
2,8,6
2,4,2
2,2,0
3,7,4
1,6,5
2,2,0
2,9,7
3,5,2
3,3,0
7,7,0
3,3,0
3,5,2
2,2,0
2,2,0
3,3,0
3,3,0
2,13,11
11,11,0
3,3,0
3,5,2
2,2,0
1,44,43
95,95,0
3,3,0
3,5,2
1,1,0
40,40,0
2,2,0
2,2,0
3,8,5
8,8,0
2,2,0
2,17,15
1,1,0
4,10,6
139,139,0
9,9,0
10,10,0
3,8,5
2,84,82
2,4,2
2,3,1
3,14,11
3,3,0
2,2,0
2,4,2
8,8,0
2,27,25
4,4,0
2,2,0
1,2,1
3,8,5
11,11,0
3,3,0
2,2,0
3,6,3
1,2,1
1,26,25
2,3,1
6,6,0
3,3,0
3,3,0
2,2,0
1,26,25
1,1,0
2,4,2
2,11,9
2,2,0
2,2,0
2,2,0
3,3,0
2,2,0
3,3,0
2,2,0
7,10,3
3,3,0
3,3,0
2,2,0
2,2,0
1,28,27
2,8,6
2,4,2
2,3,1
4,35,31
2,2,0
2,2,0
3,3,0
2,2,0
2,2,0
1,1,0
2,2,0
2,2,0
8,10,2
153,153,0
42,109,67
2,2,0
1,1,0
2,5,3
2,3,1
40,48,8
0,0,0
1,2,1
1,2,1
2,12,10
3,5,2
2,2,0
2,2,0
2,2,0
8,8,0
9,9,0
10,10,0
2,2,0
12,12,0
3,7,4
2,2,0
2,2,0
2,2,0
2,2,0
0,0,0
2,2,0
8,8,0
1,3,2
3,5,2
2,2,0
0,0,0
4,4,0
4,4,0
2,2,0
11,11,0
2,4,2
100,100,0
2,2,0
0,0,0
42,42,0
3,9,6
3,9,6
2,2,0
2,35,33
2,2,0
2,2,0
2,2,0
1,1,0
2,4,2
2,51,49
3,3,0
2,2,0
1,2,1
2,2,0
3,3,0
2,2,0
2,2,0
1,1,0
5,5,0
3,5,2
2,2,0
3,5,2
2,2,0
2,2,0
2,2,0
2,2,0
3,5,2
2,2,0
2,11,9
2,2,0
3,3,0
2,2,0
3,3,0
2,2,0
3,3,0
1,19,18
3,3,0
3,5,2
2,2,0
3,3,0
2,2,0
2,2,0
2,19,17
1,1,0
2,4,2
4,4,0
3,9,6
2,2,0
8,8,0
2,2,0
2,2,0
0,0,0
2,14,12
3,3,0
1,1,0
2,2,0
2,4,2
2,2,0
3,3,0
2,3,1
1,2,1
2,2,0
3,12,9
2,4,2
0,0,0
2,49,47
2,2,0
3,3,0
2,2,0
2,2,0
2,2,0
3,6,3
3,3,0
1,2,1
1,1,0
12,12,0
2,2,0
3,3,0
2,2,0
2,2,0
1,1,0
10,10,0
3,6,3
4,4,0
2,4,2
3,6,3
2,82,80
1,5,4
1,2,1
2,2,0
2,3,1
3,5,2
0,0,0
3,9,6
2,2,0
3,5,2
76,76,0
5,5,0
2,2,0
3,3,0
2,2,0
9,9,0
1,5,4
2,2,0
2,2,0
2,6,4
1,1,0
3,5,2
1,2,1
20,20,0
3,3,0
3,5,2
2,2,0
4,4,0
4,4,0
3,3,0
2,2,0
3,3,0
2,2,0
8,8,0
2,2,0
3,3,0
1,1,0
2,4,2
3,3,0
8,8,0
2,3,1
2,2,0
0,0,0
0,0,0
16,18,2
8,8,0
1,7,6
2,4,2
3,11,8
8,8,0
1,2,1
11,11,0
2,6,4
2,2,0
3,3,0
3,3,0
40,41,1
70,229,159
14,14,0
2,2,0
4,4,0
2,2,0
2,2,0
4,19,15
2,10,8
2,2,0
2,2,0
0,0,0
1,2,1
0,0,0
2,2,0
2,2,0
2,10,8
2,39,37
0,0,0
2,2,0
3,16,13
8,9,1
9,18,9
3,3,0
4,4,0
1,7,6
3,3,0
1,2,1
2,2,0
114,114,0
12,12,0
72,72,0
0,0,0
3,3,0
2,2,0
0,0,0
2,2,0
2,2,0
3,3,0
2,2,0
4,4,0
2,17,15
1,22,21
2,4,2
4,9,5
3,3,0
2,2,0
10,10,0
0,0,0
3,7,4
9,9,0
4,12,8
2,8,6
2,2,0
4,11,7
2,2,0
2,2,0
3,5,2
9,15,6
6,6,0
3,9,6
2,24,22
2,2,0
1,3,2
2,2,0
2,2,0
3,5,2
3,3,0
79,86,7
1,2,1
100,101,1
2,11,9
0,0,0
2,2,0
3,3,0
3,3,0
3,3,0
4,4,0
2,2,0
2,2,0
2,2,0
3,3,0
2,2,0
3,5,2
1,1,0
1,1,0
3,3,0
1,1,0
2,4,2
2,5,3
2,3,1
1,1,0
3,19,16
2,2,0
2,2,0
1,2,1
3,8,5
4,7,3
2,2,0
2,6,4
1,1,0
2,8,6
2,2,0
3,3,0
3,3,0
2,2,0
3,28,25
2,2,0
2,4,2
8,8,0
1,1,0
2,2,0
1,15,14
3,9,6
2,2,0
2,2,0
2,2,0
3,3,0
1,3,2
2,2,0
3,3,0
2,2,0
9,9,0
2,4,2
3,5,2
2,2,0
3,10,7
2,7,5
4,9,5
2,2,0
0,0,0
6,7,1
2,2,0
42,60,18
2,2,0
2,4,2
3,52,49
2,2,0
2,13,11
0,0,0
1,1,0
3,9,6
3,3,0
2,2,0
2,2,0
11,11,0
3,8,5
2,2,0
2,2,0
2,6,4
1,21,20
2,3,1
1,1,0
1,21,20
2,3,1
14,14,0
2,2,0
55,55,0
2,2,0
2,2,0
3,5,2
2,2,0
8,8,0
2,2,0
2,2,0
3,3,0
1,2,1
2,6,4
1,1,0
2,2,0
2,2,0
2,2,0
10,10,0
2,2,0
3,3,0
2,6,4
3,5,2
8,18,10
2,2,0
2,4,2
3,4,1
5,6,1
3,3,0
1,2,1
2,15,13
1,2,1
2,2,0
2,2,0
2,2,0
1,1,0
2,2,0
11,11,0
2,3,1
2,2,0
51,51,0
48,50,2
4,4,0
2,2,0
3,3,0
2,2,0
2,2,0
1,1,0
4,4,0
4,4,0
2,3,1
3,3,0
2,2,0
2,2,0
2,2,0
5,5,0
2,4,2
2,3,1
2,2,0
0,0,0
2,8,6
2,2,0
2,2,0
1,4,3
2,2,0
4,4,0
11,11,0
3,5,2
3,3,0
135,135,0
3,3,0
3,3,0
2,2,0
3,3,0
2,2,0
3,3,0
3,5,2
2,2,0
1,2,1
10,10,0
56,64,8
2,2,0
2,2,0
2,2,0
1,77,76
3,3,0
2,2,0
7,7,0
2,2,0
2,2,0
1,1,0
2,2,0
2,2,0
3,5,2
0,0,0
2,2,0
14,14,0
3,3,0
3,4,1
2,4,2
2,2,0
2,2,0
2,2,0
2,2,0
2,2,0
1,2,1
3,7,4
3,3,0
2,13,11
3,3,0
2,3,1
1,5,4
3,3,0
2,4,2
8,8,0
9,9,0
19,19,0
19,21,2
0,0,0
6,6,0
2,2,0
9,9,0
11,11,0
2,3,1
1,1,0
2,5,3
2,2,0
3,3,0
2,2,0
3,3,0
2,5,3
6,6,0
1,2,1
3,7,4
3,12,9
3,3,0
2,82,80
2,2,0
2,2,0
2,9,7
3,5,2
3,3,0
3,3,0
2,2,0
2,2,0
2,6,4
3,3,0
137,137,0
2,2,0
9,9,0
1,1,0
3,9,6
1,6,5
2,3,1
3,5,2
0,0,0
2,2,0
2,2,0
2,61,59
3,7,4
2,3,1
5,5,0
0,0,0
24,25,1
1,3,2
2,2,0
2,2,0
2,2,0
72,109,37
0,0,0
2,2,0
2,4,2
3,3,0
2,2,0
2,2,0
8,22,14
2,4,2
4,4,0
1,1,0
2,2,0
2,2,0
3,3,0
1,1,0
2,2,0
3,3,0
3,3,0
3,3,0
3,7,4
3,3,0
3,3,0
2,2,0
2,2,0
2,4,2
3,6,3
2,2,0
88,178,90
1,2,1
2,4,2
3,4,1
3,3,0
76,76,0
2,3,1
0,0,0
2,2,0
2,2,0
3,3,0
3,5,2
1,1,0
2,2,0
3,5,2
2,2,0
2,2,0
0,0,0
9,9,0
2,2,0
2,2,0
0,0,0
2,4,2
6,6,0
2,2,0
9,9,0
2,2,0
1,2,1
2,3,1
2,4,2
3,3,0
1,23,22
1,1,0
2,2,0
2,4,2
2,6,4
6,6,0
0,0,0
2,2,0
2,2,0
2,2,0
0,0,0
2,2,0
2,2,0
2,2,0
0,0,0
3,3,0
38,47,9
4,6,2
2,7,5
3,12,9
3,3,0
2,2,0
2,2,0
1,11,10
0,0,0
2,4,2
1,1,0
3,3,0
9,9,0
3,9,6
8,8,0
2,2,0
2,2,0
2,2,0
3,7,4
2,2,0
2,4,2
2,2,0
3,3,0
2,9,7
2,7,5
3,20,17
1,1,0
3,3,0
3,5,2
14,24,10
3,3,0
2,2,0
3,3,0
2,4,2
2,2,0
2,3,1
1,2,1
2,6,4
3,27,24
1,1,0
2,2,0
1,1,0
2,10,8
1,2,1
3,3,0
3,3,0
2,2,0
1,47,46
2,2,0
4,4,0
3,7,4
0,0,0
3,5,2
3,3,0
3,7,4
3,8,5
2,2,0
2,3,1
2,6,4
2,2,0
3,15,12
2,82,80
4,6,2
2,8,6
1,2,1
2,2,0
3,3,0
3,3,0
8,8,0
2,2,0
2,2,0
2,7,5
2,2,0
3,9,6
2,2,0
3,15,12
3,3,0
2,2,0
0,0,0
1,2,1
1,1,0
1,1,0
2,2,0
3,3,0
2,4,2
0,0,0
2,2,0
3,3,0
2,2,0
5,5,0
2,4,2
18,18,0
2,4,2
3,3,0
2,46,44
8,8,0
1,23,22
12,12,0
2,6,4
2,2,0
2,2,0
9,9,0
3,3,0
11,11,0
2,2,0
2,2,0
1,1,0
25,26,1
2,8,6
3,7,4
2,2,0
0,0,0
1,1,0
4,4,0
1,23,22
2,2,0
3,5,2
3,5,2
2,2,0
3,5,2
2,2,0
2,2,0
2,2,0
3,5,2
20,20,0
3,3,0
2,2,0
2,2,0
2,5,3
2,2,0
2,2,0
46,47,1
2,7,5
1,1,0
3,7,4
1,71,70
2,4,2
2,2,0
1,1,0
2,2,0
3,5,2
1,1,0
2,2,0
2,6,4
3,10,7
3,3,0
2,2,0
2,2,0
3,5,2
2,2,0
2,2,0
1,1,0
2,15,13
2,4,2
3,3,0
2,2,0
1,18,17
0,0,0
20,20,0
2,2,0
3,17,14
23,42,19
2,2,0
2,2,0
3,3,0
45,45,0
3,3,0
3,3,0
2,2,0
2,4,2
3,3,0
3,11,8
3,3,0
3,17,14
2,2,0
141,141,0
2,4,2
2,2,0
3,3,0
2,3,1
0,0,0
1,1,0
2,2,0
3,5,2
3,3,0
2,2,0
2,7,5
2,2,0
3,8,5
3,7,4
0,0,0
120,242,122
3,3,0
0,0,0
2,2,0
2,6,4
3,12,9
2,2,0
2,6,4
2,2,0
3,3,0
2,2,0
3,5,2
3,5,2
2,6,4
0,0,0
6,6,0
3,5,2
2,2,0
2,4,2
3,3,0
2,34,32
2,2,0
2,2,0
2,2,0
2,2,0
5,5,0
2,2,0
2,2,0
2,2,0
8,8,0
3,21,18
1,79,78
0,0,0
4,4,0
51,51,0
2,2,0
1,7,6
96,104,8
10,10,0
0,0,0
2,4,2
2,2,0
2,28,26
3,3,0
2,4,2
2,3,1
4,4,0
9,9,0
2,2,0
2,17,15
3,3,0
1,4,3
2,11,9
100,175,75
12,12,0
1,30,29
4,4,0
2,2,0
3,15,12
2,2,0
1,4,3
2,2,0
2,2,0
10,10,0
2,6,4
2,2,0
8,15,7
9,13,4
38,127,89
2,4,2
2,3,1
9,9,0
1,3,2
2,2,0
2,2,0
10,10,0
3,6,3
3,7,4
3,3,0
2,2,0
0,0,0
2,5,3
8,8,0
3,4,1
3,8,5
3,3,0
130,130,0
2,2,0
11,13,2
51,51,0
3,5,2
2,2,0
2,3,1
2,183,181
9,9,0
2,4,2
1,2,1
10,98,88
3,3,0
2,4,2
5,7,2
2,2,0
2,2,0
60,60,0
3,3,0
2,4,2
9,9,0
3,3,0
2,4,2
9,9,0
3,3,0
2,2,0
2,3,1
2,2,0
2,2,0
3,5,2
3,3,0
3,3,0
3,3,0
3,3,0
2,2,0
1,3,2
2,3,1
0,0,0
2,2,0
3,3,0
2,2,0
2,2,0
2,2,0
1,27,26
2,2,0
2,2,0
2,3,1
2,2,0
2,2,0
3,9,6
3,13,10
3,5,2
15,36,21
3,9,6
2,3,1
2,37,35
2,2,0
1,3,2
1,2,1
2,2,0
2,2,0
2,2,0
3,3,0
4,4,0
2,2,0
3,3,0
6,37,31
3,5,2
1,1,0
2,2,0
1,1,0
2,3,1
8,8,0
0,0,0
3,3,0
1,2,1
3,3,0
1,2,1
2,2,0
3,3,0
1,44,43
33,33,0
2,2,0
2,2,0
2,2,0
2,2,0
2,2,0
2,15,13
2,2,0
2,3,1
9,9,0
0,0,0
1,2,1
2,3,1
2,2,0
4,4,0
2,6,4
4,8,4
3,3,0
2,2,0
2,2,0
1,5,4
3,3,0
1,2,1
2,2,0
1,1,0
2,5,3
0,0,0
3,3,0
2,5,3
2,2,0
3,6,3
2,3,1
3,3,0
1,1,0
2,2,0
2,2,0
1,63,62
2,2,0
6,6,0
2,2,0
2,2,0
2,3,1
1,3,2
2,4,2
1,1,0
3,3,0
15,15,0
2,2,0
3,3,0
3,5,2
1,2,1
2,2,0
1,3,2
2,4,2
2,2,0
2,2,0
3,3,0
8,8,0
2,2,0
3,5,2
5,5,0
2,6,4
2,80,78
3,3,0
2,2,0
9,9,0
1,2,1
3,13,10
48,48,0
8,8,0
2,2,0
2,2,0
1,2,1
2,2,0
5,5,0
3,4,1
6,11,5
5,5,0
2,2,0
1,1,0
2,6,4
0,0,0
2,2,0
3,3,0
3,5,2
2,2,0
2,6,4
2,2,0
3,3,0
3,6,3
99,100,1
3,4,1
3,3,0
51,51,0
3,11,8
5,5,0
101,105,4
3,3,0
2,2,0
140,140,0
8,8,0
1,1,0
20,20,0
4,4,0
3,4,1
2,2,0
4,17,13
2,2,0
3,3,0
4,4,0
3,9,6
8,8,0
2,2,0
1,7,6
0,0,0
2,2,0
22,22,0
4,4,0
6,6,0
2,2,0
2,4,2
2,2,0
3,3,0
2,6,4
2,2,0
3,5,2
2,2,0
8,8,0
2,2,0
2,2,0
2,5,3
2,7,5
1,2,1
15,15,0
3,3,0
2,2,0
9,9,0
2,2,0
9,9,0
7,7,0
1,1,0
4,5,1
2,2,0
7,7,0
2,28,26
3,3,0
10,10,0
2,2,0
2,6,4
2,2,0
3,3,0
1,1,0
2,11,9
2,2,0
2,2,0
3,6,3
2,2,0
2,3,1
2,2,0
3,10,7
2,2,0
3,5,2
1,2,1
2,2,0
7,7,0
1,1,0
3,3,0
2,2,0
2,2,0
2,3,1
2,2,0
3,3,0
3,3,0
0,0,0
1,1,0
3,3,0
3,4,1
2,2,0
3,5,2
1,6,5
2,2,0
3,3,0
0,0,0
3,3,0
2,2,0
2,2,0
100,408,308
2,2,0
2,2,0
3,3,0
2,2,0
2,2,0
2,2,0
1,1,0
2,4,2
3,3,0
10,10,0
1,55,54
3,5,2
2,2,0
25,25,0
2,2,0
3,3,0
4,4,0
2,2,0
12,35,23
3,3,0
2,2,0
106,187,81
0,0,0
3,3,0
3,3,0
2,26,24
2,2,0
10,10,0
3,5,2
3,47,44
3,5,2
1,2,1
2,2,0
5,532,527
3,3,0
7,7,0
2,2,0
0,0,0
2,2,0
3,3,0
3,3,0
2,2,0
2,2,0
2,2,0
2,2,0
2,2,0
7,18,11
8,8,0
3,5,2
2,2,0
1,4,3
1,1,0
3,3,0
2,2,0
6,35,29
2,2,0
2,2,0
98,98,0
3,17,14
3,3,0
2,2,0
3,5,2
3,3,0
0,0,0
3,3,0
3,8,5
0,0,0
2,4,2
0,0,0
9,9,0
2,2,0
1,2,1
1,1,0
2,2,0
2,23,21
2,2,0
2,2,0
3,5,2
1,8,7
2,2,0
3,3,0
2,2,0
4,72,68
0,0,0
2,6,4
2,2,0
3,6,3
8,8,0
8,8,0
2,2,0
2,2,0
2,2,0
2,2,0
3,3,0
2,2,0
3,5,2
2,2,0
3,4,1
2,2,0
0,0,0
1,1,0
2,4,2
3,3,0
3,15,12
8,8,0
2,2,0
1,7,6
2,2,0
2,5,3
2,2,0
2,2,0
2,2,0
2,2,0
2,4,2
2,2,0
2,2,0
2,2,0
1,1,0
2,2,0
2,2,0
3,7,4
2,3,1
3,3,0
2,2,0
2,2,0
3,5,2
4,4,0
2,2,0
2,4,2
1,2,1
3,4,1
14,14,0
2,6,4
3,5,2
10,28,18
2,4,2
9,9,0
2,2,0
22,22,0
51,55,4
3,3,0
2,2,0
8,8,0
22,22,0
3,5,2
6,27,21
2,2,0
2,10,8
2,2,0
2,7,5
3,3,0
2,2,0
37,44,7
0,0,0
5,5,0
2,2,0
1,20,19
2,2,0
3,7,4
2,4,2
11,11,0
2,2,0
2,2,0
2,4,2
5,5,0
2,2,0
3,4,1
3,3,0
3,3,0
2,82,80
6,6,0
1,1,0
2,2,0
3,5,2
4,7,3
3,8,5
3,3,0
3,9,6
3,4,1
1,4,3
2,2,0
2,3,1
0,0,0
2,2,0
2,2,0
9,9,0
1,2,1
2,2,0
2,2,0
2,2,0
3,5,2
3,3,0
1,2,1
2,2,0
2,2,0
3,3,0
2,15,13
3,12,9
2,2,0
2,2,0
2,2,0
1,3,2
2,4,2
9,9,0
2,2,0
2,2,0
2,2,0
2,2,0
19,19,0
2,2,0
2,2,0
8,18,10
8,8,0
0,0,0
3,6,3
1,2,1
2,2,0
3,3,0
2,2,0
2,30,28
3,4,1
10,10,0
2,2,0
2,2,0
2,2,0
3,3,0
2,82,80
42,42,0
2,2,0
3,3,0
3,3,0
2,16,14
4,4,0
0,0,0
2,2,0
2,80,78
2,2,0
2,2,0
6,6,0
2,23,21
6,6,0
0,0,0
2,2,0
2,3,1
2,4,2
3,4,1
3,7,4
2,82,80
3,10,7
3,3,0
19,19,0
2,2,0
2,2,0
3,7,4
4,4,0
2,2,0
2,2,0
2,2,0
10,10,0
1,1,0
2,2,0
2,2,0
2,2,0
3,3,0
70,72,2
1,15,14
3,3,0
2,2,0
3,3,0
7,7,0
9,9,0
2,2,0
2,2,0
3,3,0
2,2,0
58,67,9
2,3,1
3,15,12
3,5,2
2,2,0
2,2,0
2,2,0
3,7,4
2,3,1
3,14,11
2,2,0
2,2,0
2,2,0
4,4,0
3,3,0
3,3,0
4,7,3
3,7,4
2,3,1
2,2,0
2,60,58
2,4,2
2,2,0
3,3,0
68,68,0
2,22,20
1,1,0
1,1,0
2,8,6
6,6,0
2,2,0
3,3,0
2,2,0
2,4,2
3,10,7
2,2,0
6,6,0
2,3,1
2,2,0
50,51,1
1,2,1
2,2,0
3,4,1
3,7,4
2,2,0
100,104,4
8,8,0
8,8,0
19,19,0
1,2,1
2,2,0
2,2,0
2,2,0
40,61,21
2,4,2
1,1,0
4,4,0
2,2,0
10,10,0
2,2,0
2,2,0
2,2,0
17,17,0
1,12,11
2,10,8
2,2,0
8,8,0
2,41,39
2,2,0
2,2,0
2,2,0
0,0,0
2,2,0
3,7,4
11,11,0
1,3,2
3,3,0
2,2,0
2,2,0
4,4,0
1,1,0
1,2,1
3,3,0
2,2,0
2,2,0
3,7,4
2,6,4
2,2,0
2,2,0
2,16,14
3,3,0
3,3,0
2,4,2
3,7,4
3,5,2
3,3,0
3,16,13
2,2,0
2,2,0
22,26,4
76,79,3
2,28,26
3,6,3
3,3,0
3,6,3
0,0,0
2,2,0
2,5,3
2,2,0
1,3,2
2,4,2
11,20,9
3,5,2
8,8,0
3,3,0
3,5,2
2,2,0
0,0,0
9,9,0
3,3,0
1,2,1
2,2,0
10,11,1
2,2,0
8,8,0
2,2,0
3,3,0
2,2,0
8,8,0
3,3,0
3,8,5
1,20,19
2,2,0
6,6,0
134,245,111
1,1,0
2,2,0
3,3,0
0,0,0
1,36,35
1,4,3
10,10,0
2,2,0
1,1,0
9,9,0
3,3,0
2,2,0
2,2,0
2,2,0
2,6,4
2,2,0
2,2,0
3,7,4
4,5,1
1,1,0
2,2,0
1,3,2
1,2,1
3,3,0
3,3,0
12,12,0
2,5,3
2,2,0
2,4,2
5,5,0
2,2,0
42,109,67
3,3,0
2,2,0
2,11,9
2,4,2
0,0,0
2,2,0
3,15,12
2,2,0
2,2,0
9,9,0
1,2,1
2,6,4
2,4,2
4,25,21
4,4,0
2,2,0
2,2,0
3,3,0
0,0,0
3,12,9
3,4,1
2,2,0
2,80,78
3,9,6
2,7,5
2,8,6
12,17,5
2,2,0
1,1,0
12,12,0
2,3,1
2,17,15
2,25,23
3,3,0
3,5,2
2,2,0
3,8,5
3,3,0
2,2,0
13,13,0
2,2,0
1,4,3
2,11,9
0,0,0
1,2,1
6,7,1
2,2,0
2,2,0
13,13,0
3,6,3
9,9,0
3,3,0
2,5,3
9,9,0
8,8,0
8,8,0
2,2,0
2,2,0
3,3,0
6,21,15
2,2,0
2,2,0
2,4,2
2,2,0
2,2,0
3,6,3
2,19,17
2,2,0
3,3,0
2,2,0
2,25,23
9,9,0
2,15,13
2,2,0
2,2,0
17,17,0
2,3,1
2,2,0
3,71,68
26,26,0
2,2,0
8,86,78
1,1,0
8,8,0
0,0,0
5,5,0
2,9,7
11,20,9
2,2,0
2,2,0
3,3,0
2,2,0
2,2,0
52,167,115
2,2,0
3,3,0
3,3,0
2,2,0
0,0,0
2,2,0
1,24,23
2,2,0
3,7,4
2,7,5
2,2,0
2,2,0
10,10,0
4,4,0
9,9,0
2,2,0
3,7,4
2,2,0
3,5,2
3,5,2
9,9,0
4,49,45
2,4,2
3,3,0
3,3,0
2,2,0
6,6,0
2,2,0
2,2,0
1,1,0
2,2,0
0,0,0
2,12,10
2,2,0
3,5,2
2,2,0
9,9,0
0,0,0
0,0,0
2,6,4
2,4,2
3,3,0
2,4,2
2,96,94
3,9,6
3,3,0
2,2,0
0,0,0
3,3,0
2,3,1
0,0,0
1,1,0
2,2,0
3,3,0
3,5,2
68,68,0
2,2,0
1,1,0
1,2,1
2,2,0
2,8,6
2,2,0
8,8,0
2,2,0
2,2,0
2,11,9
2,2,0
1,1,0
2,2,0
1,1,0
2,2,0
3,5,2
2,2,0
2,2,0
2,28,26
2,80,78
3,3,0
2,3,1
43,43,0
2,2,0
2,2,0
2,4,2
9,9,0
100,104,4
100,128,28
47,49,2
2,45,43
2,80,78
3,7,4
3,3,0
16,16,0
2,4,2
2,3,1
2,2,0
2,4,2
2,4,2
14,23,9
3,3,0
2,2,0
2,4,2
3,3,0
3,3,0
2,2,0
2,2,0
2,2,0
3,3,0
2,4,2
2,4,2
2,2,0
3,3,0
2,2,0
7,7,0
3,5,2
1,6,5
2,2,0
2,2,0
4,10,6
2,4,2
0,0,0
3,3,0
1,2,1
2,2,0
2,5,3
9,9,0
2,2,0
7,7,0
2,6,4
3,3,0
3,27,24
6,6,0
2,2,0
2,5,3
2,15,13
3,6,3
2,2,0
3,5,2
9,9,0
2,2,0
2,6,4
8,36,28
2,2,0
2,2,0
3,3,0
3,5,2
2,3,1
3,7,4
3,3,0
1,1,0
2,2,0
20,23,3
3,6,3
6,6,0
2,2,0
3,9,6
3,3,0
2,2,0
3,16,13
2,2,0
1,23,22
2,2,0
2,4,2
1,3,2
2,2,0
13,13,0
3,4,1
2,6,4
11,11,0
2,2,0
2,4,2
3,3,0
1,1,0
1,1,0
2,2,0
3,3,0
3,3,0
2,2,0
2,2,0
7,7,0
132,132,0
2,2,0
1,1,0
9,9,0
20,20,0
3,3,0
1,1,0
2,2,0
2,2,0
2,2,0
2,6,4
2,8,6
1,2,1
2,2,0
1,2,1
0,0,0
3,3,0
2,2,0
1,1,0
2,2,0
1,2,1
3,14,11
2,2,0
9,11,2
1,5,4
2,2,0
0,0,0
3,3,0
1,8,7
3,3,0
50,50,0
2,11,9
2,82,80
3,3,0
2,2,0
1,5,4
3,7,4
3,11,8
2,2,0
2,2,0
3,3,0
29,29,0
3,5,2
2,2,0
3,3,0
2,4,2
3,17,14
1,1,0
0,0,0
6,6,0
3,3,0
1,2,1
2,2,0
2,4,2
5,8,3
2,2,0
2,2,0
0,0,0
3,3,0
3,75,72
1,5,4
20,36,16
3,6,3
3,3,0
2,2,0
0,0,0
2,2,0
2,5,3
3,3,0
2,2,0
1,1,0
2,2,0
3,3,0
6,14,8
1,2,1
1,3,2
9,9,0
0,0,0
3,10,7
2,4,2
12,12,0
2,7,5
0,0,0
2,2,0
1,74,73
3,5,2
2,2,0
2,2,0
180,189,9
2,2,0
2,4,2
3,3,0
1,1,0
2,2,0
2,2,0
1,1,0
9,9,0
1,1,0
3,5,2
9,9,0
2,11,9
2,4,2
2,31,29
2,7,5
8,8,0
3,3,0
2,2,0
3,3,0
50,50,0
1,5,4
3,5,2
6,6,0
2,2,0
2,3,1
1,22,21
2,2,0
9,9,0
2,2,0
2,2,0
2,2,0
3,3,0
2,2,0
2,2,0
2,2,0
3,5,2
2,2,0
1,1,0
0,0,0
4,6,2
3,3,0
2,2,0
84,164,80
3,5,2
2,2,0
3,3,0
2,13,11
3,6,3
2,80,78
1,60,59
2,2,0
2,2,0
2,5,3
1,25,24
2,2,0
2,4,2
2,2,0
2,80,78
2,2,0
2,2,0
2,8,6
3,7,4
0,0,0
0,0,0
3,6,3
2,2,0
3,13,10
2,2,0
1,56,55
2,2,0
13,186,173
8,24,16
1,1,0
2,2,0
2,3,1
2,2,0
9,9,0
3,3,0
7,7,0
2,7,5
2,2,0
2,2,0
2,2,0
3,5,2
2,2,0
25,25,0
3,3,0
2,2,0
15,20,5
9,9,0
8,8,0
9,9,0
2,4,2
2,2,0
2,2,0
2,2,0
1,24,23
2,2,0
2,2,0
1,8,7
3,5,2
2,2,0
1,1,0
1,2,1
2,2,0
6,13,7
3,3,0
2,3,1
3,3,0
2,2,0
0,0,0
3,3,0
1,2,1
3,5,2
2,2,0
1,1,0
2,2,0
1,1,0
3,5,2
2,2,0
3,5,2
4,4,0
2,2,0
2,4,2
95,95,0
9,9,0
2,2,0
3,5,2
2,4,2
2,2,0
0,0,0
2,2,0
2,2,0
1,4,3
3,9,6
2,2,0
3,3,0
2,2,0
2,8,6
3,4,1
9,9,0
2,4,2
8,8,0
2,2,0
2,2,0
1,1,0
2,2,0
1,4,3
3,22,19
2,2,0
2,2,0
2,4,2
17,17,0
3,20,17
3,5,2
9,9,0
3,7,4
5,7,2
2,2,0
2,2,0
2,2,0
3,7,4
2,4,2
2,2,0
3,3,0
2,13,11
12,18,6
1,2,1
2,2,0
2,2,0
3,9,6
2,2,0
2,12,10
2,2,0
3,5,2
3,5,2
4,4,0
3,5,2
2,2,0
2,2,0
3,3,0
1,2,1
3,5,2
9,9,0
2,2,0
1,23,22
3,3,0
2,170,168
2,2,0
3,3,0
0,0,0
2,2,0
3,3,0
1,1,0
3,3,0
2,2,0
6,8,2
3,7,4
3,5,2
2,4,2
52,52,0
1,3,2
5,5,0
2,2,0
2,2,0
8,8,0
4,4,0
2,2,0
3,3,0
3,3,0
2,4,2
3,3,0
3,3,0
1,2,1
3,7,4
3,8,5
3,3,0
23,44,21
2,5,3
3,5,2
2,42,40
2,2,0
11,11,0
8,8,0
2,4,2
2,3,1
2,6,4
3,5,2
2,2,0
3,3,0
3,5,2
3,5,2
2,6,4
2,6,4
2,2,0
11,11,0
3,24,21
2,2,0
3,13,10
3,7,4
2,2,0
1,3,2
1,1,0
2,2,0
0,0,0
3,3,0
2,2,0
2,6,4
3,22,19
2,80,78
5,5,0
1,5,4
1,1,0
2,2,0
2,3,1
100,104,4
3,3,0
1,1,0
66,66,0
3,3,0
3,5,2
10,13,3
2,2,0
3,3,0
3,3,0
2,2,0
5,58,53
3,5,2
0,0,0
2,4,2
3,3,0
2,2,0
3,3,0
2,80,78
2,2,0
2,2,0
2,4,2
2,2,0
2,2,0
16,16,0
2,4,2
2,2,0
6,6,0
2,2,0
2,2,0
2,2,0
3,3,0
1,2,1
3,3,0
2,2,0
1,1,0
1,16,15
3,5,2
2,4,2
3,3,0
0,0,0
100,100,0
0,0,0
2,2,0
8,8,0
2,2,0
2,2,0
2,2,0
2,2,0
68,68,0
3,13,10
2,2,0
3,3,0
2,2,0
4,7,3
8,8,0
2,2,0
3,3,0
2,2,0
3,3,0
2,2,0
1,7,6
8,8,0
2,2,0
1,12,11
51,51,0
2,2,0
3,7,4
2,19,17
2,2,0
3,5,2
30,32,2
2,2,0
2,2,0
3,5,2
1,30,29
8,8,0
2,2,0
6,10,4
1,23,22
3,3,0
2,2,0
4,4,0
2,2,0
52,52,0
0,0,0
2,2,0
1,1,0
4,4,0
2,7,5
3,7,4
2,2,0
2,2,0
2,2,0
2,2,0
2,2,0
2,12,10
2,2,0
1,4,3
3,3,0
2,2,0
5,5,0
2,2,0
2,4,2
3,3,0
1,1,0
23,23,0
2,2,0
2,2,0
3,3,0
2,6,4
2,2,0
1,3,2
1,1,0
4,4,0
3,5,2
3,3,0
2,4,2
2,2,0
2,4,2
3,3,0
2,7,5
2,16,14
2,3,1
3,3,0
2,2,0
2,2,0
2,2,0
2,2,0
2,2,0
3,3,0
2,2,0
0,0,0
2,19,17
2,2,0
1,115,114
9,9,0
3,4,1
1,2,1
2,2,0
3,8,5
1,44,43
2,2,0
4,7,3
1,44,43
2,2,0
3,3,0
1,2,1
2,2,0
2,2,0
2,2,0
4,8,4
22,22,0
3,5,2
2,2,0
2,2,0
9,9,0
2,2,0
2,2,0
2,82,80
3,3,0
9,9,0
1,2,1
2,2,0
2,2,0
6,10,4
3,6,3
16,22,6
2,4,2
8,8,0
3,3,0
2,2,0
3,8,5
4,4,0
2,2,0
2,10,8
2,2,0
3,3,0
8,8,0
1,2,1
3,3,0
2,2,0
3,3,0
2,2,0
2,9,7
4,5,1
9,9,0
3,11,8
11,11,0
2,6,4
2,2,0
1,1,0
3,3,0
1,1,0
2,2,0
9,9,0
3,3,0
26,34,8
1,1,0
3,3,0
2,45,43
1,7,6
2,2,0
2,2,0
2,2,0
2,2,0
2,2,0
3,5,2
2,2,0
2,3,1
2,6,4
1,1,0
2,2,0
2,5,3
3,3,0
3,3,0
3,3,0
49,49,0
2,2,0
2,2,0
3,6,3
2,15,13
2,2,0
3,3,0
6,6,0
2,2,0
2,2,0
3,3,0
2,2,0
2,5,3
2,2,0
2,19,17
2,2,0
73,73,0
2,2,0
3,3,0
3,14,11
8,8,0
20,22,2
3,3,0
5,5,0
2,2,0
3,3,0
1,1,0
0,0,0
2,2,0
2,2,0
1,24,23
6,6,0
107,107,0
2,2,0
2,8,6
3,3,0
73,75,2
3,4,1
1,1,0
16,26,10
4,4,0
2,2,0
0,0,0
2,2,0
1,2,1
3,3,0
0,0,0
3,3,0
8,8,0
2,2,0
2,2,0
3,3,0
2,2,0
2,9,7
3,3,0
2,4,2
3,3,0
2,2,0
20,30,10
1,1,0
0,0,0
1,2,1
2,4,2
2,2,0
5,5,0
64,64,0
2,2,0
2,2,0
0,0,0
2,2,0
8,8,0
1,5,4
4,4,0
8,14,6
2,2,0
2,2,0
1,84,83
2,2,0
3,9,6
3,5,2
22,22,0
2,2,0
3,3,0
3,3,0
2,2,0
3,3,0
2,2,0
2,2,0
58,58,0
3,6,3
3,3,0
2,2,0
2,2,0
7,7,0
86,86,0
2,2,0
27,27,0
2,2,0
8,8,0
2,2,0
3,3,0
2,2,0
2,2,0
8,8,0
0,0,0
11,11,0
2,2,0
3,6,3
8,12,4
13,13,0
2,6,4
3,3,0
3,3,0
2,4,2
2,2,0
2,2,0
2,4,2
1,2,1
1,12,11
3,3,0
2,2,0
80,246,166
2,2,0
2,2,0
2,2,0
3,3,0
9,9,0
2,2,0
2,2,0
1,9,8
2,2,0
1,1,0
12,12,0
2,2,0
3,3,0
3,5,2
3,3,0
8,8,0
1,57,56
9,9,0
3,3,0
2,2,0
3,3,0
6,10,4
0,0,0
2,2,0
3,3,0
2,2,0
3,3,0
2,4,2
3,3,0
3,7,4
2,8,6
2,2,0
2,2,0
2,2,0
3,7,4
3,3,0
2,2,0
2,2,0
8,12,4
3,5,2
2,18,16
2,2,0
3,5,2
11,11,0
2,4,2
1,2,1
2,26,24
2,2,0
2,3,1
2,2,0
3,7,4
2,4,2
3,3,0
2,2,0
7,7,0
2,2,0
3,3,0
2,17,15
9,9,0
2,2,0
2,2,0
1,2,1
2,2,0
2,2,0
3,7,4
2,2,0
2,3,1
3,3,0
1,1,0
2,2,0
2,80,78
2,80,78
3,6,3
2,2,0
3,3,0
68,68,0
2,2,0
3,3,0
2,6,4
2,2,0
2,2,0
136,136,0
2,2,0
2,2,0
1,2,1
25,25,0
3,3,0
2,2,0
11,11,0
1,1,0
2,4,2
3,3,0
2,2,0
3,3,0
3,8,5
2,2,0
2,2,0
2,2,0
8,8,0
2,2,0
3,7,4
2,2,0
2,2,0
1,1,0
5,5,0
3,7,4
2,2,0
3,5,2
3,3,0
2,2,0
2,6,4
3,3,0
2,2,0
2,2,0
2,2,0
2,2,0
1,2,1
33,34,1
2,2,0
2,6,4
4,4,0
1,5,4
2,2,0
8,8,0
12,32,20
2,6,4
3,5,2
2,2,0
6,8,2
4,4,0
3,5,2
3,3,0
2,2,0
2,2,0
1,2,1
1,3,2
16,30,14
3,3,0
1,2,1
2,2,0
0,0,0
1,1,0
2,2,0
9,9,0
2,2,0
2,86,84
3,7,4
1,5,4
2,2,0
3,3,0
11,26,15
2,4,2
20,21,1
3,3,0
2,2,0
2,2,0
1,1,0
2,10,8
3,3,0
2,17,15
3,3,0
2,8,6
3,3,0
3,3,0
2,3,1
3,4,1
2,6,4
24,24,0
20,20,0
8,8,0
3,3,0
2,2,0
2,4,2
2,2,0
2,2,0
54,157,103
8,8,0
2,2,0
3,4,1
45,119,74
3,3,0
3,5,2
3,3,0
8,8,0
21,21,0
2,2,0
20,20,0
2,2,0
2,2,0
2,2,0
2,7,5
2,2,0
3,3,0
2,3,1
2,4,2
4,12,8
2,2,0
3,3,0
2,2,0
2,2,0
3,6,3
1,8,7
8,8,0
1,1,0
2,2,0
2,6,4
3,3,0
3,9,6
2,4,2
3,3,0
2,2,0
3,3,0
2,2,0
1,2,1
100,100,0
3,3,0
2,10,8
2,50,48
9,9,0
9,9,0
3,3,0
2,2,0
2,9,7
1,23,22
3,5,2
3,45,42
0,0,0
3,3,0
2,2,0
2,2,0
6,6,0
3,3,0
3,4,1
3,7,4
1,1,0
3,3,0
2,2,0
1,3,2
5,5,0
3,8,5
2,2,0
2,21,19
6,7,1
1,2,1
2,8,6
1,1,0
4,4,0
2,6,4
4,4,0
2,2,0
2,8,6
3,3,0
2,2,0
3,8,5
8,8,0
2,2,0
1,2,1
66,77,11
1,44,43
9,9,0
2,8,6
2,2,0
2,2,0
2,2,0
2,2,0
3,3,0
3,3,0
1,2,1
2,4,2
2,2,0
9,9,0
3,3,0
5,5,0
3,3,0
1,1,0
2,37,35
11,11,0
17,17,0
3,3,0
2,3,1
3,3,0
2,2,0
3,3,0
2,2,0
31,31,0
2,10,8
3,16,13
2,6,4
3,3,0
2,2,0
2,5,3
3,7,4
2,2,0
2,2,0
2,2,0
3,3,0
2,2,0
3,5,2
8,8,0
0,0,0
2,11,9
2,2,0
7,7,0
2,2,0
3,7,4
2,6,4
1,1,0
2,9,7
2,4,2
2,2,0
2,4,2
2,2,0
3,4,1
3,13,10
1,1,0
1,1,0
2,2,0
9,9,0
5,5,0
1,1,0
2,4,2
9,9,0
3,7,4
3,12,9
1,15,14
2,5,3
2,2,0
2,2,0
2,2,0
2,2,0
1,6,5
1,1,0
3,5,2
3,5,2
2,26,24
22,22,0
2,2,0
1,1,0
3,5,2
2,2,0
2,2,0
1,7,6
3,7,4
2,2,0
2,8,6
2,2,0
2,2,0
2,2,0
2,2,0
3,3,0
11,11,0
2,4,2
2,3,1
3,3,0
2,2,0
3,5,2
6,8,2
20,20,0
3,3,0
2,4,2
3,4,1
8,8,0
2,2,0
2,2,0
1,25,24
3,3,0
0,0,0
2,5,3
1,1,0
10,10,0
2,2,0
2,3,1
2,2,0
2,5,3
2,2,0
2,2,0
2,2,0
3,3,0
1,1,0
20,23,3
3,3,0
3,3,0
1,25,24
3,5,2
2,2,0
3,3,0
2,2,0
2,2,0
2,2,0
2,2,0
3,7,4
2,28,26
2,2,0
1,1,0
190,200,10
3,5,2
2,2,0
22,22,0
8,16,8
13,13,0
1,34,33
2,2,0
2,2,0
3,3,0
2,2,0
8,8,0
3,9,6
2,2,0
1,2,1
2,2,0
3,14,11
3,3,0
19,19,0
9,9,0
3,3,0
2,8,6
2,4,2
2,2,0
3,7,4
9,9,0
2,2,0
2,2,0
2,2,0
2,2,0
0,0,0
3,3,0
9,10,1
1,1,0
6,6,0
2,4,2
2,23,21
2,2,0
48,75,27
3,18,15
2,2,0
3,3,0
1,1,0
2,2,0
3,6,3
1,1,0
2,4,2
2,30,28
2,2,0
2,2,0
2,2,0
2,2,0
12,21,9
3,4,1
2,5,3
2,2,0
2,6,4
2,2,0
51,53,2
2,72,70
2,2,0
1,2,1
2,3,1
3,7,4
1,3,2
2,4,2
2,2,0
2,2,0
2,2,0
2,2,0
3,9,6
3,8,5
4,4,0
2,2,0
3,3,0
3,3,0
3,3,0
2,2,0
2,2,0
2,3,1
3,7,4
2,2,0
2,2,0
3,3,0
18,18,0
2,2,0
3,6,3
9,9,0
3,3,0
3,3,0
2,32,30
3,3,0
2,13,11
8,8,0
3,3,0
2,2,0
2,2,0
3,3,0
2,2,0
10,10,0
2,2,0
2,5,3
3,22,19
2,2,0
0,0,0
2,2,0
2,3,1
3,8,5
3,3,0
2,4,2
6,6,0
3,3,0
0,0,0
2,3,1
2,4,2
2,2,0
3,3,0
0,0,0
3,3,0
2,2,0
3,7,4
2,8,6
3,5,2
100,100,0
1,2,1
2,2,0
3,5,2
3,3,0
3,9,6
3,7,4
2,2,0
6,20,14
3,3,0
2,6,4
2,2,0
2,2,0
1,2,1
2,2,0
7,7,0
2,2,0
3,3,0
2,2,0
2,2,0
6,19,13
2,2,0
2,2,0
2,2,0
0,0,0
2,2,0
1,2,1
2,2,0
3,14,11
10,10,0
2,2,0
23,25,2
2,2,0
3,3,0
3,3,0
3,3,0
2,2,0
2,2,0
2,2,0
3,9,6
2,7,5
1,73,72
2,2,0
12,12,0
2,2,0
0,0,0
1,1,0
2,2,0
2,2,0
2,2,0
45,45,0
2,2,0
3,7,4
2,3,1
2,2,0
2,2,0
3,10,7
1,1,0
2,2,0
2,4,2
0,0,0
30,30,0
8,16,8
4,4,0
2,2,0
8,16,8
2,4,2
3,4,1
3,7,4
2,2,0
9,9,0
60,60,0
2,2,0
3,3,0
2,2,0
3,5,2
1,2,1
2,4,2
22,22,0
20,22,2
2,6,4
2,4,2
2,2,0
0,0,0
2,2,0
1,2,1
388,388,0
3,3,0
20,20,0
2,4,2
5,5,0
1,2,1
8,8,0
1,1,0
2,6,4
2,22,20
2,2,0
3,3,0
2,2,0
2,13,11
2,2,0
93,187,94
2,2,0
8,8,0
3,7,4
2,2,0
9,9,0
2,4,2
2,2,0
1,5,4
51,57,6
2,11,9
6,6,0
4,4,0
2,2,0
2,3,1
2,2,0
2,2,0
8,8,0
2,18,16
13,13,0
2,2,0
2,2,0
1,1,0
100,100,0
3,3,0
2,2,0
2,2,0
2,4,2
8,8,0
47,48,1
2,84,82
2,2,0
8,8,0
1,2,1
3,5,2
2,2,0
3,5,2
2,2,0
2,2,0
2,2,0
24,24,0
1,2,1
3,3,0
2,2,0
2,10,8
214,214,0
37,112,75
3,3,0
2,2,0
2,2,0
1,2,1
3,3,0
2,22,20
3,4,1
3,3,0
3,7,4
2,2,0
1,3,2
22,44,22
3,3,0
2,8,6
6,6,0
2,2,0
2,2,0
2,2,0
2,2,0
22,22,0
3,3,0
3,3,0
2,2,0
3,3,0
2,2,0
2,6,4
2,2,0
2,2,0
3,8,5
1,6,5
2,2,0
2,2,0
2,2,0
1,21,20
8,8,0
3,3,0
2,2,0
0,0,0
3,3,0
1,1,0
2,9,7
2,2,0
3,3,0
3,3,0
1,1,0
5,5,0
2,2,0
100,101,1
1,1,0
2,2,0
3,3,0
2,2,0
1,1,0
2,23,21
2,2,0
2,4,2
2,2,0
3,3,0
2,3,1
1,1,0
2,2,0
48,48,0
2,2,0
26,26,0
3,7,4
2,2,0
51,53,2
3,6,3
11,80,69
2,2,0
2,2,0
2,2,0
3,5,2
0,0,0
2,2,0
9,9,0
2,2,0
3,5,2
2,2,0
2,2,0
54,55,1
2,2,0
1,8,7
2,4,2
1,2,1
3,3,0
3,3,0
0,0,0
3,6,3
2,10,8
2,4,2
2,5,3
2,2,0
2,4,2
3,5,2
1,24,23
3,3,0
2,2,0
1,2,1
2,2,0
2,2,0
2,13,11
147,147,0
2,2,0
3,5,2
2,11,9
2,2,0
3,3,0
2,2,0
58,58,0
2,5,3
3,3,0
10,10,0
14,14,0
3,7,4
9,9,0
0,0,0
2,2,0
9,9,0
2,2,0
2,2,0
2,2,0
0,0,0
2,2,0
2,5,3
2,2,0
8,10,2
2,2,0
3,9,6
2,2,0
2,2,0
3,5,2
3,9,6
2,2,0
2,2,0
3,3,0
24,24,0
34,34,0
8,8,0
2,2,0
2,2,0
2,2,0
2,2,0
2,2,0
3,12,9
4,7,3
2,11,9
2,2,0
2,2,0
2,2,0
3,5,2
2,2,0
0,0,0
3,9,6
2,25,23
2,2,0
2,2,0
1,6,5
4,5,1
2,4,2
2,2,0
9,9,0
2,2,0
2,2,0
2,29,27
0,0,0
2,2,0
3,6,3
2,2,0
2,2,0
1,29,28
3,3,0
2,6,4
5,5,0
3,3,0
3,3,0
2,4,2
2,2,0
3,3,0
0,0,0
2,14,12
2,2,0
2,2,0
3,16,13
3,5,2
2,3,1
1,29,28
1,1,0
3,7,4
2,2,0
5,5,0
2,29,27
3,3,0
2,2,0
2,2,0
2,2,0
3,3,0
3,5,2
2,2,0
2,2,0
2,2,0
2,2,0
2,6,4
3,3,0
2,2,0
3,8,5
3,3,0
2,6,4
1,1,0
8,8,0
3,3,0
4,4,0
2,2,0
9,9,0
1,2,1
2,4,2
0,0,0
2,2,0
2,2,0
3,3,0
3,3,0
1,73,72
4,6,2
3,9,6
2,4,2
3,3,0
2,2,0
3,4,1
8,8,0
3,11,8
2,11,9
3,3,0
2,3,1
0,0,0
1,2,1
2,2,0
3,13,10
3,3,0
2,2,0
2,2,0
8,8,0
2,2,0
3,9,6
10,10,0
2,2,0
2,2,0
12,14,2
2,2,0
2,2,0
2,2,0
1,2,1
2,2,0
7,7,0
12,12,0
3,3,0
64,66,2
1,1,0
2,2,0
2,27,25
2,2,0
9,9,0
2,2,0
2,6,4
3,7,4
2,4,2
2,2,0
3,7,4
27,27,0
3,3,0
2,2,0
3,3,0
7,7,0
2,84,82
8,8,0
2,6,4
2,2,0
1,4,3
3,3,0
3,5,2
3,6,3
14,14,0
3,9,6
8,8,0
2,2,0
0,0,0
0,0,0
2,2,0
2,2,0
3,9,6
3,3,0
1,4,3
8,8,0
2,2,0
2,2,0
2,2,0
0,0,0
2,2,0
2,2,0
2,2,0
2,2,0
3,3,0
2,2,0
3,3,0
2,2,0
2,2,0
2,2,0
2,2,0
17,17,0
4,4,0
2,3,1
0,0,0
2,2,0
2,2,0
0,0,0
10,10,0
5,5,0
2,2,0
2,2,0
3,4,1
2,2,0
9,9,0
3,3,0
10,10,0
2,2,0
3,3,0
2,4,2
3,5,2
50,214,164
2,10,8
3,3,0
2,2,0
3,5,2
1,1,0
2,2,0
14,14,0
2,2,0
2,2,0
0,0,0
6,6,0
3,3,0
100,104,4
2,2,0
2,3,1
6,6,0
2,2,0
3,3,0
8,8,0
2,2,0
2,2,0
3,3,0
3,4,1
2,2,0
2,2,0
2,4,2
3,5,2
2,2,0
2,2,0
3,3,0
3,3,0
3,3,0
2,2,0
2,2,0
3,3,0
2,2,0
3,3,0
1,25,24
2,2,0
2,2,0
48,75,27
3,3,0
2,2,0
3,3,0
1,1,0
2,2,0
3,3,0
10,10,0
2,2,0
2,15,13
2,2,0
3,3,0
2,2,0
2,2,0
2,4,2
2,2,0
93,93,0
0,0,0
3,3,0
3,3,0
1,1,0
2,2,0
0,0,0
2,8,6
3,3,0
1,2,1
2,2,0
3,3,0
100,101,1
2,2,0
2,4,2
5,5,0
3,3,0
2,2,0
3,3,0
3,3,0
2,4,2
2,2,0
2,4,2
2,2,0
2,3,1
2,2,0
2,2,0
2,2,0
3,5,2
0,0,0
3,3,0
20,20,0
3,8,5
2,2,0
1,21,20
1,1,0
3,5,2
2,2,0
3,3,0
2,4,2
3,5,2
2,2,0
6,6,0
2,5,3
0,0,0
2,2,0
3,3,0
0,0,0
15,15,0
2,2,0
2,80,78
2,6,4
3,3,0
1,3,2
3,5,2
2,2,0
3,3,0
2,4,2
8,8,0
1,4,3
3,5,2
3,3,0
3,3,0
2,2,0
9,9,0
2,2,0
3,3,0
3,16,13
1,1,0
3,7,4
2,2,0
1,2,1
2,2,0
2,2,0
3,3,0
9,9,0
2,4,2
2,2,0
2,106,104
71,71,0
1,1,0
3,3,0
1,3,2
51,51,0
6,8,2
2,2,0
2,2,0
2,2,0
1,2,1
3,3,0
2,3,1
3,6,3
2,2,0
3,5,2
1,1,0
2,2,0
2,2,0
2,2,0
100,104,4
2,2,0
3,3,0
3,3,0
3,7,4
8,17,9
2,16,14
3,9,6
2,2,0
3,5,2
2,4,2
2,2,0
1,3,2
3,3,0
2,2,0
2,2,0
1,4,3
2,2,0
9,9,0
2,2,0
10,10,0
1,1,0
4,19,15
2,4,2
2,2,0
3,6,3
4,86,82
3,5,2
1,2,1
1,1,0
2,2,0
6,8,2
26,28,2
3,3,0
3,5,2
3,11,8
10,10,0
9,9,0
0,0,0
2,8,6
1,6,5
0,0,0
2,2,0
8,8,0
2,2,0
2,2,0
8,8,0
100,104,4
3,3,0
2,2,0
3,5,2
8,8,0
9,23,14
0,0,0
2,2,0
2,2,0
5,5,0
46,49,3
6,6,0
2,2,0
2,4,2
2,2,0
2,4,2
2,4,2
0,0,0
7,7,0
2,2,0
1,2,1
2,2,0
5,5,0
2,11,9
2,2,0
2,4,2
3,3,0
2,32,30
29,29,0
2,101,99
3,3,0
2,2,0
2,2,0
2,2,0
2,2,0
2,2,0
3,5,2
3,4,1
1,1,0
3,3,0
3,3,0
2,2,0
2,2,0
3,8,5
3,7,4
3,3,0
2,2,0
2,2,0
3,3,0
8,8,0
7,7,0
3,3,0
2,2,0
2,2,0
2,2,0
8,8,0
1,1,0
3,5,2
2,2,0
2,4,2
3,3,0
5,20,15
2,2,0
2,2,0
4,4,0
1,27,26
2,2,0
2,2,0
1,2,1
1,52,51
3,3,0
2,2,0
2,2,0
3,3,0
9,9,0
8,8,0
12,12,0
3,3,0
9,9,0
2,2,0
2,3,1
3,5,2
7,7,0
1,2,1
2,2,0
2,9,7
2,2,0
1,1,0
3,3,0
94,96,2
3,3,0
2,2,0
2,12,10
2,2,0
2,2,0
2,2,0
2,3,1
2,4,2
2,4,2
9,9,0
2,12,10
2,2,0
9,9,0
19,19,0
30,30,0
3,3,0
2,2,0
88,88,0
2,2,0
2,4,2
2,2,0
13,28,15
2,4,2
1,3,2
45,59,14
3,5,2
2,2,0
3,3,0
2,2,0
2,4,2
1,13,12
2,2,0
2,2,0
2,2,0
3,14,11
1,6,5
3,3,0
2,2,0
3,3,0
3,5,2
2,2,0
2,2,0
3,5,2
3,3,0
3,3,0
3,3,0
3,3,0
3,3,0
2,4,2
2,2,0
20,20,0
3,14,11
2,4,2
2,2,0
2,2,0
2,2,0
2,3,1
1,66,65
3,7,4
19,21,2
11,13,2
2,4,2
3,4,1
2,2,0
3,5,2
2,3,1
7,7,0
3,9,6
2,4,2
6,6,0
2,2,0
3,3,0
3,3,0
2,4,2
2,2,0
1,21,20
2,2,0
2,2,0
3,3,0
12,12,0
9,9,0
2,2,0
9,9,0
2,2,0
3,3,0
21,21,0
3,5,2
2,2,0
3,6,3
3,6,3
1,21,20
3,3,0
2,10,8
2,8,6
2,4,2
1,3,2
2,2,0
9,14,5
3,3,0
2,2,0
1,1,0
3,7,4
2,2,0
8,8,0
2,2,0
3,3,0
1,5,4
1,3,2
2,2,0
2,2,0
3,3,0
3,3,0
2,4,2
1,29,28
2,2,0
1,1,0
2,2,0
2,2,0
2,2,0
1,20,19
3,5,2
3,3,0
2,2,0
2,2,0
0,0,0
6,6,0
1,2,1
3,3,0
2,28,26
2,11,9
3,8,5
6,6,0
3,3,0
2,2,0
2,2,0
190,190,0
2,2,0
3,7,4
2,3,1
2,4,2
2,2,0
1,6,5
2,4,2
2,2,0
0,0,0
2,2,0
2,2,0
3,5,2
3,3,0
2,2,0
2,2,0
3,7,4
8,8,0
9,9,0
2,19,17
2,2,0
2,2,0
1,2,1
2,12,10
1,22,21
3,5,2
10,10,0
3,5,2
3,7,4
2,4,2
2,7,5
2,2,0
3,3,0
3,3,0
2,4,2
3,3,0
2,2,0
3,3,0
88,88,0
2,4,2
3,3,0
2,2,0
3,3,0
3,5,2
0,0,0
6,6,0
6,6,0
2,2,0
3,7,4
1,2,1
3,3,0
3,5,2
2,2,0
2,3,1
2,2,0
3,3,0
1,76,75
68,68,0
11,11,0
2,2,0
4,6,2
3,15,12
2,2,0
3,5,2
3,3,0
2,2,0
3,3,0
48,48,0
2,4,2
6,6,0
3,3,0
100,103,3
2,3,1
2,2,0
2,2,0
2,2,0
2,4,2
2,2,0
2,2,0
2,4,2
2,2,0
2,8,6
2,2,0
3,5,2
3,7,4
2,2,0
1,21,20
2,6,4
1,1,0
2,2,0
3,4,1
3,5,2
20,20,0
2,2,0
3,3,0
1,29,28
1,1,0
2,3,1
3,3,0
8,8,0
2,2,0
21,73,52
2,8,6
2,2,0
3,3,0
2,2,0
3,9,6
2,2,0
2,2,0
2,2,0
2,2,0
2,2,0
2,3,1
91,93,2
8,9,1
2,2,0
2,2,0
3,3,0
2,2,0
2,9,7
2,2,0
1,3,2
2,2,0
1,1,0
2,2,0
0,0,0
2,3,1
2,2,0
2,4,2
1,2,1
2,2,0
3,6,3
0,0,0
1,1,0
6,6,0
4,8,4
2,2,0
2,7,5
2,4,2
9,11,2
3,3,0
22,22,0
2,2,0
3,3,0
3,7,4
2,4,2
2,8,6
3,7,4
1,1,0
5,5,0
3,3,0
8,8,0
1,1,0
2,2,0
2,4,2
3,3,0
2,2,0
51,74,23
2,2,0
2,2,0
2,4,2
2,6,4
2,2,0
3,11,8
6,12,6
2,2,0
1,2,1
2,2,0
3,3,0
2,2,0
2,2,0
2,4,2
2,2,0
0,0,0
14,14,0
2,2,0
2,2,0
1,1,0
2,6,4
2,2,0
2,2,0
2,2,0
2,2,0
8,8,0
1,19,18
2,2,0
2,2,0
2,2,0
54,54,0
3,10,7
2,2,0
2,10,8
2,2,0
3,3,0
3,3,0
3,5,2
2,10,8
3,9,6
0,0,0
8,8,0
3,5,2
48,70,22
2,18,16
2,2,0
2,2,0
9,9,0
2,2,0
3,5,2
2,2,0
3,16,13
11,11,0
2,2,0
3,3,0
3,3,0
3,8,5
2,2,0
9,9,0
2,2,0
13,15,2
2,4,2
3,5,2
2,4,2
2,6,4
9,9,0
3,3,0
10,10,0
2,2,0
2,2,0
1,2,1
2,14,12
1,1,0
2,2,0
10,10,0
1,1,0
2,2,0
2,2,0
2,2,0
2,2,0
1,1,0
4,4,0
3,3,0
3,4,1
3,3,0
1,1,0
3,13,10
2,2,0
5,5,0
3,3,0
1,1,0
2,20,18
2,5,3
11,11,0
2,6,4
7,7,0
1,1,0
3,3,0
6,35,29
3,4,1
1,89,88
2,2,0
11,11,0
8,8,0
3,3,0
1,4,3
6,6,0
2,2,0
1,1,0
2,16,14
2,2,0
2,15,13
8,8,0
0,0,0
2,2,0
2,11,9
3,5,2
17,17,0
2,2,0
0,0,0
2,2,0
4,4,0
2,4,2
2,14,12
2,2,0
3,5,2
3,5,2
3,3,0
43,44,1
2,2,0
3,7,4
2,2,0
2,2,0
2,4,2
3,3,0
0,0,0
1,1,0
1,4,3
3,3,0
3,9,6
2,2,0
8,9,1
10,10,0
2,2,0
1,2,1
4,4,0
35,47,12
17,17,0
3,8,5
8,8,0
3,3,0
2,4,2
1,2,1
3,5,2
3,5,2
1,6,5
8,8,0
2,2,0
1,1,0
3,10,7
4,4,0
3,3,0
6,6,0
2,2,0
2,2,0
3,3,0
6,6,0
1,1,0
6,8,2
1,2,1
136,136,0
51,51,0
3,7,4
90,90,0
1,1,0
8,8,0
2,3,1
2,6,4
8,8,0
0,0,0
35,37,2
8,8,0
8,8,0
3,9,6
3,3,0
2,2,0
2,2,0
2,2,0
2,2,0
2,2,0
3,7,4
4,10,6
2,3,1
3,5,2
1,1,0
1,24,23
3,3,0
2,2,0
2,2,0
1,1,0
2,2,0
2,2,0
2,2,0
3,7,4
1,6,5
2,15,13
3,3,0
2,11,9
2,2,0
3,3,0
2,2,0
2,2,0
3,5,2
3,7,4
11,20,9
2,2,0
2,3,1
2,2,0
2,2,0
2,3,1
3,3,0
2,2,0
3,5,2
6,7,1
2,4,2
2,5,3
2,2,0
1,16,15
2,2,0
2,2,0
134,264,130
2,2,0
2,2,0
6,7,1
9,9,0
2,2,0
3,3,0
2,3,1
2,80,78
2,2,0
2,2,0
22,22,0
2,2,0
3,3,0
3,5,2
3,5,2
9,9,0
3,3,0
3,3,0
2,2,0
3,3,0
3,3,0
1,1,0
8,8,0
2,2,0
2,2,0
3,5,2
1,1,0
12,14,2
2,2,0
2,2,0
3,5,2
31,33,2
4,4,0
3,3,0
3,5,2
3,5,2
2,98,96
3,3,0
2,9,7
110,110,0
3,3,0
9,9,0
2,2,0
2,4,2
2,2,0
2,2,0
2,2,0
3,3,0
88,118,30
2,2,0
2,2,0
10,10,0
20,21,1
2,2,0
2,2,0
2,2,0
0,0,0
2,2,0
2,2,0
3,5,2
1,2,1
88,90,2
8,8,0
2,2,0
3,6,3
2,2,0
1,1,0
1,3,2
2,12,10
44,44,0
4,4,0
3,5,2
2,2,0
2,2,0
2,2,0
2,2,0
3,3,0
4,4,0
0,0,0
2,2,0
2,2,0
2,4,2
2,2,0
2,2,0
1,1,0
20,25,5
2,2,0
3,3,0
2,2,0
20,20,0
2,4,2
2,2,0
1,2,1
2,2,0
0,0,0
2,2,0
0,0,0
2,2,0
3,9,6
3,3,0
3,3,0
1,1,0
1,3,2
2,2,0
18,18,0
3,3,0
2,6,4
2,2,0
2,4,2
1,11,10
1,2,1
8,8,0
2,3,1
2,2,0
2,2,0
2,2,0
2,2,0
3,5,2
1,1,0
2,2,0
3,4,1
2,2,0
2,2,0
6,6,0
2,2,0
2,4,2
2,2,0
8,8,0
1,6,5
2,74,72
3,5,2
2,2,0
2,2,0
1,7,6
2,2,0
2,7,5
3,3,0
3,5,2
2,7,5
2,2,0
2,9,7
2,2,0
2,2,0
2,2,0
2,2,0
10,17,7
2,2,0
2,2,0
2,2,0
2,2,0
2,7,5
3,3,0
2,2,0
0,0,0
1,2,1
9,9,0
2,11,9
1,1,0
2,2,0
0,0,0
2,2,0
0,0,0
9,9,0
6,6,0
2,2,0
2,2,0
2,2,0
3,3,0
3,3,0
1,11,10
2,6,4
2,2,0
2,2,0
2,2,0
2,2,0
9,9,0
2,2,0
3,14,11
13,14,1
2,6,4
0,0,0
2,82,80
2,2,0
10,21,11
3,32,29
2,2,0
2,5,3
1,1,0
2,2,0
2,2,0
1,2,1
3,3,0
3,3,0
0,0,0
2,4,2
0,0,0
3,17,14
2,2,0
3,3,0
0,0,0
1,3,2
4,5,1
2,3,1
3,3,0
2,2,0
2,4,2
8,16,8
2,2,0
2,2,0
6,12,6
2,2,0
235,428,193
2,2,0
3,5,2
3,6,3
1,6,5
3,3,0
2,11,9
9,9,0
3,5,2
2,11,9
3,3,0
1,2,1
2,2,0
5,5,0
2,2,0
27,27,0
0,0,0
5,9,4
1,2,1
3,3,0
1,2,1
6,7,1
1,3,2
2,3,1
2,2,0
3,3,0
2,2,0
1,2,1
1,1,0
139,139,0
2,2,0
139,139,0
2,2,0
3,7,4
8,18,10
9,9,0
1,1,0
3,3,0
3,4,1
2,2,0
0,0,0
2,2,0
3,3,0
3,3,0
2,4,2
2,5,3
3,25,22
3,3,0
2,2,0
2,4,2
3,3,0
1,51,50
2,2,0
10,10,0
8,8,0
3,3,0
11,27,16
2,5,3
1,1,0
3,5,2
2,21,19
2,3,1
2,2,0
6,15,9
3,4,1
3,5,2
2,2,0
74,74,0
3,3,0
7,7,0
2,5,3
0,0,0
2,5,3
2,2,0
4,5,1
60,60,0
3,3,0
3,10,7
2,2,0
2,2,0
2,2,0
2,2,0
3,9,6
3,3,0
1,1,0
2,82,80
2,2,0
1,2,1
3,4,1
3,3,0
8,8,0
2,4,2
0,0,0
12,12,0
2,4,2
3,5,2
12,12,0
6,6,0
2,2,0
1,2,1
2,2,0
3,5,2
2,2,0
2,2,0
2,2,0
1,11,10
3,11,8
1,1,0
2,4,2
2,2,0
3,3,0
2,13,11
1,2,1
1,1,0
8,8,0
2,2,0
2,2,0
2,2,0
3,13,10
3,3,0
2,4,2
2,5,3
2,3,1
2,2,0
1,2,1
3,11,8
1,1,0
1,25,24
8,8,0
2,2,0
2,6,4
2,4,2
3,5,2
1,1,0
20,20,0
2,3,1
3,3,0
2,2,0
20,42,22
9,15,6
3,9,6
2,2,0
2,2,0
1,30,29
2,2,0
2,2,0
1,1,0
8,8,0
1,23,22
2,3,1
2,2,0
2,4,2
2,2,0
1,1,0
1,1,0
1,1,0
56,56,0
2,10,8
1,2,1
1,1,0
3,3,0
3,5,2
2,2,0
72,81,9
2,2,0
3,22,19
2,3,1
3,3,0
0,0,0
2,2,0
1,5,4
68,70,2
3,3,0
2,2,0
3,9,6
2,2,0
3,11,8
3,5,2
2,2,0
3,5,2
4,6,2
2,2,0
2,2,0
0,0,0
2,2,0
2,2,0
2,2,0
2,14,12
2,2,0
2,4,2
2,43,41
3,5,2
2,9,7
3,6,3
1,1,0
2,3,1
2,2,0
2,26,24
4,4,0
50,109,59
2,2,0
2,2,0
2,2,0
4,9,5
3,5,2
2,2,0
6,6,0
5,5,0
3,7,4
3,3,0
2,4,2
2,2,0
3,3,0
2,2,0
3,3,0
2,2,0
2,3,1
8,8,0
3,3,0
40,40,0
9,9,0
8,8,0
2,2,0
2,2,0
2,2,0
9,11,2
2,2,0
3,3,0
1,1,0
2,2,0
2,2,0
0,0,0
2,2,0
9,9,0
2,4,2
2,2,0
12,12,0
0,0,0
3,3,0
2,2,0
1,1,0
52,52,0
8,8,0
3,3,0
3,9,6
2,2,0
2,2,0
3,3,0
10,15,5
3,5,2
11,11,0
30,30,0
2,2,0
3,5,2
3,3,0
2,2,0
2,2,0
2,2,0
2,2,0
80,83,3
3,3,0
2,2,0
1,2,1
4,9,5
2,2,0
11,36,25
2,2,0
2,2,0
2,4,2
2,49,47
2,2,0
3,5,2
8,8,0
2,6,4
16,22,6
3,9,6
1,2,1
2,17,15
8,8,0
1,25,24
47,47,0
2,2,0
9,9,0
3,5,2
22,22,0
2,2,0
9,9,0
1,31,30
56,56,0
9,52,43
8,8,0
2,6,4
2,2,0
2,2,0
2,2,0
3,5,2
3,3,0
6,6,0
2,6,4
2,6,4
0,0,0
1,3,2
3,3,0
2,2,0
2,2,0
3,3,0
100,600,500
3,3,0
2,2,0
2,4,2
2,2,0
1,28,27
2,4,2
0,0,0
3,3,0
3,46,43
2,2,0
3,5,2
2,4,2
10,10,0
3,5,2
7,7,0
0,0,0
3,5,2
3,3,0
3,10,7
100,100,0
5,10,5
2,2,0
2,2,0
3,7,4
20,20,0
1,3,2
24,24,0
3,23,20
3,3,0
0,0,0
8,8,0
3,12,9
2,2,0
2,2,0
2,5,3
2,4,2
6,6,0
1,4,3
1,1,0
2,27,25
8,8,0
2,6,4
3,3,0
2,2,0
1,2,1
4,4,0
2,17,15
2,2,0
2,12,10
3,16,13
2,2,0
2,2,0
8,8,0
2,2,0
4,4,0
2,2,0
3,3,0
2,2,0
1,1,0
9,9,0
6,6,0
2,2,0
3,7,4
2,2,0
3,3,0
2,2,0
5,5,0
2,5,3
3,4,1
2,2,0
2,2,0
2,2,0
13,13,0
2,2,0
2,122,120
2,4,2
2,2,0
2,10,8
2,2,0
2,2,0
1,1,0
2,2,0
2,26,24
3,5,2
2,2,0
4,4,0
2,2,0
2,2,0
2,3,1
2,2,0
8,8,0
2,2,0
45,45,0
2,2,0
2,2,0
3,3,0
2,2,0
3,6,3
3,5,2
2,2,0
87,87,0
3,22,19
1,44,43
2,2,0
15,15,0
1,1,0
2,2,0
2,2,0
1,1,0
3,5,2
8,16,8
2,2,0
1,22,21
2,14,12
3,7,4
3,3,0
0,0,0
2,80,78
2,2,0
2,2,0
2,2,0
8,8,0
8,8,0
4,35,31
3,3,0
2,2,0
1,1,0
3,7,4
2,2,0
2,2,0
3,3,0
9,9,0
10,10,0
2,2,0
3,6,3
20,20,0
2,2,0
3,8,5
2,2,0
2,2,0
3,3,0
3,8,5
3,4,1
2,2,0
3,16,13
2,2,0
2,96,94
2,2,0
2,2,0
2,2,0
3,3,0
3,3,0
2,2,0
1,3,2
3,3,0
2,2,0
9,9,0
1,1,0
2,2,0
4,4,0
2,9,7
2,10,8
2,19,17
0,0,0
1,1,0
2,6,4
2,2,0
2,2,0
3,19,16
2,8,6
0,0,0
4,4,0
3,6,3
4,4,0
2,2,0
3,3,0
2,4,2
3,3,0
3,3,0
3,4,1
4,4,0
2,4,2
2,4,2
9,9,0
2,4,2
10,10,0
1,3,2
3,4,1
2,2,0
1,1,0
2,2,0
2,2,0
2,2,0
9,9,0
1,1,0
3,3,0
2,5,3
2,2,0
2,2,0
11,11,0
2,3,1
3,3,0
2,2,0
2,2,0
2,2,0
22,22,0
2,2,0
2,2,0
2,2,0
2,2,0
8,8,0
2,2,0
3,3,0
3,3,0
0,0,0
2,2,0
6,6,0
3,3,0
3,11,8
2,6,4
2,22,20
4,4,0
3,4,1
3,5,2
2,4,2
3,3,0
51,51,0
1,1,0
2,2,0
2,4,2
2,2,0
2,2,0
3,5,2
2,4,2
3,7,4
3,3,0
2,9,7
2,2,0
1,20,19
3,7,4
4,4,0
0,0,0
1,7,6
2,2,0
10,10,0
22,22,0
8,8,0
3,3,0
2,10,8
2,2,0
2,14,12
2,2,0
1,22,21
1,26,25
3,3,0
21,122,101
2,2,0
2,2,0
5,26,21
3,3,0
2,4,2
3,9,6
2,4,2
3,5,2
3,5,2
2,2,0
3,7,4
3,3,0
3,3,0
2,4,2
1,1,0
3,3,0
1,3,2
2,8,6
2,2,0
9,9,0
3,13,10
2,2,0
2,2,0
2,2,0
3,10,7
2,2,0
3,3,0
2,2,0
2,8,6
2,2,0
2,2,0
1,2,1
3,3,0
3,3,0
2,42,40
3,7,4
11,11,0
3,4,1
2,2,0
1,1,0
2,2,0
9,9,0
1,3,2
2,2,0
8,8,0
3,10,7
2,2,0
2,4,2
2,12,10
3,17,14
2,46,44
3,5,2
2,3,1
3,5,2
2,2,0
2,2,0
3,5,2
2,2,0
2,4,2
2,2,0
8,8,0
2,82,80
3,3,0
3,3,0
3,3,0
6,6,0
1,2,1
2,2,0
2,7,5
3,6,3
2,2,0
1,2,1
1,5,4
2,2,0
2,6,4
2,2,0
3,3,0
9,9,0
3,4,1
2,41,39
2,3,1
3,3,0
1,3,2
1,2,1
2,2,0
6,17,11
4,70,66
2,6,4
2,2,0
2,2,0
2,2,0
3,3,0
0,0,0
54,54,0
2,3,1
2,4,2
3,3,0
1,15,14
3,11,8
3,5,2
2,2,0
2,2,0
2,2,0
3,7,4
3,5,2
2,2,0
3,3,0
11,11,0
2,6,4
1,2,1
1,1,0
2,2,0
22,73,51
1,1,0
2,2,0
1,1,0
2,2,0
2,2,0
2,2,0
54,54,0
2,12,10
3,7,4
3,3,0
100,100,0
2,2,0
3,3,0
2,5,3
2,2,0
2,2,0
2,2,0
3,7,4
2,8,6
2,2,0
1,5,4
1,2,1
2,10,8
2,2,0
2,4,2
2,2,0
3,3,0
2,2,0
3,3,0
0,0,0
3,3,0
3,3,0
3,7,4
2,5,3
8,8,0
27,27,0
9,9,0
2,2,0
3,5,2
2,2,0
2,6,4
2,59,57
2,2,0
3,3,0
2,2,0
22,70,48
2,4,2
2,2,0
8,8,0
80,81,1
8,8,0
3,4,1
3,3,0
8,8,0
2,3,1
1,3,2
3,3,0
2,2,0
3,5,2
2,2,0
2,2,0
2,2,0
2,2,0
2,2,0
2,3,1
2,2,0
0,0,0
3,9,6
3,10,7
3,11,8
2,2,0
0,0,0
2,4,2
2,2,0
2,2,0
1,17,16
3,3,0
2,3,1
9,9,0
19,19,0
3,3,0
2,2,0
9,9,0
2,2,0
1,1,0
8,8,0
3,7,4
3,5,2
1,2,1
4,4,0
0,0,0
2,2,0
3,5,2
1,27,26
2,2,0
7,7,0
2,2,0
2,2,0
3,7,4
3,7,4
0,0,0
2,2,0
2,8,6
2,2,0
2,2,0
8,8,0
2,82,80
3,3,0
2,4,2
2,4,2
1,2,1
3,3,0
2,2,0
10,10,0
1,1,0
3,23,20
1,3,2
2,2,0
8,11,3
21,22,1
3,8,5
1,26,25
2,2,0
2,4,2
8,8,0
2,3,1
2,2,0
2,2,0
2,2,0
0,0,0
3,3,0
2,2,0
2,13,11
2,2,0
3,12,9
2,82,80
2,2,0
2,80,78
1,1,0
3,9,6
8,8,0
3,5,2
2,3,1
3,7,4
8,8,0
2,4,2
4,4,0
2,4,2
3,3,0
1,2,1
2,2,0
2,2,0
1,1,0
1,1,0
7,16,9
8,8,0
0,0,0
3,3,0
2,2,0
3,5,2
2,2,0
1,2,1
2,2,0
2,2,0
3,6,3
3,5,2
8,9,1
11,22,11
2,2,0
2,2,0
3,5,2
3,5,2
2,2,0
2,2,0
2,2,0
2,3,1
2,2,0
2,3,1
1,1,0
1,1,0
3,3,0
2,6,4
1,1,0
2,2,0
2,2,0
2,2,0
1,1,0
3,5,2
3,6,3
4,4,0
2,4,2
3,3,0
3,3,0
35,36,1
0,0,0
3,5,2
3,3,0
2,2,0
1,3,2
3,3,0
1,3,2
2,2,0
2,5,3
2,2,0
2,2,0
11,11,0
3,5,2
3,6,3
6,6,0
1,1,0
2,2,0
2,4,2
2,2,0
2,2,0
3,3,0
3,3,0
2,2,0
2,2,0
2,2,0
3,3,0
2,2,0
3,5,2
3,3,0
6,6,0
2,2,0
1,1,0
2,2,0
1,1,0
4,4,0
2,2,0
2,2,0
2,2,0
2,2,0
1,20,19
0,0,0
2,2,0
3,3,0
3,9,6
3,7,4
3,9,6
3,3,0
2,2,0
1,182,181
3,3,0
51,51,0
9,9,0
3,5,2
3,3,0
2,2,0
3,8,5
2,2,0
2,2,0
8,8,0
3,5,2
11,13,2
2,2,0
3,7,4
1,6,5
6,101,95
0,0,0
10,18,8
2,2,0
3,3,0
0,0,0
2,2,0
2,2,0
3,3,0
2,8,6
5,5,0
2,4,2
2,7,5
2,8,6
3,3,0
3,11,8
0,0,0
1,1,0
1,71,70
3,3,0
12,12,0
20,20,0
3,7,4
38,38,0
59,118,59
10,10,0
5,6,1
42,109,67
3,5,2
1,1,0
28,30,2
2,6,4
2,2,0
2,4,2
1,2,1
3,17,14
2,2,0
35,35,0
1,3,2
8,8,0
3,3,0
3,5,2
2,4,2
3,3,0
3,3,0
3,6,3
2,2,0
2,2,0
2,2,0
8,8,0
8,8,0
3,13,10
2,2,0
2,2,0
2,2,0
2,3,1
3,7,4
3,5,2
2,2,0
3,3,0
2,7,5
2,2,0
2,2,0
2,9,7
2,2,0
8,8,0
3,5,2
1,1,0
100,100,0
6,6,0
3,5,2
2,2,0
2,3,1
2,2,0
2,2,0
25,25,0
2,2,0
2,2,0
3,5,2
2,2,0
2,2,0
9,9,0
3,3,0
1,6,5
2,3,1
3,3,0
3,7,4
3,6,3
3,3,0
2,21,19
2,19,17
28,32,4
3,3,0
9,9,0
2,2,0
2,2,0
2,2,0
2,4,2
2,2,0
2,2,0
2,2,0
3,3,0
11,11,0
2,2,0
3,3,0
4,6,2
52,79,27
2,2,0
2,2,0
2,6,4
0,0,0
2,3,1
3,5,2
4,11,7
2,45,43
2,2,0
1,2,1
14,17,3
6,10,4
8,10,2
2,3,1
2,2,0
2,2,0
2,4,2
2,2,0
8,8,0
4,4,0
2,2,0
2,2,0
2,2,0
37,39,2
9,9,0
8,8,0
2,2,0
1,3,2
5,5,0
2,5,3
3,3,0
12,12,0
34,34,0
2,2,0
3,5,2
2,2,0
52,79,27
3,6,3
2,2,0
2,2,0
3,3,0
0,0,0
7,7,0
1,1,0
2,2,0
2,4,2
3,3,0
9,9,0
2,2,0
2,2,0
2,2,0
2,2,0
3,8,5
2,2,0
2,2,0
2,2,0
3,8,5
2,2,0
2,2,0
9,9,0
3,3,0
2,2,0
1,1,0
8,10,2
2,2,0
3,3,0
2,2,0
2,2,0
2,5,3
2,11,9
0,0,0
3,5,2
2,2,0
20,20,0
3,4,1
2,3,1
2,2,0
2,3,1
10,10,0
3,7,4
3,3,0
2,2,0
2,2,0
2,2,0
2,23,21
0,0,0
2,2,0
1,4,3
9,9,0
3,7,4
2,4,2
2,11,9
3,7,4
2,2,0
2,2,0
8,12,4
2,6,4
28,67,39
2,2,0
2,4,2
2,2,0
3,3,0
18,18,0
2,4,2
2,2,0
1,1,0
2,2,0
2,2,0
3,3,0
2,9,7
2,3,1
2,2,0
2,7,5
1,1,0
3,3,0
2,2,0
2,8,6
1,4,3
0,0,0
3,11,8
8,8,0
2,2,0
2,4,2
2,2,0
2,2,0
3,3,0
7,7,0
0,0,0
2,84,82
2,2,0
3,4,1
4,4,0
2,2,0
2,4,2
4,10,6
2,2,0
2,2,0
2,4,2
2,2,0
4,4,0
2,3,1
2,2,0
3,5,2
3,9,6
2,2,0
1,1,0
2,6,4
3,3,0
3,3,0
52,52,0
2,2,0
2,2,0
2,3,1
2,4,2
9,9,0
3,3,0
0,0,0
8,8,0
9,9,0
2,2,0
2,3,1
3,6,3
2,2,0
1,4,3
3,13,10
3,3,0
2,2,0
2,9,7
2,2,0
3,5,2
2,2,0
2,2,0
3,8,5
2,2,0
2,3,1
2,6,4
3,4,1
2,3,1
2,2,0
1,2,1
2,2,0
2,6,4
8,8,0
2,3,1
0,0,0
1,25,24
2,2,0
4,4,0
3,5,2
2,4,2
3,23,20
3,3,0
2,4,2
3,3,0
2,2,0
2,2,0
3,5,2
2,2,0
3,7,4
3,5,2
2,2,0
2,2,0
1,1,0
2,3,1
30,30,0
2,82,80
2,2,0
2,2,0
10,10,0
5,5,0
1,2,1
3,3,0
2,4,2
3,11,8
3,5,2
3,3,0
2,2,0
3,3,0
8,8,0
3,10,7
2,2,0
3,3,0
3,8,5
1,78,77
3,5,2
1,4,3
11,11,0
2,2,0
1,2,1
3,3,0
1,29,28
2,2,0
2,10,8
1,19,18
2,2,0
2,2,0
2,4,2
2,8,6
2,2,0
2,15,13
2,2,0
1,2,1
4,14,10
2,2,0
2,2,0
2,80,78
3,3,0
3,3,0
8,8,0
3,9,6
3,5,2
1,25,24
2,2,0
2,2,0
2,5,3
3,3,0
1,1,0
20,24,4
2,2,0
3,3,0
2,2,0
2,2,0
2,4,2
2,71,69
2,9,7
3,7,4
1,21,20
2,13,11
3,3,0
3,8,5
3,3,0
1,1,0
2,2,0
2,2,0
2,2,0
2,4,2
3,3,0
3,3,0
1,2,1
12,12,0
8,8,0
2,2,0
3,3,0
2,2,0
2,4,2
3,12,9
2,2,0
2,2,0
3,3,0
3,3,0
1,44,43
2,9,7
2,2,0
8,8,0
3,7,4
2,8,6
1,4,3
2,2,0
2,10,8
1,74,73
3,8,5
2,2,0
1,2,1
2,2,0
2,2,0
2,2,0
0,0,0
2,2,0
2,2,0
10,10,0
2,2,0
2,2,0
3,7,4
2,2,0
2,2,0
3,3,0
2,4,2
0,0,0
2,2,0
2,2,0
3,7,4
2,2,0
3,3,0
1,1,0
9,9,0
2,82,80
2,2,0
0,0,0
2,2,0
2,2,0
3,4,1
2,76,74
3,3,0
1,5,4
100,100,0
4,4,0
20,20,0
2,10,8
2,2,0
3,7,4
62,62,0
3,3,0
3,6,3
2,4,2
2,2,0
20,20,0
3,3,0
2,6,4
10,12,2
2,2,0
9,13,4
2,48,46
2,2,0
2,2,0
2,2,0
2,2,0
2,2,0
2,2,0
1,1,0
2,2,0
2,2,0
4,4,0
2,2,0
2,4,2
2,2,0
1,4,3
86,86,0
1,3,2
2,2,0
3,3,0
2,4,2
3,5,2
100,104,4
2,2,0
5,32,27
86,86,0
1,68,67
3,5,2
2,4,2
3,5,2
2,2,0
2,2,0
2,2,0
2,2,0
3,3,0
3,10,7
0,0,0
2,2,0
2,2,0
3,76,73
2,2,0
89,89,0
3,3,0
2,6,4
8,8,0
2,2,0
1,1,0
3,3,0
2,2,0
3,3,0
1,1,0
9,9,0
3,3,0
2,2,0
8,8,0
3,3,0
3,6,3
2,2,0
2,2,0
2,2,0
2,2,0
11,11,0
3,3,0
17,17,0
1,1,0
3,3,0
3,3,0
3,7,4
1,1,0
3,3,0
2,2,0
2,4,2
1,3,2
3,3,0
2,19,17
1,22,21
2,2,0
6,6,0
2,4,2
2,2,0
7,7,0
8,8,0
2,48,46
1,7,6
2,2,0
2,2,0
2,6,4
3,5,2
2,2,0
2,2,0
3,3,0
1,2,1
3,3,0
3,12,9
2,2,0
3,23,20
2,16,14
9,9,0
2,2,0
2,2,0
2,2,0
8,8,0
1,8,7
3,3,0
9,9,0
3,21,18
2,3,1
0,0,0
2,2,0
71,171,100
2,7,5
2,2,0
3,7,4
3,3,0
2,4,2
18,18,0
3,30,27
3,5,2
2,2,0
1,1,0
2,82,80
1,1,0
3,22,19
2,5,3
3,5,2
4,5,1
26,26,0
2,84,82
2,19,17
2,4,2
1,2,1
17,28,11
2,3,1
2,4,2
3,3,0
2,2,0
3,3,0
2,2,0
2,2,0
2,5,3
53,66,13
2,2,0
9,9,0
2,2,0
3,3,0
3,7,4
3,11,8
2,2,0
2,2,0
2,2,0
2,2,0
9,9,0
2,3,1
2,2,0
4,4,0
2,4,2
10,10,0
2,3,1
114,192,78
0,0,0
4,5,1
2,2,0
2,2,0
1,1,0
2,2,0
2,4,2
5,5,0
8,8,0
3,3,0
2,2,0
3,5,2
2,2,0
3,5,2
2,2,0
2,2,0
3,3,0
3,9,6
2,2,0
2,82,80
1,1,0
2,2,0
2,12,10
2,2,0
3,3,0
2,2,0
3,5,2
2,2,0
3,3,0
10,12,2
11,11,0
7,9,2
1,2,1
1,1,0
2,2,0
1,11,10
3,3,0
3,8,5
3,3,0
5,5,0
2,8,6
2,2,0
2,2,0
2,2,0
3,3,0
1,2,1
2,4,2
3,7,4
6,6,0
11,11,0
1,3,2
2,4,2
2,2,0
2,2,0
2,2,0
3,3,0
2,2,0
10,10,0
2,2,0
2,8,6
2,6,4
0,0,0
32,34,2
2,2,0
3,3,0
12,12,0
3,3,0
3,3,0
2,2,0
2,2,0
2,2,0
2,2,0
3,5,2
2,2,0
2,4,2
2,2,0
2,2,0
2,2,0
9,54,45
9,9,0
20,20,0
2,2,0
2,2,0
3,3,0
3,3,0
3,3,0
6,20,14
24,24,0
2,2,0
2,4,2
9,9,0
9,9,0
3,7,4
2,2,0
2,4,2
1,2,1
2,4,2
2,2,0
2,2,0
2,2,0
3,3,0
2,2,0
2,2,0
2,4,2
1,3,2
2,4,2
2,2,0
125,127,2
3,3,0
1,6,5
1,2,1
10,19,9
36,36,0
3,3,0
1,3,2
2,13,11
2,4,2
10,10,0
2,3,1
24,24,0
2,2,0
1,1,0
2,2,0
8,8,0
1,1,0
2,2,0
1,1,0
2,7,5
0,0,0
1,45,44
2,2,0
5,5,0
3,5,2
2,3,1
100,104,4
3,3,0
91,92,1
2,2,0
1,1,0
100,102,2
3,3,0
3,3,0
1,2,1
8,8,0
2,2,0
2,5,3
2,2,0
1,2,1
2,4,2
1,8,7
2,2,0
3,5,2
3,8,5
3,6,3
3,3,0
2,8,6
2,4,2
3,11,8
3,9,6
2,2,0
2,4,2
2,2,0
3,23,20
2,2,0
3,5,2
9,9,0
1,1,0
4,4,0
2,2,0
2,2,0
3,3,0
1,2,1
2,2,0
22,22,0
5,5,0
2,2,0
1,23,22
2,2,0
2,2,0
3,3,0
2,2,0
2,2,0
2,2,0
9,9,0
3,6,3
2,4,2
22,22,0
3,4,1
1,13,12
3,3,0
2,3,1
60,60,0
2,3,1
3,3,0
3,3,0
4,4,0
1,67,66
3,3,0
22,22,0
2,23,21
8,8,0
0,0,0
2,2,0
2,2,0
1,2,1
4,4,0
192,192,0
3,3,0
6,6,0
3,5,2
3,6,3
9,11,2
2,4,2
2,2,0
2,2,0
2,4,2
2,10,8
2,8,6
3,5,2
2,2,0
3,3,0
0,0,0
2,2,0
2,9,7
5,5,0
2,2,0
2,2,0
2,3,1
2,11,9
3,5,2
2,2,0
2,2,0
8,8,0
4,4,0
3,7,4
2,3,1
1,24,23
1,2,1
2,2,0
2,5,3
2,2,0
2,2,0
8,8,0
8,8,0
3,6,3
2,2,0
2,2,0
2,3,1
2,2,0
2,2,0
5,5,0
7,18,11
2,2,0
2,2,0
13,13,0
3,9,6
1,1,0
2,2,0
2,2,0
3,5,2
4,4,0
2,8,6
8,8,0
2,2,0
0,0,0
4,4,0
1,2,1
2,4,2
2,4,2
2,2,0
3,22,19
2,8,6
2,8,6
2,2,0
1,2,1
2,2,0
1,24,23
2,2,0
3,46,43
2,2,0
1,2,1
2,2,0
2,4,2
2,10,8
2,2,0
2,4,2
2,3,1
3,3,0
2,2,0
3,3,0
2,2,0
3,7,4
8,8,0
2,4,2
3,3,0
2,2,0
2,2,0
3,3,0
6,6,0
3,3,0
2,2,0
0,0,0
8,8,0
1,2,1
3,5,2
3,3,0
0,0,0
3,3,0
4,4,0
3,5,2
2,2,0
2,2,0
3,3,0
1,6,5
16,54,38
3,3,0
2,2,0
2,2,0
3,3,0
2,2,0
3,3,0
3,9,6
1,25,24
1,91,90
8,8,0
3,5,2
2,3,1
2,2,0
2,2,0
58,67,9
3,7,4
1,4,3
1,1,0
2,2,0
0,0,0
2,2,0
2,2,0
14,14,0
2,3,1
2,2,0
0,0,0
3,7,4
1,1,0
2,2,0
2,2,0
3,5,2
3,9,6
1,1,0
2,2,0
2,2,0
3,5,2
29,29,0
2,2,0
2,2,0
2,2,0
1,3,2
2,2,0
0,0,0
2,2,0
3,15,12
2,2,0
2,2,0
2,2,0
2,2,0
3,9,6
0,0,0
2,2,0
2,2,0
0,0,0
2,8,6
8,8,0
2,2,0
2,2,0
6,8,2
2,2,0
11,11,0
3,5,2
1,3,2
2,45,43
3,5,2
6,7,1
2,6,4
3,3,0
2,11,9
1,1,0
2,2,0
2,2,0
3,8,5
3,3,0
2,2,0
10,27,17
2,2,0
2,2,0
3,7,4
2,2,0
2,2,0
2,3,1
2,2,0
2,6,4
2,2,0
3,7,4
2,2,0
9,20,11
5,5,0
2,9,7
2,4,2
3,10,7
2,6,4
2,2,0
12,12,0
2,2,0
3,8,5
4,4,0
2,3,1
3,4,1
2,2,0
2,2,0
51,51,0
2,2,0
8,8,0
3,7,4
2,6,4
2,2,0
2,2,0
12,12,0
3,5,2
6,6,0
3,5,2
2,2,0
1,1,0
3,10,7
2,4,2
2,2,0
3,3,0
3,7,4
2,5,3
2,24,22
2,2,0
3,3,0
2,12,10
2,2,0
2,2,0
1,1,0
8,8,0
2,2,0
25,30,5
2,10,8
3,3,0
3,8,5
2,2,0
2,2,0
1,2,1
9,9,0
1,2,1
2,5,3
0,0,0
1,3,2
2,2,0
3,3,0
2,2,0
3,3,0
8,8,0
1,9,8
8,8,0
2,4,2
29,29,0
3,5,2
12,14,2
2,2,0
3,3,0
3,3,0
0,0,0
2,2,0
1,2,1
3,3,0
2,2,0
1,1,0
2,2,0
2,2,0
8,8,0
0,0,0
1,1,0
3,3,0
7,7,0
2,2,0
2,28,26
3,3,0
1,2,1
2,36,34
38,45,7
3,3,0
3,5,2
2,4,2
2,4,2
2,2,0
3,5,2
22,22,0
2,4,2
9,18,9
3,3,0
2,4,2
3,3,0
1,2,1
2,2,0
3,3,0
3,3,0
2,2,0
3,3,0
3,3,0
2,2,0
8,8,0
5,7,2
2,6,4
17,18,1
1,1,0
2,2,0
64,66,2
3,5,2
3,3,0
24,24,0
8,8,0
2,2,0
9,11,2
2,2,0
1,1,0
4,4,0
1,1,0
2,2,0
2,2,0
3,5,2
1,1,0
1,13,12
3,5,2
2,2,0
0,0,0
2,2,0
2,4,2
2,3,1
2,2,0
1,29,28
2,2,0
2,2,0
3,3,0
8,8,0
3,21,18
3,23,20
9,9,0
2,2,0
2,2,0
2,2,0
3,3,0
2,4,2
1,8,7
2,4,2
3,3,0
2,6,4
2,2,0
1,14,13
2,2,0
3,3,0
3,8,5
3,16,13
3,3,0
2,3,1
2,47,45
3,4,1
2,4,2
2,2,0
3,3,0
4,4,0
46,46,0
2,7,5
3,3,0
2,10,8
2,2,0
11,11,0
3,4,1
3,11,8
2,4,2
1,1,0
0,0,0
2,2,0
2,6,4
2,2,0
4,4,0
2,2,0
1,2,1
3,3,0
3,3,0
3,7,4
0,0,0
3,3,0
2,2,0
2,2,0
2,2,0
2,2,0
2,2,0
3,5,2
2,2,0
2,16,14
2,2,0
3,12,9
2,2,0
2,2,0
2,2,0
3,3,0
3,3,0
2,2,0
2,2,0
9,22,13
3,3,0
1,1,0
2,2,0
10,100,90
2,2,0
2,2,0
3,8,5
3,5,2
1,2,1
2,2,0
2,4,2
0,0,0
2,2,0
2,2,0
14,14,0
2,8,6
2,2,0
1,2,1
3,3,0
10,10,0
2,2,0
3,9,6
12,12,0
3,6,3
0,0,0
3,3,0
9,9,0
3,9,6
2,2,0
2,2,0
3,3,0
1,2,1
95,95,0
2,2,0
1,1,0
3,3,0
13,13,0
1,3,2
8,8,0
3,4,1
4,4,0
1,3,2
8,8,0
2,2,0
3,5,2
2,2,0
3,3,0
3,7,4
4,4,0
1,22,21
2,2,0
9,9,0
48,48,0
25,33,8
2,4,2
1,1,0
10,10,0
2,2,0
2,15,13
3,3,0
1,3,2
1,2,1
2,97,95
2,24,22
6,7,1
3,3,0
3,6,3
1,2,1
2,3,1
2,12,10
2,2,0
3,4,1
1,20,19
1,1,0
2,2,0
2,3,1
2,4,2
2,2,0
3,3,0
2,4,2
4,4,0
2,4,2
2,2,0
2,2,0
2,132,130
3,7,4
1,1,0
9,9,0
3,16,13
2,2,0
8,8,0
3,6,3
2,2,0
3,5,2
2,2,0
2,8,6
2,2,0
3,3,0
3,3,0
2,6,4
1,1,0
2,2,0
3,3,0
5,6,1
2,2,0
1,7,6
3,4,1
2,2,0
2,2,0
2,2,0
3,3,0
3,3,0
3,3,0
2,2,0
9,9,0
3,19,16
2,2,0
2,2,0
3,7,4
3,3,0
2,4,2
11,11,0
2,2,0
2,2,0
2,2,0
2,2,0
3,5,2
8,8,0
9,9,0
2,6,4
2,2,0
6,12,6
1,4,3
2,2,0
2,4,2
2,2,0
0,0,0
2,24,22
2,5,3
2,6,4
2,5,3
2,2,0
2,2,0
8,8,0
1,1,0
2,2,0
2,2,0
1,2,1
2,6,4
3,5,2
14,14,0
2,2,0
2,2,0
2,2,0
1,1,0
3,3,0
2,2,0
0,0,0
2,2,0
2,7,5
4,5,1
2,2,0
1,1,0
2,2,0
1,1,0
3,8,5
17,17,0
2,2,0
4,4,0
0,0,0
6,38,32
2,5,3
2,5,3
2,2,0
2,2,0
5,34,29
2,2,0
3,8,5
2,4,2
2,2,0
1,1,0
16,16,0
2,4,2
1,2,1
2,4,2
2,2,0
3,3,0
1,5,4
0,0,0
2,2,0
1,16,15
3,4,1
2,2,0
0,0,0
2,2,0
2,2,0
2,84,82
2,2,0
2,2,0
2,2,0
2,5,3
2,2,0
2,2,0
2,4,2
4,5,1
2,2,0
3,3,0
9,9,0
3,3,0
2,108,106
2,2,0
3,3,0
2,2,0
8,8,0
2,2,0
2,2,0
95,95,0
2,2,0
74,74,0
2,2,0
16,21,5
0,0,0
3,3,0
2,2,0
2,2,0
11,11,0
19,19,0
2,80,78
3,4,1
3,7,4
3,5,2
3,3,0
2,2,0
22,22,0
6,6,0
10,10,0
2,4,2
2,2,0
10,10,0
1,2,1
2,2,0
2,16,14
3,5,2
1,65,64
2,2,0
3,3,0
3,3,0
2,2,0
3,3,0
2,2,0
3,6,3
2,2,0
2,5,3
12,12,0
2,2,0
24,27,3
2,2,0
2,2,0
2,2,0
2,2,0
7,7,0
2,2,0
3,3,0
2,4,2
14,14,0
3,3,0
1,30,29
6,6,0
2,2,0
2,11,9
9,9,0
13,16,3
2,2,0
24,59,35
2,2,0
2,2,0
1,1,0
2,5,3
2,2,0
2,2,0
3,3,0
1,3,2
2,2,0
2,4,2
0,0,0
2,2,0
9,13,4
1,1,0
2,3,1
7,8,1
2,5,3
0,0,0
3,5,2
4,4,0
2,3,1
2,2,0
2,2,0
3,3,0
1,1,0
3,3,0
3,4,1
2,2,0
2,2,0
3,3,0
2,4,2
2,2,0
1,1,0
2,6,4
2,4,2
2,2,0
2,2,0
13,17,4
1,4,3
2,2,0
1,2,1
7,50,43
9,20,11
1,3,2
2,3,1
2,2,0
2,2,0
2,2,0
42,42,0
3,3,0
5,5,0
2,2,0
2,2,0
8,8,0
1,1,0
17,17,0
2,6,4
1,19,18
3,5,2
0,0,0
2,2,0
2,2,0
2,2,0
2,2,0
2,9,7
2,2,0
3,3,0
3,11,8
6,6,0
8,8,0
1,3,2
14,14,0
2,2,0
2,2,0
2,2,0
2,2,0
2,80,78
4,4,0
2,2,0
3,3,0
2,2,0
2,7,5
2,2,0
2,2,0
2,2,0
1,8,7
2,2,0
2,2,0
2,2,0
3,5,2
2,2,0
1,2,1
3,3,0
3,3,0
3,3,0
2,2,0
3,3,0
139,139,0
3,6,3
1,1,0
10,10,0
2,2,0
3,5,2
2,2,0
85,115,30
3,3,0
2,2,0
2,21,19
1,71,70
2,2,0
2,6,4
3,3,0
2,3,1
2,2,0
1,1,0
30,30,0
2,2,0
2,2,0
2,5,3
3,3,0
3,3,0
9,11,2
3,11,8
1,3,2
2,2,0
1,32,31
2,2,0
3,3,0
2,2,0
36,36,0
3,5,2
2,150,148
2,5,3
2,2,0
2,2,0
2,2,0
2,2,0
3,3,0
6,6,0
2,2,0
3,3,0
2,23,21
3,3,0
3,20,17
2,2,0
5,7,2
3,3,0
2,2,0
2,2,0
2,4,2
2,4,2
2,2,0
3,3,0
3,6,3
11,11,0
2,2,0
11,22,11
4,8,4
3,7,4
3,3,0
3,3,0
6,6,0
2,2,0
2,2,0
2,14,12
2,2,0
0,0,0
8,8,0
1,1,0
3,3,0
0,0,0
3,5,2
1,2,1
2,2,0
13,13,0
2,2,0
2,2,0
11,11,0
1,2,1
3,8,5
2,2,0
3,3,0
1,2,1
4,5,1
1,5,4
1,1,0
3,5,2
3,3,0
2,2,0
6,6,0
8,8,0
3,7,4
2,10,8
3,5,2
2,2,0
2,2,0
2,3,1
3,3,0
2,2,0
2,2,0
1,1,0
3,3,0
3,3,0
22,22,0
1,1,0
16,85,69
1,4,3
2,3,1
1,2,1
2,2,0
3,6,3
2,5,3
2,2,0
2,8,6
1,2,1
1,3,2
1,2,1
3,3,0
8,8,0
2,4,2
2,2,0
2,6,4
2,2,0
0,0,0
3,3,0
3,5,2
3,3,0
3,5,2
3,3,0
2,11,9
2,2,0
2,4,2
2,2,0
3,5,2
2,2,0
42,109,67
3,3,0
2,2,0
3,11,8
18,18,0
3,3,0
2,2,0
2,2,0
87,92,5
2,2,0
8,8,0
8,8,0
3,3,0
2,3,1
3,3,0
1,1,0
3,3,0
3,10,7
3,5,2
6,86,80
3,5,2
2,2,0
26,45,19
0,0,0
3,3,0
2,2,0
2,21,19
2,4,2
1,1,0
3,6,3
2,2,0
3,3,0
3,7,4
3,3,0
2,2,0
3,6,3
1,114,113
2,7,5
5,6,1
2,2,0
4,4,0
2,28,26
8,10,2
3,3,0
1,2,1
11,11,0
2,4,2
2,2,0
2,2,0
3,3,0
2,2,0
1,3,2
2,2,0
2,4,2
1,4,3
2,2,0
124,124,0
2,2,0
3,9,6
2,2,0
2,2,0
2,4,2
0,0,0
1,6,5
3,3,0
2,2,0
1,27,26
2,2,0
2,15,13
1,1,0
1,3,2
0,0,0
2,5,3
9,9,0
2,2,0
2,2,0
2,2,0
3,3,0
2,2,0
3,3,0
8,10,2
2,4,2
3,7,4
8,8,0
2,2,0
3,3,0
1,2,1
4,5,1
2,2,0
8,11,3
2,3,1
3,5,2
549,549,0
3,6,3
2,2,0
2,2,0
1,1,0
2,2,0
3,3,0
8,8,0
3,3,0
2,2,0
2,15,13
2,2,0
2,2,0
1,1,0
2,5,3
3,6,3
2,2,0
2,2,0
2,3,1
2,4,2
3,4,1
3,5,2
3,3,0
1,4,3
2,3,1
2,7,5
50,50,0
2,3,1
2,6,4
16,34,18
2,5,3
2,2,0
3,5,2
3,8,5
2,2,0
2,2,0
15,25,10
3,8,5
3,3,0
2,2,0
2,4,2
2,2,0
2,4,2
2,2,0
16,18,2
5,5,0
2,5,3
0,0,0
2,4,2
120,242,122
2,3,1
8,16,8
3,3,0
14,15,1
2,2,0
2,4,2
2,8,6
2,86,84
8,8,0
9,9,0
8,8,0
3,3,0
2,2,0
0,0,0
2,2,0
2,4,2
2,2,0
8,8,0
3,7,4
2,2,0
22,22,0
1,2,1
2,2,0
2,2,0
2,2,0
2,2,0
2,2,0
3,5,2
2,2,0
9,9,0
2,17,15
3,5,2
1,22,21
0,0,0
3,3,0
2,2,0
2,3,1
1,3,2
5,5,0
3,3,0
1,1,0
2,2,0
6,27,21
2,2,0
2,2,0
2,2,0
3,7,4
2,6,4
2,2,0
1,2,1
2,2,0
3,6,3
2,2,0
3,3,0
3,3,0
3,9,6
1,52,51
3,25,22
2,2,0
64,74,10
3,6,3
2,2,0
3,3,0
3,8,5
9,9,0
2,2,0
2,8,6
2,16,14
8,17,9
2,2,0
3,3,0
2,2,0
9,9,0
2,2,0
3,3,0
3,3,0
2,4,2
3,7,4
3,3,0
2,2,0
3,3,0
3,6,3
2,80,78
11,11,0
0,0,0
3,3,0
2,2,0
1,9,8
2,2,0
2,2,0
6,6,0
2,2,0
2,4,2
3,7,4
2,2,0
1,2,1
2,2,0
2,2,0
2,4,2
2,4,2
3,3,0
3,3,0
2,2,0
3,15,12
9,9,0
2,2,0
2,2,0
3,3,0
51,57,6
3,3,0
2,4,2
35,35,0
42,58,16
1,2,1
3,3,0
3,3,0
2,2,0
10,10,0
3,5,2
7,11,4
2,2,0
2,2,0
2,23,21
3,4,1
2,4,2
8,74,66
4,20,16
2,2,0
2,2,0
3,10,7
2,2,0
9,9,0
3,3,0
2,4,2
2,80,78
2,2,0
2,2,0
2,2,0
13,13,0
3,3,0
2,2,0
2,2,0
2,2,0
2,4,2
100,100,0
2,2,0
4,6,2
3,3,0
2,10,8
2,2,0
3,3,0
1,2,1
6,7,1
3,3,0
3,3,0
26,40,14
2,2,0
2,2,0
8,8,0
2,2,0
3,5,2
8,8,0
2,2,0
3,77,74
3,9,6
3,5,2
6,6,0
3,3,0
2,2,0
3,3,0
0,0,0
2,4,2
2,2,0
2,5,3
3,3,0
2,3,1
3,5,2
4,4,0
2,2,0
175,261,86
4,4,0
2,69,67
2,49,47
2,4,2
2,2,0
3,7,4
3,3,0
3,14,11
2,10,8
2,19,17
4,4,0
3,5,2
2,10,8
2,2,0
8,19,11
2,4,2
2,2,0
3,3,0
3,3,0
3,3,0
0,0,0
2,4,2
3,3,0
3,5,2
3,3,0
14,14,0
2,2,0
2,2,0
3,3,0
20,26,6
2,2,0
2,2,0
0,0,0
2,2,0
1,1,0
2,2,0
2,3,1
2,2,0
0,0,0
2,96,94
3,5,2
1,3,2
2,2,0
1,1,0
2,2,0
3,3,0
3,5,2
2,2,0
2,2,0
7,56,49
2,4,2
3,3,0
3,3,0
1,4,3
2,2,0
2,5,3
2,2,0
2,2,0
3,5,2
2,2,0
17,17,0
2,2,0
2,83,81
3,7,4
9,9,0
2,2,0
2,3,1
2,2,0
0,0,0
2,2,0
3,8,5
2,4,2
2,4,2
5,5,0
2,6,4
0,0,0
2,2,0
4,73,69
2,2,0
3,3,0
7,7,0
3,3,0
0,0,0
10,10,0
0,0,0
3,7,4
2,4,2
8,8,0
2,2,0
2,2,0
2,7,5
1,3,2
2,2,0
2,2,0
0,0,0
1,1,0
1,3,2
3,9,6
2,2,0
2,3,1
2,8,6
11,11,0
2,2,0
3,3,0
2,2,0
2,2,0
9,9,0
4,56,52
3,9,6
2,2,0
3,7,4
2,2,0
3,3,0
2,4,2
3,3,0
2,2,0
2,2,0
2,80,78
2,2,0
8,8,0
0,0,0
3,3,0
20,30,10
1,2,1
2,4,2
78,266,188
3,10,7
1,2,1
2,2,0
8,8,0
3,3,0
2,17,15
4,33,29
2,2,0
2,5,3
2,4,2
2,2,0
1,2,1
51,51,0
1,9,8
3,3,0
2,2,0
2,2,0
3,3,0
2,2,0
8,8,0
2,2,0
2,2,0
2,4,2
1,44,43
2,2,0
2,80,78
2,2,0
3,3,0
3,3,0
2,2,0
2,2,0
8,8,0
2,2,0
6,6,0
1,1,0
3,3,0
3,5,2
2,2,0
3,3,0
2,2,0
3,3,0
9,9,0
1,1,0
3,3,0
2,2,0
9,9,0
1,1,0
2,2,0
3,6,3
0,0,0
3,3,0
18,66,48
3,3,0
2,2,0
2,4,2
5,5,0
214,214,0
3,8,5
2,2,0
2,8,6
3,3,0
2,2,0
3,5,2
3,3,0
2,4,2
2,2,0
8,8,0
2,4,2
9,9,0
2,4,2
2,2,0
8,8,0
2,7,5
1,6,5
28,30,2
9,9,0
3,5,2
2,2,0
3,5,2
0,0,0
2,3,1
1,3,2
2,2,0
10,13,3
2,2,0
1,1,0
0,0,0
3,3,0
2,4,2
1,2,1
29,29,0
10,10,0
88,253,165
2,2,0
2,2,0
2,2,0
3,3,0
0,0,0
20,20,0
3,9,6
2,2,0
1,3,2
0,0,0
2,2,0
2,2,0
3,3,0
2,3,1
4,4,0
3,5,2
2,2,0
2,4,2
11,11,0
3,5,2
7,7,0
2,4,2
2,11,9
3,5,2
2,2,0
3,3,0
2,2,0
1,28,27
2,5,3
3,7,4
100,200,100
74,376,302
11,11,0
2,2,0
0,0,0
2,4,2
129,236,107
2,2,0
1,2,1
2,2,0
2,2,0
2,2,0
1,1,0
1,2,1
1,2,1
2,3,1
1,2,1
3,40,37
2,2,0
0,0,0
1,2,1
3,3,0
2,9,7
3,10,7
1,2,1
88,88,0
2,2,0
6,6,0
2,2,0
3,3,0
2,2,0
2,6,4
2,2,0
1,2,1
2,2,0
0,0,0
4,4,0
3,7,4
2,82,80
2,2,0
9,9,0
3,3,0
8,8,0
3,3,0
11,11,0
8,8,0
3,3,0
4,16,12
8,8,0
11,11,0
3,7,4
3,3,0
16,16,0
3,3,0
1,2,1
3,5,2
3,28,25
2,2,0
51,51,0
2,2,0
3,3,0
2,2,0
1,2,1
3,5,2
3,3,0
3,3,0
2,17,15
2,2,0
2,8,6
3,3,0
4,5,1
2,2,0
2,2,0
3,3,0
26,37,11
3,9,6
2,8,6
8,8,0
2,2,0
0,0,0
3,3,0
3,5,2
2,2,0
2,4,2
10,10,0
1,3,2
2,2,0
8,8,0
0,0,0
3,3,0
1,6,5
2,2,0
2,2,0
2,17,15
3,3,0
2,2,0
1,2,1
4,5,1
2,45,43
2,2,0
2,2,0
10,10,0
1,1,0
2,2,0
2,2,0
3,3,0
2,2,0
8,8,0
2,2,0
2,4,2
3,3,0
1,2,1
0,0,0
9,9,0
2,15,13
2,4,2
2,2,0
3,3,0
9,30,21
2,2,0
2,2,0
2,5,3
2,2,0
2,2,0
6,6,0
2,8,6
1,5,4
0,0,0
2,2,0
2,2,0
2,2,0
35,35,0
3,3,0
2,2,0
2,2,0
1,1,0
2,2,0
3,5,2
2,2,0
2,2,0
3,8,5
2,2,0
2,2,0
2,4,2
2,7,5
1,23,22
2,80,78
74,237,163
3,3,0
3,5,2
2,8,6
3,3,0
2,4,2
3,47,44
2,2,0
1,2,1
2,2,0
3,6,3
11,11,0
2,2,0
2,2,0
2,2,0
2,4,2
2,2,0
2,2,0
3,3,0
2,2,0
3,5,2
3,3,0
3,3,0
3,5,2
2,2,0
2,10,8
2,2,0
406,417,11
0,0,0
3,3,0
2,8,6
18,18,0
8,8,0
3,3,0
1,2,1
2,2,0
3,6,3
1,1,0
2,5,3
19,19,0
3,8,5
1,74,73
4,4,0
22,69,47
3,3,0
3,7,4
2,2,0
2,2,0
3,13,10
3,3,0
3,3,0
1,3,2
2,2,0
2,2,0
2,2,0
2,2,0
2,2,0
1,3,2
3,3,0
8,8,0
2,6,4
2,42,40
2,2,0
2,2,0
3,3,0
2,2,0
2,2,0
2,2,0
44,44,0
0,0,0
2,97,95
2,2,0
1,1,0
9,9,0
2,2,0
1,2,1
2,8,6
2,2,0
2,2,0
8,8,0
3,5,2
9,9,0
2,2,0
2,2,0
3,3,0
3,3,0
1,1,0
2,4,2
2,2,0
2,4,2
3,5,2
2,2,0
2,2,0
3,5,2
2,4,2
48,50,2
2,2,0
3,3,0
2,2,0
2,2,0
2,2,0
2,3,1
6,6,0
2,2,0
2,3,1
2,9,7
1,2,1
2,4,2
3,3,0
8,8,0
2,2,0
3,3,0
2,4,2
2,4,2
2,2,0
2,2,0
2,86,84
2,2,0
3,4,1
2,2,0
17,17,0
3,3,0
3,9,6
3,5,2
3,5,2
1,1,0
9,9,0
2,3,1
2,2,0
2,3,1
3,3,0
0,0,0
2,2,0
2,13,11
3,3,0
8,26,18
9,9,0
20,20,0
32,32,0
3,7,4
2,6,4
2,2,0
2,4,2
2,4,2
9,9,0
3,3,0
2,2,0
2,2,0
2,2,0
2,2,0
2,3,1
2,2,0
7,7,0
2,4,2
1,3,2
2,2,0
3,5,2
8,8,0
2,2,0
3,3,0
3,3,0
3,9,6
4,5,1
2,2,0
2,10,8
3,3,0
2,2,0
2,2,0
2,5,3
2,2,0
100,100,0
2,2,0
2,4,2
2,2,0
1,1,0
2,4,2
2,2,0
2,18,16
1,2,1
0,0,0
2,2,0
2,5,3
3,3,0
8,8,0
1,24,23
3,3,0
2,2,0
2,6,4
3,3,0
3,3,0
2,2,0
0,0,0
2,2,0
1,6,5
2,2,0
3,3,0
2,2,0
2,2,0
0,0,0
2,5,3
3,5,2
3,3,0
9,11,2
6,6,0
2,2,0
1,1,0
3,3,0
3,4,1
45,45,0
8,8,0
2,2,0
3,5,2
2,2,0
2,3,1
3,3,0
2,5,3
3,5,2
9,9,0
2,2,0
2,2,0
8,8,0
2,2,0
2,2,0
6,15,9
3,3,0
2,2,0
3,5,2
2,4,2
3,7,4
3,3,0
54,68,14
3,3,0
4,20,16
98,98,0
2,2,0
2,3,1
3,9,6
2,2,0
2,2,0
2,27,25
1,1,0
1,1,0
2,4,2
3,6,3
2,4,2
9,9,0
3,3,0
2,2,0
2,2,0
4,4,0
2,4,2
3,8,5
3,3,0
2,2,0
6,6,0
3,3,0
2,2,0
2,2,0
0,0,0
2,2,0
0,0,0
2,2,0
2,4,2
2,2,0
2,2,0
1,1,0
2,2,0
2,2,0
3,3,0
2,80,78
3,5,2
1,2,1
3,3,0
2,2,0
8,8,0
4,4,0
2,2,0
0,0,0
2,2,0
2,2,0
2,4,2
2,15,13
0,0,0
2,2,0
3,5,2
3,3,0
2,2,0
9,9,0
2,2,0
3,8,5
2,9,7
2,4,2
15,15,0
2,2,0
1,1,0
25,25,0
2,2,0
47,47,0
2,4,2
8,8,0
2,2,0
2,2,0
1,1,0
2,2,0
1,2,1
2,2,0
3,9,6
3,3,0
0,0,0
1,2,1
8,8,0
1,2,1
3,3,0
2,2,0
8,8,0
3,3,0
1,1,0
3,4,1
2,80,78
3,9,6
22,22,0
3,3,0
2,9,7
2,80,78
2,2,0
8,8,0
3,12,9
2,2,0
2,3,1
4,4,0
2,2,0
2,2,0
3,4,1
2,2,0
2,2,0
2,2,0
2,2,0
3,3,0
2,45,43
3,3,0
8,8,0
1,1,0
1,1,0
2,2,0
3,3,0
2,2,0
2,2,0
3,3,0
2,2,0
1,3,2
54,54,0
2,6,4
2,2,0
3,3,0
2,7,5
2,3,1
2,2,0
2,7,5
3,3,0
4,103,99
3,5,2
1,2,1
0,0,0
2,2,0
3,25,22
3,3,0
2,18,16
3,3,0
2,2,0
1,2,1
2,2,0
1,21,20
18,18,0
2,2,0
2,2,0
2,4,2
4,4,0
2,2,0
2,2,0
2,2,0
3,5,2
3,3,0
3,3,0
3,11,8
2,2,0
3,4,1
1,3,2
8,8,0
6,6,0
3,13,10
1,4,3
2,2,0
78,78,0
2,80,78
2,2,0
5,5,0
2,2,0
2,7,5
3,9,6
8,8,0
2,80,78
3,3,0
2,2,0
14,14,0
1,2,1
8,8,0
2,2,0
2,2,0
1,27,26
2,4,2
2,2,0
1,4,3
3,3,0
1,1,0
8,10,2
5,7,2
2,2,0
3,5,2
2,3,1
2,2,0
2,2,0
2,2,0
2,2,0
1,2,1
1,3,2
2,7,5
2,7,5
3,3,0
2,2,0
7,116,109
2,2,0
1,1,0
3,4,1
62,73,11
3,5,2
2,2,0
8,8,0
2,2,0
1,1,0
3,3,0
48,48,0
3,5,2
1,2,1
2,2,0
2,2,0
9,9,0
2,2,0
1,24,23
2,2,0
2,4,2
2,2,0
9,10,1
2,2,0
1,1,0
2,3,1
2,2,0
3,3,0
8,18,10
2,2,0
3,23,20
2,2,0
3,3,0
3,5,2
4,4,0
5,10,5
2,35,33
3,9,6
9,9,0
2,2,0
2,13,11
8,8,0
2,2,0
1,2,1
2,16,14
2,25,23
0,0,0
2,2,0
2,2,0
9,14,5
45,48,3
2,2,0
2,2,0
3,5,2
2,2,0
2,9,7
1,2,1
5,5,0
3,7,4
4,4,0
3,3,0
3,3,0
7,39,32
9,10,1
2,2,0
2,2,0
2,2,0
2,2,0
3,3,0
24,87,63
23,23,0
9,9,0
3,5,2
3,5,2
9,9,0
2,2,0
0,0,0
2,6,4
0,0,0
2,2,0
2,2,0
2,2,0
2,4,2
2,2,0
3,9,6
2,3,1
1,1,0
11,11,0
11,11,0
2,16,14
2,2,0
2,2,0
2,2,0
4,4,0
2,16,14
2,2,0
2,2,0
2,2,0
5,5,0
2,6,4
2,2,0
8,8,0
3,3,0
3,5,2
2,2,0
2,2,0
3,5,2
3,6,3
2,2,0
3,5,2
3,6,3
2,2,0
3,7,4
2,2,0
0,0,0
9,9,0
3,5,2
7,10,3
406,417,11
3,3,0
3,3,0
3,5,2
2,2,0
3,6,3
2,4,2
2,2,0
4,4,0
1,1,0
15,17,2
2,6,4
2,5,3
6,7,1
2,2,0
2,4,2
8,8,0
2,2,0
2,2,0
9,9,0
2,6,4
3,5,2
3,8,5
2,2,0
2,4,2
2,2,0
2,2,0
2,5,3
23,23,0
2,2,0
2,2,0
6,8,2
3,3,0
3,3,0
11,11,0
10,10,0
2,2,0
2,4,2
2,2,0
3,5,2
2,2,0
2,2,0
1,1,0
1,1,0
2,2,0
2,4,2
2,2,0
2,2,0
3,9,6
2,2,0
3,3,0
1,3,2
2,2,0
4,6,2
2,2,0
2,2,0
3,11,8
2,6,4
23,23,0
2,2,0
2,2,0
2,2,0
2,2,0
51,51,0
3,4,1
6,6,0
66,74,8
2,2,0
0,0,0
2,2,0
4,4,0
56,56,0
3,3,0
4,4,0
3,3,0
3,3,0
3,5,2
2,2,0
2,10,8
3,3,0
100,100,0
1,2,1
3,4,1
0,0,0
1,1,0
11,11,0
2,2,0
2,5,3
2,80,78
0,0,0
8,8,0
2,4,2
19,19,0
1,1,0
8,8,0
3,3,0
3,3,0
3,5,2
2,2,0
2,116,114
9,9,0
1,25,24
2,105,103
2,8,6
2,2,0
3,3,0
10,15,5
42,42,0
2,2,0
2,2,0
2,3,1
2,2,0
1,2,1
0,0,0
1,3,2
2,2,0
2,2,0
2,4,2
11,13,2
3,3,0
2,2,0
1,2,1
2,2,0
0,0,0
3,5,2
6,6,0
11,11,0
2,3,1
2,2,0
2,90,88
3,3,0
6,6,0
2,6,4
3,19,16
4,4,0
5,5,0
1,1,0
3,3,0
2,2,0
1,2,1
2,2,0
2,2,0
5,5,0
2,173,171
2,3,1
3,9,6
2,2,0
0,0,0
2,11,9
2,2,0
2,2,0
3,5,2
9,18,9
2,2,0
1,1,0
98,103,5
3,6,3
3,12,9
1,8,7
3,5,2
6,10,4
2,2,0
2,2,0
3,3,0
2,2,0
2,4,2
2,2,0
8,8,0
3,3,0
2,2,0
2,2,0
2,2,0
4,4,0
3,3,0
3,9,6
7,7,0
2,2,0
2,5,3
3,3,0
22,22,0
7,7,0
2,2,0
2,2,0
94,94,0
3,5,2
2,2,0
52,156,104
2,2,0
2,2,0
0,0,0
141,173,32
3,5,2
2,2,0
3,7,4
3,3,0
2,2,0
1,1,0
3,5,2
3,3,0
2,4,2
2,2,0
3,3,0
2,2,0
3,3,0
2,2,0
2,6,4
2,2,0
3,3,0
2,2,0
2,2,0
2,8,6
6,12,6
2,5,3
3,5,2
2,2,0
2,23,21
2,2,0
2,2,0
2,82,80
1,2,1
2,2,0
3,3,0
2,2,0
3,3,0
11,11,0
2,2,0
2,2,0
3,5,2
2,2,0
6,6,0
2,2,0
3,7,4
2,2,0
3,3,0
2,2,0
2,6,4
2,2,0
1,2,1
2,2,0
11,11,0
2,2,0
8,8,0
98,109,11
1,25,24
2,2,0
41,82,41
3,3,0
2,2,0
1,28,27
2,2,0
99,99,0
8,8,0
2,2,0
1,29,28
2,2,0
1,1,0
6,6,0
1,1,0
2,2,0
2,3,1
2,2,0
1,4,3
6,6,0
2,2,0
2,2,0
2,2,0
1,1,0
3,5,2
8,8,0
3,9,6
50,50,0
3,3,0
8,8,0
1,6,5
2,4,2
2,2,0
4,32,28
2,2,0
3,5,2
2,4,2
2,22,20
3,7,4
2,18,16
9,9,0
0,0,0
2,2,0
2,2,0
3,3,0
2,2,0
2,2,0
2,2,0
147,147,0
3,15,12
2,2,0
2,8,6
2,2,0
62,62,0
1,1,0
2,2,0
3,5,2
3,7,4
1,3,2
2,2,0
5,5,0
4,34,30
5,5,0
3,3,0
2,2,0
3,3,0
37,112,75
27,28,1
2,2,0
2,4,2
100,104,4
2,2,0
8,8,0
2,2,0
2,2,0
3,4,1
10,12,2
53,54,1
2,80,78
2,2,0
1,22,21
2,2,0
3,3,0
1,44,43
3,3,0
3,8,5
5,8,3
2,2,0
20,31,11
2,2,0
2,2,0
2,8,6
2,2,0
0,0,0
2,2,0
2,2,0
2,12,10
2,2,0
3,3,0
2,7,5
2,4,2
2,2,0
0,0,0
2,2,0
2,2,0
1,1,0
2,2,0
9,9,0
1,6,5
3,3,0
1,1,0
2,2,0
1,2,1
2,25,23
2,4,2
3,3,0
2,18,16
3,7,4
0,0,0
2,2,0
3,8,5
13,13,0
2,2,0
6,8,2
2,6,4
2,2,0
2,2,0
5,5,0
8,8,0
3,3,0
100,100,0
1,1,0
3,3,0
2,2,0
2,4,2
3,3,0
1,4,3
19,19,0
2,2,0
3,3,0
3,5,2
7,7,0
2,2,0
2,2,0
2,2,0
3,7,4
2,2,0
6,8,2
2,3,1
3,5,2
2,4,2
54,54,0
3,3,0
6,35,29
2,2,0
21,22,1
3,8,5
2,15,13
2,2,0
10,10,0
2,2,0
43,43,0
2,2,0
3,4,1
2,7,5
2,5,3
1,2,1
2,80,78
3,7,4
2,4,2
6,6,0
2,4,2
0,0,0
2,4,2
2,2,0
2,6,4
2,2,0
2,2,0
2,2,0
2,2,0
2,6,4
2,2,0
1,1,0
3,9,6
0,0,0
2,2,0
3,8,5
2,4,2
3,5,2
2,2,0
2,2,0
3,3,0
2,2,0
2,2,0
8,53,45
2,2,0
3,3,0
2,2,0
5,5,0
2,6,4
2,2,0
2,4,2
4,4,0
3,5,2
3,3,0
2,4,2
2,6,4
4,7,3
2,4,2
12,14,2
3,3,0
2,59,57
2,6,4
1,32,31
3,4,1
1,1,0
0,0,0
3,3,0
2,2,0
2,2,0
3,3,0
1,1,0
0,0,0
43,45,2
0,0,0
3,8,5
14,14,0
3,3,0
1,1,0
2,4,2
8,8,0
3,5,2
2,2,0
1,1,0
3,5,2
9,9,0
9,9,0
16,19,3
3,3,0
8,8,0
2,2,0
2,2,0
3,7,4
5,5,0
1,1,0
2,2,0
3,25,22
2,2,0
6,6,0
2,2,0
2,8,6
3,11,8
15,15,0
2,2,0
2,2,0
6,6,0
1,1,0
2,2,0
2,2,0
3,18,15
3,5,2
2,2,0
2,2,0
3,15,12
2,2,0
2,3,1
72,72,0
3,3,0
3,3,0
3,6,3
2,2,0
3,3,0
3,3,0
2,4,2
11,11,0
1,1,0
2,2,0
2,2,0
4,4,0
2,2,0
406,406,0
30,30,0
2,2,0
2,3,1
2,6,4
2,2,0
3,3,0
1,6,5
2,2,0
3,4,1
2,2,0
2,3,1
2,9,7
3,4,1
0,0,0
6,6,0
2,4,2
2,2,0
2,2,0
5,13,8
1,1,0
2,2,0
2,2,0
0,0,0
2,4,2
2,2,0
2,2,0
2,2,0
2,2,0
2,8,6
3,3,0
3,3,0
3,9,6
1,2,1
27,27,0
2,6,4
101,101,0
1,22,21
2,3,1
2,2,0
1,6,5
51,51,0
3,3,0
3,5,2
3,3,0
1,2,1
2,4,2
2,6,4
3,3,0
3,5,2
2,2,0
3,19,16
2,75,73
2,2,0
3,3,0
11,11,0
2,2,0
3,7,4
19,19,0
2,4,2
9,9,0
3,9,6
2,2,0
10,10,0
5,5,0
3,9,6
2,3,1
2,2,0
3,5,2
2,4,2
2,2,0
3,3,0
0,0,0
9,9,0
3,5,2
49,51,2
16,16,0
9,9,0
2,2,0
3,5,2
3,7,4
1,1,0
2,6,4
2,2,0
3,12,9
2,2,0
3,3,0
2,4,2
2,2,0
2,8,6
2,2,0
2,2,0
1,2,1
2,2,0
1,1,0
1,22,21
0,0,0
1,23,22
26,27,1
2,3,1
6,6,0
1,1,0
9,9,0
3,9,6
2,2,0
3,5,2
2,2,0
2,3,1
3,5,2
2,2,0
2,2,0
2,2,0
0,0,0
2,2,0
3,3,0
8,8,0
2,4,2
3,3,0
3,5,2
11,11,0
83,96,13
2,2,0
5,5,0
10,10,0
22,22,0
100,104,4
1,1,0
2,2,0
2,6,4
96,174,78
2,2,0
9,18,9
3,3,0
8,8,0
3,6,3
3,5,2
0,0,0
2,2,0
2,82,80
3,30,27
1,4,3
2,2,0
1,1,0
4,4,0
2,2,0
11,11,0
2,2,0
2,2,0
0,0,0
1,1,0
2,2,0
0,0,0
3,5,2
2,8,6
2,2,0
2,2,0
2,2,0
2,2,0
3,5,2
2,4,2
2,2,0
3,3,0
2,2,0
2,2,0
3,9,6
2,2,0
6,6,0
2,2,0
3,7,4
2,2,0
3,5,2
2,4,2
3,15,12
72,121,49
2,2,0
3,3,0
1,12,11
3,29,26
2,2,0
2,2,0
1,1,0
0,0,0
2,4,2
2,2,0
2,4,2
2,3,1
2,2,0
2,2,0
2,5,3
2,2,0
3,3,0
2,2,0
5,8,3
3,6,3
2,10,8
3,3,0
2,2,0
2,2,0
2,4,2
3,3,0
9,9,0
2,2,0
1,1,0
2,2,0
3,3,0
2,2,0
3,3,0
2,2,0
0,0,0
2,7,5
2,2,0
9,9,0
3,3,0
2,32,30
7,13,6
1,1,0
2,2,0
2,2,0
14,14,0
2,2,0
3,3,0
3,5,2
2,2,0
2,2,0
116,116,0
3,3,0
2,2,0
2,7,5
2,2,0
2,2,0
2,6,4
2,2,0
3,7,4
2,2,0
2,2,0
2,2,0
2,2,0
2,4,2
3,10,7
8,8,0
2,2,0
2,2,0
2,2,0
2,3,1
1,1,0
1,24,23
3,5,2
2,2,0
2,6,4
3,11,8
2,2,0
2,4,2
2,2,0
2,2,0
2,3,1
24,26,2
10,10,0
1,1,0
2,2,0
2,4,2
3,3,0
4,4,0
2,13,11
21,21,0
10,13,3
3,5,2
30,30,0
2,2,0
2,2,0
2,3,1
2,5,3
6,6,0
3,3,0
3,3,0
1,1,0
2,4,2
7,16,9
2,2,0
1,1,0
2,2,0
2,2,0
2,80,78
1,3,2
2,2,0
2,2,0
2,2,0
2,2,0
3,5,2
2,2,0
2,2,0
6,6,0
3,7,4
2,7,5
14,20,6
123,123,0
2,3,1
2,4,2
3,9,6
1,1,0
2,2,0
2,6,4
2,4,2
3,20,17
3,3,0
0,0,0
4,4,0
8,11,3
4,4,0
3,5,2
8,8,0
2,2,0
2,2,0
2,2,0
3,7,4
11,11,0
2,2,0
2,35,33
1,34,33
3,5,2
2,3,1
9,9,0
2,2,0
1,26,25
2,8,6
2,2,0
2,2,0
2,2,0
1,1,0
3,11,8
10,10,0
2,2,0
3,3,0
30,30,0
4,51,47
2,2,0
2,28,26
2,2,0
2,2,0
2,2,0
2,2,0
1,28,27
0,0,0
20,20,0
9,9,0
3,3,0
2,4,2
2,2,0
3,8,5
3,3,0
2,2,0
2,3,1
2,4,2
26,27,1
3,5,2
2,2,0
1,2,1
3,3,0
2,8,6
3,3,0
3,3,0
9,9,0
2,2,0
2,2,0
3,3,0
2,6,4
2,2,0
2,4,2
3,4,1
8,10,2
5,6,1
2,2,0
3,3,0
3,3,0
1,1,0
1,2,1
8,8,0
3,3,0
3,3,0
2,2,0
3,4,1
4,6,2
2,2,0
2,2,0
5,8,3
2,2,0
2,6,4
3,3,0
18,22,4
2,2,0
2,2,0
2,2,0
3,3,0
2,2,0
2,2,0
2,4,2
3,9,6
1,4,3
3,10,7
9,9,0
8,8,0
3,7,4
3,3,0
2,4,2
1,22,21
3,3,0
3,6,3
15,15,0
2,4,2
2,2,0
2,3,1
3,5,2
2,2,0
2,6,4
2,6,4
3,7,4
23,23,0
2,4,2
2,2,0
2,2,0
1,2,1
2,2,0
2,2,0
4,13,9
3,3,0
3,5,2
2,5,3
2,2,0
18,33,15
3,5,2
2,2,0
2,2,0
8,8,0
2,2,0
3,5,2
3,5,2
2,17,15
2,2,0
3,6,3
2,2,0
2,2,0
2,25,23
2,2,0
2,2,0
3,3,0
3,5,2
3,12,9
2,7,5
1,2,1
1,1,0
2,4,2
2,2,0
2,2,0
2,2,0
4,4,0
2,2,0
3,4,1
3,5,2
3,17,14
3,3,0
8,8,0
3,5,2
2,6,4
1,5,4
2,2,0
1,3,2
2,2,0
2,2,0
20,28,8
10,10,0
8,8,0
2,2,0
1,1,0
75,75,0
2,2,0
2,2,0
3,5,2
2,4,2
20,20,0
1,1,0
3,3,0
2,2,0
6,6,0
2,2,0
8,8,0
3,9,6
22,22,0
2,3,1
2,6,4
1,2,1
8,8,0
2,2,0
3,10,7
1,1,0
1,3,2
3,7,4
0,0,0
2,2,0
0,0,0
2,2,0
2,2,0
2,2,0
3,22,19
3,3,0
2,4,2
2,6,4
2,2,0
2,2,0
2,2,0
12,12,0
3,3,0
3,7,4
1,2,1
1,2,1
3,8,5
3,3,0
2,7,5
1,22,21
2,6,4
20,20,0
2,2,0
15,15,0
9,9,0
2,2,0
2,2,0
3,3,0
3,3,0
2,2,0
2,3,1
3,3,0
3,3,0
1,2,1
3,3,0
1,4,3
5,15,10
9,9,0
3,4,1
3,3,0
2,2,0
1,1,0
2,3,1
3,3,0
2,2,0
2,2,0
1,1,0
2,2,0
2,4,2
2,2,0
2,2,0
2,10,8
2,4,2
2,2,0
8,16,8
9,9,0
4,4,0
2,2,0
2,2,0
0,0,0
2,2,0
3,3,0
2,2,0
3,3,0
2,80,78
2,2,0
2,6,4
2,2,0
2,2,0
1,3,2
2,5,3
2,2,0
2,2,0
2,2,0
5,32,27
2,2,0
8,10,2
3,5,2
2,12,10
42,50,8
24,24,0
12,12,0
2,2,0
2,2,0
3,3,0
1,9,8
4,4,0
8,8,0
2,45,43
1,1,0
4,4,0
7,7,0
2,2,0
3,7,4
2,2,0
2,80,78
1,1,0
2,2,0
2,2,0
2,2,0
2,2,0
3,3,0
9,9,0
2,4,2
3,5,2
8,8,0
3,18,15
0,0,0
3,7,4
8,8,0
2,2,0
3,4,1
2,2,0
3,11,8
3,3,0
2,7,5
2,2,0
10,10,0
1,17,16
3,3,0
2,2,0
2,2,0
3,5,2
3,3,0
3,7,4
1,1,0
1,1,0
2,2,0
2,2,0
1,1,0
3,5,2
3,6,3
1,4,3
3,3,0
3,3,0
2,4,2
2,80,78
3,3,0
2,2,0
3,5,2
3,3,0
3,5,2
2,2,0
4,4,0
2,10,8
11,11,0
2,2,0
2,6,4
3,13,10
0,0,0
3,5,2
3,5,2
2,2,0
2,2,0
26,26,0
9,9,0
51,51,0
45,45,0
9,9,0
1,1,0
9,9,0
3,3,0
2,3,1
2,2,0
16,16,0
2,2,0
2,4,2
2,2,0
2,2,0
3,9,6
2,2,0
10,13,3
20,20,0
1,8,7
17,17,0
2,2,0
9,9,0
2,2,0
2,2,0
1,2,1
2,2,0
2,2,0
1,1,0
2,2,0
2,2,0
3,7,4
2,2,0
2,7,5
2,2,0
2,25,23
2,8,6
2,2,0
4,26,22
3,9,6
3,3,0
1,2,1
2,2,0
2,2,0
2,2,0
8,8,0
9,20,11
3,7,4
1,24,23
2,5,3
11,11,0
2,2,0
3,9,6
2,2,0
120,120,0
100,104,4
3,6,3
2,3,1
2,3,1
3,8,5
2,2,0
2,10,8
1,1,0
2,4,2
51,51,0
2,2,0
2,2,0
3,3,0
3,3,0
2,2,0
7,14,7
10,14,4
24,25,1
1,5,4
2,2,0
2,2,0
2,6,4
2,4,2
2,2,0
8,18,10
2,2,0
2,2,0
1,1,0
2,6,4
1,2,1
22,22,0
3,83,80
0,0,0
3,7,4
2,11,9
2,3,1
11,11,0
3,3,0
2,2,0
2,4,2
2,2,0
3,9,6
9,9,0
42,42,0
3,8,5
2,2,0
2,2,0
11,11,0
1,1,0
2,5,3
6,6,0
1,1,0
2,2,0
41,42,1
8,8,0
2,2,0
2,2,0
3,72,69
3,3,0
2,4,2
2,2,0
2,2,0
8,8,0
7,7,0
2,2,0
8,8,0
2,2,0
3,3,0
10,10,0
1,27,26
0,0,0
2,2,0
2,2,0
2,43,41
3,3,0
2,2,0
3,3,0
53,61,8
38,38,0
21,21,0
2,2,0
2,2,0
5,5,0
3,3,0
3,3,0
25,25,0
1,1,0
2,2,0
2,2,0
1,1,0
3,3,0
2,2,0
0,0,0
1,7,6
4,8,4
0,0,0
9,9,0
1,3,2
2,2,0
2,2,0
32,32,0
1,2,1
2,16,14
3,3,0
3,6,3
1,3,2
2,2,0
3,3,0
2,2,0
2,2,0
3,7,4
3,3,0
2,2,0
41,41,0
2,2,0
2,2,0
2,2,0
2,2,0
2,2,0
3,3,0
6,6,0
2,4,2
9,9,0
2,5,3
4,4,0
1,4,3
2,4,2
9,9,0
2,2,0
2,2,0
2,2,0
2,2,0
3,30,27
3,5,2
0,0,0
2,3,1
2,4,2
2,4,2
9,9,0
43,43,0
4,4,0
3,6,3
2,6,4
2,2,0
3,7,4
2,4,2
2,2,0
2,4,2
51,51,0
3,3,0
8,8,0
2,3,1
2,23,21
3,3,0
1,2,1
3,3,0
2,2,0
2,2,0
13,13,0
1,1,0
2,2,0
2,10,8
2,2,0
3,3,0
3,3,0
2,2,0
6,6,0
2,4,2
100,100,0
0,0,0
2,2,0
2,2,0
2,2,0
2,2,0
3,5,2
3,3,0
2,5,3
3,3,0
100,104,4
3,5,2
100,104,4
2,2,0
3,3,0
2,2,0
2,2,0
1,2,1
2,4,2
1,3,2
2,2,0
3,3,0
2,4,2
2,2,0
24,35,11
2,2,0
2,2,0
2,2,0
2,5,3
3,25,22
2,4,2
2,4,2
2,2,0
2,2,0
3,10,7
2,2,0
8,8,0
2,2,0
4,4,0
2,4,2
2,2,0
2,62,60
2,2,0
2,16,14
1,1,0
3,3,0
1,1,0
2,2,0
4,84,80
2,2,0
1,1,0
3,3,0
2,2,0
2,2,0
2,2,0
2,4,2
2,2,0
8,8,0
2,4,2
2,2,0
26,26,0
11,11,0
2,2,0
60,121,61
2,2,0
88,88,0
2,4,2
3,20,17
2,2,0
1,13,12
2,2,0
9,9,0
3,3,0
2,2,0
5,5,0
3,3,0
1,2,1
2,2,0
2,2,0
2,2,0
3,7,4
2,2,0
3,7,4
3,3,0
8,19,11
1,5,4
2,2,0
3,9,6
3,3,0
3,91,88
20,20,0
2,2,0
1,1,0
2,3,1
2,3,1
2,4,2
1,52,51
2,2,0
8,8,0
2,4,2
2,5,3
3,3,0
2,2,0
2,2,0
3,33,30
9,9,0
2,2,0
8,8,0
2,2,0
3,3,0
2,13,11
3,5,2
2,2,0
1,29,28
2,2,0
2,2,0
9,11,2
8,8,0
11,11,0
2,2,0
2,4,2
2,2,0
2,9,7
2,2,0
32,32,0
2,2,0
1,21,20
18,96,78
6,8,2
3,3,0
2,2,0
2,2,0
44,44,0
5,8,3
2,2,0
3,7,4
0,0,0
2,2,0
3,3,0
2,2,0
2,2,0
2,2,0
3,5,2
1,22,21
3,3,0
90,91,1
7,7,0
3,3,0
2,13,11
2,3,1
3,3,0
3,3,0
3,5,2
2,2,0
3,3,0
3,3,0
2,13,11
2,2,0
20,40,20
2,2,0
28,28,0
2,2,0
2,2,0
100,100,0
2,2,0
2,2,0
3,3,0
2,10,8
3,3,0
3,7,4
2,4,2
2,12,10
2,4,2
3,9,6
2,2,0
2,2,0
2,2,0
2,2,0
2,2,0
3,5,2
1,1,0
3,3,0
3,5,2
2,84,82
4,7,3
1,1,0
2,5,3
2,2,0
2,2,0
3,3,0
2,4,2
2,2,0
7,7,0
3,3,0
2,4,2
8,34,26
6,6,0
6,6,0
3,3,0
2,2,0
0,0,0
2,4,2
2,2,0
2,2,0
2,2,0
3,6,3
13,13,0
2,2,0
10,15,5
11,11,0
1,4,3
2,2,0
3,3,0
3,22,19
0,0,0
2,2,0
2,6,4
3,3,0
2,2,0
2,4,2
2,2,0
7,7,0
3,3,0
3,3,0
2,2,0
2,2,0
3,3,0
8,16,8
6,6,0
3,9,6
2,2,0
3,7,4
6,6,0
2,2,0
3,8,5
2,2,0
14,14,0
3,3,0
2,2,0
2,4,2
4,5,1
2,2,0
3,5,2
1,28,27
2,2,0
9,9,0
0,0,0
3,9,6
2,5,3
3,7,4
2,2,0
1,1,0
2,2,0
2,2,0
1,4,3
3,5,2
2,4,2
2,2,0
2,45,43
2,2,0
2,3,1
3,3,0
5,8,3
10,10,0
2,2,0
87,87,0
2,39,37
3,3,0
9,9,0
2,2,0
9,9,0
1,2,1
2,2,0
0,0,0
3,4,1
3,6,3
9,9,0
3,3,0
3,3,0
2,2,0
2,5,3
18,20,2
2,2,0
2,2,0
2,2,0
2,2,0
2,3,1
2,2,0
2,2,0
2,2,0
9,15,6
11,11,0
1,4,3
3,3,0
8,8,0
2,2,0
0,0,0
2,4,2
2,2,0
2,2,0
2,2,0
3,3,0
2,2,0
13,13,0
2,2,0
1,4,3
6,6,0
2,2,0
2,2,0
2,2,0
2,2,0
2,22,20
2,2,0
1,1,0
2,2,0
2,2,0
3,6,3
3,6,3
11,11,0
3,3,0
89,91,2
2,3,1
3,3,0
2,5,3
1,1,0
0,0,0
2,2,0
8,8,0
1,3,2
1,2,1
2,9,7
72,113,41
3,3,0
3,8,5
1,2,1
3,5,2
2,2,0
3,5,2
2,2,0
2,10,8
3,7,4
1,2,1
1,3,2
2,3,1
2,5,3
2,2,0
3,3,0
3,6,3
1,5,4
2,2,0
3,3,0
2,2,0
3,4,1
3,6,3
4,10,6
3,3,0
2,30,28
4,4,0
4,4,0
3,3,0
2,2,0
11,11,0
5,5,0
2,2,0
3,3,0
1,2,1
2,2,0
2,7,5
4,10,6
3,5,2
2,2,0
1,1,0
2,2,0
1,1,0
0,0,0
0,0,0
2,2,0
2,2,0
3,7,4
2,6,4
3,3,0
2,2,0
1,1,0
3,3,0
1,1,0
3,9,6
3,3,0
2,2,0
3,6,3
2,6,4
2,2,0
3,7,4
2,9,7
1,1,0
20,20,0
1,2,1
3,8,5
1,11,10
3,3,0
2,2,0
2,2,0
2,2,0
2,2,0
2,4,2
3,16,13
2,2,0
2,2,0
2,8,6
82,82,0
2,2,0
2,2,0
2,17,15
2,6,4
0,0,0
1,1,0
1,2,1
3,3,0
3,4,1
0,0,0
3,8,5
1,1,0
2,2,0
2,2,0
1,5,4
2,2,0
2,2,0
2,2,0
3,12,9
2,2,0
1,2,1
3,3,0
2,2,0
2,2,0
3,3,0
2,2,0
3,3,0
2,8,6
2,4,2
0,0,0
2,2,0
2,2,0
2,2,0
4,73,69
3,5,2
0,0,0
3,16,13
84,84,0
2,2,0
2,2,0
2,2,0
1,34,33
2,2,0
8,8,0
2,2,0
2,2,0
2,2,0
2,2,0
3,3,0
3,5,2
3,3,0
2,2,0
2,2,0
3,7,4
2,2,0
3,47,44
2,2,0
3,15,12
1,1,0
0,0,0
1,1,0
2,3,1
3,3,0
2,2,0
2,2,0
2,2,0
5,5,0
3,3,0
2,2,0
3,81,78
2,4,2
3,3,0
5,5,0
2,4,2
5,5,0
3,5,2
8,8,0
2,2,0
3,23,20
1,1,0
2,2,0
1,11,10
28,28,0
20,20,0
13,15,2
2,2,0
2,2,0
4,4,0
62,62,0
2,2,0
2,2,0
2,4,2
1,2,1
2,2,0
3,19,16
2,2,0
15,15,0
2,2,0
3,3,0
3,5,2
2,2,0
3,3,0
0,0,0
3,6,3
2,2,0
2,2,0
2,2,0
3,3,0
2,2,0
8,8,0
7,7,0
0,0,0
3,5,2
3,8,5
2,2,0
1,5,4
1,26,25
3,3,0
5,5,0
2,4,2
10,10,0
1,5,4
2,2,0
3,7,4
2,2,0
2,2,0
2,2,0
0,0,0
2,4,2
2,2,0
4,4,0
1,1,0
2,2,0
2,2,0
3,3,0
0,0,0
3,3,0
2,2,0
17,17,0
3,3,0
1,1,0
3,5,2
2,2,0
3,5,2
2,2,0
9,9,0
2,2,0
2,2,0
1,5,4
7,7,0
1,2,1
20,20,0
3,7,4
3,5,2
2,2,0
3,3,0
2,2,0
2,6,4
2,3,1
1,2,1
3,3,0
8,8,0
2,2,0
2,2,0
15,15,0
2,2,0
0,0,0
1,1,0
1,1,0
2,2,0
1,23,22
12,12,0
3,5,2
2,2,0
3,9,6
2,6,4
2,2,0
3,4,1
2,2,0
2,2,0
1,7,6
3,7,4
3,3,0
2,7,5
2,82,80
20,30,10
2,2,0
1,1,0
3,3,0
7,7,0
81,81,0
4,4,0
3,5,2
2,2,0
2,2,0
2,2,0
3,3,0
2,2,0
1,2,1
8,8,0
4,4,0
1,2,1
8,8,0
8,8,0
2,25,23
51,75,24
1,2,1
7,7,0
2,2,0
0,0,0
2,2,0
0,0,0
2,2,0
3,5,2
4,4,0
1,4,3
13,21,8
3,5,2
2,5,3
2,2,0
2,2,0
2,2,0
2,2,0
2,2,0
2,2,0
2,55,53
3,3,0
3,5,2
1,1,0
9,9,0
3,3,0
4,4,0
2,2,0
9,9,0
3,3,0
2,2,0
2,4,2
2,4,2
2,23,21
9,9,0
3,7,4
2,2,0
3,3,0
2,2,0
2,2,0
3,5,2
2,2,0
2,2,0
2,2,0
2,4,2
3,5,2
3,6,3
1,1,0
139,139,0
2,2,0
1,1,0
9,9,0
1,4,3
3,3,0
8,8,0
2,2,0
2,2,0
2,2,0
11,11,0
2,2,0
3,3,0
2,3,1
2,2,0
2,2,0
0,0,0
2,2,0
2,4,2
3,5,2
2,5,3
2,2,0
2,2,0
2,2,0
2,6,4
4,4,0
2,2,0
3,3,0
2,4,2
3,23,20
2,2,0
3,3,0
20,20,0
2,2,0
3,7,4
8,11,3
3,5,2
2,2,0
2,4,2
2,2,0
2,4,2
8,8,0
3,5,2
2,2,0
2,2,0
2,2,0
2,2,0
3,4,1
2,23,21
3,3,0
2,8,6
1,1,0
2,2,0
2,6,4
1,20,19
2,2,0
1,1,0
2,4,2
5,5,0
2,8,6
1,1,0
1,30,29
3,3,0
3,3,0
2,8,6
2,2,0
3,5,2
2,2,0
2,4,2
2,2,0
2,2,0
2,4,2
3,3,0
6,6,0
3,3,0
0,0,0
2,9,7
1,1,0
2,45,43
3,5,2
3,3,0
2,2,0
2,2,0
1,2,1
2,3,1
1,3,2
3,12,9
2,2,0
13,13,0
3,3,0
2,2,0
25,32,7
2,2,0
2,2,0
3,7,4
2,2,0
2,2,0
2,2,0
6,6,0
1,5,4
2,2,0
2,4,2
2,8,6
2,2,0
2,2,0
2,20,18
4,4,0
0,0,0
4,9,5
2,3,1
2,2,0
2,2,0
1,3,2
3,5,2
4,7,3
2,2,0
2,2,0
3,3,0
9,9,0
3,4,1
2,5,3
2,12,10
2,2,0
8,10,2
0,0,0
2,2,0
2,2,0
2,2,0
2,2,0
9,9,0
6,6,0
2,2,0
10,10,0
2,2,0
3,3,0
1,1,0
2,6,4
1,4,3
2,2,0
2,2,0
2,4,2
8,8,0
1,1,0
3,5,2
0,0,0
0,0,0
2,2,0
3,5,2
17,19,2
8,8,0
3,3,0
10,10,0
10,10,0
18,20,2
2,2,0
2,3,1
2,8,6
2,2,0
2,3,1
2,2,0
3,6,3
6,6,0
3,5,2
0,0,0
2,2,0
3,3,0
2,2,0
3,16,13
3,3,0
26,26,0
1,2,1
2,2,0
2,2,0
6,6,0
0,0,0
3,5,2
3,6,3
2,2,0
2,2,0
2,2,0
9,12,3
5,5,0
1,1,0
2,2,0
6,6,0
3,3,0
3,3,0
3,9,6
2,24,22
3,10,7
2,2,0
2,5,3
6,6,0
2,2,0
9,9,0
2,2,0
2,3,1
5,5,0
1,1,0
2,2,0
7,16,9
1,2,1
2,4,2
2,2,0
131,271,140
2,2,0
2,2,0
2,2,0
6,6,0
2,2,0
2,2,0
4,4,0
2,2,0
3,3,0
7,19,12
3,7,4
2,2,0
2,46,44
2,2,0
1,1,0
3,3,0
2,2,0
1,23,22
2,2,0
4,4,0
2,2,0
2,2,0
1,6,5
1,1,0
2,2,0
2,2,0
2,2,0
4,4,0
9,9,0
1,2,1
2,8,6
51,51,0
1,3,2
3,7,4
3,3,0
2,4,2
2,2,0
2,2,0
4,6,2
2,3,1
2,4,2
3,4,1
2,2,0
2,2,0
2,2,0
4,4,0
2,8,6
2,2,0
2,3,1
2,172,170
3,3,0
1,1,0
2,2,0
3,5,2
3,8,5
2,2,0
1,10,9
1,2,1
2,2,0
20,25,5
3,3,0
2,2,0
3,3,0
2,12,10
90,90,0
3,3,0
2,4,2
2,2,0
3,7,4
2,4,2
1,2,1
3,3,0
2,4,2
1,1,0
2,4,2
1,2,1
9,9,0
9,9,0
15,15,0
39,78,39
2,2,0
2,3,1
1,1,0
2,8,6
2,2,0
2,8,6
2,16,14
9,9,0
3,3,0
2,2,0
349,366,17
8,8,0
8,8,0
34,55,21
1,2,1
0,0,0
1,1,0
2,2,0
0,0,0
2,4,2
2,2,0
0,0,0
2,8,6
1,1,0
3,3,0
3,3,0
2,2,0
3,5,2
1,1,0
1,1,0
2,2,0
2,2,0
8,8,0
1,1,0
0,0,0
2,3,1
2,2,0
2,2,0
2,2,0
2,2,0
2,2,0
3,3,0
8,8,0
8,8,0
4,4,0
3,3,0
1,1,0
3,3,0
7,7,0
8,8,0
9,9,0
2,2,0
3,3,0
87,101,14
2,55,53
3,3,0
2,2,0
1,44,43
1,1,0
1,64,63
2,2,0
3,8,5
3,3,0
12,12,0
2,2,0
3,3,0
2,3,1
2,2,0
2,2,0
3,3,0
3,3,0
3,3,0
2,4,2
51,51,0
0,0,0
2,2,0
2,2,0
1,1,0
2,2,0
0,0,0
2,2,0
8,8,0
1,3,2
52,167,115
8,8,0
2,2,0
2,2,0
9,9,0
2,2,0
2,16,14
2,2,0
3,3,0
1,2,1
3,5,2
7,7,0
2,2,0
2,2,0
2,2,0
2,13,11
2,2,0
1,3,2
4,4,0
3,3,0
3,3,0
2,2,0
0,0,0
1,1,0
2,48,46
0,0,0
0,0,0
2,2,0
2,2,0
3,8,5
2,5,3
8,10,2
8,8,0
6,6,0
2,2,0
1,1,0
0,0,0
2,2,0
1,1,0
2,2,0
2,2,0
2,2,0
0,0,0
2,3,1
3,19,16
2,24,22
9,9,0
2,3,1
2,3,1
4,4,0
2,13,11
3,3,0
2,2,0
1,1,0
3,14,11
5,5,0
1,1,0
3,5,2
9,9,0
2,2,0
0,0,0
3,3,0
2,2,0
3,3,0
2,2,0
2,2,0
3,3,0
2,2,0
8,8,0
3,3,0
1,4,3
6,6,0
2,2,0
8,8,0
1,2,1
2,4,2
4,4,0
2,2,0
3,3,0
3,3,0
11,11,0
2,2,0
3,7,4
2,2,0
82,82,0
8,8,0
2,8,6
1,6,5
2,6,4
2,2,0
2,2,0
0,0,0
3,10,7
2,4,2
1,9,8
2,2,0
1,1,0
2,2,0
3,8,5
3,12,9
8,8,0
2,15,13
2,2,0
2,6,4
2,2,0
1,1,0
0,0,0
1,9,8
3,7,4
3,3,0
2,2,0
0,0,0
9,25,16
2,6,4
0,0,0
1,3,2
3,3,0
2,2,0
0,0,0
2,2,0
2,2,0
3,3,0
3,8,5
2,2,0
1,79,78
2,2,0
2,6,4
8,8,0
2,2,0
2,2,0
18,18,0
3,3,0
2,2,0
2,2,0
2,2,0
3,11,8
2,2,0
1,2,1
1,3,2
3,3,0
3,5,2
3,3,0
1,9,8
2,2,0
2,2,0
2,2,0
3,3,0
32,32,0
8,8,0
2,4,2
2,2,0
2,6,4
2,2,0
3,5,2
3,3,0
2,97,95
2,2,0
8,8,0
2,2,0
3,3,0
3,4,1
1,1,0
8,8,0
47,47,0
2,2,0
3,3,0
2,2,0
2,2,0
2,2,0
3,6,3
3,3,0
9,9,0
2,4,2
6,6,0
2,2,0
0,0,0
2,2,0
2,2,0
3,3,0
93,281,188
1,63,62
2,3,1
3,4,1
2,2,0
2,2,0
3,3,0
15,15,0
2,2,0
1,1,0
0,0,0
3,3,0
2,2,0
2,2,0
2,2,0
3,3,0
1,1,0
12,12,0
37,37,0
2,4,2
2,3,1
2,2,0
3,6,3
2,6,4
8,16,8
8,8,0
1,8,7
2,2,0
2,2,0
3,3,0
2,2,0
2,2,0
2,2,0
2,2,0
4,10,6
2,4,2
3,5,2
2,3,1
2,2,0
8,8,0
2,5,3
1,1,0
2,2,0
2,2,0
1,2,1
2,2,0
2,2,0
2,2,0
2,2,0
2,69,67
3,6,3
3,5,2
3,4,1
4,4,0
5,5,0
1,1,0
9,9,0
0,0,0
2,2,0
3,3,0
2,5,3
2,4,2
0,0,0
3,20,17
3,5,2
2,2,0
3,5,2
2,2,0
2,3,1
3,3,0
1,1,0
2,4,2
2,6,4
3,5,2
2,2,0
3,3,0
2,2,0
1,5,4
11,11,0
8,8,0
4,10,6
4,4,0
2,2,0
2,2,0
2,2,0
2,2,0
9,9,0
4,4,0
2,3,1
2,2,0
2,9,7
3,3,0
3,9,6
1,7,6
2,2,0
2,2,0
3,3,0
2,2,0
2,2,0
2,2,0
2,13,11
2,2,0
2,2,0
2,6,4
1,2,1
2,2,0
2,4,2
2,2,0
3,18,15
3,3,0
3,11,8
9,9,0
2,2,0
4,5,1
3,3,0
2,16,14
2,2,0
46,47,1
2,3,1
3,3,0
0,0,0
4,4,0
2,2,0
3,6,3
8,8,0
2,3,1
2,2,0
2,2,0
2,2,0
0,0,0
10,13,3
2,2,0
3,3,0
5,5,0
0,0,0
2,2,0
1,20,19
3,3,0
11,56,45
8,8,0
51,51,0
2,4,2
2,3,1
2,12,10
2,2,0
2,2,0
2,2,0
3,3,0
6,6,0
3,3,0
2,2,0
2,2,0
3,5,2
2,2,0
2,2,0
2,2,0
2,6,4
2,2,0
2,14,12
3,3,0
9,9,0
1,2,1
2,2,0
3,3,0
2,4,2
2,4,2
3,5,2
3,3,0
3,5,2
2,6,4
2,2,0
1,2,1
1,1,0
2,2,0
3,7,4
3,3,0
1,1,0
3,3,0
0,0,0
2,2,0
3,7,4
0,0,0
1,1,0
3,3,0
1,9,8
2,2,0
3,5,2
1,2,1
2,2,0
2,2,0
9,9,0
6,6,0
0,0,0
2,2,0
2,5,3
2,2,0
3,5,2
9,9,0
8,8,0
1,1,0
2,2,0
3,3,0
3,3,0
2,2,0
22,58,36
2,4,2
2,2,0
2,5,3
2,2,0
3,3,0
3,3,0
3,3,0
2,3,1
3,23,20
2,2,0
2,2,0
2,6,4
3,5,2
2,2,0
2,8,6
6,37,31
3,3,0
2,2,0
1,2,1
8,8,0
2,2,0
2,2,0
3,7,4
2,6,4
2,2,0
2,2,0
3,3,0
16,18,2
1,1,0
3,5,2
2,4,2
2,2,0
2,2,0
2,2,0
0,0,0
3,3,0
2,2,0
2,95,93
3,3,0
2,2,0
2,2,0
3,3,0
26,27,1
3,4,1
2,2,0
23,28,5
11,22,11
2,2,0
1,1,0
2,2,0
4,4,0
1,2,1
2,2,0
2,48,46
2,2,0
2,2,0
1,2,1
2,23,21
3,3,0
2,3,1
2,2,0
7,14,7
3,10,7
2,2,0
2,2,0
2,2,0
3,3,0
2,2,0
2,2,0
2,5,3
1,29,28
2,2,0
2,10,8
1,2,1
2,4,2
4,4,0
2,2,0
2,2,0
3,3,0
1,8,7
3,3,0
2,2,0
3,3,0
9,9,0
2,2,0
8,9,1
3,32,29
2,2,0
2,2,0
3,3,0
1,2,1
2,2,0
2,2,0
3,7,4
3,5,2
3,7,4
2,2,0
4,4,0
9,9,0
3,3,0
1,2,1
3,3,0
2,80,78
3,7,4
0,0,0
2,4,2
2,11,9
3,8,5
1,2,1
2,4,2
2,2,0
1,1,0
51,51,0
2,2,0
4,4,0
1,1,0
2,11,9
78,78,0
1,28,27
1,1,0
6,8,2
2,2,0
2,2,0
3,5,2
0,0,0
4,4,0
3,13,10
2,2,0
1,1,0
3,3,0
1,2,1
4,5,1
2,2,0
2,2,0
2,2,0
2,12,10
0,0,0
2,3,1
2,2,0
2,4,2
1,2,1
2,2,0
3,3,0
2,2,0
10,14,4
1,1,0
2,2,0
1,3,2
2,10,8
0,0,0
12,12,0
3,3,0
8,8,0
2,5,3
2,2,0
2,2,0
1,1,0
2,2,0
2,2,0
2,2,0
3,3,0
8,8,0
2,2,0
8,8,0
2,2,0
2,2,0
6,6,0
9,9,0
3,3,0
3,3,0
5,5,0
6,6,0
3,3,0
2,2,0
2,2,0
2,2,0
3,23,20
2,2,0
2,8,6
14,14,0
3,5,2
2,4,2
2,2,0
2,4,2
1,2,1
1,2,1
2,2,0
2,4,2
1,1,0
2,3,1
3,3,0
3,3,0
3,3,0
1,2,1
4,8,4
97,173,76
3,7,4
3,3,0
3,14,11
3,3,0
2,4,2
9,9,0
2,2,0
2,2,0
3,80,77
2,2,0
2,4,2
22,22,0
2,2,0
3,3,0
2,2,0
3,3,0
2,10,8
2,5,3
2,2,0
2,2,0
4,4,0
9,9,0
2,2,0
9,9,0
2,6,4
2,2,0
2,2,0
1,2,1
1,24,23
40,40,0
2,2,0
3,3,0
2,2,0
2,2,0
51,51,0
3,5,2
3,3,0
1,5,4
3,3,0
2,2,0
8,8,0
4,4,0
2,2,0
9,9,0
0,0,0
2,4,2
2,2,0
2,14,12
4,4,0
2,2,0
2,2,0
2,2,0
2,2,0
2,7,5
6,6,0
2,2,0
6,6,0
3,8,5
2,2,0
3,5,2
2,2,0
8,8,0
3,3,0
2,2,0
1,1,0
2,2,0
2,2,0
2,2,0
3,3,0
0,0,0
2,10,8
2,2,0
2,2,0
2,2,0
2,8,6
3,5,2
2,2,0
8,8,0
2,2,0
2,4,2
2,5,3
2,2,0
1,1,0
3,3,0
1,5,4
3,3,0
4,4,0
9,9,0
2,2,0
2,2,0
4,4,0
3,19,16
2,4,2
2,2,0
2,2,0
1,2,1
2,2,0
52,156,104
3,3,0
2,2,0
3,3,0
3,6,3
1,1,0
1,2,1
3,3,0
9,9,0
2,4,2
1,2,1
2,4,2
2,2,0
2,2,0
0,0,0
2,2,0
3,3,0
3,3,0
16,16,0
2,2,0
2,2,0
2,11,9
3,3,0
1,4,3
3,3,0
87,93,6
9,9,0
2,4,2
4,5,1
5,5,0
8,8,0
72,74,2
2,2,0
3,5,2
2,3,1
2,2,0
5,5,0
2,4,2
2,5,3
1,4,3
2,2,0
2,8,6
2,8,6
3,7,4
2,2,0
2,2,0
11,13,2
2,2,0
9,9,0
3,8,5
3,6,3
2,6,4
3,3,0
41,41,0
2,2,0
4,4,0
3,3,0
2,4,2
2,2,0
2,2,0
2,8,6
2,10,8
2,3,1
3,3,0
2,5,3
3,3,0
2,13,11
1,2,1
1,1,0
2,29,27
3,5,2
1,1,0
2,4,2
2,2,0
3,5,2
2,2,0
2,4,2
1,1,0
3,9,6
2,2,0
8,8,0
2,7,5
3,3,0
2,2,0
2,2,0
3,3,0
2,7,5
3,7,4
3,5,2
2,2,0
2,2,0
7,7,0
2,2,0
2,77,75
4,4,0
2,2,0
0,0,0
3,5,2
3,3,0
9,9,0
2,2,0
2,2,0
2,2,0
2,3,1
3,3,0
2,2,0
2,2,0
3,6,3
2,2,0
1,2,1
2,2,0
2,2,0
2,3,1
3,3,0
3,7,4
2,4,2
3,3,0
6,6,0
2,2,0
4,4,0
3,3,0
2,2,0
2,2,0
1,2,1
3,3,0
2,69,67
2,2,0
3,8,5
2,2,0
2,2,0
2,2,0
2,2,0
3,3,0
4,4,0
2,2,0
3,3,0
2,2,0
3,3,0
2,14,12
13,13,0
2,4,2
3,7,4
3,3,0
2,5,3
3,6,3
3,3,0
3,3,0
3,3,0
6,6,0
3,5,2
2,5,3
3,5,2
2,3,1
2,2,0
6,9,3
1,3,2
1,3,2
3,8,5
3,5,2
3,5,2
3,6,3
2,2,0
4,4,0
3,3,0
2,2,0
1,2,1
3,3,0
2,4,2
2,10,8
2,2,0
2,2,0
2,2,0
100,100,0
2,2,0
139,216,77
3,3,0
8,8,0
2,3,1
2,3,1
3,7,4
88,88,0
2,2,0
8,8,0
4,8,4
2,5,3
8,8,0
22,22,0
9,9,0
5,5,0
1,2,1
6,35,29
21,21,0
8,8,0
2,16,14
100,104,4
4,4,0
2,2,0
2,2,0
2,2,0
0,0,0
9,9,0
0,0,0
1,1,0
8,8,0
3,9,6
3,3,0
3,3,0
2,2,0
1,2,1
2,3,1
8,8,0
3,5,2
1,17,16
2,3,1
2,8,6
2,8,6
1,31,30
1,2,1
0,0,0
100,300,200
3,3,0
3,7,4
3,3,0
0,0,0
5,5,0
94,96,2
2,2,0
3,3,0
1,1,0
2,2,0
2,2,0
2,2,0
3,3,0
10,14,4
1,1,0
3,3,0
2,2,0
1,1,0
6,6,0
2,2,0
235,428,193
2,2,0
2,2,0
2,2,0
5,5,0
2,5,3
3,3,0
44,44,0
3,3,0
0,0,0
2,10,8
1,22,21
1,2,1
4,4,0
2,2,0
2,2,0
9,9,0
0,0,0
1,2,1
2,2,0
7,7,0
2,2,0
2,4,2
2,2,0
2,2,0
2,2,0
1,6,5
2,2,0
2,2,0
2,45,43
1,1,0
1,4,3
24,24,0
3,5,2
2,4,2
2,2,0
3,3,0
2,2,0
9,19,10
2,2,0
2,2,0
2,11,9
133,133,0
8,8,0
2,15,13
2,4,2
2,2,0
2,2,0
4,6,2
2,2,0
2,4,2
2,2,0
1,25,24
76,82,6
3,3,0
2,6,4
2,2,0
3,3,0
2,2,0
1,1,0
2,2,0
2,4,2
3,8,5
2,4,2
2,4,2
3,7,4
2,3,1
2,2,0
2,13,11
2,2,0
3,3,0
2,2,0
2,2,0
3,5,2
3,49,46
2,2,0
2,6,4
2,2,0
3,3,0
3,7,4
3,13,10
2,2,0
2,2,0
4,4,0
5,8,3
3,12,9
2,2,0
0,0,0
2,4,2
2,2,0
10,10,0
2,6,4
2,2,0
2,2,0
2,17,15
2,2,0
2,11,9
2,2,0
3,5,2
2,2,0
2,2,0
0,0,0
3,3,0
2,2,0
3,5,2
2,2,0
2,2,0
2,2,0
2,2,0
3,3,0
15,15,0
3,5,2
3,3,0
2,2,0
1,1,0
2,2,0
2,2,0
2,2,0
3,5,2
2,2,0
3,3,0
2,2,0
2,2,0
2,4,2
8,8,0
1,2,1
2,2,0
2,16,14
2,2,0
1,2,1
2,2,0
2,2,0
2,2,0
95,95,0
2,4,2
2,2,0
3,6,3
0,0,0
2,27,25
2,6,4
4,4,0
2,2,0
2,35,33
2,4,2
3,3,0
81,81,0
2,4,2
2,2,0
6,6,0
2,2,0
2,2,0
2,2,0
3,3,0
2,2,0
2,5,3
2,2,0
3,3,0
2,2,0
2,4,2
2,2,0
2,7,5
2,2,0
9,9,0
3,3,0
2,2,0
1,2,1
2,20,18
2,2,0
5,5,0
2,4,2
2,2,0
2,2,0
1,2,1
8,8,0
5,5,0
4,8,4
3,3,0
2,4,2
3,3,0
8,8,0
0,0,0
3,3,0
3,3,0
3,3,0
2,3,1
1,2,1
3,5,2
3,3,0
147,147,0
2,8,6
2,11,9
2,2,0
2,2,0
1,1,0
3,3,0
3,10,7
0,0,0
3,5,2
3,3,0
2,2,0
8,8,0
1,2,1
2,2,0
2,2,0
2,8,6
1,5,4
2,10,8
3,3,0
3,3,0
2,2,0
12,22,10
3,3,0
2,2,0
3,3,0
1,2,1
2,2,0
1,3,2
3,3,0
5,59,54
2,2,0
6,8,2
2,2,0
2,2,0
2,2,0
2,2,0
2,4,2
4,4,0
1,2,1
3,3,0
3,3,0
2,2,0
2,2,0
194,194,0
3,3,0
2,2,0
1,1,0
2,2,0
3,3,0
184,184,0
2,2,0
1,2,1
1,2,1
1,2,1
2,4,2
2,2,0
1,2,1
3,5,2
1,3,2
2,2,0
3,8,5
1,1,0
2,3,1
0,0,0
2,2,0
4,4,0
2,2,0
93,93,0
2,2,0
15,15,0
0,0,0
2,2,0
2,4,2
2,2,0
2,2,0
2,2,0
2,3,1
2,28,26
2,11,9
2,2,0
4,4,0
3,7,4
2,2,0
0,0,0
1,6,5
0,0,0
9,9,0
2,2,0
1,4,3
0,0,0
2,2,0
2,2,0
2,2,0
2,2,0
3,18,15
3,12,9
4,6,2
1,1,0
2,2,0
1,1,0
2,2,0
3,5,2
3,3,0
2,2,0
0,0,0
1,4,3
1,1,0
2,3,1
3,3,0
8,8,0
3,3,0
3,3,0
2,2,0
3,20,17
2,2,0
2,2,0
1,22,21
2,2,0
8,8,0
8,8,0
2,2,0
2,4,2
6,6,0
2,2,0
2,2,0
2,2,0
1,1,0
10,10,0
1,1,0
2,2,0
2,2,0
2,2,0
100,100,0
9,9,0
2,2,0
3,21,18
2,2,0
3,7,4
3,3,0
2,2,0
2,2,0
11,11,0
3,3,0
2,2,0
7,7,0
2,10,8
9,9,0
2,2,0
2,2,0
2,2,0
2,2,0
2,2,0
3,7,4
2,8,6
2,4,2
2,2,0
2,4,2
99,107,8
2,2,0
2,2,0
65,143,78
2,2,0
9,9,0
2,2,0
2,2,0
0,0,0
3,5,2
2,2,0
2,2,0
6,6,0
1,2,1
38,38,0
3,7,4
2,2,0
80,80,0
1,3,2
2,3,1
1,2,1
2,2,0
3,5,2
100,111,11
1,2,1
3,3,0
8,8,0
1,1,0
3,3,0
2,2,0
3,3,0
2,2,0
9,9,0
2,2,0
3,5,2
3,4,1
8,8,0
2,2,0
8,8,0
2,82,80
8,8,0
0,0,0
2,2,0
2,4,2
100,100,0
2,2,0
2,2,0
8,8,0
3,3,0
2,2,0
2,2,0
2,3,1
3,9,6
2,2,0
45,45,0
5,6,1
2,2,0
11,11,0
2,2,0
3,3,0
0,0,0
2,2,0
2,27,25
3,3,0
9,12,3
2,2,0
2,2,0
2,2,0
2,2,0
1,22,21
3,12,9
3,3,0
2,4,2
2,4,2
1,1,0
8,8,0
10,10,0
3,3,0
2,7,5
3,3,0
2,2,0
1,2,1
3,5,2
2,4,2
3,3,0
2,2,0
1,2,1
3,5,2
2,4,2
2,4,2
2,2,0
3,23,20
10,10,0
1,1,0
2,2,0
1,2,1
2,2,0
2,80,78
3,7,4
4,4,0
2,13,11
2,2,0
3,3,0
3,6,3
3,3,0
1,1,0
2,16,14
9,9,0
8,8,0
1,1,0
1,1,0
3,3,0
2,2,0
2,2,0
1,2,1
2,4,2
3,5,2
3,3,0
3,6,3
2,4,2
8,8,0
2,4,2
2,2,0
3,8,5
3,3,0
2,4,2
3,3,0
2,2,0
3,8,5
3,3,0
4,20,16
15,15,0
8,8,0
110,234,124
2,4,2
3,3,0
2,2,0
2,80,78
8,8,0
3,3,0
9,32,23
2,2,0
3,5,2
2,3,1
2,2,0
2,4,2
2,2,0
1,1,0
7,7,0
2,2,0
2,4,2
0,0,0
3,3,0
4,4,0
2,2,0
2,2,0
2,22,20
2,2,0
2,3,1
1,1,0
2,2,0
2,2,0
1,1,0
2,2,0
5,5,0
7,7,0
50,51,1
2,187,185
1,1,0
3,7,4
3,5,2
3,3,0
2,2,0
3,7,4
2,8,6
1,1,0
8,8,0
2,2,0
51,51,0
2,2,0
2,10,8
2,2,0
2,2,0
2,2,0
2,2,0
6,6,0
51,51,0
2,4,2
2,6,4
2,2,0
1,1,0
2,2,0
3,5,2
2,2,0
2,2,0
1,3,2
8,8,0
8,8,0
2,2,0
1,22,21
2,2,0
2,4,2
0,0,0
2,2,0
2,2,0
2,7,5
2,5,3
3,4,1
3,7,4
2,2,0
1,3,2
2,2,0
2,4,2
2,24,22
2,2,0
2,2,0
3,3,0
3,3,0
3,14,11
1,2,1
2,4,2
1,1,0
8,8,0
3,5,2
2,2,0
3,3,0
3,10,7
2,4,2
2,2,0
6,6,0
4,4,0
2,2,0
1,3,2
2,3,1
2,2,0
2,2,0
3,5,2
1,5,4
2,2,0
3,3,0
2,30,28
2,2,0
3,3,0
2,2,0
3,9,6
5,5,0
3,3,0
2,2,0
9,9,0
2,6,4
2,2,0
5,5,0
2,2,0
2,2,0
2,2,0
2,2,0
3,7,4
6,17,11
2,2,0
8,8,0
3,3,0
2,2,0
1,4,3
2,2,0
3,3,0
2,2,0
5,5,0
3,4,1
45,45,0
1,4,3
2,2,0
2,2,0
2,11,9
2,6,4
2,2,0
3,5,2
2,2,0
2,16,14
2,2,0
98,98,0
10,10,0
2,4,2
2,2,0
2,2,0
3,3,0
2,2,0
2,2,0
3,3,0
2,6,4
37,37,0
1,1,0
2,2,0
2,2,0
3,5,2
2,2,0
2,2,0
1,11,10
8,8,0
3,3,0
88,88,0
2,2,0
2,2,0
2,2,0
1,2,1
3,7,4
3,3,0
3,3,0
3,3,0
1,1,0
0,0,0
4,4,0
3,19,16
0,0,0
3,7,4
3,3,0
2,2,0
2,3,1
3,6,3
1,1,0
2,2,0
2,6,4
2,2,0
100,104,4
55,124,69
2,2,0
3,5,2
5,5,0
3,11,8
2,2,0
17,18,1
9,9,0
2,2,0
1,1,0
5,5,0
3,3,0
2,2,0
3,7,4
99,99,0
9,9,0
8,8,0
2,2,0
3,3,0
3,3,0
2,2,0
3,11,8
2,13,11
2,2,0
15,15,0
1,7,6
2,2,0
9,9,0
8,8,0
12,14,2
3,3,0
3,3,0
3,7,4
8,8,0
2,4,2
1,4,3
6,12,6
2,2,0
1,1,0
2,4,2
8,8,0
3,5,2
3,3,0
2,2,0
0,0,0
2,2,0
3,3,0
2,80,78
9,9,0
9,9,0
3,3,0
2,2,0
2,4,2
2,2,0
2,2,0
2,2,0
2,2,0
4,4,0
8,8,0
34,36,2
2,17,15
2,4,2
2,2,0
8,10,2
15,15,0
1,3,2
1,1,0
2,2,0
2,2,0
2,2,0
3,6,3
2,2,0
3,3,0
3,3,0
3,3,0
2,86,84
2,15,13
2,2,0
3,3,0
0,0,0
2,2,0
4,4,0
1,5,4
3,3,0
1,9,8
3,5,2
1,10,9
0,0,0
2,37,35
2,2,0
4,4,0
2,84,82
2,2,0
8,8,0
3,3,0
2,2,0
1,2,1
2,2,0
11,11,0
2,2,0
3,3,0
2,6,4
3,10,7
3,3,0
2,2,0
3,3,0
2,80,78
2,2,0
2,45,43
1,20,19
3,3,0
2,2,0
8,8,0
1,1,0
36,36,0
2,2,0
2,2,0
3,5,2
2,4,2
1,7,6
3,6,3
3,5,2
3,7,4
3,5,2
2,2,0
8,8,0
43,43,0
3,4,1
0,0,0
8,8,0
0,0,0
3,3,0
2,2,0
38,38,0
3,7,4
1,2,1
3,3,0
12,12,0
2,2,0
2,4,2
3,7,4
8,8,0
2,2,0
2,3,1
2,2,0
2,2,0
2,2,0
3,3,0
2,2,0
40,40,0
8,8,0
3,9,6
3,4,1
4,5,1
3,6,3
2,2,0
8,17,9
3,3,0
2,2,0
3,3,0
21,21,0
9,9,0
2,2,0
2,2,0
2,2,0
2,2,0
2,2,0
2,2,0
43,43,0
9,9,0
2,2,0
3,3,0
2,3,1
2,2,0
3,3,0
2,2,0
2,5,3
2,8,6
2,2,0
1,1,0
10,10,0
2,2,0
3,9,6
2,4,2
2,2,0
2,4,2
2,2,0
2,2,0
2,2,0
2,2,0
2,2,0
2,2,0
2,2,0
3,13,10
2,3,1
51,51,0
3,5,2
0,0,0
1,2,1
1,2,1
3,7,4
17,24,7
2,2,0
2,2,0
1,1,0
2,2,0
3,3,0
2,9,7
1,4,3
3,3,0
2,3,1
92,92,0
2,2,0
7,7,0
3,3,0
2,10,8
3,13,10
2,2,0
1,2,1
3,3,0
6,6,0
3,5,2
5,12,7
0,0,0
2,2,0
93,103,10
3,11,8
2,4,2
2,2,0
3,8,5
2,10,8
3,10,7
2,2,0
5,5,0
8,8,0
3,7,4
2,2,0
2,2,0
3,3,0
2,4,2
3,3,0
9,9,0
3,6,3
2,5,3
29,37,8
2,2,0
2,2,0
2,5,3
3,3,0
2,2,0
2,4,2
3,11,8
1,1,0
1,24,23
0,0,0
2,2,0
2,2,0
2,2,0
4,4,0
2,2,0
2,2,0
3,5,2
2,2,0
2,3,1
5,5,0
5,5,0
8,8,0
2,4,2
2,2,0
8,8,0
2,33,31
3,3,0
3,3,0
3,3,0
2,2,0
2,2,0
3,3,0
8,8,0
30,34,4
0,0,0
5,5,0
3,3,0
3,6,3
2,5,3
3,6,3
3,3,0
8,16,8
1,2,1
0,0,0
2,2,0
2,2,0
3,6,3
3,3,0
1,3,2
2,3,1
10,10,0
2,2,0
17,17,0
1,1,0
2,3,1
2,7,5
1,1,0
3,5,2
2,4,2
2,3,1
2,2,0
2,2,0
2,4,2
10,10,0
2,2,0
3,8,5
2,2,0
2,2,0
3,3,0
9,9,0
2,4,2
1,2,1
11,11,0
2,2,0
3,12,9
3,3,0
3,3,0
2,7,5
2,2,0
2,4,2
6,6,0
3,3,0
2,4,2
2,106,104
3,3,0
6,6,0
8,8,0
3,3,0
2,88,86
2,2,0
2,4,2
1,1,0
2,2,0
2,2,0
6,6,0
3,3,0
1,1,0
2,3,1
3,9,6
2,41,39
2,2,0
3,3,0
2,2,0
2,2,0
2,2,0
11,11,0
2,4,2
2,2,0
0,0,0
2,4,2
2,2,0
1,2,1
2,2,0
2,2,0
3,3,0
6,8,2
20,20,0
3,49,46
3,3,0
1,1,0
11,11,0
2,15,13
4,4,0
2,2,0
3,7,4
3,3,0
2,2,0
11,11,0
3,3,0
2,2,0
3,4,1
3,7,4
2,7,5
9,9,0
2,2,0
3,5,2
1,3,2
1,2,1
2,2,0
8,10,2
2,34,32
1,1,0
14,14,0
3,3,0
1,1,0
1,6,5
2,11,9
2,2,0
3,3,0
3,5,2
1,2,1
2,4,2
2,2,0
3,3,0
2,2,0
1,2,1
3,11,8
2,4,2
1,1,0
3,3,0
0,0,0
9,9,0
2,4,2
1,4,3
2,2,0
1,3,2
2,10,8
2,2,0
2,2,0
2,2,0
4,8,4
2,2,0
3,3,0
2,2,0
2,4,2
2,2,0
6,6,0
2,2,0
3,3,0
1,1,0
67,67,0
2,2,0
2,2,0
2,2,0
2,2,0
2,2,0
2,2,0
4,16,12
3,3,0
2,2,0
2,2,0
4,4,0
22,22,0
5,5,0
3,3,0
2,2,0
2,2,0
3,7,4
2,2,0
11,11,0
2,2,0
3,3,0
2,2,0
2,2,0
9,9,0
3,7,4
2,2,0
3,9,6
2,2,0
68,68,0
1,4,3
1,2,1
2,2,0
1,6,5
8,8,0
8,8,0
2,2,0
1,1,0
2,2,0
1,1,0
2,2,0
2,2,0
2,25,23
2,3,1
9,9,0
96,96,0
3,5,2
3,3,0
9,11,2
2,2,0
2,2,0
2,2,0
2,2,0
10,10,0
6,104,98
3,3,0
6,10,4
3,3,0
3,5,2
9,17,8
2,2,0
3,3,0
4,4,0
3,7,4
28,28,0
3,3,0
0,0,0
0,0,0
3,12,9
2,2,0
2,2,0
2,2,0
2,2,0
2,2,0
13,13,0
2,2,0
2,2,0
3,3,0
3,3,0
1,7,6
2,2,0
3,3,0
1,2,1
1,2,1
2,4,2
4,6,2
2,2,0
1,2,1
2,3,1
3,6,3
2,2,0
1,4,3
8,8,0
2,4,2
3,5,2
2,4,2
2,3,1
2,2,0
2,2,0
1,1,0
2,10,8
2,2,0
2,2,0
2,2,0
3,5,2
2,2,0
3,3,0
1,1,0
2,2,0
1,2,1
2,4,2
2,4,2
2,3,1
19,19,0
2,3,1
2,2,0
2,2,0
2,11,9
0,0,0
2,2,0
3,5,2
2,2,0
3,6,3
2,2,0
3,5,2
2,4,2
2,2,0
19,19,0
1,2,1
2,2,0
2,3,1
2,2,0
40,45,5
3,3,0
2,2,0
3,8,5
2,2,0
2,2,0
3,5,2
2,4,2
1,20,19
60,60,0
3,14,11
2,2,0
0,0,0
2,2,0
3,3,0
80,125,45
8,8,0
2,2,0
6,6,0
12,12,0
6,37,31
6,6,0
3,5,2
1,1,0
3,3,0
0,0,0
3,5,2
2,2,0
3,10,7
2,2,0
3,5,2
1,1,0
2,2,0
2,2,0
3,7,4
2,2,0
2,2,0
2,15,13
3,5,2
8,16,8
4,8,4
1,1,0
2,2,0
2,8,6
2,2,0
2,2,0
3,3,0
3,3,0
8,8,0
3,8,5
5,5,0
1,1,0
2,2,0
2,2,0
17,17,0
3,7,4
3,3,0
2,2,0
3,21,18
3,7,4
3,3,0
8,9,1
2,2,0
2,4,2
2,4,2
10,10,0
0,0,0
2,2,0
10,10,0
3,7,4
3,3,0
2,2,0
3,14,11
8,16,8
10,10,0
2,2,0
3,3,0
2,2,0
1,1,0
2,28,26
2,2,0
22,34,12
2,2,0
1,2,1
2,2,0
2,105,103
2,2,0
2,2,0
9,9,0
2,3,1
1,3,2
2,2,0
2,2,0
8,8,0
2,4,2
1,2,1
4,5,1
2,2,0
1,1,0
2,2,0
0,0,0
2,2,0
315,513,198
2,2,0
2,4,2
1,39,38
2,25,23
3,3,0
3,3,0
1,3,2
3,3,0
3,3,0
3,7,4
3,3,0
51,52,1
2,5,3
3,3,0
2,2,0
4,4,0
2,2,0
2,5,3
2,2,0
2,2,0
11,11,0
3,5,2
6,6,0
10,10,0
1,6,5
2,2,0
2,2,0
2,4,2
5,5,0
2,2,0
3,4,1
2,10,8
2,6,4
10,10,0
3,3,0
2,3,1
20,32,12
3,5,2
2,4,2
8,8,0
3,7,4
3,3,0
2,2,0
50,50,0
2,2,0
2,2,0
11,11,0
1,4,3
2,2,0
3,3,0
2,2,0
2,2,0
3,5,2
9,9,0
61,64,3
2,13,11
2,4,2
2,2,0
2,2,0
3,3,0
2,2,0
0,0,0
2,2,0
0,0,0
2,80,78
2,2,0
2,8,6
78,78,0
2,2,0
2,2,0
13,13,0
1,2,1
2,2,0
4,4,0
2,2,0
1,1,0
2,2,0
2,2,0
2,2,0
0,0,0
2,3,1
2,14,12
2,2,0
1,1,0
2,2,0
2,4,2
4,4,0
29,146,117
8,8,0
8,8,0
0,0,0
3,3,0
1,40,39
2,2,0
2,2,0
147,147,0
2,2,0
2,2,0
2,36,34
2,2,0
2,2,0
1,1,0
2,2,0
2,15,13
8,16,8
2,2,0
2,2,0
1,2,1
2,5,3
0,0,0
2,2,0
2,2,0
2,6,4
3,5,2
0,0,0
2,2,0
3,7,4
31,31,0
22,22,0
0,0,0
2,2,0
3,3,0
2,2,0
2,3,1
3,9,6
3,5,2
1,2,1
2,2,0
2,2,0
2,55,53
2,2,0
18,61,43
1,1,0
3,3,0
2,2,0
8,8,0
2,2,0
2,2,0
2,2,0
20,20,0
3,7,4
1,2,1
9,9,0
2,2,0
2,2,0
2,2,0
3,8,5
2,2,0
9,9,0
62,68,6
11,11,0
2,4,2
2,6,4
8,8,0
1,8,7
3,3,0
2,2,0
2,2,0
2,4,2
3,3,0
3,4,1
2,2,0
0,0,0
8,8,0
3,4,1
2,2,0
3,4,1
1,1,0
2,8,6
2,2,0
2,2,0
2,117,115
9,9,0
3,5,2
2,2,0
6,21,15
8,8,0
60,73,13
4,4,0
2,3,1
0,0,0
2,4,2
2,2,0
3,3,0
100,104,4
2,5,3
2,2,0
9,9,0
1,1,0
2,6,4
33,35,2
2,2,0
2,83,81
2,2,0
51,53,2
1,5,4
3,5,2
2,4,2
2,8,6
6,6,0
10,16,6
1,21,20
2,2,0
2,2,0
2,2,0
1,1,0
2,5,3
2,2,0
2,2,0
2,13,11
1,1,0
2,2,0
2,2,0
2,6,4
8,8,0
3,5,2
92,92,0
1,17,16
2,2,0
3,3,0
2,2,0
3,3,0
2,2,0
3,14,11
3,3,0
2,15,13
2,80,78
3,6,3
2,2,0
3,3,0
2,5,3
2,2,0
1,2,1
8,8,0
1,2,1
0,0,0
3,3,0
3,3,0
19,19,0
3,3,0
6,10,4
4,9,5
3,5,2
1,2,1
2,2,0
3,3,0
8,8,0
3,3,0
1,2,1
0,0,0
2,2,0
3,5,2
2,2,0
4,5,1
11,11,0
3,4,1
2,6,4
2,2,0
2,3,1
45,49,4
3,3,0
2,4,2
2,2,0
4,4,0
2,2,0
3,3,0
2,3,1
2,2,0
32,35,3
4,4,0
2,2,0
8,8,0
2,2,0
9,10,1
1,1,0
1,1,0
1,8,7
2,2,0
1,9,8
2,2,0
3,11,8
1,53,52
2,2,0
2,2,0
2,2,0
3,5,2
3,13,10
2,2,0
2,2,0
3,3,0
1,24,23
3,3,0
2,2,0
8,8,0
2,2,0
0,0,0
10,12,2
2,3,1
2,2,0
1,3,2
3,5,2
2,2,0
2,2,0
2,8,6
2,4,2
4,4,0
3,3,0
3,3,0
8,8,0
3,3,0
2,2,0
2,3,1
2,3,1
3,5,2
2,8,6
3,6,3
2,3,1
3,3,0
2,2,0
2,2,0
2,2,0
2,2,0
2,2,0
5,5,0
129,129,0
3,3,0
2,2,0
3,11,8
2,2,0
1,1,0
9,9,0
2,2,0
2,2,0
26,64,38
3,9,6
2,2,0
10,10,0
3,3,0
2,2,0
2,2,0
2,2,0
5,5,0
1,1,0
4,8,4
9,9,0
2,2,0
2,2,0
3,3,0
2,2,0
8,8,0
1,3,2
3,5,2
6,6,0
3,6,3
2,6,4
3,6,3
2,74,72
20,20,0
3,3,0
3,3,0
2,2,0
0,0,0
8,10,2
1,2,1
3,3,0
3,3,0
2,2,0
2,3,1
2,2,0
2,2,0
3,3,0
0,0,0
3,7,4
1,3,2
3,5,2
28,41,13
2,2,0
0,0,0
2,2,0
20,20,0
3,7,4
17,17,0
2,2,0
3,7,4
2,2,0
29,29,0
10,16,6
2,2,0
2,2,0
3,5,2
3,7,4
2,2,0
2,2,0
3,3,0
0,0,0
0,0,0
46,46,0
2,2,0
2,11,9
3,3,0
2,2,0
2,9,7
2,2,0
2,2,0
1,1,0
98,98,0
2,2,0
3,9,6
2,2,0
3,8,5
2,2,0
6,6,0
2,8,6
2,2,0
4,4,0
2,2,0
2,4,2
7,7,0
2,2,0
2,19,17
2,18,16
3,5,2
0,0,0
1,17,16
3,3,0
2,2,0
9,13,4
1,15,14
2,2,0
2,5,3
1,2,1
2,2,0
2,2,0
3,3,0
8,8,0
2,2,0
8,8,0
4,5,1
3,7,4
2,2,0
2,82,80
2,2,0
3,5,2
0,0,0
1,11,10
2,2,0
2,2,0
2,2,0
2,2,0
3,3,0
2,2,0
4,4,0
2,2,0
3,9,6
1,1,0
3,3,0
2,2,0
2,2,0
3,5,2
2,2,0
2,2,0
4,18,14
3,7,4
3,3,0
17,20,3
1,25,24
2,2,0
2,2,0
5,8,3
11,11,0
51,51,0
2,2,0
3,5,2
2,9,7
3,11,8
1,2,1
1,21,20
3,6,3
8,8,0
3,3,0
2,4,2
3,3,0
9,10,1
0,0,0
2,2,0
1,1,0
2,2,0
2,2,0
2,2,0
2,2,0
3,3,0
2,2,0
3,3,0
3,3,0
2,82,80
3,7,4
3,29,26
2,2,0
3,3,0
21,21,0
2,2,0
2,3,1
2,2,0
2,19,17
3,8,5
3,13,10
3,3,0
2,2,0
2,2,0
42,42,0
2,2,0
3,3,0
2,2,0
2,2,0
2,2,0
3,5,2
2,2,0
2,2,0
4,6,2
3,5,2
2,2,0
2,2,0
177,177,0
1,3,2
3,4,1
2,4,2
2,2,0
2,2,0
2,4,2
2,5,3
2,5,3
2,2,0
4,4,0
2,2,0
2,2,0
2,2,0
10,10,0
2,2,0
2,4,2
1,3,2
2,2,0
22,33,11
9,9,0
3,7,4
3,54,51
3,3,0
9,52,43
2,26,24
1,1,0
3,3,0
2,2,0
2,2,0
19,19,0
0,0,0
0,0,0
3,5,2
2,3,1
2,2,0
2,2,0
2,2,0
3,5,2
8,10,2
78,266,188
1,1,0
2,4,2
79,80,1
1,5,4
2,2,0
2,4,2
3,3,0
1,45,44
2,3,1
3,5,2
2,2,0
2,2,0
2,6,4
6,29,23
2,2,0
1,2,1
3,3,0
9,9,0
2,2,0
3,3,0
3,5,2
5,5,0
2,2,0
2,2,0
3,6,3
2,5,3
2,27,25
9,9,0
2,2,0
2,2,0
2,2,0
2,2,0
1,1,0
2,2,0
8,8,0
2,2,0
2,84,82
3,3,0
2,2,0
1,1,0
3,3,0
11,13,2
2,2,0
3,3,0
2,2,0
4,4,0
8,8,0
2,2,0
0,0,0
1,1,0
3,6,3
1,2,1
2,2,0
2,2,0
1,2,1
8,8,0
2,2,0
9,9,0
2,4,2
2,4,2
3,3,0
2,2,0
1,3,2
8,8,0
18,18,0
3,7,4
3,3,0
2,3,1
3,3,0
3,3,0
3,5,2
3,5,2
2,2,0
36,113,77
9,9,0
2,2,0
3,3,0
2,2,0
1,2,1
2,15,13
3,18,15
9,9,0
9,9,0
1,2,1
2,2,0
1,1,0
2,2,0
9,9,0
2,80,78
9,9,0
2,2,0
2,2,0
2,4,2
2,2,0
2,4,2
2,2,0
1,2,1
2,10,8
9,9,0
3,5,2
3,15,12
3,6,3
4,15,11
2,2,0
100,100,0
3,5,2
10,19,9
2,8,6
2,2,0
1,18,17
2,4,2
2,6,4
2,2,0
2,3,1
3,5,2
2,2,0
51,74,23
1,77,76
2,2,0
3,3,0
3,5,2
2,2,0
8,8,0
3,5,2
2,5,3
3,3,0
2,2,0
3,5,2
3,3,0
3,7,4
2,2,0
6,6,0
1,127,126
9,9,0
1,1,0
2,2,0
2,2,0
2,6,4
2,2,0
2,2,0
1,1,0
2,2,0
2,3,1
6,6,0
1,1,0
2,2,0
1,1,0
3,5,2
1,1,0
51,51,0
2,2,0
3,5,2
0,0,0
2,2,0
1,4,3
2,2,0
3,5,2
1,1,0
2,2,0
3,4,1
5,5,0
1,3,2
2,4,2
2,2,0
3,7,4
6,6,0
2,2,0
3,5,2
27,27,0
2,2,0
2,2,0
9,9,0
3,5,2
2,2,0
1,2,1
7,7,0
0,0,0
2,2,0
3,3,0
2,2,0
7,7,0
2,2,0
2,7,5
2,2,0
4,4,0
2,2,0
2,2,0
2,4,2
1,4,3
2,6,4
3,3,0
1,1,0
2,2,0
3,3,0
2,2,0
1,20,19
3,5,2
2,4,2
2,2,0
3,3,0
3,6,3
10,10,0
8,18,10
8,8,0
1,1,0
4,4,0
4,73,69
2,2,0
3,3,0
2,2,0
1,28,27
2,23,21
9,9,0
2,2,0
3,3,0
2,3,1
2,2,0
30,30,0
1,1,0
2,2,0
2,2,0
2,4,2
8,8,0
3,11,8
3,3,0
1,1,0
3,20,17
5,24,19
7,7,0
2,2,0
2,6,4
3,3,0
3,7,4
2,3,1
0,0,0
3,6,3
2,2,0
2,2,0
0,0,0
2,2,0
2,2,0
3,8,5
2,2,0
3,3,0
2,2,0
2,2,0
1,7,6
4,8,4
2,3,1
6,6,0
2,82,80
3,3,0
3,3,0
2,2,0
1,21,20
3,4,1
2,2,0
2,2,0
1,1,0
2,2,0
1,1,0
2,2,0
3,3,0
2,2,0
3,3,0
1,1,0
3,3,0
2,2,0
1,1,0
2,2,0
0,0,0
2,2,0
2,23,21
2,27,25
2,2,0
2,4,2
3,53,50
2,2,0
2,2,0
11,11,0
2,2,0
2,4,2
3,5,2
3,4,1
2,2,0
2,2,0
3,3,0
3,3,0
2,4,2
3,7,4
43,136,93
8,8,0
3,4,1
2,2,0
3,7,4
2,3,1
3,3,0
2,6,4
3,5,2
2,2,0
3,3,0
2,2,0
2,84,82
0,0,0
2,2,0
0,0,0
2,2,0
1,4,3
1,2,1
3,3,0
3,7,4
6,6,0
2,4,2
3,6,3
56,56,0
3,26,23
3,3,0
1,8,7
2,2,0
9,9,0
13,13,0
3,3,0
2,2,0
5,5,0
4,12,8
3,7,4
6,6,0
3,3,0
3,7,4
2,4,2
3,5,2
3,3,0
3,8,5
20,20,0
2,4,2
3,3,0
1,24,23
1,2,1
2,23,21
3,3,0
3,7,4
3,6,3
2,2,0
33,33,0
4,4,0
12,12,0
2,2,0
5,5,0
3,3,0
2,2,0
1,11,10
3,3,0
4,4,0
2,2,0
3,9,6
2,2,0
1,2,1
2,2,0
3,3,0
58,58,0
9,37,28
3,3,0
8,8,0
3,3,0
3,5,2
3,5,2
1,8,7
2,8,6
16,23,7
2,2,0
2,4,2
1,10,9
1,7,6
19,19,0
3,9,6
3,7,4
2,2,0
2,2,0
2,6,4
2,5,3
1,2,1
2,2,0
2,2,0
2,2,0
1,1,0
4,31,27
1,60,59
3,11,8
8,8,0
2,10,8
8,8,0
9,11,2
2,2,0
2,2,0
2,4,2
2,2,0
2,4,2
3,4,1
2,4,2
3,3,0
8,8,0
2,4,2
1,1,0
2,2,0
2,4,2
2,2,0
2,2,0
2,2,0
3,3,0
2,6,4
3,9,6
2,4,2
2,5,3
42,42,0
2,2,0
2,2,0
2,4,2
2,2,0
9,9,0
3,3,0
2,6,4
1,2,1
2,2,0
2,2,0
3,5,2
3,9,6
2,2,0
3,3,0
3,3,0
13,33,20
3,3,0
2,2,0
1,1,0
2,4,2
2,2,0
2,2,0
3,3,0
8,16,8
1,5,4
0,0,0
2,82,80
2,2,0
1,2,1
2,2,0
3,3,0
2,2,0
2,2,0
3,3,0
1,1,0
2,2,0
9,9,0
3,11,8
2,2,0
2,3,1
3,3,0
3,3,0
21,23,2
2,2,0
2,2,0
2,8,6
2,2,0
1,9,8
3,5,2
1,4,3
18,18,0
2,2,0
3,7,4
2,2,0
2,2,0
12,12,0
2,3,1
2,2,0
2,2,0
2,2,0
1,3,2
8,8,0
2,2,0
95,95,0
3,9,6
3,3,0
0,0,0
0,0,0
2,2,0
1,1,0
2,3,1
3,14,11
5,7,2
2,2,0
1,3,2
3,5,2
2,2,0
8,8,0
0,0,0
3,4,1
2,4,2
2,2,0
2,2,0
1,1,0
3,3,0
0,0,0
8,8,0
4,6,2
2,2,0
2,2,0
8,8,0
1,31,30
2,11,9
2,2,0
3,3,0
8,8,0
1,4,3
0,0,0
3,11,8
3,3,0
9,9,0
1,3,2
2,2,0
2,2,0
1,3,2
2,2,0
17,17,0
3,3,0
2,2,0
10,10,0
3,3,0
1,1,0
28,28,0
3,2,-1
2,2,0
2,2,0
2,2,0
3,8,5
3,7,4
2,2,0
2,2,0
2,2,0
9,9,0
3,8,5
2,2,0
8,8,0
2,2,0
2,2,0
2,6,4
3,3,0
2,2,0
3,3,0
2,2,0
2,2,0
2,2,0
1,2,1
8,8,0
3,6,3
1,1,0
2,2,0
3,3,0
2,2,0
2,3,1
2,2,0
2,2,0
2,2,0
2,2,0
3,3,0
2,40,38
10,10,0
2,2,0
1,1,0
3,7,4
1,2,1
86,91,5
3,3,0
2,2,0
3,7,4
2,2,0
3,3,0
68,68,0
1,2,1
1,1,0
51,74,23
2,2,0
3,3,0
2,2,0
2,13,11
8,8,0
2,2,0
3,6,3
2,2,0
3,3,0
43,140,97
2,2,0
2,2,0
79,79,0
5,5,0
2,10,8
3,3,0
2,2,0
3,3,0
0,0,0
0,0,0
2,5,3
3,5,2
2,2,0
1,2,1
8,8,0
9,9,0
2,2,0
3,5,2
2,12,10
2,2,0
2,2,0
0,0,0
10,10,0
2,2,0
2,2,0
4,4,0
1,1,0
3,15,12
6,6,0
0,0,0
2,4,2
97,119,22
1,1,0
3,4,1
2,2,0
2,2,0
3,4,1
2,2,0
8,14,6
3,3,0
2,2,0
1,1,0
9,9,0
51,51,0
2,7,5
2,2,0
3,3,0
2,4,2
4,4,0
2,2,0
2,2,0
3,5,2
2,2,0
6,6,0
2,2,0
2,2,0
8,8,0
2,2,0
3,3,0
2,2,0
37,37,0
2,2,0
0,0,0
2,10,8
4,4,0
2,6,4
3,3,0
2,2,0
1,2,1
2,2,0
9,9,0
1,1,0
2,3,1
1,1,0
1,2,1
2,2,0
2,2,0
2,2,0
12,12,0
2,2,0
2,2,0
0,0,0
1,2,1
2,2,0
11,35,24
11,11,0
8,8,0
2,2,0
9,18,9
3,8,5
2,4,2
2,2,0
2,4,2
1,1,0
0,0,0
1,3,2
2,2,0
2,9,7
1,1,0
0,0,0
3,7,4
3,5,2
2,2,0
2,2,0
2,2,0
154,154,0
2,2,0
8,8,0
2,80,78
2,2,0
2,17,15
2,4,2
43,43,0
1,1,0
2,80,78
22,22,0
2,4,2
2,2,0
33,68,35
8,8,0
2,2,0
0,0,0
2,2,0
3,3,0
3,3,0
2,2,0
8,8,0
1,20,19
3,5,2
2,4,2
3,9,6
1,1,0
50,92,42
2,2,0
1,4,3
2,2,0
2,6,4
2,12,10
2,4,2
2,2,0
5,5,0
8,8,0
2,2,0
3,3,0
2,2,0
6,6,0
3,3,0
2,2,0
3,3,0
9,9,0
3,3,0
9,9,0
2,2,0
2,2,0
1,5,4
5,14,9
2,2,0
2,2,0
10,10,0
0,0,0
2,2,0
2,4,2
13,15,2
3,3,0
2,2,0
9,9,0
20,20,0
2,4,2
2,2,0
3,5,2
2,4,2
2,4,2
2,28,26
10,10,0
2,3,1
1,45,44
2,2,0
100,104,4
3,3,0
2,90,88
2,2,0
9,9,0
3,3,0
10,10,0
1,4,3
2,4,2
4,4,0
1,1,0
2,2,0
0,0,0
1,1,0
2,2,0
2,2,0
2,15,13
22,22,0
2,9,7
3,5,2
2,4,2
2,2,0
2,2,0
1,1,0
2,8,6
1,2,1
3,3,0
3,5,2
3,3,0
2,2,0
2,2,0
8,8,0
3,3,0
2,4,2
1,32,31
1,2,1
1,46,45
1,1,0
2,2,0
2,2,0
3,3,0
5,5,0
3,3,0
3,3,0
2,12,10
3,10,7
1,31,30
2,2,0
3,5,2
3,3,0
14,14,0
2,2,0
2,2,0
2,2,0
1,1,0
2,2,0
2,2,0
2,2,0
2,4,2
6,6,0
22,22,0
9,9,0
1,3,2
2,2,0
129,236,107
1,2,1
2,2,0
1,3,2
1,2,1
3,3,0
0,0,0
2,3,1
2,2,0
3,3,0
3,3,0
6,7,1
51,51,0
8,8,0
3,3,0
6,18,12
3,5,2
3,3,0
1,6,5
3,7,4
3,3,0
3,7,4
3,5,2
1,1,0
2,2,0
2,10,8
2,11,9
3,7,4
2,2,0
4,4,0
0,0,0
2,2,0
1,1,0
2,3,1
3,28,25
10,10,0
0,0,0
0,0,0
2,2,0
3,5,2
2,18,16
2,2,0
2,2,0
0,0,0
1,24,23
1,1,0
2,3,1
8,8,0
3,5,2
4,4,0
3,15,12
2,2,0
1,4,3
75,75,0
2,2,0
3,9,6
2,2,0
6,6,0
1,3,2
2,2,0
0,0,0
2,5,3
2,80,78
1,6,5
3,3,0
8,10,2
2,2,0
2,2,0
3,3,0
3,3,0
3,3,0
3,3,0
2,2,0
3,3,0
3,6,3
2,2,0
2,4,2
3,3,0
3,5,2
5,5,0
3,3,0
3,3,0
3,3,0
3,3,0
0,0,0
2,2,0
2,4,2
3,10,7
2,2,0
2,11,9
3,3,0
3,3,0
2,4,2
4,4,0
2,2,0
3,4,1
1,26,25
2,3,1
2,2,0
2,2,0
2,2,0
3,3,0
2,2,0
2,2,0
2,2,0
8,8,0
10,53,43
1,7,6
2,8,6
3,52,49
2,2,0
1,2,1
2,16,14
2,4,2
10,10,0
1,2,1
8,8,0
2,8,6
3,5,2
1,24,23
3,5,2
3,3,0
2,2,0
2,2,0
2,4,2
2,2,0
8,8,0
3,16,13
2,2,0
2,2,0
3,3,0
3,81,78
2,4,2
2,2,0
2,2,0
2,2,0
1,79,78
2,2,0
3,3,0
3,13,10
1,2,1
2,2,0
100,100,0
2,2,0
1,1,0
2,3,1
3,3,0
8,8,0
3,3,0
2,2,0
3,3,0
2,4,2
2,2,0
2,6,4
2,2,0
2,4,2
7,7,0
1,1,0
2,2,0
1,2,1
2,2,0
2,3,1
3,15,12
2,2,0
1,1,0
3,3,0
3,5,2
2,2,0
3,4,1
4,4,0
3,9,6
1,24,23
3,16,13
2,9,7
3,7,4
3,75,72
8,9,1
8,8,0
3,3,0
1,2,1
3,3,0
2,47,45
2,2,0
2,2,0
1,33,32
2,2,0
2,20,18
2,2,0
2,4,2
2,6,4
3,7,4
2,2,0
3,5,2
2,2,0
2,2,0
2,3,1
8,8,0
3,7,4
3,3,0
2,12,10
8,8,0
3,12,9
1,3,2
2,3,1
2,2,0
3,3,0
8,8,0
2,2,0
3,3,0
2,2,0
9,9,0
2,2,0
34,100,66
1,1,0
3,20,17
8,8,0
1,1,0
2,6,4
2,2,0
11,11,0
2,2,0
0,0,0
2,2,0
49,100,51
1,2,1
1,3,2
3,3,0
3,3,0
3,8,5
6,6,0
6,6,0
8,8,0
1,2,1
9,9,0
100,102,2
19,19,0
3,12,9
6,94,88
3,12,9
1,23,22
8,16,8
3,7,4
5,10,5
23,37,14
2,17,15
3,3,0
12,12,0
2,2,0
1,10,9
3,3,0
26,26,0
2,2,0
2,2,0
145,145,0
2,2,0
2,2,0
1,4,3
1,1,0
3,7,4
3,3,0
2,2,0
0,0,0
2,2,0
2,2,0
3,3,0
2,2,0
1,2,1
2,4,2
4,4,0
2,2,0
28,28,0
3,3,0
2,2,0
3,3,0
1,2,1
3,3,0
2,2,0
3,3,0
2,3,1
2,2,0
2,2,0
3,7,4
2,11,9
3,3,0
2,2,0
4,6,2
98,98,0
8,8,0
1,1,0
3,3,0
2,75,73
2,4,2
4,71,67
1,1,0
2,8,6
15,15,0
1,1,0
3,5,2
3,5,2
2,2,0
2,82,80
2,2,0
2,5,3
10,10,0
3,9,6
2,2,0
3,5,2
4,51,47
2,101,99
9,9,0
3,3,0
3,5,2
1,2,1
2,2,0
2,2,0
3,3,0
6,6,0
2,4,2
2,2,0
8,8,0
2,56,54
2,2,0
2,2,0
3,7,4
24,25,1
2,2,0
2,2,0
2,2,0
2,2,0
3,5,2
3,3,0
93,173,80
3,3,0
2,7,5
2,2,0
2,2,0
4,4,0
2,2,0
2,2,0
2,4,2
2,2,0
3,11,8
4,4,0
2,6,4
2,2,0
2,12,10
10,10,0
2,4,2
0,0,0
3,3,0
3,3,0
2,47,45
1,1,0
2,2,0
2,2,0
2,2,0
9,9,0
3,3,0
2,4,2
2,2,0
20,20,0
8,8,0
3,3,0
9,9,0
2,2,0
3,3,0
2,3,1
2,4,2
3,3,0
0,0,0
2,2,0
2,4,2
0,0,0
3,3,0
2,2,0
2,2,0
2,84,82
2,2,0
3,3,0
1,20,19
1,1,0
2,2,0
2,4,2
2,2,0
2,2,0
3,3,0
1,1,0
1,8,7
2,2,0
3,3,0
2,4,2
2,2,0
81,81,0
2,81,79
3,3,0
2,2,0
2,4,2
2,2,0
2,2,0
3,5,2
3,3,0
3,3,0
8,8,0
1,58,57
2,5,3
8,8,0
2,2,0
2,3,1
1,18,17
3,3,0
1,1,0
3,4,1
6,6,0
8,8,0
0,0,0
2,11,9
14,14,0
1,1,0
3,3,0
3,3,0
3,3,0
2,2,0
2,2,0
2,2,0
2,8,6
3,3,0
2,2,0
2,94,92
3,5,2
3,3,0
1,1,0
0,0,0
4,4,0
2,2,0
4,8,4
3,3,0
2,2,0
4,4,0
2,2,0
0,0,0
2,2,0
7,10,3
41,41,0
2,2,0
3,3,0
1,1,0
2,2,0
3,3,0
1,3,2
2,2,0
3,4,1
2,2,0
24,38,14
8,8,0
2,2,0
3,10,7
2,2,0
4,4,0
3,3,0
3,3,0
2,2,0
6,10,4
5,5,0
2,2,0
1,4,3
3,5,2
3,7,4
100,100,0
3,3,0
2,2,0
2,3,1
3,5,2
7,7,0
2,2,0
2,2,0
3,3,0
2,3,1
2,2,0
2,2,0
3,9,6
2,2,0
2,2,0
3,8,5
2,4,2
101,102,1
2,2,0
2,2,0
2,9,7
2,2,0
2,6,4
2,2,0
2,2,0
2,2,0
7,7,0
2,12,10
2,2,0
2,4,2
2,2,0
3,5,2
3,3,0
2,2,0
10,10,0
2,4,2
2,2,0
9,9,0
2,2,0
3,3,0
8,8,0
2,2,0
2,2,0
38,38,0
2,2,0
8,8,0
2,2,0
3,5,2
9,117,108
8,8,0
7,7,0
2,2,0
2,4,2
1,1,0
2,9,7
2,2,0
1,1,0
2,2,0
2,8,6
2,6,4
2,2,0
2,2,0
2,4,2
2,2,0
3,3,0
3,5,2
2,2,0
2,2,0
2,2,0
2,2,0
2,4,2
8,8,0
2,3,1
3,3,0
1,4,3
3,5,2
2,2,0
3,3,0
2,4,2
3,3,0
3,3,0
2,2,0
8,8,0
2,2,0
2,2,0
2,3,1
0,0,0
1,2,1
8,8,0
2,7,5
2,2,0
3,3,0
2,2,0
2,2,0
7,7,0
2,4,2
2,4,2
2,3,1
3,4,1
2,2,0
2,2,0
9,9,0
60,61,1
3,3,0
2,2,0
406,417,11
9,9,0
2,2,0
8,8,0
2,2,0
2,2,0
2,2,0
2,6,4
3,3,0
3,3,0
3,7,4
3,4,1
2,2,0
3,3,0
1,6,5
3,7,4
2,2,0
2,2,0
9,9,0
0,0,0
3,29,26
2,2,0
10,10,0
3,9,6
2,2,0
3,5,2
3,11,8
3,11,8
2,3,1
1,1,0
3,3,0
3,9,6
3,3,0
4,4,0
2,2,0
2,2,0
2,2,0
1,1,0
2,42,40
3,3,0
18,18,0
0,0,0
3,3,0
2,2,0
2,2,0
9,9,0
1,4,3
52,52,0
2,2,0
1,1,0
3,3,0
1,1,0
2,17,15
2,2,0
2,2,0
1,2,1
9,9,0
8,8,0
3,3,0
3,5,2
2,2,0
3,3,0
1,1,0
2,2,0
3,5,2
2,2,0
3,3,0
2,2,0
4,4,0
2,2,0
3,3,0
2,2,0
2,2,0
22,22,0
3,3,0
2,2,0
2,2,0
3,3,0
3,6,3
1,3,2
2,2,0
2,2,0
2,4,2
5,8,3
2,2,0
2,2,0
2,2,0
0,0,0
15,15,0
2,5,3
2,2,0
4,6,2
2,2,0
0,0,0
2,2,0
3,4,1
18,18,0
2,2,0
3,9,6
2,2,0
2,2,0
3,3,0
0,0,0
3,3,0
31,32,1
3,3,0
1,4,3
1,2,1
2,2,0
3,7,4
2,2,0
1,1,0
2,2,0
0,0,0
2,2,0
1,22,21
2,2,0
0,0,0
2,6,4
2,37,35
2,6,4
2,2,0
3,3,0
2,2,0
2,2,0
2,5,3
2,4,2
9,9,0
3,7,4
2,4,2
20,20,0
3,3,0
3,8,5
8,8,0
3,3,0
4,4,0
3,3,0
3,7,4
8,8,0
3,3,0
2,3,1
6,8,2
2,2,0
2,2,0
3,5,2
0,0,0
3,9,6
2,2,0
1,2,1
2,2,0
6,6,0
3,5,2
3,3,0
1,6,5
2,12,10
1,1,0
1,4,3
9,9,0
2,3,1
2,2,0
2,2,0
3,3,0
1,2,1
2,2,0
3,3,0
3,3,0
100,104,4
2,4,2
2,2,0
2,2,0
2,2,0
2,2,0
3,3,0
2,2,0
2,8,6
3,3,0
2,2,0
3,15,12
44,44,0
3,3,0
3,5,2
16,16,0
2,2,0
1,2,1
1,6,5
3,8,5
3,6,3
2,2,0
0,0,0
2,2,0
2,168,166
1,1,0
22,22,0
2,2,0
8,8,0
3,3,0
3,3,0
7,7,0
4,21,17
2,2,0
3,6,3
3,11,8
2,2,0
3,3,0
1,24,23
1,9,8
3,3,0
6,36,30
2,3,1
9,9,0
1,1,0
3,3,0
2,2,0
3,3,0
1,4,3
2,2,0
2,2,0
2,2,0
2,2,0
2,4,2
2,4,2
3,3,0
2,2,0
9,9,0
3,5,2
8,8,0
2,2,0
2,2,0
2,2,0
2,2,0
1,1,0
2,2,0
1,4,3
101,102,1
2,2,0
3,3,0
3,7,4
2,2,0
3,3,0
0,0,0
2,4,2
2,2,0
2,24,22
2,2,0
2,4,2
2,2,0
8,8,0
3,3,0
3,7,4
1,1,0
1,24,23
0,0,0
3,3,0
47,47,0
2,4,2
2,2,0
2,4,2
2,6,4
1,2,1
3,7,4
1,1,0
2,2,0
2,2,0
3,3,0
2,2,0
3,3,0
3,7,4
8,8,0
3,6,3
3,3,0
2,2,0
3,7,4
2,3,1
3,6,3
3,13,10
14,15,1
3,5,2
90,182,92
1,1,0
2,2,0
2,2,0
20,20,0
3,9,6
2,2,0
3,3,0
3,9,6
9,9,0
3,3,0
3,5,2
2,5,3
2,2,0
4,4,0
3,3,0
2,16,14
1,2,1
3,9,6
2,4,2
5,26,21
0,0,0
2,2,0
1,2,1
2,2,0
2,2,0
2,2,0
3,4,1
0,0,0
2,2,0
2,2,0
9,9,0
3,5,2
2,2,0
2,2,0
8,8,0
2,2,0
3,9,6
3,6,3
1,1,0
1,1,0
4,4,0
2,2,0
2,4,2
2,4,2
2,2,0
8,8,0
4,35,31
3,5,2
2,2,0
4,4,0
3,5,2
2,4,2
4,4,0
2,6,4
2,6,4
0,0,0
2,2,0
1,4,3
2,2,0
2,2,0
3,32,29
6,6,0
3,3,0
3,3,0
2,2,0
2,2,0
1,1,0
3,3,0
2,2,0
8,8,0
2,2,0
3,3,0
2,2,0
2,2,0
2,2,0
2,2,0
3,3,0
2,2,0
2,2,0
1,2,1
3,9,6
1,4,3
2,9,7
2,9,7
3,3,0
2,2,0
3,3,0
2,9,7
2,4,2
10,10,0
1,2,1
2,2,0
2,2,0
3,5,2
2,2,0
1,1,0
2,2,0
2,2,0
2,2,0
1,3,2
2,4,2
8,8,0
2,5,3
2,2,0
3,3,0
2,2,0
3,14,11
2,2,0
3,9,6
3,3,0
3,3,0
1,2,1
2,2,0
3,6,3
3,5,2
2,2,0
1,1,0
9,9,0
3,3,0
11,11,0
2,2,0
2,2,0
3,5,2
6,6,0
1,6,5
1,6,5
2,2,0
1,1,0
3,3,0
2,2,0
1,1,0
3,3,0
3,7,4
20,20,0
0,0,0
2,2,0
2,2,0
2,2,0
1,15,14
2,2,0
3,9,6
6,6,0
3,5,2
3,9,6
3,6,3
3,3,0
2,16,14
4,4,0
2,2,0
0,0,0
2,2,0
3,3,0
2,3,1
4,4,0
2,6,4
2,3,1
12,12,0
190,286,96
8,11,3
10,10,0
2,2,0
6,6,0
3,6,3
1,2,1
3,6,3
3,6,3
8,8,0
2,2,0
8,10,2
3,3,0
1,5,4
2,2,0
2,2,0
2,2,0
3,16,13
3,7,4
3,5,2
2,4,2
3,7,4
2,3,1
4,15,11
0,0,0
9,9,0
2,2,0
11,11,0
2,2,0
1,2,1
2,2,0
2,2,0
3,3,0
2,3,1
3,3,0
3,6,3
5,5,0
0,0,0
34,34,0
19,41,22
2,2,0
2,2,0
2,5,3
3,5,2
17,36,19
1,3,2
3,3,0
9,13,4
3,7,4
2,4,2
2,2,0
1,11,10
2,2,0
10,28,18
2,2,0
3,5,2
2,2,0
1,55,54
2,2,0
2,2,0
2,8,6
4,5,1
1,2,1
9,9,0
3,3,0
2,4,2
1,1,0
2,2,0
2,2,0
2,2,0
2,3,1
3,8,5
3,5,2
2,2,0
0,0,0
2,2,0
2,3,1
2,2,0
3,3,0
4,4,0
90,90,0
8,8,0
1,21,20
2,2,0
12,12,0
3,3,0
3,5,2
0,0,0
1,9,8
3,3,0
2,4,2
3,5,2
2,4,2
2,3,1
2,2,0
9,9,0
2,80,78
3,3,0
2,6,4
2,2,0
2,2,0
3,3,0
3,3,0
3,3,0
2,2,0
10,10,0
4,4,0
0,0,0
2,7,5
2,2,0
2,2,0
1,2,1
3,4,1
2,2,0
1,1,0
2,2,0
1,4,3
2,2,0
3,5,2
2,2,0
2,2,0
2,2,0
2,2,0
2,2,0
1,1,0
11,11,0
1,20,19
3,3,0
2,2,0
2,2,0
9,9,0
2,3,1
35,35,0
8,8,0
2,2,0
8,8,0
3,3,0
33,36,3
1,20,19
2,2,0
2,2,0
1,2,1
2,3,1
2,2,0
129,129,0
0,0,0
1,1,0
2,107,105
18,18,0
8,8,0
3,11,8
2,2,0
1,2,1
2,2,0
2,10,8
2,2,0
2,4,2
2,2,0
11,11,0
2,84,82
3,3,0
3,5,2
2,2,0
2,2,0
1,2,1
0,0,0
2,6,4
2,4,2
2,2,0
2,92,90
2,2,0
3,3,0
3,4,1
2,4,2
2,2,0
3,5,2
2,2,0
2,5,3
3,3,0
442,442,0
3,3,0
5,7,2
2,2,0
1,5,4
3,22,19
1,3,2
2,2,0
3,3,0
5,5,0
3,6,3
2,2,0
22,22,0
2,3,1
3,3,0
1,2,1
2,3,1
2,4,2
5,12,7
1,5,4
3,3,0
3,19,16
3,7,4
2,4,2
2,2,0
3,5,2
1,31,30
2,2,0
78,78,0
3,8,5
3,5,2
2,2,0
8,8,0
3,3,0
1,1,0
2,5,3
25,25,0
99,132,33
3,3,0
6,6,0
3,3,0
2,3,1
2,4,2
11,11,0
3,8,5
2,2,0
2,3,1
3,8,5
3,5,2
8,17,9
2,2,0
2,2,0
2,2,0
2,3,1
2,2,0
3,14,11
3,3,0
8,8,0
2,5,3
2,2,0
2,3,1
92,92,0
2,24,22
3,3,0
2,2,0
9,9,0
2,2,0
3,3,0
3,3,0
3,8,5
3,3,0
2,17,15
2,2,0
1,2,1
2,2,0
1,2,1
3,7,4
9,9,0
3,5,2
14,14,0
2,2,0
2,2,0
2,2,0
2,2,0
2,2,0
2,2,0
0,0,0
2,8,6
5,5,0
3,5,2
3,3,0
3,3,0
2,2,0
2,2,0
1,2,1
2,12,10
6,36,30
3,5,2
3,5,2
3,6,3
3,5,2
2,2,0
8,8,0
3,3,0
3,5,2
0,0,0
3,5,2
3,3,0
3,3,0
2,3,1
2,3,1
2,2,0
2,2,0
2,2,0
3,3,0
1,2,1
3,8,5
3,5,2
1,1,0
2,105,103
2,2,0
3,9,6
1,1,0
2,9,7
2,80,78
2,3,1
2,2,0
2,2,0
2,2,0
3,4,1
1,1,0
1,2,1
3,3,0
2,2,0
2,2,0
8,8,0
3,7,4
0,0,0
3,3,0
101,101,0
2,15,13
2,2,0
3,3,0
2,2,0
2,4,2
6,6,0
2,84,82
2,4,2
2,2,0
3,8,5
1,1,0
14,16,2
14,14,0
4,7,3
2,19,17
3,5,2
3,3,0
4,6,2
2,5,3
2,5,3
2,4,2
2,2,0
2,2,0
4,4,0
2,2,0
2,2,0
3,3,0
100,109,9
1,3,2
0,0,0
2,6,4
2,2,0
3,8,5
2,2,0
1,13,12
20,20,0
1,2,1
3,3,0
3,3,0
0,0,0
1,3,2
2,2,0
3,5,2
3,10,7
3,4,1
100,100,0
2,14,12
2,2,0
2,2,0
3,3,0
2,2,0
2,3,1
2,2,0
0,0,0
2,28,26
3,3,0
3,3,0
2,2,0
11,11,0
3,10,7
2,2,0
3,3,0
2,2,0
38,45,7
3,3,0
1,3,2
3,8,5
3,3,0
0,0,0
2,2,0
1,1,0
2,2,0
2,2,0
2,2,0
2,2,0
2,80,78
3,3,0
3,5,2
1,3,2
3,5,2
1,1,0
3,5,2
8,8,0
2,2,0
1,3,2
9,9,0
2,2,0
3,3,0
2,5,3
3,3,0
3,5,2
1,4,3
2,2,0
9,9,0
3,3,0
2,9,7
3,7,4
3,7,4
9,9,0
2,2,0
3,9,6
3,3,0
2,2,0
1,1,0
2,2,0
5,5,0
3,3,0
2,2,0
22,22,0
3,6,3
2,2,0
2,2,0
28,28,0
2,4,2
0,0,0
2,2,0
2,2,0
2,2,0
3,3,0
1,2,1
2,2,0
2,2,0
2,2,0
18,18,0
2,14,12
2,2,0
3,6,3
1,2,1
0,0,0
5,5,0
2,25,23
3,6,3
1,7,6
2,2,0
2,2,0
12,12,0
2,7,5
3,12,9
3,3,0
2,2,0
2,2,0
8,49,41
5,5,0
1,2,1
3,5,2
4,12,8
6,26,20
2,25,23
0,0,0
6,6,0
1,15,14
0,0,0
2,2,0
3,3,0
2,7,5
2,2,0
2,2,0
3,8,5
2,4,2
8,8,0
0,0,0
60,121,61
2,2,0
1,1,0
2,2,0
2,2,0
2,5,3
2,2,0
5,5,0
2,4,2
2,2,0
2,2,0
2,29,27
2,2,0
1,25,24
3,3,0
61,62,1
3,12,9
2,2,0
5,5,0
2,2,0
2,2,0
114,114,0
2,2,0
3,3,0
3,3,0
8,8,0
5,5,0
2,2,0
3,9,6
9,9,0
9,9,0
1,1,0
0,0,0
1,23,22
2,2,0
9,9,0
3,5,2
2,2,0
2,2,0
2,2,0
3,9,6
3,5,2
3,3,0
6,6,0
3,3,0
3,7,4
1,1,0
0,0,0
2,6,4
2,2,0
2,2,0
11,11,0
12,12,0
9,9,0
3,3,0
2,2,0
2,9,7
5,5,0
2,2,0
2,4,2
1,2,1
0,0,0
2,2,0
2,2,0
3,3,0
3,5,2
3,3,0
2,2,0
2,2,0
0,0,0
3,7,4
18,18,0
1,1,0
2,2,0
2,6,4
3,3,0
2,4,2
2,9,7
3,3,0
2,2,0
3,3,0
1,1,0
2,2,0
1,1,0
4,5,1
1,2,1
1,1,0
11,11,0
3,5,2
2,6,4
61,61,0
8,8,0
2,2,0
2,2,0
2,31,29
3,3,0
0,0,0
3,11,8
100,125,25
3,3,0
2,2,0
1,2,1
3,5,2
3,3,0
2,2,0
1,2,1
2,2,0
11,11,0
2,2,0
2,5,3
2,2,0
8,8,0
3,6,3
2,4,2
1,57,56
1,2,1
2,4,2
0,0,0
2,4,2
2,2,0
8,40,32
2,2,0
0,0,0
6,6,0
2,2,0
2,6,4
2,82,80
2,2,0
3,5,2
2,2,0
2,15,13
3,6,3
0,0,0
3,3,0
2,2,0
1,3,2
3,6,3
0,0,0
2,27,25
0,0,0
3,41,38
0,0,0
2,4,2
2,2,0
2,2,0
1,6,5
2,4,2
3,3,0
3,8,5
2,2,0
2,2,0
2,4,2
3,5,2
2,2,0
3,6,3
2,2,0
2,2,0
2,2,0
3,8,5
2,2,0
3,7,4
9,9,0
1,2,1
2,2,0
2,2,0
9,9,0
92,94,2
1,2,1
2,4,2
2,2,0
3,3,0
2,2,0
1,1,0
32,40,8
2,2,0
2,2,0
2,3,1
2,2,0
9,9,0
2,16,14
6,6,0
2,2,0
2,2,0
2,5,3
3,7,4
1,2,1
3,3,0
9,9,0
1,1,0
0,0,0
2,2,0
2,2,0
2,4,2
9,9,0
6,6,0
2,2,0
2,2,0
10,10,0
9,9,0
2,2,0
2,2,0
0,0,0
2,2,0
2,10,8
2,28,26
1,1,0
2,2,0
20,26,6
3,6,3
2,2,0
2,2,0
2,6,4
3,5,2
1,1,0
2,2,0
2,2,0
2,2,0
3,12,9
8,8,0
3,5,2
1,1,0
3,5,2
2,2,0
1,2,1
3,3,0
2,2,0
2,2,0
2,2,0
2,2,0
2,45,43
9,9,0
6,6,0
3,3,0
2,22,20
17,24,7
5,6,1
3,9,6
2,2,0
9,12,3
3,19,16
1,3,2
3,3,0
1,24,23
1,9,8
51,57,6
3,3,0
2,2,0
1,25,24
3,5,2
4,6,2
2,2,0
2,2,0
2,2,0
17,21,4
3,4,1
1,1,0
3,3,0
1,2,1
3,7,4
3,3,0
2,12,10
3,5,2
2,2,0
9,9,0
1,22,21
12,12,0
3,9,6
2,2,0
2,2,0
2,2,0
50,51,1
1,1,0
2,2,0
3,3,0
2,2,0
2,4,2
2,2,0
2,14,12
2,2,0
2,2,0
8,8,0
2,4,2
2,4,2
1,1,0
2,2,0
1,25,24
1,1,0
2,8,6
2,2,0
2,2,0
3,5,2
4,4,0
1,1,0
3,3,0
3,7,4
2,4,2
2,2,0
3,5,2
10,10,0
3,5,2
28,28,0
2,3,1
3,3,0
2,2,0
2,11,9
1,1,0
3,5,2
2,11,9
11,13,2
3,11,8
1,97,96
100,109,9
1,6,5
0,0,0
2,2,0
8,10,2
2,2,0
2,2,0
2,2,0
2,2,0
1,11,10
2,4,2
2,2,0
1,2,1
0,0,0
38,38,0
8,8,0
2,2,0
2,2,0
2,3,1
1,4,3
2,5,3
2,2,0
2,2,0
3,6,3
70,70,0
2,2,0
1,2,1
2,2,0
2,2,0
2,2,0
2,2,0
2,2,0
3,5,2
2,5,3
3,4,1
9,9,0
2,2,0
1,8,7
28,28,0
0,0,0
8,8,0
2,2,0
4,7,3
2,2,0
2,3,1
2,2,0
1,2,1
9,9,0
1,1,0
2,2,0
3,3,0
9,9,0
3,5,2
3,12,9
2,4,2
9,9,0
2,2,0
2,2,0
2,12,10
2,4,2
1,2,1
10,10,0
0,0,0
3,6,3
25,25,0
13,13,0
2,80,78
2,2,0
3,3,0
3,11,8
2,2,0
2,2,0
3,3,0
2,4,2
8,9,1
3,5,2
2,45,43
2,2,0
2,2,0
15,15,0
3,3,0
1,1,0
3,8,5
3,5,2
3,6,3
3,8,5
2,2,0
2,4,2
2,2,0
3,5,2
3,5,2
2,11,9
3,3,0
3,3,0
3,3,0
2,2,0
3,3,0
3,3,0
2,4,2
2,2,0
2,2,0
2,2,0
2,2,0
7,7,0
2,2,0
2,28,26
2,2,0
4,4,0
3,5,2
2,2,0
1,2,1
3,8,5
2,2,0
2,2,0
2,4,2
2,2,0
11,11,0
18,18,0
89,95,6
3,3,0
2,2,0
9,9,0
21,21,0
2,2,0
2,3,1
1,1,0
3,3,0
3,3,0
3,3,0
9,9,0
2,2,0
2,4,2
2,2,0
3,4,1
2,2,0
2,2,0
3,3,0
3,28,25
2,2,0
2,2,0
2,10,8
4,4,0
3,3,0
71,163,92
2,2,0
21,21,0
4,6,2
2,2,0
1,1,0
2,4,2
2,2,0
1,1,0
1,5,4
2,2,0
1,2,1
3,3,0
2,2,0
2,2,0
9,9,0
0,0,0
2,2,0
100,100,0
2,2,0
2,2,0
19,19,0
2,2,0
2,2,0
2,2,0
2,3,1
2,2,0
9,9,0
0,0,0
2,2,0
5,5,0
3,12,9
3,3,0
2,2,0
2,5,3
2,2,0
2,2,0
2,2,0
1,25,24
3,3,0
10,14,4
1,4,3
3,3,0
3,5,2
3,9,6
2,2,0
2,3,1
3,5,2
0,0,0
2,2,0
3,5,2
3,6,3
3,3,0
3,25,22
2,2,0
2,2,0
2,14,12
3,7,4
3,8,5
2,2,0
100,100,0
3,3,0
2,2,0
3,7,4
2,4,2
3,3,0
2,2,0
2,2,0
2,2,0
2,2,0
9,9,0
42,42,0
4,73,69
5,5,0
2,2,0
2,2,0
2,2,0
3,9,6
2,13,11
2,8,6
2,10,8
3,11,8
3,3,0
2,2,0
2,2,0
1,1,0
9,9,0
3,3,0
3,3,0
2,2,0
1,2,1
1,25,24
1,2,1
16,117,101
2,2,0
2,2,0
3,3,0
6,6,0
2,2,0
3,3,0
1,1,0
46,46,0
2,2,0
3,9,6
0,0,0
2,2,0
4,10,6
1,1,0
1,54,53
100,100,0
2,2,0
2,2,0
1,2,1
8,8,0
3,4,1
2,3,1
1,7,6
2,2,0
0,0,0
3,7,4
2,2,0
5,40,35
2,6,4
3,5,2
1,1,0
9,9,0
1,17,16
3,3,0
2,2,0
2,2,0
2,2,0
0,0,0
2,2,0
12,12,0
3,3,0
17,17,0
6,6,0
3,9,6
106,109,3
9,11,2
3,3,0
29,29,0
2,2,0
100,106,6
2,2,0
1,3,2
26,26,0
2,2,0
3,3,0
1,1,0
1,8,7
2,2,0
2,2,0
3,5,2
3,9,6
1,5,4
2,2,0
2,3,1
2,46,44
3,5,2
2,2,0
2,2,0
5,14,9
8,8,0
2,2,0
27,49,22
3,5,2
2,7,5
3,5,2
8,8,0
2,2,0
1,1,0
1,22,21
24,24,0
2,2,0
1,1,0
2,2,0
2,2,0
2,2,0
2,2,0
3,3,0
1,1,0
2,2,0
1,1,0
2,2,0
13,15,2
2,2,0
2,2,0
2,2,0
3,3,0
3,7,4
10,10,0
2,3,1
31,40,9
8,8,0
2,2,0
1,7,6
3,3,0
8,8,0
1,2,1
2,8,6
2,13,11
8,8,0
0,0,0
0,0,0
3,5,2
2,2,0
11,11,0
2,2,0
2,4,2
3,7,4
3,12,9
10,10,0
1,1,0
8,8,0
6,6,0
1,1,0
2,2,0
2,2,0
2,2,0
1,1,0
8,8,0
9,11,2
1,2,1
2,4,2
0,0,0
2,2,0
2,8,6
14,14,0
2,2,0
8,14,6
39,56,17
2,2,0
9,9,0
2,2,0
14,14,0
2,2,0
2,2,0
3,3,0
3,3,0
1,3,2
2,2,0
3,5,2
2,2,0
3,6,3
0,0,0
2,2,0
9,9,0
2,2,0
0,0,0
2,2,0
21,21,0
2,2,0
3,5,2
2,4,2
4,4,0
2,2,0
2,2,0
2,2,0
2,2,0
2,2,0
5,5,0
3,3,0
2,2,0
2,2,0
9,33,24
2,2,0
1,2,1
2,3,1
2,2,0
2,2,0
2,4,2
1,2,1
3,3,0
26,26,0
2,2,0
2,80,78
2,2,0
0,0,0
2,6,4
2,2,0
3,5,2
1,2,1
2,2,0
1,22,21
1,2,1
3,3,0
2,4,2
2,2,0
13,13,0
2,2,0
2,2,0
0,0,0
3,8,5
4,4,0
3,3,0
3,11,8
2,4,2
2,22,20
2,2,0
2,19,17
0,0,0
2,2,0
2,2,0
2,2,0
8,16,8
2,2,0
8,8,0
2,2,0
0,0,0
1,45,44
2,2,0
3,4,1
3,3,0
1,4,3
2,2,0
2,2,0
3,3,0
8,8,0
2,2,0
3,7,4
2,2,0
0,0,0
3,3,0
2,4,2
2,2,0
2,2,0
4,73,69
2,2,0
2,2,0
10,10,0
2,25,23
2,2,0
0,0,0
2,2,0
1,1,0
2,2,0
2,5,3
2,2,0
2,4,2
0,0,0
2,2,0
8,8,0
7,7,0
2,2,0
2,3,1
2,2,0
3,3,0
3,6,3
2,2,0
8,45,37
2,4,2
3,3,0
3,4,1
2,2,0
36,36,0
2,3,1
2,2,0
0,0,0
12,24,12
3,7,4
2,82,80
3,15,12
2,4,2
3,3,0
8,8,0
2,2,0
2,2,0
2,3,1
2,2,0
3,3,0
150,150,0
2,2,0
1,6,5
2,2,0
1,4,3
2,2,0
2,2,0
1,2,1
3,3,0
3,3,0
5,5,0
5,5,0
2,2,0
10,10,0
9,9,0
2,2,0
2,2,0
2,2,0
3,5,2
9,9,0
2,5,3
4,4,0
0,0,0
2,2,0
3,3,0
3,10,7
2,2,0
3,6,3
2,2,0
9,9,0
2,2,0
9,9,0
1,99,98
2,2,0
2,4,2
2,2,0
2,2,0
3,3,0
3,17,14
2,6,4
2,8,6
2,9,7
2,4,2
2,8,6
2,10,8
3,6,3
2,2,0
2,2,0
2,2,0
2,2,0
2,4,2
11,11,0
2,2,0
2,2,0
2,2,0
2,2,0
2,2,0
10,10,0
2,2,0
2,4,2
15,17,2
1,1,0
2,12,10
3,3,0
30,30,0
2,3,1
1,4,3
3,3,0
1,4,3
1,1,0
2,2,0
2,2,0
9,14,5
3,3,0
2,2,0
2,2,0
0,0,0
2,2,0
2,2,0
6,13,7
24,24,0
2,2,0
2,2,0
2,2,0
3,3,0
2,2,0
3,5,2
3,3,0
8,8,0
0,0,0
3,7,4
2,4,2
2,7,5
2,2,0
3,12,9
2,2,0
2,2,0
10,13,3
3,3,0
2,2,0
3,5,2
2,2,0
3,3,0
2,2,0
2,4,2
2,2,0
0,0,0
2,4,2
32,33,1
2,5,3
2,7,5
2,2,0
2,2,0
2,2,0
2,4,2
70,150,80
3,3,0
3,3,0
2,2,0
2,2,0
5,7,2
3,5,2
2,10,8
2,2,0
2,2,0
9,9,0
2,4,2
2,2,0
2,2,0
0,0,0
3,3,0
3,3,0
2,3,1
2,2,0
20,20,0
1,2,1
2,3,1
3,3,0
1,13,12
3,7,4
2,2,0
9,9,0
3,7,4
3,9,6
11,11,0
2,2,0
2,4,2
2,46,44
2,82,80
3,3,0
1,4,3
2,4,2
2,10,8
2,2,0
2,2,0
2,2,0
3,27,24
2,2,0
2,2,0
32,32,0
137,137,0
3,3,0
8,8,0
2,2,0
2,2,0
3,6,3
3,3,0
3,18,15
2,55,53
8,10,2
2,2,0
2,2,0
2,4,2
3,9,6
3,3,0
2,3,1
2,4,2
1,1,0
3,18,15
3,6,3
2,2,0
2,10,8
9,9,0
3,3,0
4,4,0
2,2,0
1,1,0
1,2,1
1,1,0
9,9,0
2,2,0
2,2,0
2,164,162
2,2,0
3,3,0
4,4,0
2,2,0
2,3,1
2,2,0
2,2,0
0,0,0
3,7,4
4,4,0
2,2,0
10,10,0
4,4,0
11,15,4
0,0,0
1,2,1
3,3,0
2,2,0
5,5,0
7,14,7
1,23,22
2,2,0
2,2,0
1,4,3
3,6,3
2,2,0
0,0,0
3,9,6
1,1,0
2,3,1
8,9,1
2,2,0
9,52,43
1,3,2
2,2,0
0,0,0
1,2,1
1,2,1
3,7,4
3,4,1
2,2,0
2,4,2
3,4,1
2,2,0
2,4,2
1,23,22
2,2,0
0,0,0
2,5,3
2,54,52
3,3,0
1,4,3
2,11,9
2,2,0
3,8,5
0,0,0
8,8,0
3,11,8
2,2,0
3,6,3
2,6,4
3,11,8
2,4,2
82,82,0
2,3,1
2,7,5
8,8,0
2,2,0
2,2,0
2,2,0
8,8,0
2,4,2
2,2,0
2,2,0
8,8,0
6,22,16
6,13,7
2,5,3
2,4,2
3,5,2
3,8,5
2,2,0
3,3,0
2,11,9
3,5,2
74,75,1
3,5,2
1,1,0
2,2,0
4,4,0
2,2,0
2,2,0
3,3,0
2,2,0
1,2,1
2,2,0
8,12,4
1,14,13
1,23,22
2,2,0
2,4,2
2,2,0
3,9,6
6,6,0
2,2,0
1,3,2
3,3,0
2,12,10
1,1,0
2,8,6
2,4,2
3,3,0
3,7,4
8,8,0
3,3,0
2,2,0
3,3,0
1,2,1
3,3,0
2,10,8
15,15,0
2,2,0
3,3,0
2,2,0
8,8,0
2,6,4
1,1,0
2,2,0
8,8,0
38,97,59
2,2,0
4,9,5
3,3,0
2,6,4
3,3,0
2,3,1
3,3,0
8,8,0
2,2,0
3,3,0
2,8,6
2,2,0
1,2,1
3,4,1
3,3,0
2,2,0
1,1,0
2,2,0
3,3,0
3,3,0
2,2,0
3,13,10
3,3,0
3,3,0
3,3,0
2,4,2
1,25,24
2,2,0
2,5,3
2,2,0
3,3,0
3,3,0
2,2,0
2,4,2
1,2,1
3,5,2
2,2,0
2,2,0
2,2,0
7,10,3
3,4,1
3,3,0
2,2,0
2,2,0
2,5,3
1,36,35
2,6,4
8,8,0
1,1,0
2,2,0
3,9,6
2,2,0
26,30,4
2,5,3
2,2,0
2,2,0
3,8,5
2,19,17
3,7,4
6,21,15
2,2,0
1,2,1
2,2,0
2,2,0
1,3,2
16,16,0
2,2,0
14,15,1
2,2,0
1,1,0
3,3,0
3,3,0
2,2,0
2,2,0
8,8,0
2,2,0
3,5,2
2,2,0
3,4,1
3,11,8
3,3,0
1,2,1
2,2,0
2,2,0
3,5,2
0,0,0
3,3,0
3,5,2
15,16,1
2,2,0
2,2,0
2,2,0
11,11,0
2,4,2
2,2,0
3,3,0
0,0,0
2,12,10
3,3,0
2,14,12
26,26,0
2,2,0
2,24,22
10,10,0
2,2,0
2,2,0
9,9,0
2,2,0
2,2,0
2,2,0
2,4,2
3,3,0
2,2,0
2,15,13
8,8,0
0,0,0
2,2,0
2,3,1
62,63,1
2,2,0
42,42,0
2,2,0
9,9,0
105,379,274
3,6,3
12,17,5
2,2,0
1,2,1
3,3,0
3,3,0
2,2,0
3,3,0
3,3,0
2,4,2
2,2,0
2,4,2
2,2,0
3,3,0
3,3,0
3,3,0
2,2,0
3,15,12
1,2,1
3,3,0
3,3,0
3,12,9
3,3,0
3,7,4
3,5,2
2,5,3
3,4,1
2,2,0
2,2,0
2,2,0
3,3,0
2,2,0
1,3,2
3,5,2
0,0,0
2,2,0
5,5,0
100,200,100
2,2,0
2,80,78
0,0,0
13,108,95
2,2,0
3,3,0
2,9,7
2,2,0
2,2,0
3,4,1
2,6,4
0,0,0
2,2,0
3,5,2
2,5,3
3,5,2
2,2,0
10,15,5
2,2,0
2,2,0
9,9,0
8,8,0
2,2,0
3,3,0
11,11,0
2,4,2
2,2,0
2,2,0
2,4,2
1,1,0
5,5,0
2,2,0
2,2,0
1,2,1
2,2,0
0,0,0
2,6,4
1,1,0
1,1,0
3,4,1
2,16,14
9,9,0
3,5,2
2,2,0
1,3,2
3,3,0
2,2,0
12,12,0
2,2,0
3,5,2
2,2,0
2,4,2
75,76,1
30,34,4
2,2,0
3,3,0
3,3,0
3,3,0
2,4,2
8,8,0
3,3,0
2,23,21
2,6,4
2,2,0
3,9,6
0,0,0
20,20,0
3,5,2
2,2,0
2,2,0
2,2,0
2,2,0
8,8,0
2,2,0
2,4,2
3,8,5
1,2,1
3,3,0
2,2,0
2,2,0
2,2,0
2,2,0
3,5,2
2,4,2
1,3,2
2,25,23
11,11,0
1,3,2
2,2,0
3,3,0
2,2,0
2,2,0
2,2,0
3,6,3
2,2,0
2,28,26
11,12,1
2,2,0
3,5,2
2,4,2
2,3,1
2,2,0
2,6,4
3,3,0
3,5,2
2,2,0
2,2,0
2,8,6
1,15,14
2,2,0
3,4,1
2,2,0
2,2,0
2,2,0
2,2,0
2,2,0
3,3,0
2,4,2
11,13,2
3,7,4
33,33,0
2,2,0
3,5,2
2,2,0
3,6,3
7,9,2
2,2,0
2,2,0
1,3,2
27,27,0
2,2,0
8,8,0
2,2,0
2,2,0
2,4,2
1,39,38
4,6,2
2,2,0
2,4,2
3,3,0
2,2,0
3,5,2
2,4,2
2,2,0
3,3,0
2,2,0
3,10,7
0,0,0
32,34,2
3,3,0
2,2,0
2,23,21
3,3,0
1,1,0
3,5,2
2,2,0
4,9,5
2,2,0
2,2,0
2,2,0
5,8,3
4,10,6
3,3,0
1,2,1
2,2,0
1,1,0
3,4,1
0,0,0
2,12,10
3,3,0
2,2,0
2,8,6
2,2,0
2,2,0
2,2,0
3,3,0
2,2,0
81,81,0
3,7,4
3,5,2
1,8,7
14,14,0
2,4,2
3,5,2
2,2,0
2,2,0
1,1,0
1,1,0
125,125,0
2,12,10
8,8,0
2,2,0
8,8,0
2,2,0
1,3,2
2,2,0
2,6,4
2,84,82
2,4,2
6,8,2
2,2,0
2,6,4
3,3,0
3,3,0
4,4,0
4,4,0
4,7,3
1,4,3
1,3,2
2,2,0
9,9,0
2,2,0
3,11,8
2,2,0
2,15,13
14,16,2
2,3,1
10,10,0
1,1,0
3,5,2
2,2,0
2,2,0
2,2,0
2,2,0
2,2,0
2,2,0
2,2,0
1,2,1
2,4,2
125,125,0
1,2,1
3,3,0
2,2,0
3,5,2
2,2,0
9,9,0
2,2,0
2,2,0
2,2,0
2,2,0
1,2,1
10,12,2
1,13,12
100,106,6
2,3,1
2,7,5
2,2,0
2,2,0
2,5,3
3,8,5
2,7,5
2,2,0
2,2,0
3,5,2
139,139,0
3,3,0
2,2,0
2,2,0
81,81,0
2,2,0
2,2,0
2,2,0
1,3,2
2,4,2
2,2,0
3,10,7
2,2,0
2,2,0
5,11,6
3,5,2
2,2,0
2,4,2
3,3,0
2,2,0
11,11,0
2,8,6
1,2,1
1,3,2
1,2,1
1,3,2
2,2,0
2,2,0
2,4,2
6,7,1
2,2,0
2,2,0
2,2,0
2,2,0
8,8,0
3,6,3
0,0,0
1,3,2
3,13,10
1,1,0
1,59,58
1,2,1
3,7,4
11,11,0
6,6,0
3,4,1
2,2,0
3,5,2
2,2,0
3,3,0
126,126,0
2,2,0
1,3,2
1,2,1
2,2,0
1,2,1
1,1,0
2,6,4
3,8,5
2,7,5
2,4,2
3,3,0
2,2,0
1,2,1
1,25,24
3,5,2
50,57,7
2,2,0
2,2,0
2,2,0
58,58,0
2,4,2
3,5,2
3,3,0
4,6,2
4,5,1
2,2,0
2,2,0
1,1,0
2,2,0
99,199,100
3,4,1
4,4,0
3,19,16
2,2,0
8,8,0
36,36,0
1,1,0
1,1,0
2,2,0
3,5,2
3,4,1
2,2,0
0,0,0
2,8,6
3,4,1
2,17,15
2,2,0
2,2,0
2,2,0
2,2,0
2,2,0
1,1,0
2,2,0
2,2,0
3,3,0
2,2,0
2,2,0
2,2,0
1,1,0
2,2,0
3,8,5
2,2,0
3,6,3
1,1,0
2,2,0
8,8,0
3,3,0
3,3,0
4,4,0
17,17,0
3,5,2
3,3,0
15,15,0
2,2,0
2,2,0
3,9,6
2,7,5
6,6,0
1,11,10
3,3,0
9,9,0
250,250,0
1,1,0
0,0,0
3,3,0
1,2,1
3,3,0
9,9,0
2,2,0
0,0,0
3,3,0
2,4,2
2,2,0
3,5,2
2,2,0
2,4,2
2,2,0
3,4,1
2,2,0
1,2,1
100,200,100
2,2,0
18,18,0
3,5,2
2,3,1
3,3,0
2,2,0
44,47,3
3,3,0
1,2,1
1,5,4
3,3,0
2,4,2
2,2,0
2,2,0
3,7,4
2,2,0
2,2,0
2,3,1
2,2,0
3,5,2
2,2,0
2,2,0
2,2,0
1,25,24
39,40,1
4,24,20
2,2,0
3,7,4
2,2,0
2,2,0
12,19,7
1,1,0
2,3,1
2,2,0
1,2,1
2,2,0
8,9,1
3,5,2
2,2,0
0,0,0
2,2,0
2,2,0
3,3,0
1,1,0
2,7,5
2,21,19
2,2,0
100,153,53
0,0,0
2,2,0
2,7,5
0,0,0
3,5,2
2,3,1
2,2,0
4,4,0
2,2,0
11,13,2
2,2,0
7,7,0
2,6,4
3,7,4
79,79,0
2,11,9
2,7,5
2,4,2
3,3,0
3,3,0
3,7,4
2,2,0
2,2,0
123,159,36
3,4,1
1,2,1
3,5,2
8,8,0
2,2,0
1,2,1
2,5,3
9,9,0
3,3,0
6,34,28
4,4,0
2,2,0
11,11,0
3,19,16
2,4,2
2,3,1
3,5,2
3,3,0
2,2,0
2,2,0
2,2,0
2,2,0
3,5,2
3,5,2
19,19,0
2,2,0
3,4,1
2,4,2
3,25,22
2,2,0
9,9,0
0,0,0
8,16,8
2,2,0
6,6,0
2,2,0
2,2,0
3,3,0
3,5,2
2,2,0
2,2,0
2,2,0
2,2,0
6,6,0
3,5,2
2,2,0
2,2,0
2,2,0
0,0,0
3,3,0
6,18,12
2,2,0
3,3,0
3,9,6
6,8,2
3,3,0
2,2,0
3,6,3
2,2,0
2,39,37
2,4,2
3,7,4
3,3,0
3,3,0
2,2,0
2,5,3
2,3,1
8,8,0
2,2,0
2,2,0
2,2,0
2,2,0
2,2,0
2,4,2
2,8,6
3,4,1
2,2,0
2,2,0
3,5,2
2,2,0
3,12,9
2,2,0
2,9,7
3,6,3
2,33,31
2,2,0
3,3,0
2,2,0
3,5,2
3,5,2
2,2,0
2,2,0
3,11,8
3,3,0
1,4,3
2,2,0
2,2,0
2,2,0
2,2,0
0,0,0
4,4,0
2,2,0
1,2,1
2,4,2
2,2,0
2,4,2
3,5,2
3,7,4
2,2,0
2,2,0
0,0,0
3,3,0
2,6,4
2,2,0
1,2,1
2,2,0
3,3,0
2,2,0
8,18,10
3,3,0
2,4,2
32,149,117
3,5,2
2,2,0
3,8,5
2,2,0
2,2,0
2,2,0
8,8,0
0,0,0
3,3,0
2,4,2
2,2,0
2,4,2
3,5,2
1,1,0
9,9,0
3,5,2
1,1,0
3,5,2
2,2,0
2,9,7
3,5,2
3,5,2
1,1,0
3,5,2
0,0,0
16,16,0
2,23,21
3,5,2
2,2,0
2,2,0
3,3,0
12,12,0
2,2,0
3,3,0
2,4,2
8,8,0
2,2,0
4,4,0
2,3,1
3,5,2
2,6,4
2,2,0
2,2,0
3,5,2
8,8,0
2,2,0
2,2,0
100,200,100
2,2,0
2,6,4
1,5,4
100,104,4
2,4,2
2,2,0
2,50,48
2,19,17
3,19,16
2,4,2
1,1,0
2,3,1
73,73,0
3,5,2
2,2,0
3,3,0
2,3,1
3,7,4
120,242,122
4,4,0
3,3,0
2,13,11
3,3,0
1,1,0
100,100,0
0,0,0
2,2,0
3,3,0
2,4,2
2,2,0
8,8,0
4,4,0
3,3,0
2,5,3
1,2,1
3,3,0
2,2,0
2,2,0
0,0,0
2,2,0
3,15,12
0,0,0
3,3,0
2,2,0
3,7,4
2,2,0
0,0,0
3,3,0
3,16,13
2,2,0
2,2,0
9,9,0
2,2,0
3,5,2
3,3,0
3,3,0
3,3,0
1,23,22
3,11,8
2,2,0
2,8,6
51,101,50
8,51,43
3,3,0
1,3,2
2,34,32
2,2,0
0,0,0
2,3,1
2,2,0
2,2,0
2,2,0
2,6,4
2,2,0
2,3,1
3,4,1
2,2,0
5,5,0
56,56,0
2,13,11
3,5,2
2,2,0
1,1,0
4,15,11
2,2,0
3,3,0
2,2,0
26,29,3
3,5,2
2,4,2
3,4,1
2,2,0
3,6,3
2,2,0
0,0,0
2,2,0
1,2,1
3,6,3
3,5,2
2,2,0
2,2,0
2,2,0
2,2,0
4,10,6
5,5,0
3,3,0
3,3,0
8,8,0
3,5,2
1,2,1
2,2,0
2,2,0
2,24,22
2,2,0
60,60,0
3,16,13
8,8,0
2,2,0
2,82,80
2,2,0
2,7,5
3,3,0
9,18,9
3,3,0
2,2,0
1,1,0
2,3,1
2,3,1
2,2,0
2,2,0
6,6,0
3,5,2
2,3,1
2,2,0
2,2,0
8,8,0
2,5,3
3,3,0
2,4,2
5,5,0
9,10,1
2,2,0
2,10,8
9,9,0
2,2,0
1,3,2
3,3,0
2,2,0
3,3,0
2,2,0
2,3,1
2,2,0
3,8,5
0,0,0
3,7,4
4,4,0
3,19,16
3,6,3
3,13,10
3,25,22
2,4,2
3,3,0
2,2,0
2,4,2
2,2,0
2,2,0
2,2,0
2,2,0
2,4,2
3,8,5
2,2,0
1,1,0
1,1,0
2,2,0
5,7,2
2,3,1
2,3,1
1,1,0
2,2,0
2,2,0
2,2,0
12,12,0
17,17,0
2,2,0
2,2,0
2,2,0
3,3,0
2,17,15
8,8,0
1,2,1
3,7,4
1,1,0
2,3,1
1,1,0
2,2,0
1,1,0
2,2,0
2,2,0
8,8,0
2,2,0
2,4,2
4,6,2
2,4,2
3,3,0
7,24,17
3,3,0
2,2,0
3,3,0
3,3,0
3,5,2
2,2,0
2,2,0
2,2,0
2,2,0
2,2,0
2,2,0
2,5,3
3,5,2
8,8,0
1,1,0
3,3,0
3,14,11
100,100,0
4,6,2
3,12,9
2,2,0
3,5,2
1,4,3
4,4,0
2,3,1
3,7,4
2,5,3
3,3,0
9,9,0
51,51,0
8,8,0
3,5,2
69,69,0
11,11,0
2,2,0
2,2,0
2,2,0
20,20,0
0,0,0
2,2,0
1,2,1
2,6,4
2,2,0
2,8,6
3,3,0
2,4,2
2,2,0
8,8,0
3,3,0
3,5,2
2,4,2
2,2,0
22,22,0
2,2,0
2,12,10
8,8,0
3,3,0
2,4,2
3,3,0
2,2,0
9,9,0
1,1,0
2,9,7
2,2,0
2,2,0
2,2,0
2,2,0
2,4,2
9,9,0
2,2,0
2,6,4
3,6,3
2,4,2
1,2,1
2,2,0
3,3,0
0,0,0
2,2,0
3,3,0
1,2,1
2,21,19
26,30,4
30,30,0
2,2,0
2,2,0
2,2,0
3,3,0
3,5,2
2,2,0
2,2,0
11,11,0
3,3,0
4,6,2
2,2,0
2,2,0
8,8,0
0,0,0
2,5,3
9,12,3
2,3,1
96,96,0
0,0,0
2,2,0
3,5,2
2,2,0
9,9,0
8,8,0
2,2,0
47,47,0
9,9,0
1,2,1
3,3,0
3,3,0
2,4,2
5,5,0
2,3,1
131,227,96
1,1,0
2,3,1
2,2,0
2,2,0
1,1,0
3,9,6
3,3,0
2,2,0
1,74,73
2,3,1
3,3,0
3,9,6
7,7,0
4,4,0
1,15,14
3,10,7
2,2,0
2,2,0
3,9,6
3,13,10
2,2,0
4,4,0
4,4,0
3,7,4
1,4,3
2,2,0
2,4,2
4,4,0
2,2,0
2,2,0
3,4,1
0,0,0
2,2,0
3,3,0
3,3,0
3,3,0
3,9,6
2,8,6
3,3,0
2,4,2
3,3,0
2,2,0
2,2,0
2,2,0
3,7,4
4,4,0
2,2,0
2,2,0
0,0,0
3,3,0
0,0,0
22,33,11
3,5,2
2,6,4
0,0,0
2,2,0
2,4,2
2,2,0
3,5,2
3,3,0
2,2,0
19,30,11
3,5,2
2,2,0
2,7,5
3,3,0
2,4,2
3,3,0
3,6,3
0,0,0
2,6,4
2,3,1
3,3,0
2,2,0
2,2,0
2,2,0
1,21,20
6,53,47
3,7,4
2,2,0
3,3,0
4,4,0
2,2,0
2,2,0
0,0,0
0,0,0
100,100,0
1,4,3
2,2,0
2,2,0
2,2,0
2,4,2
3,3,0
2,2,0
0,0,0
2,2,0
2,33,31
2,2,0
1,3,2
8,16,8
1,1,0
2,2,0
3,3,0
2,3,1
8,10,2
1,1,0
2,3,1
9,9,0
2,2,0
9,9,0
3,5,2
3,3,0
2,2,0
3,4,1
2,2,0
106,109,3
7,7,0
1,4,3
35,36,1
2,2,0
2,2,0
2,3,1
25,25,0
2,2,0
2,2,0
9,9,0
8,8,0
2,2,0
2,2,0
2,4,2
2,2,0
2,2,0
3,3,0
74,74,0
15,15,0
1,1,0
1,29,28
6,6,0
2,4,2
0,0,0
2,2,0
2,2,0
1,1,0
2,2,0
2,2,0
2,2,0
7,7,0
12,12,0
3,5,2
51,51,0
2,2,0
0,0,0
3,3,0
1,1,0
3,76,73
3,3,0
2,2,0
3,7,4
3,5,2
3,5,2
1,22,21
2,45,43
2,2,0
2,2,0
3,10,7
2,2,0
2,2,0
2,5,3
2,2,0
3,3,0
2,2,0
1,2,1
3,3,0
1,1,0
2,2,0
40,40,0
2,6,4
3,5,2
3,3,0
5,5,0
2,4,2
2,2,0
2,8,6
2,2,0
2,4,2
2,4,2
6,6,0
8,10,2
3,3,0
3,3,0
2,4,2
2,12,10
2,4,2
3,5,2
82,82,0
4,8,4
2,2,0
8,8,0
16,18,2
1,1,0
3,3,0
0,0,0
2,2,0
3,5,2
3,5,2
2,2,0
5,5,0
0,0,0
2,2,0
2,2,0
2,2,0
1,2,1
2,2,0
12,12,0
10,10,0
10,10,0
2,4,2
3,12,9
2,8,6
2,3,1
3,3,0
2,2,0
0,0,0
0,0,0
9,9,0
2,2,0
22,22,0
2,2,0
12,12,0
2,2,0
3,7,4
8,8,0
2,3,1
11,11,0
3,3,0
22,22,0
55,61,6
2,2,0
3,7,4
2,2,0
60,121,61
2,2,0
3,3,0
3,5,2
9,9,0
2,2,0
2,2,0
2,2,0
20,20,0
2,2,0
3,5,2
2,80,78
8,8,0
2,2,0
3,5,2
49,49,0
1,3,2
1,11,10
3,7,4
3,13,10
3,3,0
2,2,0
2,4,2
2,2,0
2,5,3
2,40,38
2,2,0
9,9,0
5,7,2
3,3,0
2,2,0
2,4,2
0,0,0
9,9,0
2,2,0
2,2,0
9,9,0
2,10,8
2,4,2
2,2,0
0,0,0
2,2,0
2,2,0
2,2,0
2,2,0
1,2,1
3,5,2
2,2,0
3,3,0
3,8,5
5,5,0
1,1,0
4,4,0
3,5,2
3,11,8
8,8,0
2,3,1
3,8,5
3,3,0
0,0,0
0,0,0
1,1,0
2,2,0
2,2,0
1,3,2
2,2,0
3,3,0
59,59,0
2,2,0
2,2,0
100,100,0
4,4,0
2,2,0
3,3,0
3,5,2
4,6,2
0,0,0
2,2,0
3,21,18
3,11,8
3,5,2
3,5,2
20,20,0
3,3,0
3,3,0
2,2,0
2,2,0
2,2,0
3,3,0
2,2,0
2,16,14
2,2,0
0,0,0
2,2,0
97,97,0
7,7,0
2,7,5
2,16,14
4,4,0
5,5,0
2,2,0
2,4,2
2,12,10
2,2,0
2,2,0
3,5,2
2,2,0
3,18,15
2,2,0
2,2,0
2,2,0
8,8,0
2,2,0
1,6,5
2,6,4
3,3,0
1,1,0
3,3,0
2,2,0
2,8,6
1,1,0
1,1,0
3,3,0
8,8,0
43,43,0
2,2,0
2,3,1
3,5,2
2,2,0
2,2,0
2,2,0
2,2,0
1,1,0
2,16,14
3,12,9
2,2,0
2,2,0
3,3,0
2,2,0
3,6,3
2,2,0
115,115,0
2,2,0
2,2,0
100,100,0
3,5,2
2,2,0
2,7,5
2,2,0
3,46,43
3,3,0
2,2,0
3,7,4
1,3,2
1,1,0
2,7,5
2,6,4
3,3,0
7,7,0
2,2,0
2,2,0
2,2,0
2,2,0
9,9,0
3,7,4
100,100,0
8,8,0
2,8,6
2,2,0
3,3,0
3,5,2
2,37,35
8,8,0
4,4,0
2,2,0
2,2,0
1,10,9
2,2,0
1,2,1
12,12,0
3,8,5
2,2,0
30,30,0
2,7,5
2,32,30
2,2,0
2,7,5
2,2,0
2,2,0
3,5,2
3,6,3
2,47,45
4,82,78
3,3,0
2,2,0
2,26,24
2,4,2
2,2,0
51,51,0
2,2,0
3,5,2
2,7,5
2,2,0
0,0,0
3,3,0
9,9,0
2,2,0
6,6,0
0,0,0
2,2,0
3,5,2
2,2,0
3,11,8
3,3,0
2,19,17
2,6,4
3,3,0
2,2,0
3,5,2
9,9,0
3,10,7
3,3,0
3,5,2
2,6,4
2,2,0
1,2,1
3,3,0
2,2,0
2,2,0
2,4,2
1,1,0
2,2,0
3,5,2
14,18,4
2,8,6
2,2,0
3,3,0
2,2,0
2,2,0
10,10,0
3,5,2
2,2,0
2,2,0
2,22,20
2,2,0
2,2,0
2,2,0
2,5,3
0,0,0
2,2,0
2,3,1
2,4,2
2,2,0
2,2,0
1,1,0
0,0,0
3,3,0
3,9,6
7,7,0
3,3,0
1,1,0
2,2,0
3,8,5
2,2,0
1,1,0
2,23,21
3,9,6
3,5,2
2,2,0
2,3,1
2,5,3
3,3,0
2,2,0
3,3,0
8,8,0
2,7,5
2,4,2
1,2,1
2,4,2
2,2,0
2,16,14
2,2,0
3,3,0
33,33,0
2,4,2
3,5,2
3,3,0
2,2,0
2,2,0
2,2,0
12,12,0
8,8,0
3,3,0
2,2,0
3,3,0
2,2,0
2,40,38
2,4,2
2,2,0
3,3,0
3,7,4
3,3,0
27,31,4
3,3,0
2,82,80
5,5,0
6,6,0
2,2,0
3,3,0
462,462,0
2,7,5
2,2,0
4,4,0
3,3,0
2,4,2
40,43,3
2,2,0
3,3,0
4,6,2
2,3,1
2,2,0
1,5,4
3,8,5
3,3,0
3,3,0
0,0,0
2,4,2
2,2,0
23,23,0
349,362,13
3,8,5
1,1,0
2,6,4
2,2,0
8,8,0
44,46,2
3,3,0
9,9,0
2,2,0
2,2,0
2,2,0
3,3,0
2,2,0
1,2,1
3,3,0
3,3,0
2,2,0
1,17,16
3,5,2
2,2,0
2,4,2
1,1,0
2,2,0
3,3,0
2,2,0
1,1,0
2,4,2
1,2,1
2,5,3
3,5,2
1,8,7
2,2,0
2,4,2
2,2,0
2,3,1
6,6,0
0,0,0
2,2,0
4,4,0
0,0,0
3,5,2
3,11,8
3,3,0
3,3,0
1,2,1
1,3,2
10,39,29
22,22,0
3,5,2
2,2,0
3,3,0
10,10,0
8,8,0
2,2,0
2,2,0
18,18,0
11,11,0
2,2,0
6,6,0
35,125,90
1,2,1
8,8,0
2,5,3
3,8,5
2,2,0
4,4,0
3,3,0
2,2,0
100,200,100
2,2,0
37,37,0
2,2,0
22,22,0
12,12,0
2,4,2
2,2,0
2,2,0
2,8,6
9,9,0
14,14,0
3,5,2
2,7,5
3,12,9
2,2,0
3,5,2
2,5,3
36,36,0
3,3,0
2,2,0
2,2,0
22,22,0
2,2,0
9,109,100
2,4,2
8,8,0
4,4,0
2,3,1
2,2,0
2,4,2
2,2,0
3,7,4
3,3,0
3,7,4
3,16,13
25,25,0
1,1,0
2,2,0
2,3,1
2,3,1
49,49,0
2,4,2
2,2,0
2,2,0
1,24,23
2,2,0
2,2,0
2,2,0
2,6,4
3,3,0
32,32,0
2,2,0
6,6,0
9,9,0
1,1,0
3,5,2
3,5,2
2,2,0
2,2,0
3,7,4
21,21,0
8,8,0
2,3,1
2,2,0
2,2,0
3,3,0
3,3,0
2,2,0
1,2,1
1,7,6
2,2,0
2,5,3
2,2,0
3,11,8
1,1,0
2,2,0
2,2,0
1,2,1
5,5,0
2,11,9
8,12,4
0,0,0
1,2,1
1,23,22
2,2,0
3,3,0
2,2,0
2,2,0
2,6,4
1,1,0
3,3,0
2,4,2
8,8,0
10,10,0
2,3,1
3,14,11
2,2,0
3,3,0
2,2,0
3,3,0
2,2,0
0,0,0
1,1,0
2,2,0
3,7,4
3,3,0
3,3,0
3,3,0
3,3,0
2,2,0
3,3,0
3,8,5
2,2,0
7,7,0
2,3,1
2,2,0
2,2,0
2,6,4
2,2,0
2,2,0
1,6,5
2,2,0
1,4,3
1,2,1
8,8,0
2,12,10
2,2,0
2,3,1
2,2,0
2,2,0
2,2,0
2,6,4
2,4,2
1,1,0
3,3,0
1,4,3
2,2,0
2,2,0
10,10,0
3,3,0
4,4,0
14,14,0
2,2,0
9,9,0
2,2,0
2,2,0
2,2,0
2,2,0
3,3,0
1,1,0
2,2,0
3,3,0
2,3,1
3,7,4
3,3,0
3,3,0
2,2,0
33,45,12
9,9,0
3,10,7
2,2,0
2,2,0
1,30,29
3,3,0
8,8,0
8,8,0
9,9,0
3,3,0
47,57,10
2,8,6
2,2,0
2,2,0
2,4,2
2,2,0
9,9,0
2,2,0
0,0,0
2,4,2
8,11,3
7,7,0
3,3,0
1,1,0
3,3,0
2,2,0
1,20,19
2,2,0
3,5,2
3,3,0
2,2,0
2,3,1
0,0,0
10,12,2
3,3,0
12,12,0
2,2,0
3,9,6
2,8,6
2,2,0
3,5,2
3,3,0
2,2,0
6,10,4
3,3,0
3,3,0
3,7,4
10,14,4
0,0,0
2,2,0
0,0,0
3,5,2
2,6,4
2,2,0
3,3,0
2,2,0
2,2,0
2,2,0
3,3,0
3,5,2
3,3,0
3,5,2
1,3,2
2,2,0
1,10,9
2,2,0
3,3,0
3,3,0
2,2,0
2,2,0
3,3,0
10,10,0
2,2,0
2,2,0
3,3,0
9,9,0
2,4,2
2,2,0
2,2,0
2,2,0
2,2,0
3,7,4
1,1,0
2,23,21
2,9,7
2,2,0
3,8,5
3,4,1
3,3,0
2,3,1
6,8,2
9,9,0
2,2,0
22,22,0
2,3,1
2,2,0
2,3,1
2,2,0
4,4,0
2,2,0
2,4,2
2,2,0
3,5,2
83,83,0
3,10,7
2,4,2
2,4,2
4,7,3
12,12,0
2,2,0
2,2,0
10,10,0
2,2,0
46,46,0
8,8,0
3,3,0
0,0,0
1,24,23
8,8,0
2,2,0
8,60,52
2,2,0
3,7,4
2,2,0
11,11,0
3,3,0
9,9,0
2,13,11
2,2,0
2,5,3
2,4,2
1,2,1
9,9,0
19,24,5
2,10,8
3,3,0
2,2,0
3,5,2
2,2,0
3,3,0
2,2,0
2,2,0
8,8,0
2,2,0
2,4,2
2,4,2
2,5,3
9,9,0
3,3,0
8,8,0
4,7,3
13,13,0
2,2,0
2,2,0
3,6,3
3,5,2
2,2,0
3,29,26
2,2,0
1,1,0
1,1,0
9,19,10
2,80,78
3,8,5
3,4,1
1,5,4
0,0,0
3,13,10
25,101,76
3,3,0
2,2,0
3,3,0
2,13,11
2,2,0
2,5,3
2,2,0
2,2,0
5,5,0
2,2,0
2,4,2
2,4,2
3,5,2
2,4,2
8,8,0
2,2,0
2,3,1
2,2,0
4,4,0
2,2,0
26,26,0
2,2,0
3,3,0
3,10,7
8,8,0
3,5,2
2,2,0
3,7,4
2,60,58
2,2,0
8,8,0
2,2,0
3,3,0
2,2,0
2,2,0
3,5,2
3,3,0
3,3,0
3,3,0
2,2,0
2,2,0
3,3,0
47,129,82
1,46,45
2,80,78
2,4,2
12,12,0
0,0,0
2,2,0
2,2,0
0,0,0
2,6,4
2,2,0
1,1,0
1,7,6
1,4,3
51,74,23
2,2,0
2,11,9
2,2,0
2,3,1
2,2,0
1,1,0
3,3,0
3,3,0
3,17,14
1,4,3
2,2,0
3,3,0
6,6,0
2,2,0
8,8,0
9,9,0
2,2,0
2,2,0
8,8,0
1,3,2
2,2,0
9,9,0
0,0,0
2,2,0
2,6,4
2,2,0
2,2,0
3,5,2
3,3,0
2,2,0
1,2,1
3,3,0
2,4,2
0,0,0
2,2,0
2,2,0
3,9,6
2,2,0
2,2,0
2,2,0
3,3,0
2,2,0
11,29,18
2,2,0
2,2,0
2,2,0
0,0,0
2,6,4
2,4,2
2,2,0
2,2,0
3,3,0
2,8,6
9,9,0
9,9,0
10,11,1
3,3,0
2,2,0
2,2,0
3,5,2
2,6,4
2,2,0
2,2,0
2,2,0
1,1,0
3,3,0
4,19,15
9,9,0
2,3,1
1,7,6
2,8,6
2,2,0
3,5,2
1,4,3
2,2,0
2,2,0
1,1,0
3,8,5
2,2,0
3,3,0
3,3,0
1,5,4
0,0,0
2,2,0
3,3,0
2,2,0
3,3,0
1,26,25
2,2,0
8,8,0
2,2,0
2,3,1
2,6,4
3,3,0
4,5,1
2,8,6
3,3,0
3,4,1
2,5,3
2,3,1
3,5,2
12,13,1
2,2,0
3,7,4
3,7,4
3,3,0
2,6,4
2,2,0
3,3,0
2,6,4
3,3,0
1,77,76
2,2,0
2,3,1
3,6,3
2,2,0
1,2,1
2,2,0
2,4,2
7,7,0
2,2,0
1,2,1
21,21,0
24,29,5
2,2,0
20,20,0
3,3,0
3,3,0
2,2,0
2,2,0
2,2,0
3,5,2
2,2,0
3,3,0
3,5,2
2,2,0
3,3,0
0,0,0
3,3,0
3,3,0
1,4,3
2,4,2
2,2,0
2,2,0
3,9,6
1,1,0
2,4,2
3,6,3
2,2,0
2,2,0
2,5,3
2,2,0
2,2,0
9,9,0
3,16,13
4,4,0
1,1,0
2,2,0
3,5,2
10,18,8
2,2,0
2,4,2
1,2,1
2,2,0
2,2,0
3,7,4
3,5,2
0,0,0
3,8,5
2,2,0
2,2,0
3,3,0
2,2,0
2,2,0
2,2,0
0,0,0
51,51,0
12,12,0
6,6,0
2,4,2
2,21,19
4,11,7
2,2,0
3,5,2
1,2,1
2,2,0
9,9,0
1,1,0
0,0,0
2,2,0
2,2,0
2,2,0
3,4,1
2,2,0
3,3,0
2,2,0
8,8,0
1,2,1
1,1,0
2,2,0
2,2,0
2,11,9
0,0,0
32,109,77
3,5,2
1,1,0
2,2,0
2,2,0
2,2,0
3,3,0
3,3,0
2,2,0
2,2,0
6,13,7
11,11,0
1,246,245
2,80,78
2,2,0
2,2,0
9,9,0
1,2,1
2,2,0
0,0,0
2,11,9
1,1,0
1,1,0
2,2,0
0,0,0
3,3,0
2,4,2
3,5,2
2,8,6
2,2,0
14,14,0
2,2,0
2,2,0
0,0,0
2,2,0
2,2,0
1,1,0
3,5,2
2,2,0
0,0,0
11,11,0
12,12,0
2,2,0
1,53,52
2,2,0
86,92,6
28,30,2
2,2,0
2,6,4
2,2,0
3,3,0
3,3,0
0,0,0
2,2,0
2,2,0
2,2,0
3,5,2
2,2,0
2,4,2
2,8,6
1,6,5
2,2,0
1,47,46
58,140,82
2,2,0
2,2,0
0,0,0
3,3,0
9,9,0
2,2,0
1,1,0
2,2,0
8,8,0
2,2,0
2,2,0
1,2,1
2,2,0
2,3,1
1,1,0
13,13,0
1,2,1
3,12,9
2,2,0
2,4,2
2,2,0
3,13,10
2,2,0
3,3,0
0,0,0
2,3,1
20,20,0
2,2,0
3,17,14
8,8,0
3,3,0
12,12,0
2,2,0
18,18,0
3,3,0
1,2,1
1,3,2
3,13,10
2,2,0
2,2,0
2,2,0
2,2,0
4,4,0
0,0,0
2,2,0
9,9,0
2,2,0
15,15,0
0,0,0
46,47,1
2,2,0
2,6,4
2,2,0
3,5,2
3,3,0
1,2,1
2,2,0
2,2,0
2,2,0
3,12,9
2,2,0
2,2,0
2,2,0
2,2,0
2,2,0
1,2,1
3,3,0
2,2,0
53,54,1
3,3,0
2,8,6
2,2,0
1,2,1
5,5,0
2,2,0
3,3,0
3,3,0
2,4,2
2,2,0
2,2,0
2,2,0
2,11,9
11,21,10
1,5,4
3,3,0
2,2,0
3,5,2
3,3,0
10,10,0
2,2,0
3,5,2
2,2,0
3,5,2
2,2,0
2,2,0
2,4,2
3,3,0
2,2,0
1,1,0
2,2,0
20,20,0
2,2,0
51,51,0
3,5,2
2,2,0
2,6,4
2,2,0
1,1,0
3,3,0
3,3,0
2,2,0
12,12,0
1,1,0
22,22,0
2,2,0
9,9,0
1,1,0
0,0,0
2,2,0
2,2,0
2,2,0
2,2,0
3,5,2
20,32,12
3,7,4
2,2,0
2,2,0
68,68,0
1,1,0
3,9,6
3,3,0
3,5,2
0,0,0
2,7,5
5,6,1
3,3,0
0,0,0
2,2,0
3,6,3
2,2,0
1,8,7
3,3,0
2,2,0
2,2,0
1,1,0
1,4,3
3,3,0
3,11,8
9,9,0
3,5,2
3,5,2
2,246,244
2,2,0
2,2,0
2,3,1
2,2,0
8,10,2
2,2,0
2,2,0
2,4,2
6,6,0
6,6,0
2,80,78
3,5,2
3,3,0
2,2,0
2,2,0
2,5,3
3,5,2
3,5,2
2,2,0
3,3,0
3,5,2
2,2,0
9,24,15
2,2,0
2,6,4
3,6,3
2,2,0
8,8,0
3,5,2
6,7,1
4,4,0
1,2,1
2,4,2
0,0,0
6,6,0
2,2,0
4,6,2
3,5,2
100,100,0
5,6,1
3,8,5
2,2,0
2,8,6
3,5,2
2,5,3
2,2,0
6,6,0
2,2,0
20,20,0
9,9,0
1,3,2
2,3,1
12,12,0
3,5,2
3,3,0
3,10,7
2,2,0
2,2,0
4,4,0
2,10,8
3,3,0
8,8,0
2,2,0
2,8,6
2,2,0
3,3,0
2,2,0
1,2,1
1,1,0
2,4,2
0,0,0
2,2,0
11,11,0
9,9,0
3,3,0
2,2,0
2,3,1
8,8,0
6,8,2
9,9,0
1,2,1
3,3,0
6,24,18
3,7,4
2,2,0
3,5,2
2,2,0
9,9,0
2,2,0
7,7,0
42,42,0
2,2,0
2,2,0
2,86,84
2,2,0
2,2,0
2,2,0
3,7,4
2,8,6
3,3,0
1,10,9
2,4,2
2,2,0
2,2,0
3,7,4
0,0,0
2,2,0
2,2,0
9,13,4
3,4,1
3,3,0
9,9,0
0,0,0
2,4,2
0,0,0
2,2,0
2,2,0
2,4,2
2,2,0
1,2,1
2,7,5
1,2,1
8,8,0
24,24,0
2,5,3
2,56,54
8,24,16
3,7,4
2,2,0
3,6,3
3,3,0
8,8,0
0,4,4
2,2,0
2,2,0
2,6,4
0,0,0
2,2,0
2,82,80
3,3,0
2,2,0
0,0,0
2,2,0
26,26,0
2,2,0
100,100,0
2,2,0
2,2,0
2,3,1
2,2,0
6,6,0
3,3,0
2,2,0
1,2,1
2,2,0
1,45,44
2,2,0
3,3,0
3,9,6
3,6,3
2,2,0
2,2,0
4,4,0
11,11,0
2,2,0
3,3,0
1,2,1
9,9,0
41,42,1
3,3,0
2,2,0
7,7,0
2,2,0
2,3,1
5,5,0
3,7,4
7,7,0
1,1,0
2,2,0
2,2,0
9,9,0
3,5,2
3,3,0
3,9,6
24,24,0
3,5,2
9,9,0
1,1,0
2,6,4
1,1,0
3,3,0
3,5,2
3,5,2
2,2,0
2,6,4
2,2,0
3,5,2
2,49,47
1,1,0
2,2,0
2,4,2
100,100,0
2,2,0
2,2,0
3,5,2
2,2,0
2,2,0
4,18,14
2,2,0
3,3,0
0,0,0
3,5,2
3,5,2
3,4,1
2,2,0
3,3,0
0,0,0
14,17,3
3,7,4
2,2,0
2,2,0
2,13,11
100,100,0
0,0,0
2,26,24
3,3,0
2,16,14
0,0,0
2,7,5
5,104,99
2,6,4
2,6,4
2,2,0
3,7,4
3,10,7
1,68,67
2,7,5
3,7,4
2,2,0
2,3,1
2,4,2
2,5,3
8,8,0
2,2,0
2,2,0
8,8,0
3,3,0
0,0,0
8,8,0
3,3,0
3,3,0
1,2,1
2,2,0
2,2,0
11,11,0
8,8,0
2,2,0
2,2,0
2,2,0
3,4,1
2,2,0
1,4,3
1,22,21
2,2,0
3,3,0
2,2,0
0,0,0
2,3,1
2,2,0
2,2,0
2,4,2
2,4,2
2,4,2
2,2,0
2,2,0
2,4,2
4,8,4
2,2,0
1,4,3
2,2,0
2,2,0
1,2,1
3,7,4
3,9,6
1,2,1
3,3,0
4,4,0
2,2,0
82,128,46
10,10,0
3,3,0
2,5,3
2,2,0
3,7,4
3,5,2
1,2,1
1,1,0
8,27,19
0,0,0
3,3,0
2,2,0
3,5,2
2,2,0
0,0,0
3,3,0
3,5,2
105,269,164
2,4,2
1,1,0
2,2,0
0,0,0
8,8,0
1,2,1
2,2,0
2,2,0
2,2,0
2,2,0
2,12,10
21,21,0
2,2,0
2,10,8
2,10,8
2,2,0
0,0,0
1,1,0
9,9,0
3,4,1
2,45,43
4,4,0
2,6,4
3,7,4
27,107,80
2,2,0
2,2,0
2,12,10
2,2,0
0,0,0
2,2,0
3,7,4
1,1,0
2,2,0
1,30,29
1,2,1
5,7,2
1,2,1
2,2,0
2,2,0
3,3,0
1,3,2
2,2,0
2,4,2
3,5,2
3,3,0
3,8,5
1,2,1
2,2,0
2,2,0
3,9,6
20,20,0
1,1,0
3,3,0
2,4,2
9,9,0
2,2,0
1,4,3
2,2,0
15,15,0
3,7,4
2,2,0
1,2,1
2,2,0
3,7,4
3,3,0
3,3,0
4,4,0
3,3,0
2,80,78
11,11,0
30,30,0
9,9,0
3,7,4
2,2,0
20,20,0
2,4,2
2,2,0
1,1,0
2,2,0
0,0,0
2,2,0
2,2,0
2,4,2
3,7,4
3,3,0
16,16,0
2,2,0
2,6,4
2,2,0
2,2,0
0,0,0
2,2,0
1,1,0
2,2,0
2,2,0
0,0,0
2,2,0
12,14,2
1,1,0
3,3,0
3,5,2
3,3,0
3,5,2
3,7,4
2,3,1
2,101,99
3,3,0
1,60,59
2,2,0
3,3,0
1,1,0
3,5,2
2,2,0
3,3,0
0,0,0
2,2,0
2,2,0
3,3,0
2,2,0
3,4,1
3,3,0
2,2,0
1,2,1
1,5,4
3,5,2
9,9,0
3,8,5
2,2,0
1,2,1
16,16,0
3,5,2
3,10,7
1,1,0
1,2,1
2,2,0
2,2,0
16,16,0
2,3,1
1,1,0
6,6,0
8,8,0
3,9,6
3,3,0
2,10,8
3,3,0
3,5,2
2,2,0
3,7,4
3,7,4
2,2,0
2,2,0
4,4,0
8,8,0
6,6,0
1,74,73
7,9,2
2,2,0
3,4,1
3,4,1
9,9,0
1,1,0
1,1,0
56,56,0
3,5,2
3,3,0
0,0,0
3,5,2
1,1,0
6,6,0
3,5,2
1,4,3
2,4,2
3,5,2
2,2,0
2,29,27
3,13,10
50,50,0
9,24,15
2,2,0
8,8,0
1,7,6
3,10,7
2,6,4
2,2,0
0,0,0
0,0,0
34,34,0
3,3,0
2,5,3
7,9,2
1,2,1
3,3,0
0,0,0
1,1,0
0,0,0
3,3,0
2,2,0
1,4,3
2,6,4
2,3,1
3,29,26
3,3,0
2,2,0
1,2,1
8,8,0
2,4,2
2,2,0
3,3,0
3,5,2
1,3,2
2,2,0
2,2,0
2,2,0
14,31,17
9,9,0
2,2,0
2,2,0
2,2,0
4,4,0
3,3,0
3,45,42
0,0,0
9,9,0
8,8,0
2,2,0
13,13,0
2,2,0
4,4,0
5,5,0
2,4,2
3,3,0
2,2,0
3,3,0
1,1,0
0,0,0
3,5,2
2,13,11
3,7,4
1,3,2
2,2,0
2,2,0
2,2,0
2,4,2
100,100,0
1,1,0
2,2,0
3,9,6
11,11,0
1,2,1
2,2,0
52,73,21
0,0,0
2,2,0
2,2,0
3,9,6
2,2,0
8,8,0
1,3,2
2,8,6
2,2,0
2,2,0
2,5,3
3,3,0
1,1,0
3,3,0
10,10,0
2,2,0
3,8,5
24,24,0
4,4,0
2,82,80
8,8,0
2,2,0
6,6,0
2,2,0
2,2,0
2,2,0
1,2,1
2,2,0
3,5,2
3,3,0
94,194,100
3,3,0
8,8,0
3,5,2
3,7,4
2,2,0
2,4,2
8,31,23
81,81,0
11,11,0
9,9,0
2,2,0
2,2,0
1,20,19
2,2,0
1,6,5
2,4,2
2,4,2
1,5,4
2,2,0
2,2,0
23,24,1
6,9,3
2,2,0
3,3,0
2,2,0
5,5,0
1,2,1
8,8,0
2,4,2
2,2,0
1,9,8
3,9,6
2,2,0
1,5,4
3,3,0
0,0,0
0,0,0
3,24,21
100,104,4
2,2,0
2,2,0
1,2,1
1,1,0
2,2,0
3,3,0
2,2,0
4,75,71
0,0,0
2,2,0
3,3,0
2,2,0
3,5,2
1,1,0
2,2,0
2,82,80
3,3,0
3,5,2
2,2,0
2,2,0
2,2,0
2,93,91
2,4,2
3,23,20
2,15,13
9,9,0
2,2,0
3,11,8
1,44,43
2,2,0
2,3,1
1,1,0
2,4,2
1,2,1
2,2,0
2,2,0
11,11,0
2,7,5
85,86,1
2,2,0
1,2,1
2,2,0
3,3,0
3,32,29
2,2,0
2,2,0
2,2,0
3,3,0
35,35,0
3,12,9
2,2,0
1,28,27
3,5,2
4,5,1
2,6,4
1,68,67
2,2,0
2,2,0
3,3,0
2,2,0
2,2,0
1,1,0
2,2,0
2,2,0
3,7,4
2,2,0
0,0,0
2,4,2
2,2,0
2,2,0
3,3,0
1,2,1
2,2,0
4,4,0
3,7,4
3,3,0
2,2,0
9,9,0
2,2,0
3,3,0
2,2,0
10,10,0
1,1,0
24,24,0
3,7,4
3,3,0
2,2,0
1,2,1
2,6,4
2,2,0
2,8,6
9,9,0
2,2,0
2,2,0
3,31,28
3,5,2
2,4,2
147,147,0
2,2,0
2,4,2
3,9,6
3,5,2
2,2,0
2,4,2
2,3,1
2,2,0
3,6,3
2,2,0
2,2,0
2,2,0
2,2,0
3,3,0
2,4,2
3,10,7
3,17,14
1,2,1
3,5,2
2,2,0
2,46,44
2,2,0
3,6,3
3,8,5
3,3,0
2,2,0
3,3,0
2,8,6
2,2,0
2,2,0
1,10,9
86,86,0
6,6,0
2,2,0
2,4,2
72,109,37
6,14,8
4,4,0
2,4,2
2,6,4
1,27,26
2,2,0
3,10,7
2,4,2
3,3,0
3,5,2
3,3,0
2,2,0
91,91,0
2,82,80
2,13,11
51,51,0
2,5,3
2,5,3
3,3,0
2,8,6
2,5,3
0,0,0
46,108,62
9,15,6
64,72,8
2,2,0
3,9,6
0,0,0
2,2,0
2,8,6
3,5,2
2,67,65
2,6,4
8,8,0
2,2,0
2,49,47
12,12,0
2,2,0
2,2,0
4,4,0
1,1,0
3,8,5
2,2,0
2,2,0
9,9,0
2,2,0
3,11,8
1,1,0
2,2,0
2,2,0
2,4,2
1,4,3
7,7,0
2,4,2
3,3,0
2,2,0
2,2,0
17,17,0
2,2,0
3,7,4
2,2,0
3,5,2
0,0,0
51,51,0
2,2,0
100,104,4
4,4,0
1,1,0
2,2,0
2,2,0
2,2,0
12,23,11
2,2,0
2,3,1
3,7,4
3,5,2
2,10,8
3,7,4
0,0,0
0,0,0
8,8,0
1,1,0
2,9,7
2,2,0
3,7,4
3,21,18
2,2,0
3,3,0
1,25,24
6,28,22
3,11,8
2,2,0
2,7,5
2,6,4
8,8,0
0,0,0
2,2,0
2,2,0
10,10,0
48,48,0
2,2,0
2,2,0
11,11,0
2,3,1
2,2,0
5,5,0
2,18,16
2,4,2
3,3,0
2,2,0
2,2,0
2,13,11
8,8,0
3,3,0
2,2,0
0,0,0
2,8,6
3,3,0
2,2,0
2,2,0
3,3,0
3,3,0
2,2,0
3,7,4
1,1,0
6,7,1
2,2,0
7,9,2
2,11,9
3,7,4
2,2,0
3,3,0
3,3,0
9,11,2
2,2,0
2,2,0
2,2,0
6,6,0
1,29,28
2,2,0
2,2,0
3,3,0
3,3,0
2,2,0
2,2,0
2,2,0
2,2,0
2,2,0
2,2,0
2,6,4
3,7,4
3,26,23
1,1,0
3,3,0
1,3,2
2,2,0
2,2,0
2,2,0
12,13,1
2,3,1
2,3,1
2,4,2
2,2,0
2,29,27
2,2,0
2,2,0
2,2,0
3,3,0
2,2,0
1,1,0
3,3,0
3,11,8
70,70,0
9,10,1
2,2,0
2,2,0
2,4,2
1,1,0
5,23,18
2,2,0
3,3,0
2,2,0
2,2,0
2,4,2
2,2,0
2,2,0
8,8,0
3,3,0
100,104,4
3,5,2
2,6,4
1,2,1
2,2,0
3,11,8
2,2,0
3,8,5
2,2,0
2,4,2
16,34,18
2,4,2
3,3,0
3,3,0
3,3,0
3,12,9
3,3,0
2,2,0
3,5,2
23,70,47
1,23,22
3,7,4
2,2,0
87,90,3
9,9,0
2,2,0
12,12,0
2,2,0
2,2,0
2,2,0
2,2,0
2,8,6
2,2,0
2,2,0
2,2,0
3,4,1
2,6,4
3,5,2
2,2,0
20,20,0
2,2,0
3,3,0
3,9,6
2,2,0
1,1,0
2,9,7
2,2,0
2,2,0
2,2,0
8,8,0
2,82,80
3,4,1
3,7,4
2,2,0
2,2,0
9,9,0
2,42,40
47,71,24
9,9,0
2,2,0
0,0,0
2,2,0
15,15,0
1,1,0
3,3,0
17,17,0
0,0,0
31,31,0
29,45,16
3,3,0
2,2,0
2,2,0
16,16,0
2,5,3
2,3,1
2,2,0
2,2,0
10,10,0
2,2,0
2,6,4
2,2,0
1,21,20
3,3,0
6,6,0
2,25,23
2,2,0
1,2,1
2,4,2
2,2,0
4,4,0
3,5,2
2,81,79
2,7,5
2,2,0
2,2,0
98,98,0
2,2,0
1,1,0
1,1,0
3,3,0
3,5,2
2,3,1
2,4,2
0,0,0
1,2,1
3,3,0
1,1,0
2,45,43
2,2,0
1,26,25
2,2,0
2,2,0
3,5,2
1,1,0
3,4,1
3,3,0
2,14,12
2,2,0
0,0,0
2,41,39
1,4,3
3,9,6
2,2,0
2,2,0
9,9,0
1,1,0
2,2,0
0,0,0
5,5,0
3,3,0
9,9,0
2,2,0
2,2,0
2,2,0
80,80,0
2,45,43
2,2,0
2,2,0
2,2,0
3,3,0
8,8,0
3,3,0
2,8,6
3,5,2
2,2,0
2,2,0
2,2,0
1,6,5
3,5,2
2,2,0
2,2,0
27,27,0
66,219,153
5,5,0
2,4,2
3,3,0
0,0,0
5,5,0
3,4,1
17,17,0
3,3,0
2,2,0
3,9,6
4,4,0
235,677,442
2,4,2
3,14,11
2,4,2
1,2,1
12,12,0
2,2,0
1,2,1
2,2,0
8,8,0
2,2,0
2,2,0
3,31,28
3,7,4
5,8,3
2,2,0
0,0,0
2,2,0
8,8,0
3,3,0
2,19,17
3,3,0
2,3,1
2,2,0
2,2,0
4,4,0
2,2,0
2,6,4
3,3,0
1,2,1
2,2,0
5,5,0
2,99,97
2,2,0
87,94,7
22,22,0
2,2,0
3,3,0
8,8,0
2,6,4
2,2,0
2,2,0
2,2,0
2,2,0
2,2,0
2,4,2
3,10,7
5,64,59
5,5,0
2,2,0
0,0,0
11,11,0
3,10,7
3,12,9
3,5,2
2,4,2
2,2,0
3,3,0
1,1,0
3,16,13
0,0,0
3,10,7
2,4,2
0,0,0
2,2,0
2,2,0
3,5,2
0,0,0
1,12,11
1,2,1
2,2,0
1,7,6
3,3,0
3,9,6
2,2,0
4,6,2
2,2,0
2,7,5
2,2,0
2,2,0
2,50,48
6,8,2
3,3,0
1,14,13
3,8,5
3,5,2
16,20,4
2,4,2
11,11,0
3,5,2
4,4,0
2,2,0
2,2,0
1,1,0
2,2,0
2,4,2
2,2,0
11,11,0
2,2,0
1,1,0
2,45,43
2,2,0
2,4,2
2,2,0
4,4,0
8,10,2
3,3,0
2,19,17
2,2,0
2,2,0
2,2,0
3,5,2
2,2,0
2,2,0
2,2,0
3,7,4
2,2,0
2,2,0
2,2,0
3,5,2
18,18,0
8,8,0
1,1,0
2,4,2
3,3,0
2,2,0
4,82,78
3,3,0
1,1,0
2,2,0
1,1,0
0,0,0
1,1,0
3,12,9
8,8,0
3,5,2
3,15,12
1,1,0
2,11,9
2,3,1
2,11,9
4,4,0
3,4,1
30,30,0
2,2,0
3,17,14
2,2,0
2,2,0
3,5,2
2,48,46
3,3,0
2,4,2
3,7,4
2,4,2
2,30,28
9,114,105
10,11,1
2,2,0
2,2,0
0,0,0
0,0,0
1,11,10
8,8,0
2,3,1
2,2,0
1,2,1
1,1,0
2,2,0
2,2,0
2,2,0
11,11,0
3,6,3
6,9,3
3,3,0
3,3,0
2,2,0
2,4,2
9,9,0
2,2,0
1,3,2
2,2,0
2,2,0
2,4,2
2,80,78
2,2,0
11,11,0
1,1,0
3,3,0
2,2,0
10,10,0
129,129,0
10,10,0
2,2,0
2,82,80
1,2,1
2,2,0
2,2,0
2,2,0
6,6,0
1,22,21
2,4,2
2,2,0
1,2,1
3,3,0
1,2,1
3,6,3
2,2,0
11,11,0
2,2,0
1,1,0
13,13,0
1,1,0
2,6,4
2,84,82
2,2,0
3,9,6
3,3,0
2,2,0
3,3,0
3,3,0
3,3,0
2,16,14
2,2,0
2,2,0
11,20,9
2,5,3
1,2,1
2,3,1
2,2,0
2,5,3
2,2,0
3,3,0
2,2,0
2,2,0
1,2,1
3,5,2
2,2,0
2,2,0
2,2,0
2,8,6
2,2,0
2,2,0
3,3,0
8,8,0
12,13,1
1,12,11
1,1,0
2,2,0
3,3,0
2,2,0
3,4,1
2,3,1
3,7,4
3,19,16
3,9,6
2,8,6
2,2,0
1,1,0
2,11,9
2,2,0
2,2,0
2,2,0
8,8,0
1,1,0
1,1,0
8,10,2
32,32,0
2,2,0
3,4,1
2,2,0
2,4,2
4,4,0
2,2,0
2,2,0
2,2,0
3,3,0
9,13,4
36,143,107
2,2,0
100,100,0
17,17,0
2,2,0
3,7,4
3,3,0
3,3,0
2,2,0
8,8,0
2,2,0
3,5,2
4,10,6
8,8,0
1,2,1
16,24,8
2,8,6
3,9,6
3,13,10
1,17,16
3,3,0
3,3,0
3,3,0
9,9,0
18,18,0
8,8,0
2,21,19
2,4,2
3,3,0
2,2,0
3,12,9
2,2,0
1,6,5
3,5,2
2,3,1
0,0,0
3,3,0
3,3,0
2,2,0
3,7,4
0,0,0
2,2,0
147,147,0
3,3,0
12,12,0
2,4,2
1,3,2
7,8,1
0,0,0
38,38,0
1,5,4
0,0,0
3,7,4
21,21,0
8,8,0
1,4,3
3,3,0
4,8,4
0,0,0
2,4,2
2,4,2
3,3,0
3,3,0
2,2,0
3,3,0
2,2,0
2,2,0
2,2,0
2,2,0
7,7,0
51,51,0
3,4,1
2,2,0
1,2,1
0,0,0
10,14,4
8,8,0
3,5,2
3,3,0
1,1,0
22,22,0
2,2,0
4,4,0
47,47,0
2,2,0
3,3,0
3,3,0
8,8,0
20,20,0
3,6,3
2,2,0
45,45,0
2,2,0
2,2,0
2,4,2
3,3,0
2,10,8
2,2,0
2,3,1
4,4,0
2,2,0
2,2,0
2,2,0
6,6,0
2,4,2
2,3,1
2,2,0
11,11,0
2,2,0
10,20,10
2,4,2
2,6,4
2,2,0
3,3,0
3,3,0
2,2,0
3,6,3
3,3,0
3,3,0
2,2,0
2,2,0
3,3,0
3,3,0
3,5,2
2,4,2
0,0,0
0,0,0
3,3,0
2,2,0
2,2,0
139,139,0
2,2,0
6,6,0
3,3,0
3,3,0
2,2,0
2,2,0
2,4,2
1,1,0
20,20,0
2,3,1
72,72,0
1,8,7
2,2,0
17,17,0
2,2,0
2,3,1
3,7,4
3,3,0
10,13,3
3,5,2
3,3,0
3,7,4
5,5,0
1,1,0
3,5,2
2,2,0
2,2,0
3,3,0
2,7,5
3,8,5
2,2,0
2,4,2
3,3,0
12,12,0
2,2,0
2,2,0
4,4,0
3,3,0
1,1,0
2,2,0
2,4,2
1,3,2
2,2,0
2,2,0
2,2,0
2,2,0
2,7,5
3,6,3
2,5,3
3,3,0
6,6,0
1,2,1
4,4,0
20,20,0
2,2,0
1,1,0
3,3,0
3,3,0
43,45,2
2,2,0
3,7,4
3,3,0
2,2,0
2,2,0
2,4,2
2,2,0
2,6,4
1,4,3
3,8,5
2,2,0
4,10,6
3,5,2
3,5,2
3,3,0
100,104,4
3,3,0
3,9,6
3,3,0
2,2,0
2,4,2
3,8,5
3,5,2
2,4,2
3,3,0
12,12,0
2,2,0
1,4,3
5,5,0
2,3,1
2,2,0
2,2,0
2,2,0
2,2,0
2,2,0
2,2,0
100,100,0
3,7,4
5,18,13
2,2,0
9,9,0
1,1,0
2,2,0
2,2,0
2,2,0
2,4,2
3,3,0
1,2,1
8,8,0
1,6,5
3,3,0
3,3,0
2,2,0
2,2,0
2,2,0
3,5,2
12,12,0
1,1,0
2,2,0
2,2,0
2,4,2
4,4,0
1,1,0
186,186,0
2,2,0
2,2,0
3,3,0
2,3,1
9,9,0
2,2,0
3,5,2
2,2,0
3,6,3
1,7,6
1,21,20
18,18,0
1,27,26
3,3,0
75,89,14
3,3,0
8,8,0
2,2,0
1,2,1
2,2,0
1,2,1
2,3,1
2,2,0
2,2,0
6,14,8
3,3,0
2,2,0
2,20,18
2,2,0
2,11,9
2,2,0
2,5,3
1,4,3
4,4,0
2,2,0
2,2,0
3,5,2
5,5,0
100,200,100
11,11,0
26,52,26
2,21,19
2,2,0
2,2,0
3,3,0
2,2,0
9,52,43
4,7,3
3,9,6
2,2,0
3,7,4
2,2,0
1,2,1
2,2,0
3,9,6
2,2,0
2,13,11
9,9,0
3,4,1
1,2,1
1,23,22
3,3,0
2,4,2
3,3,0
2,2,0
2,2,0
2,54,52
2,2,0
3,5,2
1,62,61
2,2,0
3,3,0
3,9,6
1,8,7
2,2,0
2,9,7
8,8,0
3,5,2
3,3,0
1,2,1
4,4,0
3,5,2
2,2,0
2,2,0
2,2,0
1,6,5
2,3,1
2,2,0
2,82,80
2,2,0
8,8,0
3,3,0
2,2,0
2,4,2
2,2,0
3,3,0
2,2,0
11,11,0
2,2,0
2,2,0
3,9,6
25,25,0
2,2,0
2,2,0
3,3,0
2,2,0
3,3,0
3,3,0
3,5,2
2,11,9
2,2,0
3,3,0
2,2,0
3,3,0
3,3,0
4,4,0
9,9,0
2,2,0
2,2,0
3,3,0
1,2,1
2,20,18
2,2,0
2,8,6
3,3,0
3,5,2
2,4,2
1,2,1
3,5,2
2,2,0
8,8,0
2,2,0
2,2,0
3,5,2
2,2,0
3,3,0
1,20,19
2,16,14
2,2,0
2,2,0
2,2,0
2,2,0
1,1,0
8,8,0
2,2,0
10,10,0
2,2,0
8,12,4
33,50,17
2,2,0
51,51,0
3,3,0
2,4,2
3,3,0
5,5,0
2,2,0
3,5,2
2,2,0
3,3,0
2,12,10
3,8,5
2,8,6
2,2,0
2,2,0
1,22,21
2,2,0
18,20,2
2,4,2
2,14,12
3,3,0
122,122,0
1,17,16
2,2,0
2,2,0
4,6,2
2,2,0
2,4,2
3,7,4
1,23,22
4,9,5
2,2,0
2,47,45
3,4,1
9,15,6
1,2,1
1,9,8
2,3,1
3,5,2
5,11,6
0,0,0
9,9,0
1,1,0
3,3,0
2,2,0
3,10,7
4,4,0
8,8,0
2,4,2
2,2,0
1,14,13
5,5,0
3,3,0
5,5,0
2,2,0
3,3,0
59,59,0
2,2,0
2,2,0
25,25,0
2,2,0
2,4,2
2,3,1
2,2,0
3,7,4
2,5,3
3,7,4
0,0,0
0,0,0
3,5,2
4,29,25
2,6,4
114,114,0
2,2,0
2,4,2
2,13,11
4,4,0
2,5,3
2,6,4
1,1,0
11,11,0
3,3,0
3,3,0
2,3,1
2,4,2
3,4,1
1,3,2
4,4,0
2,2,0
1,1,0
3,7,4
9,9,0
3,4,1
8,8,0
0,0,0
22,22,0
2,3,1
3,3,0
2,2,0
4,4,0
2,2,0
0,0,0
8,8,0
2,7,5
2,2,0
2,2,0
8,14,6
2,17,15
2,2,0
2,2,0
2,2,0
33,34,1
3,3,0
2,6,4
3,3,0
9,9,0
2,2,0
2,3,1
2,3,1
2,2,0
3,3,0
71,71,0
2,2,0
1,4,3
4,6,2
2,2,0
2,2,0
2,2,0
2,3,1
3,3,0
2,2,0
2,2,0
2,2,0
97,97,0
3,7,4
1,3,2
2,2,0
2,2,0
2,2,0
3,3,0
2,2,0
3,3,0
6,6,0
0,0,0
2,2,0
3,7,4
11,20,9
2,2,0
3,5,2
3,6,3
2,11,9
9,9,0
2,3,1
3,3,0
2,2,0
1,3,2
3,6,3
2,6,4
3,5,2
6,6,0
1,1,0
2,2,0
2,2,0
2,2,0
3,27,24
1,2,1
0,0,0
2,2,0
2,2,0
3,3,0
2,7,5
2,2,0
2,10,8
2,2,0
1,1,0
8,8,0
2,3,1
1,44,43
3,7,4
2,2,0
2,2,0
3,3,0
22,22,0
1,78,77
27,27,0
3,3,0
1,24,23
1,2,1
1,1,0
2,2,0
2,2,0
2,28,26
2,2,0
10,10,0
3,5,2
0,0,0
3,6,3
2,2,0
2,80,78
3,3,0
2,2,0
2,7,5
2,2,0
2,2,0
2,6,4
1,1,0
2,2,0
11,11,0
2,4,2
0,0,0
2,2,0
9,9,0
2,2,0
3,3,0
2,4,2
2,2,0
3,3,0
8,14,6
3,3,0
2,2,0
3,3,0
1,4,3
2,2,0
11,11,0
2,2,0
4,4,0
1,23,22
2,2,0
2,2,0
2,2,0
3,3,0
2,2,0
3,3,0
1,2,1
2,7,5
3,5,2
2,7,5
2,19,17
2,2,0
3,5,2
2,2,0
0,0,0
1,1,0
3,3,0
0,0,0
2,2,0
2,2,0
8,8,0
8,8,0
4,5,1
2,24,22
1,24,23
2,2,0
2,7,5
24,24,0
3,3,0
3,3,0
2,2,0
7,9,2
0,0,0
2,6,4
16,18,2
0,0,0
3,7,4
8,8,0
2,4,2
2,2,0
2,4,2
1,2,1
3,5,2
3,3,0
2,6,4
4,5,1
3,6,3
0,0,0
1,6,5
2,2,0
9,9,0
1,1,0
3,9,6
2,2,0
5,5,0
2,2,0
6,6,0
2,2,0
3,3,0
2,2,0
2,2,0
2,2,0
2,8,6
2,11,9
12,12,0
2,2,0
0,0,0
3,6,3
2,2,0
1,23,22
6,9,3
2,2,0
2,2,0
2,2,0
2,5,3
3,6,3
2,8,6
3,3,0
2,13,11
3,4,1
3,5,2
100,100,0
2,4,2
3,7,4
10,10,0
45,45,0
23,23,0
3,6,3
3,7,4
3,5,2
3,4,1
3,6,3
2,30,28
3,3,0
8,8,0
3,3,0
3,5,2
2,2,0
2,2,0
2,2,0
3,3,0
3,7,4
1,4,3
3,3,0
0,0,0
6,6,0
1,7,6
16,16,0
1,3,2
2,2,0
3,3,0
2,2,0
2,2,0
1,24,23
3,3,0
3,5,2
1,1,0
2,4,2
8,8,0
2,2,0
2,2,0
2,2,0
3,9,6
474,1645,1171
4,4,0
3,7,4
1,6,5
1,21,20
2,2,0
2,2,0
3,7,4
2,2,0
1,1,0
2,2,0
2,2,0
2,2,0
1,1,0
22,22,0
2,2,0
2,2,0
3,5,2
5,8,3
2,2,0
3,5,2
2,2,0
2,2,0
2,2,0
0,0,0
1,1,0
2,25,23
1,4,3
8,8,0
1,24,23
2,2,0
2,2,0
3,5,2
1,1,0
2,2,0
3,3,0
2,2,0
2,2,0
2,3,1
3,3,0
2,4,2
8,8,0
2,95,93
1,1,0
3,3,0
1,2,1
3,3,0
1,2,1
2,2,0
1,2,1
2,3,1
2,2,0
1,4,3
2,45,43
3,3,0
1,1,0
2,2,0
2,2,0
2,2,0
8,8,0
5,5,0
0,0,0
2,2,0
2,2,0
1,1,0
2,2,0
3,3,0
3,3,0
3,5,2
3,15,12
4,5,1
2,71,69
2,2,0
3,3,0
66,66,0
2,2,0
2,2,0
1,1,0
10,10,0
2,4,2
2,2,0
3,3,0
3,5,2
2,2,0
2,2,0
10,10,0
3,5,2
0,0,0
2,2,0
2,6,4
3,7,4
2,2,0
3,5,2
2,6,4
2,2,0
3,3,0
7,7,0
2,2,0
2,20,18
11,11,0
6,6,0
3,3,0
2,13,11
0,0,0
21,25,4
3,3,0
2,4,2
3,10,7
2,6,4
2,3,1
2,2,0
2,2,0
51,51,0
3,3,0
3,3,0
2,3,1
2,4,2
2,2,0
45,48,3
3,4,1
2,5,3
2,2,0
0,0,0
3,3,0
2,2,0
3,7,4
3,3,0
2,7,5
1,16,15
2,2,0
3,3,0
2,2,0
2,2,0
1,3,2
5,11,6
9,9,0
3,4,1
0,0,0
3,5,2
2,2,0
2,2,0
2,2,0
3,5,2
3,3,0
1,3,2
8,8,0
0,0,0
0,0,0
2,2,0
2,2,0
3,3,0
2,2,0
3,3,0
4,6,2
2,2,0
2,2,0
3,3,0
2,2,0
2,2,0
6,6,0
1,1,0
2,4,2
3,3,0
8,8,0
2,2,0
3,14,11
48,53,5
3,3,0
2,4,2
2,2,0
1,2,1
9,9,0
3,4,1
4,7,3
9,9,0
1,1,0
1,2,1
100,201,101
3,5,2
2,4,2
11,11,0
3,5,2
1,2,1
1,2,1
2,21,19
2,3,1
2,2,0
2,2,0
22,22,0
12,32,20
51,51,0
4,12,8
2,11,9
3,5,2
2,2,0
6,6,0
14,16,2
2,16,14
2,2,0
3,3,0
0,0,0
3,5,2
3,3,0
3,3,0
3,3,0
10,13,3
3,3,0
2,2,0
2,2,0
2,2,0
2,2,0
2,6,4
0,0,0
2,2,0
2,2,0
3,7,4
1,22,21
2,4,2
2,2,0
2,4,2
3,3,0
2,2,0
3,5,2
2,2,0
3,19,16
2,2,0
2,2,0
2,2,0
2,2,0
3,3,0
2,2,0
4,4,0
2,2,0
2,2,0
1,1,0
30,32,2
3,3,0
2,2,0
2,2,0
3,7,4
3,3,0
8,8,0
1,17,16
4,4,0
9,36,27
2,3,1
7,7,0
2,2,0
3,5,2
5,5,0
2,2,0
2,2,0
3,3,0
2,2,0
2,2,0
3,5,2
3,7,4
3,3,0
29,29,0
2,2,0
2,2,0
2,2,0
3,3,0
11,11,0
2,2,0
4,6,2
4,4,0
2,2,0
2,10,8
1,24,23
0,0,0
1,1,0
0,0,0
8,8,0
0,0,0
1,1,0
0,0,0
2,101,99
2,2,0
2,3,1
3,3,0
2,3,1
2,2,0
1,2,1
1,1,0
1,23,22
2,2,0
3,5,2
29,29,0
3,3,0
2,2,0
2,6,4
2,2,0
1,1,0
2,2,0
2,2,0
2,4,2
3,7,4
3,3,0
84,94,10
4,4,0
2,2,0
1,1,0
3,3,0
3,3,0
3,3,0
2,3,1
0,0,0
2,2,0
2,2,0
29,33,4
20,21,1
2,4,2
3,3,0
3,4,1
3,3,0
2,2,0
2,8,6
3,8,5
2,2,0
4,4,0
2,2,0
1,20,19
9,9,0
2,3,1
6,6,0
2,2,0
2,11,9
3,5,2
2,2,0
8,8,0
3,6,3
3,3,0
2,7,5
1,6,5
17,17,0
2,2,0
2,2,0
2,2,0
2,4,2
3,5,2
2,2,0
2,2,0
100,200,100
2,2,0
3,9,6
3,3,0
6,6,0
9,9,0
2,4,2
3,3,0
2,4,2
2,4,2
0,0,0
3,5,2
3,3,0
1,3,2
2,2,0
3,3,0
40,40,0
1,2,1
1,4,3
1,1,0
2,2,0
2,3,1
3,3,0
2,2,0
3,9,6
2,4,2
2,2,0
2,2,0
2,4,2
2,2,0
3,3,0
3,6,3
2,3,1
9,10,1
9,9,0
2,4,2
3,7,4
2,3,1
2,2,0
5,5,0
2,2,0
79,80,1
2,2,0
2,2,0
0,0,0
8,8,0
2,2,0
3,7,4
2,2,0
2,2,0
3,5,2
2,2,0
3,7,4
2,4,2
38,38,0
2,2,0
1,1,0
1,1,0
2,4,2
2,2,0
2,2,0
2,2,0
2,6,4
2,2,0
3,41,38
2,2,0
2,2,0
3,3,0
1,2,1
18,18,0
3,3,0
3,3,0
1,1,0
2,2,0
2,2,0
3,3,0
2,2,0
9,110,101
1,11,10
3,3,0
2,2,0
2,2,0
2,2,0
3,5,2
3,6,3
6,6,0
2,2,0
8,8,0
1,1,0
2,3,1
2,2,0
8,8,0
3,6,3
2,4,2
3,5,2
2,88,86
3,8,5
3,3,0
2,2,0
2,2,0
2,2,0
2,2,0
6,7,1
2,26,24
2,3,1
2,2,0
3,3,0
6,8,2
3,3,0
1,7,6
44,44,0
3,3,0
2,2,0
4,4,0
3,5,2
2,4,2
2,5,3
1,2,1
8,8,0
2,2,0
13,13,0
2,24,22
2,2,0
1,1,0
2,2,0
2,2,0
8,8,0
3,3,0
2,2,0
3,7,4
2,6,4
3,3,0
2,16,14
3,7,4
2,2,0
6,6,0
2,2,0
3,7,4
2,2,0
1,27,26
2,2,0
2,3,1
2,11,9
2,4,2
11,11,0
24,26,2
3,3,0
0,0,0
3,5,2
2,2,0
3,5,2
2,2,0
3,14,11
2,3,1
3,3,0
2,2,0
2,2,0
4,4,0
8,8,0
2,2,0
3,5,2
2,2,0
2,2,0
8,8,0
3,5,2
1,22,21
3,3,0
2,3,1
6,8,2
3,5,2
3,7,4
20,20,0
2,2,0
2,2,0
9,9,0
10,10,0
2,2,0
22,22,0
1,2,1
2,2,0
15,15,0
2,2,0
2,6,4
9,9,0
9,9,0
2,2,0
3,3,0
2,27,25
0,0,0
7,9,2
2,4,2
2,2,0
2,2,0
2,2,0
3,3,0
2,2,0
2,2,0
3,3,0
2,2,0
2,3,1
1,1,0
2,3,1
2,17,15
2,82,80
3,12,9
2,2,0
2,2,0
3,5,2
2,13,11
3,3,0
4,4,0
2,5,3
3,3,0
3,3,0
3,3,0
3,6,3
2,2,0
3,5,2
3,3,0
2,2,0
1,1,0
2,2,0
2,2,0
3,19,16
2,6,4
2,2,0
2,2,0
2,2,0
2,2,0
2,4,2
2,2,0
2,4,2
2,2,0
18,19,1
3,3,0
3,7,4
2,2,0
2,2,0
2,2,0
8,19,11
5,5,0
3,3,0
3,3,0
0,0,0
1,2,1
3,3,0
2,16,14
2,2,0
2,5,3
2,2,0
8,8,0
3,3,0
10,10,0
2,2,0
3,3,0
3,3,0
2,5,3
3,3,0
2,2,0
2,2,0
2,2,0
30,30,0
2,2,0
3,8,5
2,2,0
3,9,6
1,1,0
2,2,0
2,2,0
2,4,2
2,5,3
0,0,0
2,2,0
2,2,0
2,2,0
3,3,0
3,7,4
3,4,1
3,14,11
8,8,0
2,2,0
2,6,4
50,52,2
2,2,0
2,11,9
2,3,1
2,7,5
9,9,0
2,2,0
2,2,0
3,5,2
2,2,0
2,2,0
2,2,0
62,62,0
2,3,1
2,2,0
2,3,1
10,58,48
2,4,2
2,2,0
1,2,1
2,2,0
2,3,1
3,3,0
2,2,0
3,12,9
2,2,0
1,21,20
2,2,0
3,5,2
2,2,0
3,3,0
2,5,3
8,17,9
2,2,0
24,24,0
2,7,5
3,3,0
1,3,2
0,0,0
2,11,9
102,248,146
10,10,0
1,1,0
3,3,0
8,8,0
2,2,0
3,5,2
3,5,2
9,9,0
2,2,0
3,5,2
2,21,19
2,2,0
3,3,0
2,2,0
3,5,2
2,28,26
2,2,0
12,12,0
51,51,0
2,8,6
3,3,0
2,4,2
3,7,4
1,4,3
1,2,1
3,3,0
1,2,1
2,2,0
5,5,0
1,2,1
2,4,2
9,9,0
2,3,1
1,1,0
2,2,0
2,2,0
0,0,0
3,46,43
2,2,0
3,9,6
10,10,0
1,4,3
2,4,2
1,1,0
1,1,0
18,18,0
8,8,0
2,2,0
3,5,2
3,3,0
2,17,15
20,20,0
8,10,2
2,7,5
2,2,0
2,2,0
0,0,0
3,9,6
2,2,0
6,6,0
2,2,0
3,3,0
48,48,0
8,8,0
1,2,1
3,3,0
1,4,3
2,2,0
9,9,0
2,2,0
3,6,3
2,2,0
2,2,0
8,8,0
3,16,13
2,2,0
8,8,0
2,2,0
3,5,2
2,2,0
3,3,0
2,2,0
1,171,170
3,3,0
3,7,4
3,5,2
2,2,0
2,2,0
1,20,19
2,2,0
2,2,0
2,4,2
1,15,14
22,22,0
13,13,0
1,2,1
3,5,2
11,11,0
3,5,2
2,11,9
2,2,0
2,2,0
10,10,0
7,7,0
2,4,2
2,4,2
2,8,6
2,2,0
3,3,0
2,105,103
3,3,0
3,3,0
2,2,0
2,2,0
9,9,0
1,4,3
2,2,0
3,9,6
2,4,2
1,1,0
3,12,9
4,4,0
2,2,0
2,2,0
2,2,0
2,2,0
2,2,0
1,23,22
1,3,2
2,4,2
2,2,0
2,3,1
2,2,0
2,2,0
2,2,0
2,2,0
3,3,0
1,1,0
3,3,0
1,22,21
2,2,0
3,4,1
4,7,3
2,2,0
1,1,0
2,2,0
2,2,0
1,1,0
2,2,0
2,2,0
2,2,0
2,2,0
3,7,4
17,17,0
2,2,0
15,15,0
51,51,0
2,7,5
2,4,2
3,3,0
10,10,0
1,5,4
3,3,0
6,6,0
1,1,0
3,11,8
2,4,2
17,17,0
9,9,0
26,26,0
0,0,0
10,10,0
2,2,0
4,25,21
50,108,58
2,2,0
2,2,0
20,20,0
0,0,0
2,2,0
1,2,1
1,1,0
3,5,2
2,2,0
11,11,0
3,5,2
2,2,0
2,2,0
1,2,1
3,5,2
3,5,2
1,2,1
2,2,0
3,3,0
2,2,0
1,1,0
3,3,0
3,5,2
2,4,2
2,2,0
30,33,3
3,5,2
2,2,0
2,2,0
3,3,0
3,4,1
4,4,0
3,8,5
2,8,6
2,2,0
1,1,0
1,2,1
2,4,2
3,7,4
0,0,0
4,4,0
2,2,0
12,12,0
4,11,7
2,2,0
3,6,3
2,9,7
4,8,4
3,3,0
2,6,4
2,2,0
0,0,0
19,63,44
3,3,0
3,8,5
4,15,11
8,8,0
3,5,2
2,2,0
8,8,0
2,2,0
2,2,0
2,2,0
3,3,0
3,5,2
3,4,1
3,4,1
1,1,0
3,3,0
2,2,0
2,2,0
2,7,5
3,7,4
406,417,11
10,10,0
4,4,0
2,2,0
2,82,80
2,2,0
0,0,0
2,4,2
3,3,0
1,1,0
3,3,0
3,16,13
3,3,0
2,2,0
100,109,9
1,2,1
3,5,2
6,6,0
3,3,0
1,1,0
2,2,0
6,6,0
3,5,2
2,2,0
4,4,0
4,7,3
2,2,0
3,3,0
4,5,1
3,3,0
2,2,0
2,13,11
2,2,0
2,4,2
2,2,0
3,5,2
0,0,0
1,3,2
2,2,0
3,5,2
8,8,0
90,90,0
4,4,0
3,3,0
4,4,0
2,3,1
6,6,0
2,105,103
2,4,2
2,2,0
1,2,1
4,4,0
2,2,0
1,1,0
3,4,1
3,4,1
3,3,0
3,7,4
2,2,0
1,6,5
4,4,0
3,3,0
2,2,0
3,3,0
5,5,0
1,1,0
2,2,0
3,5,2
3,3,0
2,2,0
4,4,0
2,2,0
3,3,0
3,7,4
2,2,0
2,2,0
0,0,0
3,5,2
3,3,0
3,7,4
2,47,45
2,2,0
2,2,0
2,4,2
8,8,0
3,3,0
2,2,0
2,2,0
2,2,0
2,2,0
2,2,0
2,2,0
2,2,0
1,4,3
2,5,3
8,8,0
5,5,0
31,31,0
40,40,0
8,8,0
1,68,67
3,3,0
2,2,0
4,4,0
2,2,0
2,2,0
1,1,0
2,2,0
3,4,1
2,2,0
2,4,2
0,0,0
3,3,0
6,6,0
12,12,0
2,2,0
1,1,0
3,3,0
2,2,0
2,2,0
2,2,0
3,7,4
2,2,0
1,2,1
0,0,0
14,14,0
4,4,0
2,4,2
2,18,16
8,8,0
10,12,2
1,1,0
2,2,0
2,2,0
10,10,0
3,42,39
6,7,1
2,3,1
2,35,33
0,0,0
3,5,2
3,8,5
5,6,1
2,2,0
2,2,0
1,2,1
3,3,0
2,2,0
2,2,0
1,12,11
2,2,0
2,2,0
1,3,2
3,7,4
3,3,0
1,3,2
2,6,4
8,8,0
2,2,0
3,3,0
1,13,12
3,5,2
0,0,0
2,2,0
1,1,0
0,0,0
187,187,0
2,2,0
2,2,0
0,0,0
2,2,0
8,8,0
1,1,0
2,2,0
2,2,0
2,2,0
1,2,1
2,2,0
2,7,5
3,3,0
4,4,0
2,2,0
2,2,0
1,26,25
2,2,0
3,3,0
3,13,10
51,53,2
9,9,0
3,13,10
4,4,0
3,3,0
2,2,0
2,10,8
2,2,0
4,4,0
3,4,1
44,44,0
3,9,6
1,57,56
2,2,0
1,3,2
3,9,6
2,4,2
3,3,0
8,10,2
3,3,0
3,8,5
9,9,0
2,2,0
0,0,0
2,2,0
8,18,10
2,2,0
17,17,0
15,17,2
2,3,1
49,49,0
3,3,0
3,5,2
3,7,4
2,2,0
1,3,2
9,9,0
1,3,2
3,5,2
2,2,0
22,22,0
1,2,1
2,2,0
2,2,0
2,82,80
2,4,2
3,14,11
2,3,1
1,24,23
2,2,0
2,2,0
2,2,0
2,2,0
1,1,0
2,45,43
2,8,6
2,2,0
2,3,1
2,12,10
2,3,1
1,1,0
1,1,0
2,2,0
2,2,0
2,2,0
2,2,0
4,4,0
1,1,0
2,2,0
2,3,1
2,4,2
2,2,0
2,2,0
3,3,0
2,2,0
2,2,0
3,3,0
2,2,0
2,2,0
2,7,5
2,2,0
3,5,2
1,2,1
3,5,2
3,3,0
1,2,1
2,2,0
3,7,4
2,2,0
2,2,0
1,1,0
0,0,0
1,4,3
1,1,0
12,12,0
2,2,0
0,0,0
2,2,0
3,5,2
9,9,0
3,3,0
3,7,4
3,3,0
4,12,8
6,12,6
3,3,0
2,4,2
2,2,0
3,3,0
3,3,0
1,3,2
2,6,4
3,3,0
2,4,2
2,3,1
2,4,2
2,2,0
1,1,0
5,5,0
2,2,0
4,4,0
8,10,2
3,5,2
2,2,0
2,2,0
2,2,0
2,2,0
2,2,0
2,2,0
0,0,0
2,2,0
1,2,1
8,8,0
9,15,6
3,5,2
2,2,0
6,6,0
8,8,0
2,2,0
1,2,1
2,11,9
11,11,0
6,6,0
2,2,0
1,31,30
2,2,0
2,2,0
2,4,2
42,46,4
1,1,0
3,8,5
2,4,2
2,2,0
3,5,2
2,7,5
2,3,1
2,7,5
2,2,0
0,0,0
2,2,0
1,11,10
2,18,16
0,0,0
3,5,2
3,6,3
0,0,0
8,8,0
3,3,0
2,2,0
2,2,0
2,2,0
2,2,0
3,3,0
2,2,0
3,5,2
3,3,0
1,26,25
2,2,0
100,198,98
2,2,0
2,2,0
3,4,1
2,2,0
2,2,0
3,3,0
8,8,0
3,8,5
3,3,0
3,3,0
2,4,2
8,8,0
2,2,0
2,2,0
2,2,0
2,2,0
3,3,0
2,2,0
8,8,0
2,4,2
1,1,0
2,2,0
3,3,0
1,13,12
2,2,0
2,4,2
2,2,0
3,3,0
2,2,0
3,5,2
2,2,0
3,7,4
3,5,2
3,5,2
2,2,0
2,6,4
2,2,0
2,2,0
2,2,0
2,2,0
2,3,1
9,9,0
2,2,0
3,3,0
27,27,0
2,2,0
3,3,0
9,9,0
3,9,6
2,2,0
2,2,0
1,2,1
1,2,1
2,2,0
2,2,0
2,2,0
2,2,0
5,5,0
9,9,0
3,3,0
2,2,0
2,2,0
8,8,0
2,10,8
3,3,0
2,2,0
11,11,0
2,2,0
3,5,2
2,4,2
2,2,0
3,3,0
5,15,10
2,2,0
4,6,2
2,5,3
100,104,4
1,1,0
2,6,4
2,37,35
2,14,12
3,3,0
1,57,56
2,2,0
2,4,2
1,23,22
140,140,0
14,14,0
3,3,0
2,8,6
2,2,0
2,2,0
6,6,0
3,5,2
2,2,0
3,3,0
2,2,0
1,2,1
2,2,0
2,4,2
2,2,0
2,24,22
3,3,0
2,2,0
2,2,0
3,8,5
2,2,0
2,2,0
3,5,2
2,2,0
3,26,23
3,3,0
3,3,0
2,4,2
6,6,0
2,4,2
3,3,0
3,3,0
2,2,0
2,3,1
200,300,100
2,2,0
2,2,0
8,8,0
51,57,6
2,80,78
6,18,12
10,10,0
2,5,3
1,1,0
10,10,0
2,2,0
8,8,0
5,5,0
3,7,4
2,3,1
2,2,0
1,95,94
3,3,0
2,2,0
2,2,0
2,2,0
2,2,0
23,23,0
11,13,2
3,3,0
1,1,0
4,4,0
3,42,39
2,2,0
2,2,0
2,2,0
3,13,10
2,2,0
2,3,1
3,3,0
1,1,0
3,4,1
4,6,2
2,2,0
2,2,0
2,29,27
2,2,0
2,4,2
1,2,1
1,2,1
95,96,1
3,6,3
1,1,0
2,2,0
2,2,0
8,8,0
2,2,0
2,2,0
3,3,0
0,0,0
1,2,1
0,0,0
5,5,0
3,3,0
3,5,2
2,2,0
1,1,0
2,2,0
87,87,0
2,2,0
20,20,0
1,1,0
3,3,0
3,3,0
2,2,0
2,2,0
2,4,2
2,2,0
3,3,0
2,2,0
2,2,0
0,0,0
3,8,5
3,3,0
2,2,0
3,3,0
9,9,0
5,10,5
3,3,0
3,5,2
3,3,0
90,90,0
2,3,1
1,1,0
2,2,0
1,1,0
2,2,0
8,8,0
1,1,0
2,2,0
2,23,21
3,9,6
1,1,0
11,13,2
2,2,0
2,2,0
2,2,0
7,9,2
5,5,0
1,4,3
1,20,19
2,4,2
19,70,51
2,2,0
3,21,18
0,0,0
2,2,0
6,6,0
1,1,0
1,21,20
2,2,0
2,2,0
3,3,0
8,13,5
3,5,2
2,2,0
2,4,2
9,9,0
2,5,3
9,9,0
3,9,6
2,2,0
11,11,0
1,25,24
1,1,0
3,3,0
2,2,0
2,4,2
2,11,9
3,11,8
2,2,0
3,3,0
3,25,22
9,9,0
6,11,5
9,9,0
3,5,2
2,2,0
9,15,6
2,2,0
12,12,0
2,6,4
2,2,0
2,2,0
3,5,2
2,4,2
2,9,7
2,2,0
1,1,0
3,6,3
2,2,0
2,3,1
3,7,4
2,2,0
2,2,0
2,4,2
2,13,11
31,55,24
4,4,0
2,2,0
3,3,0
2,2,0
2,2,0
2,2,0
2,2,0
2,2,0
2,4,2
9,9,0
6,6,0
32,32,0
3,16,13
1,1,0
2,2,0
1,4,3
2,6,4
2,2,0
3,5,2
8,8,0
14,14,0
2,2,0
2,2,0
0,0,0
3,3,0
8,24,16
30,30,0
3,3,0
104,195,91
2,2,0
2,4,2
2,2,0
2,2,0
0,0,0
2,2,0
2,2,0
3,3,0
2,6,4
3,5,2
3,3,0
3,3,0
2,4,2
3,3,0
18,21,3
3,3,0
10,13,3
2,2,0
2,2,0
2,80,78
2,3,1
9,9,0
2,2,0
549,549,0
1,2,1
2,2,0
4,4,0
9,9,0
2,9,7
2,2,0
1,1,0
3,3,0
1,2,1
2,2,0
3,3,0
2,2,0
12,12,0
2,2,0
2,44,42
1,2,1
6,6,0
3,3,0
2,2,0
2,2,0
3,3,0
2,2,0
2,2,0
3,3,0
2,2,0
3,3,0
1,2,1
2,9,7
5,7,2
2,3,1
2,2,0
3,3,0
3,8,5
2,38,36
2,2,0
1,3,2
3,7,4
3,23,20
6,6,0
2,2,0
2,2,0
1,7,6
2,2,0
1,2,1
3,3,0
2,2,0
4,14,10
2,8,6
2,2,0
3,5,2
8,8,0
3,5,2
3,3,0
2,4,2
3,34,31
6,6,0
2,2,0
3,5,2
3,3,0
3,3,0
2,2,0
2,2,0
2,2,0
2,2,0
2,2,0
1,1,0
2,2,0
2,2,0
2,4,2
3,5,2
2,2,0
0,0,0
3,5,2
2,6,4
3,7,4
1,24,23
1,1,0
3,5,2
2,2,0
2,3,1
2,2,0
1,1,0
0,0,0
2,4,2
3,3,0
3,3,0
2,2,0
2,2,0
2,2,0
2,2,0
2,2,0
1,1,0
7,7,0
2,2,0
3,6,3
2,2,0
2,2,0
100,104,4
3,16,13
2,2,0
2,2,0
6,6,0
1,1,0
2,2,0
2,2,0
3,3,0
3,3,0
6,6,0
3,5,2
2,2,0
3,10,7
2,2,0
3,11,8
2,2,0
9,9,0
2,2,0
2,2,0
2,2,0
3,3,0
2,2,0
1,2,1
2,4,2
2,2,0
2,2,0
3,3,0
2,6,4
2,2,0
9,9,0
1,2,1
2,3,1
0,0,0
3,5,2
2,2,0
3,3,0
2,2,0
2,2,0
2,51,49
2,2,0
10,10,0
3,6,3
8,8,0
2,2,0
2,2,0
6,6,0
1,1,0
3,5,2
3,3,0
2,2,0
2,6,4
2,2,0
3,3,0
2,2,0
2,2,0
81,138,57
3,3,0
3,7,4
2,2,0
2,2,0
4,4,0
2,2,0
51,52,1
2,2,0
2,3,1
10,10,0
1,1,0
14,14,0
2,6,4
42,42,0
100,100,0
3,9,6
2,5,3
2,2,0
8,8,0
1,1,0
8,8,0
1,1,0
2,12,10
3,3,0
2,4,2
3,13,10
2,5,3
3,3,0
3,3,0
2,2,0
8,8,0
17,17,0
2,2,0
2,2,0
13,13,0
2,2,0
2,2,0
2,2,0
2,4,2
1,4,3
4,7,3
2,4,2
2,4,2
77,128,51
100,100,0
100,100,0
2,2,0
3,3,0
2,3,1
3,5,2
2,5,3
1,2,1
105,155,50
3,5,2
3,3,0
2,2,0
11,11,0
0,0,0
9,9,0
3,8,5
3,5,2
12,42,30
3,7,4
2,2,0
2,2,0
16,32,16
2,4,2
3,3,0
2,2,0
3,3,0
1,73,72
2,2,0
2,2,0
1,1,0
2,2,0
1,2,1
2,2,0
3,5,2
3,3,0
3,7,4
0,0,0
2,2,0
1,1,0
3,6,3
1,25,24
1,2,1
9,9,0
2,2,0
2,2,0
8,8,0
1,79,78
3,3,0
2,6,4
2,2,0
2,2,0
4,5,1
2,4,2
2,2,0
10,10,0
3,3,0
3,3,0
11,11,0
2,2,0
2,2,0
2,4,2
10,10,0
2,2,0
1,26,25
4,4,0
3,5,2
2,2,0
3,5,2
3,3,0
2,11,9
2,4,2
2,2,0
3,3,0
3,3,0
2,2,0
2,2,0
2,8,6
2,2,0
3,10,7
3,5,2
2,2,0
3,3,0
2,15,13
2,2,0
0,0,0
1,2,1
10,10,0
2,2,0
1,2,1
3,3,0
0,0,0
4,4,0
22,22,0
3,3,0
1,1,0
2,2,0
11,11,0
2,2,0
2,2,0
3,7,4
2,2,0
2,6,4
3,5,2
2,2,0
10,17,7
0,0,0
2,2,0
2,2,0
3,3,0
2,2,0
3,7,4
4,5,1
1,3,2
3,3,0
2,2,0
1,1,0
2,2,0
2,5,3
2,47,45
3,7,4
2,2,0
2,2,0
2,2,0
3,7,4
2,2,0
2,4,2
3,7,4
2,2,0
8,16,8
1,1,0
9,18,9
2,3,1
3,4,1
2,2,0
0,0,0
1,1,0
6,36,30
1,1,0
2,2,0
2,4,2
3,3,0
20,20,0
2,3,1
16,16,0
2,2,0
2,2,0
2,2,0
3,3,0
2,5,3
8,8,0
2,36,34
3,5,2
3,3,0
2,4,2
3,3,0
2,2,0
3,4,1
2,2,0
3,5,2
2,2,0
3,3,0
50,50,0
3,3,0
2,2,0
2,2,0
8,8,0
2,16,14
1,3,2
2,2,0
20,20,0
7,7,0
2,2,0
2,2,0
2,2,0
2,2,0
2,2,0
3,3,0
2,2,0
2,4,2
2,2,0
2,3,1
3,3,0
2,2,0
100,100,0
1,3,2
0,0,0
4,4,0
2,2,0
8,8,0
2,2,0
2,2,0
2,2,0
3,5,2
2,2,0
2,2,0
3,9,6
1,1,0
2,11,9
3,3,0
2,2,0
3,3,0
9,9,0
2,2,0
6,6,0
2,2,0
2,2,0
2,2,0
2,7,5
7,7,0
2,4,2
3,3,0
5,5,0
3,3,0
3,3,0
2,2,0
0,0,0
2,2,0
2,2,0
2,2,0
2,7,5
0,0,0
8,8,0
2,2,0
3,5,2
11,11,0
8,19,11
2,69,67
2,81,79
22,22,0
2,2,0
3,7,4
3,9,6
2,2,0
2,12,10
2,2,0
26,26,0
1,4,3
3,7,4
2,5,3
2,2,0
2,2,0
2,2,0
2,2,0
2,2,0
2,2,0
2,2,0
1,1,0
2,2,0
1,3,2
3,8,5
2,4,2
3,5,2
3,3,0
100,100,0
2,2,0
3,3,0
2,2,0
2,2,0
1,2,1
2,2,0
2,45,43
2,2,0
8,8,0
2,2,0
3,3,0
10,10,0
2,2,0
0,0,0
2,4,2
2,13,11
1,2,1
2,2,0
8,8,0
3,5,2
3,10,7
2,2,0
2,2,0
3,5,2
3,13,10
3,8,5
2,2,0
3,3,0
2,2,0
3,3,0
1,2,1
2,2,0
2,2,0
2,2,0
2,2,0
2,2,0
100,104,4
3,5,2
3,4,1
2,4,2
3,3,0
2,2,0
2,2,0
30,30,0
3,3,0
2,226,224
2,2,0
2,2,0
3,8,5
2,2,0
1,3,2
2,2,0
3,11,8
0,0,0
3,5,2
2,2,0
3,5,2
4,4,0
1,23,22
3,4,1
2,2,0
104,104,0
16,16,0
2,2,0
100,100,0
1,1,0
2,5,3
3,4,1
2,2,0
2,5,3
2,2,0
3,5,2
2,2,0
1,1,0
2,8,6
1,9,8
2,2,0
3,3,0
3,3,0
2,2,0
9,9,0
2,4,2
1,13,12
2,2,0
1,5,4
2,15,13
2,6,4
3,3,0
2,2,0
1,6,5
100,100,0
3,7,4
3,5,2
1,25,24
3,12,9
3,5,2
1,1,0
2,2,0
11,11,0
2,2,0
2,18,16
3,3,0
4,4,0
2,4,2
2,2,0
6,6,0
2,8,6
3,5,2
6,37,31
3,3,0
10,12,2
2,2,0
2,2,0
1,1,0
7,9,2
3,3,0
1,13,12
1,16,15
2,2,0
2,2,0
2,2,0
2,28,26
3,17,14
3,6,3
2,80,78
3,3,0
3,8,5
5,5,0
8,8,0
2,2,0
2,4,2
9,11,2
1,2,1
3,11,8
8,8,0
2,2,0
6,6,0
2,6,4
3,5,2
9,9,0
2,4,2
94,94,0
2,2,0
4,4,0
6,9,3
2,2,0
3,8,5
2,8,6
2,4,2
2,2,0
2,2,0
2,2,0
3,3,0
3,4,1
3,3,0
2,4,2
2,2,0
2,2,0
2,2,0
1,1,0
3,3,0
2,2,0
8,8,0
2,4,2
1,2,1
9,9,0
3,3,0
3,3,0
3,3,0
3,3,0
2,2,0
2,2,0
2,2,0
2,2,0
2,2,0
8,8,0
2,2,0
6,6,0
2,2,0
4,4,0
3,9,6
2,2,0
8,10,2
2,2,0
2,2,0
2,2,0
3,9,6
2,2,0
1,2,1
2,2,0
3,3,0
2,2,0
0,0,0
2,2,0
3,3,0
0,0,0
3,10,7
2,11,9
0,0,0
3,5,2
2,2,0
2,5,3
2,2,0
2,2,0
3,3,0
3,3,0
10,10,0
0,0,0
3,3,0
2,2,0
2,3,1
3,7,4
8,8,0
3,3,0
3,4,1
2,3,1
3,3,0
2,4,2
10,10,0
8,8,0
2,2,0
0,0,0
1,2,1
3,3,0
2,2,0
2,2,0
2,13,11
2,6,4
2,2,0
3,3,0
3,3,0
1,1,0
2,2,0
2,2,0
2,2,0
1,2,1
2,2,0
2,4,2
2,2,0
4,5,1
6,6,0
8,8,0
2,2,0
3,10,7
2,2,0
11,11,0
3,3,0
2,28,26
8,16,8
1,1,0
2,2,0
2,2,0
8,8,0
2,2,0
2,2,0
2,4,2
2,2,0
3,8,5
1,23,22
3,3,0
3,12,9
2,2,0
1,2,1
2,4,2
3,7,4
2,2,0
17,18,1
2,2,0
3,3,0
2,6,4
1,1,0
2,4,2
2,2,0
2,2,0
2,2,0
2,2,0
2,3,1
10,88,78
8,8,0
1,63,62
3,5,2
20,20,0
2,2,0
8,15,7
0,0,0
1,2,1
2,6,4
2,2,0
8,8,0
2,2,0
2,5,3
2,6,4
3,7,4
2,2,0
2,4,2
2,2,0
6,6,0
1,24,23
2,2,0
1,1,0
1,1,0
3,3,0
2,2,0
1,20,19
2,2,0
2,2,0
1,2,1
2,4,2
4,4,0
2,4,2
2,5,3
2,70,68
0,0,0
3,11,8
2,2,0
2,2,0
2,2,0
8,8,0
2,2,0
0,0,0
2,5,3
2,4,2
3,7,4
3,3,0
1,3,2
2,6,4
2,7,5
1,78,77
3,3,0
2,2,0
3,3,0
0,0,0
0,0,0
27,45,18
2,3,1
3,7,4
8,8,0
2,2,0
2,2,0
3,3,0
2,4,2
2,2,0
2,2,0
2,2,0
3,5,2
3,3,0
2,2,0
2,4,2
2,13,11
9,9,0
3,5,2
2,2,0
0,0,0
0,0,0
2,2,0
3,3,0
5,5,0
2,2,0
3,5,2
2,2,0
3,7,4
1,2,1
2,2,0
8,15,7
3,5,2
0,0,0
3,5,2
3,3,0
3,5,2
2,2,0
1,1,0
1,2,1
1,1,0
2,2,0
3,5,2
3,3,0
3,12,9
3,3,0
3,3,0
3,3,0
3,3,0
3,5,2
1,10,9
2,2,0
2,4,2
3,3,0
1,12,11
2,15,13
9,9,0
2,2,0
3,7,4
2,2,0
2,2,0
2,2,0
9,11,2
2,55,53
2,2,0
4,5,1
3,3,0
2,2,0
1,1,0
2,2,0
9,9,0
94,94,0
1,1,0
2,4,2
2,2,0
2,2,0
3,7,4
37,38,1
2,2,0
3,3,0
1,1,0
2,2,0
0,0,0
3,3,0
1,1,0
2,2,0
3,5,2
2,2,0
0,0,0
3,3,0
2,2,0
2,3,1
1,2,1
2,16,14
15,15,0
3,3,0
2,4,2
1,1,0
2,2,0
2,21,19
1,1,0
0,0,0
3,3,0
11,11,0
1,4,3
2,4,2
3,3,0
6,6,0
1,2,1
1,1,0
42,120,78
2,2,0
4,6,2
1,23,22
1,4,3
2,2,0
15,15,0
3,3,0
2,6,4
4,4,0
2,2,0
2,2,0
10,130,120
100,100,0
2,2,0
2,6,4
8,8,0
2,2,0
1,2,1
3,3,0
1,1,0
2,5,3
3,3,0
1,1,0
2,2,0
2,2,0
3,19,16
2,4,2
2,4,2
2,2,0
2,2,0
1,4,3
3,7,4
2,10,8
10,10,0
4,4,0
3,3,0
2,2,0
3,9,6
2,4,2
4,4,0
3,10,7
100,100,0
2,2,0
2,2,0
3,3,0
2,6,4
2,2,0
2,2,0
2,2,0
2,2,0
1,2,1
3,3,0
1,2,1
8,8,0
1,1,0
2,2,0
1,4,3
2,7,5
3,3,0
8,8,0
2,2,0
2,2,0
8,8,0
22,24,2
2,4,2
2,4,2
6,7,1
6,6,0
8,8,0
2,2,0
3,3,0
14,54,40
2,2,0
8,8,0
2,3,1
2,2,0
18,18,0
2,10,8
2,2,0
2,2,0
2,2,0
2,2,0
2,2,0
3,3,0
2,2,0
1,26,25
3,3,0
2,2,0
9,9,0
11,11,0
2,2,0
1,1,0
2,2,0
3,5,2
26,31,5
3,3,0
2,2,0
3,3,0
2,2,0
8,8,0
8,8,0
60,121,61
9,9,0
2,2,0
3,3,0
2,2,0
2,2,0
3,10,7
3,5,2
3,7,4
3,17,14
3,6,3
2,2,0
3,4,1
3,9,6
11,11,0
1,2,1
3,7,4
2,2,0
3,3,0
11,11,0
2,4,2
3,7,4
1,1,0
3,7,4
2,2,0
2,4,2
3,9,6
15,15,0
2,2,0
3,16,13
2,2,0
2,2,0
1,24,23
2,2,0
2,2,0
87,94,7
1,2,1
21,21,0
1,1,0
1,3,2
3,3,0
3,3,0
2,8,6
2,2,0
2,2,0
2,2,0
1,26,25
9,9,0
1,2,1
2,45,43
3,3,0
2,2,0
2,2,0
2,2,0
2,2,0
3,7,4
2,2,0
56,56,0
2,5,3
100,100,0
3,3,0
2,2,0
3,6,3
2,2,0
1,2,1
2,2,0
2,2,0
1,1,0
3,6,3
3,3,0
1,3,2
1,2,1
2,4,2
2,2,0
3,9,6
3,3,0
2,7,5
2,2,0
2,2,0
0,0,0
2,2,0
3,5,2
1,10,9
4,4,0
2,2,0
2,2,0
2,5,3
3,3,0
1,4,3
2,2,0
2,3,1
2,5,3
2,4,2
1,5,4
2,2,0
2,2,0
3,3,0
2,2,0
1,4,3
2,23,21
1,2,1
2,5,3
51,51,0
3,5,2
11,11,0
11,11,0
3,10,7
3,4,1
2,3,1
24,59,35
2,2,0
6,17,11
1,1,0
0,0,0
3,3,0
2,3,1
5,15,10
3,5,2
3,3,0
2,2,0
3,5,2
0,0,0
9,9,0
1,4,3
9,11,2
2,2,0
2,4,2
2,2,0
2,2,0
10,10,0
2,8,6
4,99,95
2,27,25
2,2,0
3,3,0
0,0,0
3,9,6
4,4,0
2,2,0
5,5,0
8,8,0
2,2,0
2,2,0
2,2,0
1,6,5
1,26,25
2,2,0
2,2,0
3,5,2
1,1,0
2,2,0
2,2,0
2,13,11
2,3,1
3,7,4
9,9,0
2,2,0
1,1,0
5,7,2
5,5,0
2,2,0
2,4,2
2,2,0
2,2,0
2,2,0
2,3,1
3,77,74
0,0,0
92,94,2
2,4,2
3,15,12
51,55,4
3,3,0
2,2,0
3,3,0
2,2,0
3,16,13
2,4,2
8,8,0
1,1,0
0,0,0
2,2,0
2,2,0
2,11,9
3,3,0
3,5,2
2,2,0
2,2,0
3,3,0
2,2,0
2,2,0
2,2,0
3,3,0
3,6,3
2,2,0
1,1,0
3,5,2
3,5,2
3,5,2
0,0,0
11,11,0
2,2,0
2,3,1
5,5,0
2,3,1
2,3,1
3,3,0
3,10,7
6,6,0
9,9,0
6,6,0
2,2,0
2,5,3
2,101,99
2,2,0
1,9,8
3,3,0
2,2,0
9,9,0
2,2,0
3,6,3
6,6,0
3,3,0
1,5,4
1,1,0
2,2,0
2,2,0
2,2,0
2,2,0
3,28,25
2,2,0
3,3,0
2,2,0
1,24,23
2,4,2
2,2,0
1,1,0
3,3,0
2,2,0
2,2,0
3,5,2
2,2,0
2,2,0
0,0,0
2,2,0
2,3,1
3,3,0
2,2,0
1,5,4
12,12,0
2,2,0
1,2,1
26,104,78
3,7,4
2,2,0
1,3,2
2,2,0
2,2,0
4,4,0
3,7,4
2,2,0
3,14,11
2,2,0
2,2,0
2,2,0
3,9,6
5,5,0
9,9,0
3,3,0
2,2,0
3,3,0
2,4,2
3,3,0
2,3,1
3,3,0
3,9,6
3,7,4
8,16,8
11,11,0
2,39,37
3,5,2
26,26,0
3,5,2
92,127,35
2,14,12
2,2,0
2,2,0
2,3,1
3,8,5
3,3,0
1,2,1
2,2,0
2,2,0
9,9,0
9,9,0
2,6,4
2,2,0
2,2,0
8,8,0
3,4,1
2,2,0
0,0,0
1,1,0
154,154,0
2,2,0
23,23,0
1,1,0
1,3,2
2,2,0
2,2,0
53,53,0
2,2,0
3,7,4
2,2,0
1,1,0
2,8,6
2,2,0
10,22,12
97,97,0
44,44,0
2,4,2
0,0,0
2,2,0
2,2,0
3,5,2
2,2,0
7,7,0
2,4,2
3,3,0
10,10,0
3,5,2
1,1,0
2,2,0
3,3,0
2,2,0
1,1,0
2,2,0
2,2,0
4,5,1
3,3,0
2,30,28
44,86,42
3,5,2
2,2,0
2,2,0
2,4,2
2,2,0
3,9,6
2,3,1
1,2,1
2,2,0
1,1,0
2,5,3
2,4,2
2,2,0
3,20,17
0,0,0
2,2,0
23,45,22
3,3,0
2,2,0
50,51,1
2,16,14
3,3,0
1,1,0
2,2,0
3,10,7
3,5,2
10,10,0
2,2,0
2,10,8
3,61,58
1,25,24
2,2,0
2,4,2
2,2,0
3,4,1
1,1,0
2,2,0
3,3,0
3,9,6
2,2,0
3,5,2
2,2,0
2,2,0
34,37,3
3,3,0
3,3,0
90,90,0
2,2,0
51,101,50
8,8,0
2,4,2
14,29,15
2,2,0
2,6,4
6,6,0
2,2,0
2,2,0
3,3,0
3,5,2
1,2,1
1,1,0
2,2,0
1,2,1
2,2,0
3,3,0
2,2,0
8,8,0
3,6,3
3,3,0
2,4,2
2,4,2
3,11,8
2,2,0
2,8,6
2,2,0
2,2,0
2,2,0
2,3,1
3,3,0
100,200,100
2,6,4
2,4,2
3,3,0
10,10,0
2,3,1
3,8,5
2,9,7
0,0,0
2,2,0
0,0,0
2,2,0
2,2,0
3,3,0
14,14,0
2,2,0
2,2,0
2,2,0
1,2,1
2,6,4
2,20,18
116,116,0
2,2,0
2,2,0
3,3,0
3,5,2
3,3,0
1,1,0
5,5,0
2,4,2
3,3,0
4,82,78
2,2,0
2,2,0
1,1,0
2,4,2
5,5,0
2,2,0
1,1,0
2,4,2
2,8,6
1,2,1
2,2,0
3,7,4
8,8,0
1,1,0
2,2,0
9,9,0
2,2,0
3,3,0
6,6,0
2,2,0
1,10,9
2,2,0
2,2,0
3,5,2
2,2,0
2,2,0
2,2,0
2,4,2
2,4,2
2,4,2
2,2,0
3,3,0
2,13,11
20,20,0
4,4,0
2,4,2
2,2,0
3,18,15
3,3,0
3,3,0
2,82,80
3,5,2
2,2,0
1,54,53
2,2,0
3,32,29
1,3,2
1,1,0
16,16,0
9,9,0
1,2,1
31,31,0
36,41,5
2,2,0
1,1,0
1,1,0
9,9,0
0,0,0
3,9,6
23,23,0
1,25,24
4,5,1
3,3,0
6,6,0
100,100,0
2,2,0
2,2,0
3,3,0
2,3,1
3,3,0
2,5,3
2,2,0
1,1,0
2,2,0
2,3,1
3,3,0
3,3,0
2,2,0
84,84,0
3,5,2
2,4,2
2,4,2
2,9,7
2,4,2
2,2,0
2,3,1
2,12,10
3,3,0
2,8,6
2,2,0
9,9,0
4,4,0
2,2,0
2,6,4
2,2,0
2,2,0
9,9,0
4,8,4
100,109,9
40,40,0
3,3,0
8,8,0
3,3,0
2,4,2
17,18,1
3,3,0
3,5,2
3,3,0
5,7,2
8,8,0
1,8,7
15,15,0
2,5,3
2,2,0
68,68,0
2,2,0
1,6,5
3,3,0
2,2,0
3,7,4
2,2,0
4,4,0
2,2,0
1,1,0
5,13,8
2,2,0
2,5,3
3,3,0
1,2,1
2,2,0
2,2,0
4,6,2
1,28,27
2,2,0
2,2,0
2,6,4
2,4,2
2,4,2
2,2,0
2,2,0
3,3,0
3,5,2
2,6,4
3,8,5
3,3,0
3,5,2
8,8,0
2,2,0
2,4,2
43,45,2
3,5,2
20,20,0
2,2,0
0,0,0
2,12,10
2,2,0
0,0,0
8,8,0
2,2,0
1,1,0
3,4,1
2,2,0
2,2,0
0,0,0
3,3,0
2,11,9
2,16,14
2,2,0
9,9,0
0,0,0
0,0,0
2,2,0
2,8,6
2,2,0
2,2,0
71,126,55
2,2,0
3,7,4
2,4,2
2,2,0
2,2,0
30,30,0
2,2,0
2,2,0
2,2,0
1,1,0
1,9,8
63,63,0
50,50,0
2,2,0
2,2,0
2,82,80
9,9,0
1,23,22
2,2,0
2,4,2
3,10,7
2,2,0
5,6,1
2,2,0
2,2,0
2,2,0
3,5,2
2,3,1
3,5,2
2,30,28
3,11,8
12,12,0
3,6,3
2,2,0
2,9,7
2,2,0
2,2,0
2,2,0
3,10,7
2,2,0
4,4,0
2,2,0
2,2,0
2,2,0
2,2,0
2,2,0
1,1,0
10,10,0
2,2,0
3,3,0
2,6,4
2,4,2
2,2,0
10,10,0
3,3,0
18,20,2
2,2,0
2,2,0
2,41,39
3,3,0
2,2,0
2,2,0
3,3,0
3,5,2
2,7,5
2,2,0
2,2,0
2,2,0
2,2,0
2,3,1
2,3,1
1,1,0
11,11,0
2,2,0
3,9,6
2,2,0
3,7,4
2,2,0
2,2,0
3,3,0
3,3,0
2,2,0
2,2,0
2,4,2
2,2,0
2,2,0
8,8,0
2,6,4
3,9,6
3,3,0
1,4,3
2,2,0
2,2,0
1,12,11
2,2,0
2,4,2
2,2,0
2,2,0
10,10,0
3,3,0
22,22,0
2,2,0
2,2,0
1,3,2
4,9,5
1,23,22
1,2,1
2,2,0
2,2,0
2,2,0
3,6,3
2,2,0
4,11,7
2,3,1
8,8,0
3,3,0
145,145,0
3,10,7
48,48,0
1,1,0
3,7,4
12,12,0
2,2,0
2,2,0
3,3,0
2,2,0
3,5,2
6,6,0
2,2,0
2,2,0
2,2,0
3,3,0
2,82,80
2,5,3
2,2,0
2,2,0
9,17,8
3,5,2
1,1,0
100,104,4
2,4,2
1,2,1
3,3,0
2,4,2
2,4,2
2,2,0
2,2,0
9,9,0
5,5,0
1,2,1
2,5,3
27,27,0
2,2,0
1,2,1
97,98,1
12,12,0
2,2,0
2,4,2
2,2,0
9,9,0
2,2,0
2,2,0
2,2,0
8,8,0
1,3,2
3,3,0
2,2,0
3,8,5
2,2,0
3,5,2
2,2,0
1,5,4
2,2,0
2,2,0
2,2,0
3,3,0
3,14,11
2,4,2
2,2,0
2,2,0
8,8,0
2,2,0
1,1,0
0,0,0
2,2,0
2,2,0
2,80,78
2,2,0
2,2,0
2,9,7
2,23,21
1,2,1
9,9,0
1,2,1
9,9,0
3,3,0
2,4,2
2,2,0
2,84,82
2,2,0
41,41,0
3,3,0
2,2,0
5,5,0
11,11,0
0,0,0
2,2,0
6,6,0
3,3,0
2,4,2
1,1,0
1,1,0
2,2,0
1,2,1
2,8,6
3,3,0
3,3,0
2,3,1
1,30,29
549,549,0
2,3,1
2,2,0
2,3,1
0,0,0
2,2,0
2,2,0
0,0,0
2,2,0
2,6,4
2,5,3
1,2,1
2,2,0
2,2,0
1,2,1
2,2,0
2,2,0
1,14,13
1,11,10
3,3,0
12,12,0
2,16,14
2,80,78
3,3,0
2,2,0
1,2,1
2,12,10
4,4,0
2,2,0
2,2,0
2,2,0
3,3,0
22,130,108
2,2,0
1,2,1
3,7,4
8,8,0
16,16,0
1,1,0
81,81,0
1,56,55
0,0,0
3,7,4
3,5,2
2,2,0
2,2,0
0,0,0
2,2,0
1,1,0
2,2,0
3,3,0
2,4,2
4,4,0
2,10,8
1,1,0
1,2,1
2,9,7
2,2,0
1,45,44
3,3,0
1,4,3
2,2,0
1,2,1
1,1,0
2,2,0
2,2,0
2,2,0
2,2,0
2,2,0
8,8,0
3,3,0
3,5,2
3,3,0
11,11,0
8,8,0
2,12,10
2,2,0
2,2,0
2,3,1
2,2,0
1,1,0
1,6,5
3,3,0
1,2,1
2,2,0
8,8,0
3,11,8
3,6,3
0,0,0
2,2,0
2,80,78
3,3,0
2,2,0
2,2,0
2,2,0
3,7,4
2,2,0
4,8,4
2,10,8
2,6,4
2,2,0
10,10,0
2,6,4
3,3,0
8,8,0
2,3,1
0,0,0
3,3,0
2,2,0
0,0,0
2,4,2
6,15,9
3,3,0
3,8,5
1,2,1
2,2,0
1,2,1
2,4,2
3,3,0
2,4,2
2,2,0
2,2,0
9,9,0
60,121,61
3,5,2
2,2,0
556,556,0
3,5,2
3,6,3
3,5,2
2,4,2
1,1,0
4,4,0
2,2,0
4,4,0
3,8,5
100,104,4
2,2,0
12,24,12
2,5,3
2,4,2
2,24,22
1,6,5
9,9,0
1,23,22
2,6,4
12,12,0
2,4,2
7,12,5
2,2,0
2,11,9
2,2,0
2,7,5
4,5,1
12,12,0
2,2,0
2,3,1
8,8,0
3,7,4
1,2,1
1,1,0
3,3,0
4,5,1
2,5,3
2,2,0
2,11,9
1,1,0
9,9,0
2,2,0
1,2,1
2,2,0
129,129,0
2,6,4
2,2,0
4,4,0
1,2,1
1,102,101
2,2,0
0,0,0
2,2,0
9,9,0
39,56,17
2,2,0
1,2,1
2,8,6
2,2,0
2,2,0
2,2,0
5,5,0
3,3,0
2,4,2
3,3,0
2,2,0
3,3,0
1,2,1
8,11,3
3,5,2
8,24,16
2,2,0
3,3,0
13,13,0
2,2,0
2,2,0
3,3,0
1,2,1
3,3,0
2,2,0
26,30,4
3,3,0
8,8,0
1,9,8
2,2,0
5,6,1
3,3,0
4,4,0
11,11,0
2,4,2
3,4,1
2,2,0
3,4,1
2,6,4
9,9,0
3,10,7
3,3,0
2,2,0
2,2,0
2,2,0
1,4,3
1,2,1
10,10,0
3,3,0
5,5,0
1,2,1
30,37,7
3,3,0
2,3,1
9,9,0
2,2,0
6,6,0
2,3,1
2,2,0
2,2,0
2,3,1
2,8,6
2,11,9
3,5,2
7,7,0
10,10,0
2,2,0
2,2,0
3,3,0
2,2,0
3,3,0
9,9,0
9,9,0
2,2,0
16,16,0
1,6,5
2,6,4
70,70,0
2,8,6
0,0,0
2,4,2
3,3,0
1,2,1
1,4,3
3,3,0
1,2,1
5,5,0
2,2,0
3,3,0
1,3,2
1,20,19
3,3,0
0,0,0
2,4,2
3,3,0
2,2,0
2,2,0
3,10,7
2,2,0
3,8,5
3,3,0
2,2,0
2,2,0
3,3,0
3,7,4
1,3,2
3,3,0
2,2,0
9,9,0
2,4,2
2,2,0
2,2,0
3,5,2
0,0,0
2,2,0
3,5,2
9,9,0
2,2,0
2,2,0
3,5,2
3,10,7
1,2,1
2,2,0
2,2,0
2,2,0
3,3,0
33,33,0
1,2,1
3,7,4
9,9,0
3,25,22
2,2,0
2,2,0
1,2,1
2,5,3
0,0,0
3,24,21
2,2,0
2,2,0
48,48,0
3,6,3
8,9,1
2,82,80
2,2,0
8,8,0
2,2,0
5,5,0
2,2,0
3,3,0
1,2,1
2,53,51
2,2,0
1,26,25
1,4,3
2,2,0
2,6,4
3,5,2
3,3,0
2,6,4
8,8,0
3,3,0
3,3,0
6,6,0
12,12,0
2,2,0
2,2,0
2,2,0
0,0,0
3,3,0
3,3,0
8,15,7
7,7,0
2,2,0
2,3,1
2,4,2
3,6,3
10,10,0
2,2,0
2,2,0
9,9,0
3,3,0
2,4,2
1,4,3
0,0,0
2,2,0
1,2,1
10,10,0
3,3,0
3,11,8
6,6,0
2,2,0
2,5,3
9,9,0
2,4,2
2,2,0
2,2,0
3,3,0
2,4,2
2,2,0
2,2,0
3,3,0
2,10,8
2,3,1
1,1,0
3,3,0
3,5,2
2,2,0
2,2,0
3,5,2
8,8,0
2,2,0
1,2,1
2,2,0
3,3,0
45,45,0
2,2,0
1,2,1
2,2,0
2,2,0
2,2,0
3,3,0
3,3,0
2,2,0
2,4,2
2,2,0
3,3,0
100,100,0
1,2,1
3,3,0
2,2,0
7,7,0
2,2,0
1,3,2
3,3,0
3,3,0
2,2,0
2,2,0
55,61,6
8,8,0
23,23,0
0,0,0
2,7,5
2,2,0
1,1,0
3,3,0
2,82,80
40,43,3
10,10,0
10,10,0
94,94,0
1,1,0
3,3,0
2,2,0
1,2,1
2,2,0
2,2,0
3,5,2
2,2,0
2,2,0
2,2,0
8,8,0
2,4,2
6,6,0
2,6,4
2,2,0
7,12,5
0,0,0
3,3,0
2,2,0
1,2,1
0,0,0
5,5,0
51,51,0
2,2,0
2,58,56
2,2,0
3,3,0
2,2,0
2,2,0
2,2,0
1,6,5
2,2,0
2,6,4
2,6,4
4,4,0
3,5,2
10,10,0
2,17,15
1,1,0
1,22,21
3,7,4
2,2,0
9,9,0
3,6,3
2,2,0
2,84,82
2,18,16
20,20,0
7,7,0
2,2,0
9,9,0
2,3,1
2,6,4
2,4,2
8,8,0
2,15,13
1,62,61
2,2,0
3,3,0
3,3,0
1,1,0
2,2,0
3,5,2
0,0,0
1,3,2
20,20,0
2,2,0
3,3,0
3,3,0
3,3,0
0,0,0
2,4,2
2,2,0
3,3,0
8,8,0
2,2,0
3,3,0
2,2,0
2,2,0
2,2,0
1,2,1
2,2,0
2,48,46
11,11,0
3,7,4
2,2,0
2,2,0
100,100,0
0,0,0
3,14,11
9,9,0
3,3,0
2,2,0
0,0,0
1,5,4
3,18,15
6,10,4
2,2,0
1,1,0
2,102,100
2,3,1
2,2,0
1,1,0
9,9,0
3,43,40
2,2,0
2,2,0
14,14,0
11,11,0
3,15,12
0,0,0
2,4,2
2,2,0
2,2,0
1,2,1
2,2,0
2,15,13
3,5,2
2,8,6
10,10,0
1,2,1
2,4,2
2,2,0
2,2,0
9,9,0
2,2,0
2,5,3
2,2,0
2,2,0
2,4,2
3,5,2
2,3,1
1,23,22
11,11,0
3,3,0
6,6,0
0,0,0
3,3,0
2,2,0
4,4,0
3,6,3
1,2,1
2,2,0
2,2,0
2,3,1
2,2,0
21,21,0
2,2,0
0,0,0
2,2,0
3,7,4
2,4,2
2,2,0
2,2,0
2,2,0
2,2,0
2,2,0
2,2,0
2,2,0
7,7,0
3,3,0
2,4,2
3,6,3
2,2,0
1,1,0
13,13,0
3,3,0
1,1,0
2,82,80
2,2,0
3,3,0
8,8,0
2,4,2
10,12,2
3,5,2
2,2,0
3,5,2
14,18,4
2,2,0
2,2,0
2,2,0
2,2,0
1,2,1
27,27,0
3,7,4
2,2,0
3,3,0
1,1,0
3,3,0
93,93,0
8,8,0
2,2,0
1,24,23
1,3,2
11,11,0
2,4,2
2,2,0
8,8,0
1,1,0
47,49,2
2,2,0
1,7,6
2,2,0
3,3,0
1,3,2
3,3,0
2,2,0
5,7,2
2,2,0
9,9,0
2,4,2
11,11,0
10,10,0
2,19,17
2,2,0
2,2,0
3,3,0
1,2,1
2,2,0
3,3,0
2,2,0
3,5,2
3,3,0
3,3,0
1,23,22
2,2,0
28,30,2
2,2,0
2,2,0
2,2,0
2,6,4
3,6,3
3,3,0
0,0,0
2,2,0
2,2,0
1,1,0
3,9,6
2,2,0
51,51,0
2,2,0
2,2,0
1,5,4
2,2,0
2,2,0
3,3,0
2,2,0
1,1,0
2,2,0
1,7,6
2,2,0
2,2,0
2,4,2
3,5,2
2,2,0
93,93,0
2,4,2
2,2,0
0,0,0
3,5,2
2,2,0
3,11,8
2,2,0
3,3,0
3,3,0
1,1,0
2,2,0
5,5,0
3,5,2
3,3,0
3,6,3
0,0,0
10,10,0
2,2,0
106,106,0
2,4,2
1,5,4
2,2,0
3,7,4
2,3,1
6,9,3
3,3,0
1,3,2
2,2,0
2,2,0
2,12,10
13,13,0
2,2,0
1,3,2
2,85,83
1,6,5
3,8,5
2,2,0
2,4,2
2,2,0
2,2,0
1,1,0
0,0,0
2,2,0
2,2,0
2,2,0
3,3,0
3,3,0
63,63,0
2,2,0
3,5,2
3,5,2
2,2,0
3,3,0
2,2,0
2,2,0
93,95,2
1,1,0
2,2,0
0,0,0
2,2,0
2,2,0
8,8,0
11,11,0
2,2,0
2,2,0
8,8,0
2,2,0
1,5,4
0,0,0
7,7,0
2,45,43
3,5,2
2,2,0
2,2,0
2,2,0
2,2,0
3,3,0
3,3,0
2,4,2
35,58,23
2,2,0
2,2,0
2,2,0
2,4,2
2,4,2
3,10,7
49,49,0
3,3,0
3,3,0
2,7,5
3,3,0
13,13,0
2,2,0
2,2,0
3,5,2
3,3,0
2,2,0
9,9,0
2,2,0
61,61,0
2,2,0
7,7,0
3,3,0
2,2,0
2,2,0
1,2,1
2,6,4
6,6,0
35,58,23
3,3,0
8,8,0
2,2,0
1,2,1
8,8,0
1,117,116
2,2,0
2,2,0
2,2,0
3,6,3
8,8,0
3,3,0
3,5,2
2,2,0
3,5,2
2,6,4
4,4,0
2,2,0
4,4,0
2,2,0
3,3,0
4,4,0
2,6,4
2,4,2
98,98,0
1,1,0
12,12,0
3,3,0
2,4,2
2,2,0
2,2,0
0,0,0
3,3,0
2,2,0
3,3,0
3,5,2
2,2,0
10,10,0
2,4,2
10,10,0
91,102,11
1,1,0
1,1,0
2,2,0
3,32,29
2,2,0
3,3,0
2,2,0
2,2,0
2,2,0
3,3,0
7,14,7
1,6,5
2,4,2
2,4,2
2,4,2
1,1,0
10,19,9
1,1,0
9,9,0
4,4,0
3,3,0
2,2,0
2,4,2
1,2,1
2,2,0
1,2,1
3,6,3
2,2,0
14,18,4
2,2,0
3,3,0
2,2,0
3,3,0
3,3,0
2,5,3
1,1,0
5,6,1
3,5,2
1,8,7
3,3,0
4,4,0
4,4,0
2,2,0
2,15,13
2,2,0
2,2,0
2,2,0
5,5,0
3,5,2
1,2,1
2,4,2
11,11,0
4,6,2
2,2,0
1,2,1
20,20,0
3,3,0
3,3,0
0,0,0
2,2,0
2,2,0
2,2,0
2,5,3
2,4,2
3,8,5
2,2,0
2,2,0
3,7,4
2,2,0
2,2,0
0,0,0
10,12,2
9,9,0
2,2,0
2,2,0
3,5,2
2,4,2
2,8,6
2,4,2
2,3,1
2,2,0
1,1,0
2,2,0
28,45,17
3,3,0
15,15,0
3,5,2
4,7,3
8,8,0
1,1,0
3,3,0
2,2,0
20,20,0
2,2,0
1,8,7
3,5,2
8,8,0
2,15,13
6,6,0
2,2,0
3,3,0
2,3,1
1,2,1
3,3,0
2,2,0
2,2,0
3,9,6
2,2,0
2,2,0
2,2,0
2,2,0
3,3,0
1,5,4
2,2,0
3,7,4
3,3,0
3,3,0
3,3,0
2,2,0
2,2,0
2,2,0
1,1,0
8,8,0
8,160,152
13,13,0
2,2,0
2,2,0
3,3,0
1,1,0
2,2,0
2,4,2
1,2,1
5,5,0
2,2,0
3,7,4
2,82,80
2,2,0
2,2,0
70,70,0
9,9,0
2,2,0
0,0,0
2,2,0
3,5,2
2,2,0
2,14,12
3,5,2
3,3,0
2,2,0
2,2,0
3,3,0
7,7,0
2,2,0
14,14,0
1,64,63
0,0,0
8,8,0
1,3,2
1,2,1
2,2,0
2,2,0
8,8,0
3,3,0
2,2,0
3,3,0
2,2,0
1,21,20
2,2,0
8,8,0
2,5,3
2,12,10
2,2,0
2,4,2
2,2,0
1,1,0
3,5,2
15,15,0
2,2,0
1,13,12
3,18,15
8,38,30
1,1,0
3,7,4
8,8,0
1,2,1
2,2,0
2,2,0
2,82,80
3,8,5
3,3,0
3,3,0
2,2,0
3,5,2
2,2,0
2,2,0
8,8,0
2,48,46
2,6,4
4,4,0
1,5,4
1,24,23
2,2,0
2,30,28
8,8,0
9,9,0
2,2,0
2,2,0
8,8,0
2,2,0
2,2,0
2,2,0
2,2,0
10,10,0
3,3,0
22,22,0
3,3,0
2,2,0
2,2,0
2,2,0
2,2,0
3,3,0
3,3,0
6,74,68
9,9,0
2,2,0
1,2,1
2,2,0
2,2,0
2,4,2
2,2,0
1,38,37
1,24,23
3,3,0
3,5,2
2,2,0
1,1,0
3,11,8
2,2,0
2,2,0
2,2,0
2,2,0
2,8,6
2,2,0
2,2,0
2,2,0
3,3,0
2,2,0
2,2,0
2,2,0
15,15,0
2,5,3
2,2,0
3,7,4
2,2,0
3,11,8
2,16,14
1,3,2
2,2,0
2,2,0
2,2,0
0,0,0
3,3,0
0,0,0
8,8,0
2,4,2
2,8,6
2,2,0
2,3,1
2,6,4
1,1,0
2,2,0
5,5,0
2,4,2
2,13,11
2,2,0
2,2,0
1,7,6
12,12,0
3,3,0
3,10,7
10,10,0
2,2,0
1,2,1
8,8,0
2,2,0
2,2,0
2,2,0
2,2,0
3,3,0
2,3,1
15,15,0
2,2,0
2,2,0
14,17,3
2,6,4
3,54,51
3,7,4
2,2,0
3,3,0
2,2,0
11,20,9
3,3,0
2,2,0
2,2,0
0,0,0
2,27,25
1,3,2
9,9,0
3,5,2
0,0,0
2,2,0
8,8,0
1,7,6
1,22,21
2,80,78
9,9,0
2,13,11
1,25,24
1,1,0
3,3,0
8,8,0
2,2,0
3,16,13
2,2,0
3,6,3
1,8,7
0,0,0
3,6,3
2,6,4
7,7,0
3,16,13
2,3,1
17,17,0
2,2,0
2,2,0
2,2,0
2,2,0
4,4,0
2,2,0
9,9,0
3,5,2
2,2,0
3,7,4
2,2,0
2,4,2
2,2,0
3,6,3
2,2,0
2,4,2
2,2,0
3,3,0
8,8,0
2,20,18
2,2,0
2,2,0
3,10,7
3,8,5
2,2,0
2,8,6
0,0,0
2,2,0
38,40,2
3,3,0
2,2,0
3,3,0
2,4,2
2,2,0
1,17,16
3,7,4
2,2,0
3,3,0
2,4,2
81,81,0
2,2,0
3,9,6
1,2,1
6,6,0
2,2,0
3,13,10
2,3,1
1,1,0
3,6,3
2,2,0
2,2,0
2,2,0
2,2,0
0,0,0
2,2,0
4,4,0
1,4,3
2,2,0
1,1,0
2,4,2
1,2,1
1,40,39
2,2,0
2,2,0
2,2,0
18,18,0
12,12,0
8,10,2
2,2,0
2,2,0
3,3,0
2,2,0
2,2,0
3,3,0
3,5,2
2,2,0
2,10,8
2,2,0
60,121,61
12,12,0
2,2,0
4,17,13
8,16,8
5,5,0
3,5,2
3,3,0
8,8,0
3,3,0
1,1,0
2,2,0
9,9,0
1,3,2
2,2,0
2,2,0
2,4,2
2,2,0
2,2,0
2,9,7
2,2,0
2,2,0
3,13,10
2,2,0
2,4,2
0,0,0
2,2,0
0,0,0
2,2,0
2,8,6
3,3,0
3,8,5
2,2,0
2,3,1
1,2,1
3,3,0
13,13,0
1,3,2
2,2,0
2,2,0
3,12,9
2,2,0
2,5,3
3,7,4
21,21,0
250,252,2
2,2,0
9,9,0
2,2,0
3,3,0
0,0,0
2,2,0
2,4,2
3,10,7
2,82,80
1,1,0
6,57,51
2,2,0
31,32,1
2,2,0
3,5,2
10,10,0
3,15,12
2,2,0
2,2,0
2,2,0
3,9,6
2,2,0
2,2,0
9,20,11
5,5,0
25,25,0
22,22,0
1,26,25
3,3,0
1,2,1
3,3,0
1,5,4
2,2,0
2,2,0
1,1,0
2,2,0
2,2,0
2,2,0
2,2,0
2,4,2
3,5,2
1,1,0
2,2,0
3,3,0
3,5,2
2,2,0
3,7,4
2,2,0
3,5,2
3,10,7
1,2,1
4,4,0
1,2,1
2,2,0
2,2,0
11,11,0
2,2,0
2,2,0
2,4,2
1,20,19
2,2,0
2,2,0
2,2,0
2,2,0
2,4,2
22,23,1
2,2,0
1,55,54
2,2,0
0,0,0
1,22,21
2,4,2
2,2,0
2,14,12
2,10,8
2,2,0
2,2,0
1,1,0
2,6,4
2,2,0
2,5,3
2,2,0
3,3,0
2,4,2
2,13,11
2,4,2
6,6,0
2,2,0
2,4,2
2,2,0
2,2,0
3,3,0
2,20,18
3,3,0
3,3,0
3,3,0
3,3,0
3,3,0
1,5,4
2,2,0
1,1,0
3,3,0
9,9,0
2,2,0
1,1,0
1,21,20
1,29,28
2,2,0
13,16,3
3,3,0
2,6,4
2,2,0
2,2,0
3,19,16
1,2,1
22,22,0
2,2,0
3,3,0
1,1,0
2,2,0
3,5,2
2,2,0
3,4,1
3,14,11
0,0,0
1,7,6
3,3,0
2,3,1
0,0,0
3,3,0
2,2,0
9,9,0
3,5,2
3,4,1
1,2,1
2,2,0
1,1,0
2,2,0
1,61,60
3,3,0
9,9,0
3,5,2
1,4,3
2,2,0
2,2,0
2,2,0
2,2,0
2,5,3
4,4,0
3,8,5
2,2,0
2,2,0
1,12,11
10,10,0
2,2,0
2,4,2
3,6,3
3,3,0
2,4,2
2,2,0
2,2,0
2,2,0
2,5,3
3,3,0
3,52,49
2,8,6
2,84,82
3,3,0
2,6,4
2,2,0
3,3,0
2,2,0
3,3,0
2,2,0
2,2,0
3,3,0
60,60,0
3,7,4
2,2,0
9,9,0
6,6,0
3,3,0
7,7,0
1,3,2
2,2,0
3,5,2
2,6,4
6,15,9
2,23,21
2,2,0
2,2,0
3,3,0
2,2,0
3,12,9
2,2,0
2,2,0
2,26,24
1,5,4
0,0,0
6,6,0
2,2,0
0,0,0
2,2,0
2,2,0
3,3,0
3,11,8
2,2,0
2,2,0
2,2,0
2,2,0
8,8,0
0,0,0
2,47,45
2,2,0
8,8,0
1,2,1
2,2,0
2,2,0
3,5,2
24,24,0
2,80,78
2,2,0
8,8,0
1,1,0
1,26,25
3,5,2
10,10,0
3,3,0
0,0,0
3,3,0
2,3,1
9,9,0
3,3,0
1,1,0
1,1,0
2,4,2
2,2,0
3,3,0
3,3,0
3,7,4
2,3,1
1,1,0
2,2,0
2,2,0
1,2,1
2,2,0
3,7,4
0,0,0
2,2,0
2,2,0
2,6,4
3,3,0
2,2,0
3,3,0
54,54,0
1,2,1
2,3,1
2,2,0
3,3,0
2,2,0
2,2,0
3,3,0
3,3,0
6,6,0
2,2,0
3,3,0
3,3,0
3,3,0
2,6,4
1,2,1
2,8,6
2,4,2
1,2,1
1,3,2
13,13,0
6,6,0
2,2,0
3,3,0
6,6,0
6,6,0
2,2,0
2,2,0
2,2,0
2,45,43
8,8,0
4,4,0
3,3,0
2,27,25
9,9,0
2,2,0
3,3,0
2,3,1
3,3,0
2,2,0
3,3,0
1,1,0
1,2,1
3,16,13
10,10,0
45,48,3
2,2,0
2,2,0
2,2,0
0,0,0
2,2,0
1,3,2
3,18,15
3,3,0
2,4,2
48,48,0
3,3,0
3,3,0
0,0,0
0,0,0
2,2,0
2,2,0
2,2,0
3,3,0
3,8,5
2,2,0
2,2,0
2,2,0
3,3,0
3,7,4
3,5,2
2,2,0
2,3,1
9,9,0
2,10,8
2,4,2
2,16,14
2,2,0
2,2,0
1,1,0
2,10,8
3,3,0
3,7,4
11,11,0
2,2,0
1,9,8
2,2,0
2,2,0
11,11,0
2,2,0
0,0,0
3,3,0
20,20,0
34,34,0
2,2,0
1,22,21
1,7,6
3,3,0
2,4,2
3,3,0
3,23,20
1,1,0
2,2,0
3,18,15
2,2,0
4,4,0
2,2,0
4,4,0
8,8,0
3,19,16
9,9,0
3,5,2
2,9,7
2,2,0
8,8,0
1,2,1
3,3,0
2,2,0
8,8,0
2,2,0
2,7,5
3,5,2
3,3,0
3,6,3
7,63,56
3,6,3
2,3,1
2,2,0
9,9,0
2,6,4
3,10,7
2,3,1
1,5,4
2,2,0
2,80,78
6,6,0
2,2,0
3,5,2
9,9,0
2,2,0
2,2,0
2,2,0
1,2,1
3,4,1
3,3,0
3,3,0
2,2,0
3,6,3
3,5,2
1,6,5
3,5,2
2,2,0
2,2,0
2,8,6
2,4,2
2,2,0
3,5,2
3,3,0
40,43,3
2,2,0
1,1,0
2,2,0
2,2,0
0,0,0
14,14,0
8,12,4
2,6,4
2,5,3
6,6,0
2,5,3
2,2,0
2,2,0
2,2,0
3,5,2
3,3,0
2,14,12
1,1,0
2,2,0
1,1,0
3,3,0
2,4,2
3,8,5
3,3,0
3,7,4
2,3,1
1,2,1
4,4,0
10,10,0
2,2,0
4,4,0
2,2,0
2,2,0
2,2,0
3,3,0
3,5,2
99,132,33
2,12,10
1,3,2
2,5,3
3,4,1
2,2,0
2,2,0
3,3,0
1,4,3
118,145,27
3,9,6
1,10,9
3,3,0
3,7,4
2,2,0
3,3,0
2,2,0
3,5,2
9,9,0
3,3,0
2,2,0
2,3,1
2,2,0
2,4,2
3,20,17
9,9,0
9,9,0
2,2,0
3,3,0
2,2,0
2,8,6
2,2,0
3,3,0
3,3,0
3,7,4
2,2,0
2,2,0
2,10,8
1,3,2
4,4,0
2,2,0
2,2,0
59,184,125
3,3,0
1,1,0
3,5,2
1,39,38
1,2,1
2,2,0
3,3,0
3,3,0
1,21,20
3,3,0
1,4,3
3,5,2
2,2,0
1,1,0
3,3,0
14,14,0
18,18,0
2,2,0
3,6,3
3,3,0
2,2,0
2,4,2
2,2,0
3,5,2
5,5,0
3,3,0
1,1,0
4,6,2
20,20,0
2,2,0
2,2,0
3,3,0
2,10,8
3,3,0
2,2,0
0,0,0
3,3,0
2,2,0
3,6,3
2,2,0
3,3,0
3,5,2
8,8,0
2,2,0
2,26,24
2,2,0
9,9,0
2,2,0
2,2,0
2,4,2
2,4,2
100,100,0
2,4,2
2,2,0
1,1,0
9,9,0
100,300,200
1,20,19
3,6,3
3,10,7
6,6,0
2,8,6
2,2,0
2,2,0
10,11,1
2,2,0
1,1,0
6,6,0
2,2,0
3,3,0
2,2,0
1,2,1
2,5,3
2,7,5
3,4,1
2,28,26
4,22,18
2,4,2
4,6,2
2,3,1
3,4,1
2,2,0
2,3,1
11,11,0
6,6,0
2,4,2
3,3,0
0,0,0
1,1,0
2,13,11
4,4,0
2,2,0
8,8,0
3,5,2
2,2,0
3,3,0
2,4,2
8,8,0
2,5,3
8,8,0
2,4,2
2,2,0
1,1,0
2,3,1
2,5,3
2,2,0
2,6,4
3,3,0
8,8,0
2,2,0
2,2,0
3,5,2
2,4,2
1,1,0
3,3,0
7,7,0
2,2,0
1,1,0
11,11,0
2,2,0
3,3,0
3,9,6
3,3,0
2,2,0
3,7,4
0,0,0
2,8,6
2,2,0
2,2,0
2,2,0
1,1,0
2,2,0
9,9,0
2,2,0
2,2,0
51,51,0
4,7,3
3,3,0
2,4,2
2,2,0
2,3,1
98,98,0
1,1,0
2,2,0
2,2,0
2,3,1
2,2,0
10,10,0
2,2,0
2,2,0
3,3,0
2,3,1
2,4,2
3,3,0
3,3,0
17,17,0
2,2,0
2,4,2
2,5,3
1,2,1
3,5,2
2,2,0
2,2,0
0,0,0
3,3,0
2,6,4
3,5,2
3,25,22
2,20,18
2,3,1
2,3,1
10,10,0
2,5,3
2,2,0
2,2,0
3,5,2
2,2,0
2,2,0
2,2,0
0,0,0
0,0,0
2,8,6
3,3,0
1,1,0
3,3,0
9,9,0
3,3,0
3,3,0
3,3,0
3,5,2
1,1,0
3,3,0
2,3,1
2,2,0
3,3,0
2,2,0
9,9,0
1,3,2
1,2,1
2,2,0
3,3,0
1,1,0
3,4,1
1,1,0
2,2,0
2,2,0
2,2,0
1,2,1
3,3,0
2,8,6
1,1,0
2,2,0
3,18,15
2,2,0
2,3,1
2,2,0
3,5,2
2,2,0
2,2,0
2,2,0
3,8,5
2,2,0
9,18,9
3,3,0
0,0,0
2,2,0
2,2,0
2,4,2
2,2,0
35,37,2
14,14,0
2,4,2
2,2,0
2,4,2
2,2,0
1,2,1
2,3,1
3,5,2
3,5,2
3,3,0
2,2,0
0,0,0
2,4,2
2,2,0
2,2,0
3,3,0
1,1,0
2,2,0
2,2,0
3,3,0
2,2,0
2,2,0
3,5,2
2,2,0
2,2,0
3,3,0
2,2,0
3,21,18
12,12,0
2,2,0
2,4,2
3,3,0
2,2,0
0,0,0
28,28,0
8,8,0
2,8,6
3,5,2
3,5,2
2,2,0
3,3,0
2,6,4
1,1,0
3,3,0
2,2,0
3,5,2
2,3,1
6,8,2
2,4,2
8,8,0
3,5,2
2,2,0
10,10,0
2,2,0
19,27,8
44,54,10
2,3,1
2,2,0
2,2,0
1,8,7
2,2,0
3,5,2
3,3,0
3,5,2
1,1,0
3,3,0
3,3,0
2,2,0
4,4,0
3,8,5
1,1,0
3,5,2
2,2,0
4,4,0
3,7,4
11,11,0
2,8,6
2,2,0
2,2,0
2,2,0
2,2,0
3,3,0
3,5,2
1,7,6
2,6,4
3,3,0
9,9,0
5,10,5
2,2,0
2,2,0
2,2,0
1,3,2
8,8,0
2,2,0
16,16,0
3,3,0
2,2,0
3,3,0
2,2,0
67,67,0
2,2,0
2,4,2
2,2,0
2,2,0
6,6,0
3,3,0
3,3,0
3,7,4
24,24,0
2,2,0
3,3,0
3,5,2
3,3,0
4,4,0
3,3,0
2,2,0
2,2,0
2,2,0
2,2,0
3,5,2
3,11,8
1,2,1
2,2,0
2,2,0
1,1,0
2,2,0
1,24,23
3,3,0
3,3,0
1,1,0
2,2,0
2,4,2
2,3,1
28,28,0
1,1,0
2,2,0
2,2,0
3,3,0
2,2,0
2,2,0
1,1,0
3,7,4
3,3,0
3,5,2
1,2,1
2,2,0
2,2,0
0,0,0
2,2,0
2,2,0
2,2,0
2,2,0
2,9,7
2,2,0
3,3,0
3,3,0
2,2,0
2,2,0
1,2,1
2,2,0
1,1,0
3,3,0
2,2,0
2,2,0
14,14,0
2,3,1
2,2,0
2,2,0
4,4,0
2,2,0
3,3,0
2,2,0
3,5,2
1,2,1
1,4,3
0,0,0
2,2,0
3,8,5
2,2,0
90,90,0
3,7,4
2,2,0
2,82,80
2,2,0
5,5,0
2,2,0
3,3,0
1,1,0
2,3,1
2,3,1
3,3,0
2,2,0
2,2,0
2,2,0
2,2,0
3,3,0
17,21,4
9,9,0
2,2,0
3,8,5
2,2,0
3,3,0
3,3,0
58,58,0
1,1,0
2,2,0
3,5,2
3,7,4
3,6,3
100,100,0
2,2,0
2,2,0
91,93,2
2,4,2
2,2,0
2,2,0
9,9,0
2,73,71
1,2,1
2,9,7
2,2,0
2,4,2
2,2,0
6,34,28
1,5,4
2,2,0
2,4,2
12,12,0
3,3,0
2,2,0
3,12,9
3,6,3
3,3,0
2,2,0
3,7,4
2,3,1
2,2,0
26,26,0
2,3,1
51,51,0
0,0,0
1,24,23
1,1,0
3,7,4
2,4,2
1,4,3
2,4,2
1,1,0
2,2,0
3,11,8
2,45,43
3,3,0
2,2,0
3,12,9
1,4,3
3,3,0
2,2,0
3,9,6
8,8,0
0,0,0
349,349,0
2,2,0
3,8,5
3,4,1
2,6,4
0,0,0
2,2,0
3,3,0
2,2,0
1,62,61
1,4,3
3,3,0
2,2,0
2,2,0
2,2,0
5,5,0
6,6,0
2,2,0
3,4,1
2,2,0
2,2,0
6,6,0
1,5,4
3,3,0
3,3,0
3,12,9
2,2,0
2,8,6
1,1,0
2,8,6
2,2,0
2,2,0
6,6,0
0,0,0
1,1,0
2,2,0
19,19,0
3,3,0
1,1,0
1,5,4
1,1,0
2,2,0
2,8,6
0,0,0
2,2,0
8,8,0
2,2,0
9,9,0
2,3,1
2,2,0
3,3,0
2,90,88
2,2,0
9,9,0
2,2,0
0,0,0
2,2,0
2,4,2
0,0,0
2,2,0
1,3,2
3,3,0
51,103,52
1,2,1
2,5,3
2,6,4
1,2,1
20,21,1
8,10,2
2,2,0
9,9,0
2,2,0
8,8,0
2,2,0
3,4,1
3,5,2
3,7,4
2,2,0
4,4,0
2,2,0
2,2,0
3,3,0
9,9,0
7,7,0
3,3,0
2,2,0
2,10,8
1,2,1
3,74,71
3,3,0
2,2,0
0,0,0
2,2,0
3,9,6
2,2,0
2,3,1
0,0,0
2,4,2
2,2,0
3,11,8
2,2,0
3,3,0
2,2,0
2,2,0
3,3,0
2,2,0
2,2,0
2,2,0
2,2,0
2,2,0
1,1,0
6,20,14
2,2,0
1,72,71
2,2,0
2,3,1
1,1,0
3,6,3
138,138,0
1,10,9
11,11,0
2,2,0
0,0,0
3,8,5
2,4,2
2,2,0
100,100,0
3,7,4
0,0,0
9,9,0
2,124,122
2,2,0
2,4,2
2,2,0
2,2,0
3,3,0
2,2,0
2,2,0
2,2,0
2,2,0
3,4,1
3,5,2
2,10,8
8,8,0
0,0,0
1,21,20
2,4,2
2,2,0
3,7,4
2,2,0
2,2,0
6,6,0
2,2,0
3,5,2
2,2,0
20,20,0
2,2,0
3,7,4
3,5,2
2,2,0
2,3,1
2,4,2
4,4,0
1,1,0
3,9,6
1,2,1
2,3,1
11,11,0
3,5,2
1,1,0
1,2,1
1,11,10
3,7,4
2,2,0
2,80,78
3,3,0
2,3,1
2,2,0
2,2,0
0,0,0
2,2,0
3,3,0
3,3,0
7,7,0
2,5,3
2,7,5
2,4,2
9,13,4
2,2,0
5,5,0
3,3,0
1,10,9
3,3,0
3,7,4
2,10,8
3,3,0
1,2,1
2,2,0
10,12,2
4,4,0
3,7,4
2,46,44
2,2,0
2,8,6
2,2,0
2,2,0
3,3,0
3,3,0
2,10,8
47,49,2
2,2,0
2,2,0
2,2,0
3,5,2
1,1,0
2,6,4
2,2,0
2,8,6
2,2,0
71,71,0
2,4,2
2,2,0
2,2,0
3,3,0
2,2,0
3,3,0
2,2,0
2,2,0
1,10,9
2,3,1
2,2,0
0,0,0
3,3,0
2,2,0
1,1,0
2,2,0
2,3,1
2,2,0
2,2,0
2,10,8
2,2,0
1,2,1
2,2,0
1,89,88
2,2,0
2,2,0
22,22,0
2,4,2
2,2,0
3,10,7
2,2,0
2,2,0
2,6,4
2,2,0
3,3,0
2,2,0
3,5,2
8,8,0
6,6,0
2,2,0
1,1,0
8,8,0
2,2,0
2,2,0
3,5,2
3,7,4
134,287,153
9,17,8
2,2,0
3,3,0
1,2,1
0,0,0
2,2,0
2,2,0
3,5,2
3,7,4
5,5,0
2,2,0
8,8,0
2,2,0
3,3,0
3,5,2
2,2,0
0,0,0
2,2,0
1,2,1
2,3,1
1,5,4
2,2,0
2,2,0
9,9,0
2,6,4
2,6,4
3,3,0
4,4,0
2,2,0
12,12,0
3,3,0
2,2,0
10,10,0
96,96,0
3,3,0
3,27,24
1,5,4
2,2,0
2,2,0
0,0,0
3,3,0
3,5,2
1,9,8
2,8,6
2,16,14
2,3,1
3,3,0
1,113,112
3,5,2
4,7,3
6,8,2
2,4,2
3,3,0
3,5,2
2,2,0
3,3,0
2,2,0
2,2,0
3,7,4
3,3,0
88,88,0
2,46,44
7,7,0
4,4,0
3,3,0
3,3,0
2,5,3
2,6,4
2,2,0
1,2,1
3,3,0
2,2,0
5,5,0
1,1,0
1,1,0
20,20,0
2,2,0
2,3,1
2,2,0
3,5,2
2,2,0
2,5,3
3,3,0
3,11,8
2,5,3
2,14,12
2,2,0
3,3,0
2,2,0
2,2,0
1,5,4
3,3,0
0,0,0
2,2,0
3,3,0
2,6,4
2,2,0
1,1,0
0,0,0
4,4,0
3,7,4
2,13,11
3,6,3
2,2,0
1,5,4
2,6,4
3,3,0
1,1,0
4,4,0
8,13,5
2,2,0
2,2,0
3,5,2
3,7,4
51,101,50
3,6,3
2,18,16
3,3,0
2,2,0
1,2,1
2,2,0
2,2,0
4,5,1
2,2,0
3,3,0
2,2,0
8,8,0
3,8,5
8,8,0
6,6,0
2,2,0
2,2,0
2,4,2
2,2,0
0,0,0
2,2,0
2,2,0
3,35,32
2,2,0
2,2,0
3,7,4
3,3,0
3,6,3
2,2,0
2,2,0
1,23,22
2,2,0
2,2,0
2,2,0
1,7,6
2,2,0
2,8,6
2,2,0
3,3,0
2,2,0
0,0,0
2,2,0
2,2,0
11,12,1
2,2,0
1,1,0
2,2,0
2,2,0
2,18,16
1,3,2
3,3,0
2,2,0
2,4,2
2,2,0
0,0,0
2,2,0
4,4,0
3,3,0
0,0,0
2,2,0
9,9,0
1,3,2
8,8,0
1,1,0
1,46,45
6,33,27
3,3,0
2,4,2
2,2,0
1,3,2
1,2,1
2,2,0
3,4,1
1,23,22
2,5,3
2,4,2
1,1,0
2,6,4
2,2,0
1,1,0
2,11,9
4,4,0
2,3,1
2,2,0
2,2,0
1,1,0
1,1,0
2,2,0
3,73,70
1,5,4
2,80,78
3,3,0
8,8,0
2,2,0
2,2,0
0,0,0
2,2,0
2,2,0
2,11,9
3,9,6
1,1,0
2,2,0
2,2,0
2,2,0
2,2,0
24,24,0
2,2,0
0,0,0
1,25,24
2,2,0
0,0,0
2,2,0
2,2,0
2,2,0
22,64,42
2,2,0
2,4,2
1,2,1
1,1,0
2,2,0
10,10,0
8,8,0
2,3,1
4,4,0
0,0,0
1,27,26
3,3,0
1,3,2
10,25,15
3,7,4
3,3,0
2,2,0
2,5,3
3,3,0
2,2,0
9,9,0
1,2,1
3,7,4
3,3,0
2,2,0
2,2,0
2,2,0
3,3,0
3,3,0
3,3,0
3,7,4
8,8,0
2,2,0
7,7,0
3,7,4
3,6,3
2,2,0
9,110,101
6,6,0
1,5,4
2,2,0
2,2,0
9,9,0
9,9,0
2,2,0
10,10,0
8,8,0
2,2,0
8,8,0
2,3,1
1,1,0
1,22,21
2,2,0
5,5,0
2,2,0
3,3,0
3,3,0
2,2,0
2,21,19
2,2,0
2,2,0
2,2,0
0,0,0
2,2,0
2,2,0
2,2,0
15,30,15
2,2,0
3,4,1
3,3,0
2,4,2
2,2,0
1,10,9
2,10,8
3,3,0
1,1,0
3,9,6
2,19,17
3,3,0
3,3,0
3,3,0
2,2,0
2,2,0
2,2,0
2,4,2
8,8,0
1,1,0
2,2,0
2,2,0
3,3,0
2,4,2
2,2,0
2,2,0
1,2,1
3,3,0
3,3,0
2,2,0
1,2,1
3,3,0
2,2,0
1,11,10
2,3,1
3,5,2
3,7,4
10,10,0
2,2,0
4,12,8
4,4,0
3,8,5
3,16,13
2,2,0
9,9,0
2,2,0
9,9,0
2,2,0
2,6,4
1,26,25
2,15,13
2,2,0
0,0,0
8,16,8
2,2,0
8,8,0
2,7,5
2,2,0
6,6,0
1,22,21
2,2,0
2,41,39
2,2,0
0,0,0
2,2,0
3,11,8
2,3,1
3,5,2
6,6,0
35,35,0
2,4,2
9,9,0
2,2,0
1,2,1
2,8,6
2,2,0
2,2,0
2,2,0
1,1,0
14,14,0
2,4,2
2,2,0
3,5,2
2,2,0
3,3,0
3,5,2
1,1,0
30,32,2
2,2,0
1,8,7
2,2,0
2,2,0
5,5,0
3,3,0
3,3,0
3,7,4
2,2,0
22,22,0
2,4,2
1,26,25
9,9,0
1,5,4
4,4,0
2,2,0
2,2,0
2,2,0
2,2,0
2,2,0
2,2,0
10,10,0
11,11,0
60,121,61
14,14,0
2,4,2
3,3,0
2,2,0
2,2,0
2,2,0
2,2,0
2,2,0
1,2,1
3,11,8
3,5,2
9,9,0
2,2,0
2,5,3
2,2,0
1,1,0
3,3,0
2,10,8
1,1,0
8,8,0
2,2,0
2,2,0
2,2,0
2,45,43
4,10,6
3,3,0
3,5,2
2,2,0
0,0,0
2,15,13
3,3,0
3,4,1
2,4,2
2,23,21
1,2,1
2,2,0
2,2,0
3,7,4
2,17,15
2,2,0
3,7,4
2,2,0
4,4,0
2,2,0
2,8,6
3,10,7
1,1,0
2,2,0
0,0,0
3,3,0
0,0,0
2,2,0
2,2,0
3,7,4
16,16,0
22,118,96
2,2,0
2,2,0
3,3,0
1,2,1
1,1,0
3,3,0
3,3,0
3,3,0
11,11,0
1,1,0
5,5,0
1,1,0
0,0,0
3,3,0
0,0,0
3,6,3
2,4,2
1,27,26
2,2,0
3,5,2
1,1,0
2,3,1
2,7,5
3,352,349
2,2,0
77,96,19
0,0,0
0,0,0
9,9,0
8,8,0
2,2,0
2,2,0
2,2,0
2,2,0
3,3,0
2,2,0
2,4,2
3,13,10
3,3,0
8,8,0
2,2,0
0,0,0
2,2,0
2,2,0
20,24,4
1,2,1
2,2,0
1,1,0
2,2,0
3,3,0
1,1,0
2,2,0
3,3,0
8,8,0
3,7,4
4,4,0
2,7,5
2,2,0
3,5,2
3,3,0
2,6,4
2,4,2
100,100,0
3,4,1
2,3,1
3,3,0
2,8,6
9,9,0
1,1,0
2,2,0
1,21,20
11,11,0
3,5,2
3,4,1
9,9,0
3,5,2
2,2,0
9,9,0
2,4,2
2,4,2
2,2,0
8,8,0
2,2,0
2,2,0
38,38,0
2,2,0
1,1,0
4,4,0
9,9,0
2,2,0
1,1,0
2,10,8
9,9,0
2,2,0
3,6,3
2,8,6
2,13,11
3,3,0
4,4,0
2,2,0
2,2,0
2,6,4
3,7,4
2,2,0
2,2,0
3,5,2
2,2,0
7,7,0
3,7,4
2,3,1
3,24,21
3,9,6
2,2,0
2,80,78
2,2,0
3,27,24
4,4,0
8,8,0
1,2,1
1,31,30
4,4,0
2,2,0
1,1,0
2,2,0
2,2,0
1,2,1
1,2,1
2,2,0
2,2,0
1,2,1
2,2,0
2,2,0
3,3,0
6,6,0
3,5,2
3,3,0
2,6,4
1,1,0
3,5,2
2,2,0
3,3,0
3,3,0
1,1,0
5,5,0
1,1,0
2,2,0
5,5,0
2,2,0
2,2,0
2,2,0
1,1,0
3,8,5
2,45,43
1,1,0
1,2,1
3,8,5
3,3,0
2,10,8
2,4,2
3,5,2
6,8,2
3,3,0
1,22,21
9,9,0
8,8,0
4,4,0
2,6,4
5,5,0
1,78,77
2,2,0
2,8,6
2,2,0
9,9,0
3,3,0
2,2,0
2,4,2
2,2,0
2,2,0
2,2,0
2,2,0
3,3,0
3,16,13
2,2,0
3,5,2
9,9,0
4,4,0
4,7,3
1,1,0
3,3,0
2,8,6
2,2,0
2,4,2
3,8,5
2,2,0
9,9,0
3,6,3
2,2,0
2,2,0
2,2,0
2,4,2
2,3,1
2,2,0
3,3,0
2,2,0
9,9,0
106,106,0
2,4,2
13,13,0
2,2,0
1,22,21
2,2,0
2,2,0
2,2,0
2,2,0
18,21,3
2,5,3
3,14,11
2,8,6
2,2,0
1,3,2
3,3,0
2,4,2
0,0,0
3,5,2
3,3,0
3,3,0
2,4,2
1,2,1
2,2,0
2,2,0
3,3,0
2,2,0
2,2,0
2,2,0
2,2,0
2,2,0
2,2,0
2,2,0
2,2,0
2,4,2
2,8,6
19,19,0
2,2,0
3,3,0
2,2,0
10,10,0
2,3,1
2,2,0
7,7,0
3,3,0
1,1,0
3,3,0
4,4,0
3,5,2
1,2,1
1,1,0
2,2,0
2,2,0
2,2,0
2,2,0
2,2,0
2,2,0
2,4,2
1,1,0
6,6,0
88,97,9
3,3,0
0,0,0
2,7,5
8,8,0
2,82,80
1,3,2
2,2,0
2,2,0
3,5,2
2,82,80
2,2,0
3,3,0
2,16,14
2,2,0
2,2,0
3,3,0
8,8,0
1,27,26
2,2,0
3,3,0
2,2,0
2,82,80
3,5,2
2,2,0
2,2,0
0,0,0
2,5,3
2,2,0
2,28,26
2,2,0
8,8,0
3,4,1
45,45,0
1,1,0
3,5,2
9,9,0
8,8,0
50,50,0
3,3,0
2,2,0
3,3,0
3,3,0
8,8,0
3,3,0
2,2,0
28,30,2
3,6,3
2,2,0
2,6,4
9,9,0
1,2,1
2,2,0
3,4,1
2,2,0
8,8,0
6,76,70
2,4,2
2,2,0
3,3,0
3,8,5
3,6,3
3,3,0
8,16,8
2,2,0
3,9,6
9,9,0
3,3,0
2,2,0
10,10,0
2,4,2
3,3,0
2,2,0
2,10,8
3,6,3
1,1,0
2,2,0
2,2,0
3,16,13
3,3,0
8,8,0
2,2,0
1,2,1
3,3,0
3,3,0
3,3,0
2,2,0
1,10,9
2,2,0
16,51,35
2,2,0
3,5,2
3,3,0
8,8,0
1,1,0
2,2,0
2,14,12
2,4,2
3,3,0
5,5,0
2,2,0
3,5,2
3,9,6
2,2,0
1,22,21
2,5,3
6,6,0
8,8,0
8,8,0
2,4,2
1,1,0
2,45,43
2,2,0
6,6,0
2,80,78
3,7,4
8,8,0
4,4,0
6,35,29
2,3,1
2,6,4
2,2,0
2,4,2
1,3,2
3,3,0
3,3,0
2,2,0
4,4,0
2,2,0
1,1,0
3,11,8
3,3,0
16,32,16
3,3,0
2,2,0
1,1,0
2,2,0
2,2,0
1,2,1
2,2,0
2,2,0
3,3,0
2,2,0
1,1,0
2,2,0
11,11,0
2,2,0
0,0,0
2,2,0
2,2,0
9,9,0
0,0,0
51,52,1
38,45,7
2,2,0
2,2,0
3,8,5
2,5,3
2,2,0
2,2,0
9,9,0
5,7,2
3,5,2
3,3,0
2,3,1
2,4,2
2,6,4
1,1,0
2,2,0
8,8,0
2,2,0
9,17,8
3,5,2
9,11,2
3,3,0
2,12,10
3,3,0
3,3,0
1,1,0
2,2,0
2,2,0
8,8,0
3,5,2
7,36,29
3,7,4
8,8,0
3,3,0
2,2,0
2,2,0
8,8,0
2,2,0
3,3,0
9,9,0
3,3,0
2,2,0
2,2,0
42,127,85
2,2,0
2,2,0
9,9,0
3,25,22
2,2,0
2,2,0
2,2,0
3,3,0
2,2,0
2,6,4
2,2,0
3,3,0
36,36,0
3,3,0
2,2,0
2,2,0
2,2,0
3,3,0
2,2,0
2,2,0
3,3,0
2,2,0
2,2,0
2,2,0
2,3,1
11,11,0
8,8,0
11,11,0
3,3,0
2,4,2
2,2,0
3,4,1
2,2,0
2,2,0
2,2,0
2,2,0
3,3,0
2,2,0
2,4,2
3,3,0
2,2,0
10,12,2
3,4,1
8,8,0
2,2,0
2,2,0
9,9,0
2,6,4
2,2,0
3,8,5
1,1,0
2,10,8
2,2,0
14,14,0
3,4,1
9,9,0
2,4,2
2,37,35
3,6,3
2,2,0
2,7,5
3,5,2
2,4,2
2,18,16
1,1,0
1,1,0
3,3,0
2,4,2
2,4,2
3,16,13
2,2,0
4,4,0
2,2,0
2,2,0
2,6,4
1,5,4
2,2,0
3,3,0
2,3,1
2,2,0
2,2,0
2,2,0
3,3,0
2,2,0
2,10,8
3,3,0
10,10,0
4,6,2
1,1,0
2,2,0
3,5,2
2,2,0
64,119,55
2,2,0
2,2,0
2,2,0
3,4,1
3,3,0
3,3,0
2,2,0
9,9,0
10,11,1
3,3,0
2,12,10
6,6,0
131,227,96
8,8,0
2,4,2
1,1,0
1,21,20
2,9,7
2,2,0
2,2,0
2,2,0
2,8,6
3,5,2
78,78,0
0,0,0
7,7,0
3,4,1
5,5,0
2,2,0
2,6,4
7,62,55
2,3,1
2,2,0
3,4,1
1,1,0
8,8,0
2,2,0
2,2,0
2,4,2
1,1,0
12,12,0
2,2,0
3,3,0
1,6,5
1,23,22
1,29,28
2,2,0
2,2,0
4,28,24
2,8,6
3,3,0
3,3,0
2,2,0
1,1,0
1,4,3
3,4,1
2,2,0
3,3,0
3,3,0
3,7,4
4,4,0
3,5,2
2,2,0
1,22,21
3,3,0
1,1,0
2,2,0
2,2,0
2,82,80
3,3,0
3,3,0
5,5,0
3,21,18
5,9,4
2,4,2
9,9,0
2,2,0
11,11,0
13,13,0
16,16,0
2,11,9
1,3,2
8,16,8
2,2,0
2,2,0
3,7,4
2,4,2
9,9,0
2,2,0
2,2,0
2,2,0
2,2,0
3,3,0
2,2,0
2,2,0
11,13,2
1,1,0
2,2,0
2,2,0
3,3,0
2,2,0
8,8,0
9,9,0
5,5,0
3,10,7
2,8,6
2,2,0
2,6,4
1,2,1
2,2,0
8,8,0
2,2,0
107,109,2
2,2,0
3,3,0
0,0,0
2,3,1
2,2,0
2,2,0
2,7,5
1,1,0
4,4,0
8,8,0
1,1,0
8,8,0
2,2,0
2,2,0
3,6,3
3,3,0
1,1,0
2,2,0
2,2,0
2,2,0
2,2,0
2,2,0
2,2,0
3,7,4
5,5,0
2,2,0
2,2,0
9,9,0
2,2,0
2,2,0
2,6,4
1,1,0
3,3,0
2,2,0
2,2,0
3,3,0
9,9,0
0,0,0
2,2,0
2,13,11
2,2,0
1,2,1
2,4,2
2,18,16
3,7,4
2,2,0
2,2,0
2,2,0
73,77,4
10,11,1
2,10,8
8,8,0
3,3,0
0,0,0
9,9,0
3,9,6
4,4,0
2,2,0
2,11,9
0,0,0
3,3,0
2,2,0
27,27,0
22,22,0
3,7,4
3,3,0
2,4,2
2,2,0
7,7,0
10,10,0
1,24,23
2,2,0
1,1,0
2,2,0
2,2,0
2,2,0
22,22,0
2,2,0
3,4,1
1,1,0
18,22,4
20,20,0
5,5,0
1,3,2
2,3,1
2,19,17
3,24,21
2,2,0
2,45,43
3,3,0
2,2,0
2,2,0
3,7,4
2,3,1
22,22,0
1,1,0
1,28,27
3,5,2
1,2,1
3,9,6
2,2,0
3,3,0
1,1,0
0,0,0
2,2,0
2,2,0
3,3,0
1,1,0
2,2,0
0,0,0
2,4,2
3,9,6
4,6,2
2,2,0
2,4,2
11,11,0
1,2,1
2,2,0
2,2,0
2,2,0
8,8,0
100,104,4
2,2,0
2,2,0
2,2,0
30,31,1
2,4,2
2,4,2
1,20,19
3,5,2
3,23,20
2,4,2
2,2,0
3,3,0
3,16,13
3,3,0
4,8,4
3,3,0
15,15,0
2,2,0
1,1,0
2,2,0
3,16,13
3,3,0
2,2,0
2,2,0
24,26,2
2,2,0
1,1,0
1,2,1
2,2,0
3,5,2
2,2,0
2,27,25
3,3,0
2,2,0
3,3,0
3,3,0
6,8,2
2,2,0
2,2,0
2,4,2
2,2,0
1,1,0
3,3,0
3,3,0
2,2,0
2,2,0
3,3,0
1,1,0
3,5,2
2,2,0
2,2,0
1,6,5
2,2,0
1,2,1
2,28,26
2,2,0
2,3,1
16,16,0
1,1,0
2,21,19
2,2,0
2,2,0
3,9,6
2,2,0
3,8,5
2,8,6
2,2,0
2,2,0
2,2,0
3,3,0
1,1,0
1,1,0
2,3,1
2,2,0
2,4,2
2,6,4
2,2,0
5,7,2
2,2,0
0,0,0
2,2,0
17,84,67
2,2,0
8,8,0
2,2,0
2,2,0
2,2,0
3,3,0
1,7,6
3,5,2
2,6,4
2,2,0
2,2,0
8,16,8
3,7,4
2,2,0
3,7,4
2,2,0
2,2,0
7,9,2
2,2,0
3,5,2
2,2,0
3,3,0
6,6,0
2,2,0
3,3,0
3,3,0
3,3,0
3,3,0
2,4,2
2,2,0
9,22,13
3,5,2
2,2,0
2,4,2
2,8,6
3,3,0
2,2,0
2,2,0
17,17,0
2,2,0
2,2,0
3,3,0
2,55,53
2,4,2
3,7,4
2,2,0
0,0,0
3,3,0
2,2,0
2,2,0
2,2,0
2,2,0
1,3,2
8,8,0
2,2,0
2,8,6
1,4,3
2,4,2
5,5,0
31,31,0
6,7,1
2,10,8
1,1,0
3,3,0
2,2,0
4,4,0
3,3,0
3,3,0
11,11,0
2,2,0
0,0,0
2,2,0
2,4,2
3,5,2
0,0,0
2,2,0
4,4,0
2,2,0
67,163,96
3,3,0
1,23,22
1,1,0
1,27,26
2,2,0
2,4,2
0,0,0
1,2,1
3,5,2
2,2,0
8,8,0
2,2,0
2,2,0
2,4,2
2,2,0
2,26,24
2,2,0
2,2,0
8,8,0
3,6,3
3,3,0
3,5,2
16,16,0
2,2,0
78,78,0
2,2,0
1,66,65
2,2,0
2,2,0
2,2,0
2,2,0
2,4,2
8,77,69
1,2,1
2,2,0
2,4,2
4,4,0
2,4,2
2,6,4
3,3,0
7,7,0
1,1,0
8,8,0
8,8,0
3,3,0
1,32,31
2,7,5
2,2,0
0,0,0
0,0,0
16,16,0
4,4,0
2,2,0
4,4,0
2,3,1
3,3,0
2,2,0
0,0,0
2,4,2
3,5,2
3,6,3
4,7,3
2,2,0
2,7,5
20,20,0
3,3,0
2,6,4
2,2,0
7,7,0
3,3,0
2,2,0
1,1,0
2,2,0
6,6,0
2,2,0
4,4,0
2,2,0
9,9,0
2,2,0
3,5,2
9,9,0
3,4,1
3,5,2
4,4,0
3,3,0
2,2,0
2,2,0
2,2,0
16,42,26
3,3,0
2,2,0
8,8,0
81,81,0
2,13,11
37,37,0
8,8,0
3,9,6
51,77,26
2,2,0
2,2,0
15,15,0
2,2,0
2,2,0
3,3,0
6,6,0
2,2,0
1,6,5
2,2,0
3,14,11
2,2,0
1,1,0
2,27,25
2,2,0
3,9,6
2,2,0
1,1,0
2,2,0
48,48,0
3,3,0
2,2,0
9,9,0
2,2,0
8,8,0
1,2,1
3,3,0
3,5,2
10,10,0
3,3,0
3,12,9
3,5,2
2,6,4
8,8,0
5,5,0
2,2,0
24,24,0
2,2,0
2,2,0
2,3,1
51,51,0
3,3,0
11,11,0
1,1,0
3,3,0
8,8,0
3,3,0
2,2,0
3,3,0
2,2,0
2,2,0
2,4,2
2,2,0
2,3,1
2,2,0
3,13,10
2,2,0
2,2,0
3,7,4
50,50,0
2,4,2
49,49,0
2,2,0
2,2,0
2,2,0
3,3,0
2,11,9
2,2,0
2,2,0
3,6,3
1,2,1
3,3,0
2,2,0
3,7,4
3,3,0
1,1,0
3,3,0
1,2,1
1,2,1
2,2,0
2,8,6
2,2,0
4,5,1
3,5,2
2,2,0
6,12,6
1,72,71
2,2,0
2,2,0
2,2,0
3,5,2
2,14,12
3,5,2
0,0,0
2,3,1
40,40,0
2,2,0
3,47,44
4,5,1
2,7,5
9,9,0
51,51,0
8,8,0
2,2,0
2,2,0
2,2,0
2,3,1
1,24,23
3,19,16
3,14,11
3,5,2
3,3,0
3,7,4
2,2,0
8,52,44
2,2,0
3,3,0
10,10,0
2,4,2
2,3,1
1,4,3
8,8,0
3,3,0
2,2,0
3,5,2
2,16,14
9,9,0
3,3,0
9,15,6
2,2,0
2,80,78
2,16,14
3,19,16
3,5,2
3,3,0
2,2,0
1,1,0
3,3,0
2,80,78
8,23,15
1,2,1
2,2,0
11,11,0
3,4,1
2,2,0
3,10,7
2,25,23
2,2,0
9,9,0
2,4,2
12,12,0
2,4,2
2,3,1
3,5,2
2,2,0
8,8,0
3,13,10
2,2,0
2,2,0
2,6,4
2,2,0
2,2,0
60,114,54
2,2,0
1,1,0
8,8,0
3,3,0
2,2,0
2,2,0
2,2,0
3,3,0
11,11,0
2,2,0
1,21,20
1,2,1
3,6,3
2,2,0
3,7,4
2,2,0
1,5,4
4,4,0
2,2,0
1,2,1
3,5,2
12,12,0
2,2,0
2,2,0
2,3,1
4,4,0
2,2,0
3,7,4
1,2,1
2,2,0
2,4,2
2,2,0
1,1,0
1,2,1
1,11,10
3,3,0
2,2,0
3,3,0
3,3,0
2,2,0
2,5,3
3,3,0
0,0,0
10,10,0
2,2,0
9,9,0
2,2,0
3,5,2
2,2,0
2,2,0
100,106,6
2,2,0
2,28,26
3,5,2
2,2,0
3,3,0
2,2,0
14,14,0
2,2,0
1,6,5
3,11,8
2,70,68
2,2,0
11,11,0
2,2,0
2,2,0
2,2,0
1,1,0
1,1,0
3,5,2
2,10,8
2,2,0
1,2,1
2,2,0
5,5,0
2,2,0
2,2,0
3,3,0
1,3,2
2,2,0
2,2,0
2,2,0
2,2,0
2,2,0
3,5,2
38,38,0
2,2,0
2,2,0
2,2,0
3,3,0
2,2,0
2,2,0
2,2,0
3,5,2
1,1,0
2,2,0
18,18,0
2,2,0
3,3,0
2,2,0
2,6,4
30,30,0
2,2,0
0,0,0
43,47,4
3,3,0
2,3,1
3,3,0
3,4,1
0,0,0
2,2,0
2,4,2
4,82,78
2,2,0
2,4,2
1,29,28
0,0,0
2,4,2
2,4,2
0,0,0
3,3,0
2,2,0
2,2,0
1,2,1
3,3,0
2,2,0
3,4,1
2,2,0
1,11,10
2,2,0
3,3,0
4,4,0
3,3,0
2,2,0
2,2,0
1,23,22
2,2,0
10,10,0
2,2,0
3,31,28
3,5,2
3,5,2
2,2,0
1,4,3
3,3,0
10,10,0
2,2,0
2,2,0
3,3,0
2,2,0
2,2,0
1,5,4
3,3,0
3,7,4
2,4,2
3,5,2
3,3,0
8,8,0
3,10,7
9,9,0
1,2,1
2,2,0
3,3,0
2,2,0
2,2,0
3,5,2
2,7,5
2,2,0
51,51,0
2,2,0
2,2,0
3,5,2
3,3,0
2,14,12
2,23,21
3,3,0
3,3,0
2,2,0
2,8,6
10,10,0
22,23,1
2,2,0
0,0,0
3,3,0
3,3,0
3,3,0
0,0,0
2,2,0
2,2,0
2,2,0
3,5,2
3,3,0
2,2,0
2,8,6
11,11,0
3,5,2
9,9,0
3,4,1
6,6,0
3,19,16
29,84,55
2,2,0
1,1,0
3,11,8
2,82,80
2,2,0
2,2,0
6,8,2
3,3,0
8,8,0
2,2,0
2,2,0
5,5,0
2,2,0
2,2,0
3,3,0
2,2,0
6,6,0
2,6,4
8,8,0
6,13,7
9,9,0
2,2,0
2,2,0
2,6,4
2,2,0
2,4,2
12,12,0
30,30,0
1,2,1
5,7,2
1,1,0
1,1,0
2,3,1
0,0,0
2,2,0
2,49,47
2,2,0
3,3,0
1,1,0
2,2,0
2,2,0
2,24,22
2,2,0
1,25,24
2,2,0
11,12,1
2,2,0
3,3,0
1,27,26
4,7,3
1,1,0
2,5,3
2,2,0
3,5,2
1,1,0
2,2,0
3,5,2
3,3,0
2,2,0
2,2,0
2,2,0
2,2,0
2,2,0
2,5,3
2,2,0
1,24,23
2,2,0
24,24,0
2,4,2
13,26,13
2,2,0
4,4,0
0,0,0
3,14,11
2,5,3
3,3,0
51,51,0
11,11,0
2,4,2
2,2,0
1,5,4
2,2,0
3,3,0
2,2,0
9,9,0
4,6,2
1,1,0
2,4,2
2,24,22
3,4,1
0,0,0
8,8,0
3,3,0
3,9,6
7,7,0
0,0,0
4,4,0
10,10,0
2,2,0
2,4,2
2,2,0
8,8,0
2,2,0
2,2,0
0,0,0
2,2,0
2,2,0
2,7,5
2,2,0
2,2,0
2,2,0
2,2,0
2,4,2
2,2,0
2,2,0
2,4,2
2,2,0
3,12,9
2,2,0
3,4,1
2,3,1
2,4,2
8,8,0
1,2,1
0,0,0
42,86,44
3,3,0
3,3,0
3,3,0
1,14,13
2,11,9
1,4,3
3,3,0
4,4,0
2,4,2
2,2,0
2,2,0
2,2,0
3,13,10
2,2,0
2,2,0
1,2,1
2,2,0
2,2,0
3,5,2
1,4,3
2,47,45
15,18,3
2,3,1
2,16,14
2,2,0
3,3,0
10,10,0
4,4,0
2,2,0
3,3,0
1,1,0
9,9,0
5,5,0
2,10,8
2,164,162
3,3,0
21,30,9
3,3,0
2,2,0
22,22,0
2,2,0
2,2,0
3,4,1
3,3,0
5,6,1
2,2,0
2,2,0
2,2,0
3,6,3
2,2,0
1,2,1
2,2,0
1,1,0
2,2,0
4,4,0
3,3,0
2,2,0
2,2,0
2,2,0
2,3,1
9,9,0
11,11,0
100,100,0
2,2,0
3,10,7
51,51,0
0,0,0
2,3,1
2,2,0
2,2,0
2,2,0
23,23,0
2,2,0
2,2,0
3,3,0
1,1,0
1,2,1
3,3,0
2,2,0
7,7,0
2,2,0
3,5,2
3,3,0
3,3,0
3,5,2
0,0,0
1,3,2
2,2,0
3,3,0
8,8,0
3,8,5
3,7,4
1,1,0
4,4,0
9,9,0
3,3,0
31,33,2
20,20,0
0,0,0
3,10,7
1,7,6
3,3,0
12,12,0
10,10,0
2,4,2
1,1,0
2,4,2
7,7,0
1,1,0
3,26,23
2,2,0
3,3,0
1,4,3
4,4,0
3,3,0
3,3,0
2,7,5
2,63,61
47,47,0
1,1,0
11,12,1
2,2,0
2,2,0
1,1,0
1,1,0
84,229,145
2,3,1
2,2,0
2,6,4
2,2,0
2,2,0
3,3,0
16,18,2
3,3,0
2,4,2
8,8,0
2,4,2
3,17,14
2,2,0
60,62,2
2,2,0
1,3,2
2,2,0
0,0,0
2,2,0
10,10,0
2,2,0
3,3,0
3,3,0
2,2,0
3,11,8
3,3,0
0,0,0
2,2,0
2,4,2
1,1,0
3,3,0
2,2,0
2,2,0
100,102,2
2,2,0
3,3,0
2,2,0
2,2,0
3,3,0
10,10,0
3,4,1
2,2,0
2,2,0
2,2,0
3,3,0
3,3,0
3,3,0
2,2,0
0,0,0
2,8,6
2,2,0
1,2,1
5,5,0
2,3,1
2,2,0
2,4,2
1,3,2
3,4,1
2,2,0
1,1,0
3,5,2
2,2,0
8,12,4
9,9,0
3,3,0
2,5,3
3,7,4
3,7,4
2,2,0
1,2,1
3,5,2
2,2,0
3,7,4
51,51,0
2,4,2
2,2,0
2,2,0
3,46,43
5,5,0
3,9,6
2,4,2
2,2,0
192,192,0
70,70,0
1,1,0
6,6,0
3,7,4
8,8,0
1,1,0
3,9,6
3,3,0
3,5,2
6,7,1
2,2,0
3,5,2
9,9,0
6,6,0
5,5,0
2,6,4
2,2,0
2,2,0
2,2,0
6,6,0
2,2,0
3,3,0
3,3,0
2,2,0
10,10,0
3,3,0
8,16,8
2,2,0
2,4,2
2,9,7
2,3,1
2,2,0
0,0,0
2,2,0
2,2,0
7,7,0
22,22,0
2,2,0
2,2,0
3,3,0
0,0,0
1,1,0
3,3,0
2,2,0
3,5,2
3,5,2
2,2,0
8,8,0
2,2,0
19,27,8
2,2,0
3,17,14
8,8,0
2,2,0
3,5,2
1,1,0
3,3,0
2,2,0
5,5,0
0,0,0
3,5,2
3,3,0
1,1,0
2,2,0
2,2,0
28,28,0
3,5,2
2,11,9
3,3,0
3,3,0
2,2,0
2,2,0
8,8,0
2,60,58
2,2,0
1,4,3
2,2,0
3,12,9
3,5,2
3,5,2
3,5,2
3,5,2
2,2,0
22,22,0
3,3,0
66,66,0
2,4,2
2,6,4
2,2,0
2,2,0
2,2,0
2,2,0
1,2,1
1,2,1
2,2,0
2,2,0
1,1,0
4,72,68
10,10,0
3,5,2
8,8,0
5,5,0
2,2,0
2,2,0
2,2,0
2,4,2
2,2,0
3,10,7
3,3,0
2,2,0
0,0,0
3,5,2
4,4,0
3,3,0
1,1,0
77,81,4
2,2,0
2,2,0
2,2,0
2,2,0
2,2,0
3,5,2
2,4,2
2,2,0
3,3,0
3,5,2
2,2,0
2,2,0
1,2,1
3,9,6
3,3,0
3,3,0
3,5,2
2,6,4
2,2,0
0,0,0
0,0,0
5,5,0
3,3,0
2,2,0
2,4,2
3,3,0
2,2,0
1,8,7
9,9,0
9,9,0
8,8,0
2,2,0
2,2,0
4,4,0
1,1,0
8,8,0
8,8,0
8,8,0
3,3,0
2,2,0
2,2,0
2,2,0
4,7,3
2,2,0
7,11,4
3,3,0
11,11,0
2,2,0
3,7,4
2,2,0
2,4,2
1,1,0
3,5,2
2,2,0
30,30,0
1,21,20
1,1,0
3,3,0
2,2,0
2,2,0
3,8,5
25,25,0
5,5,0
7,7,0
10,10,0
2,9,7
1,1,0
3,8,5
1,1,0
2,2,0
3,3,0
2,2,0
2,2,0
2,4,2
3,5,2
2,2,0
2,2,0
1,1,0
2,2,0
2,2,0
8,8,0
8,8,0
3,3,0
3,3,0
2,2,0
1,2,1
2,10,8
2,6,4
2,2,0
2,4,2
3,4,1
1,2,1
2,4,2
3,5,2
2,17,15
2,2,0
2,2,0
2,4,2
3,3,0
2,5,3
3,3,0
1,1,0
31,31,0
2,2,0
3,9,6
1,1,0
2,2,0
2,2,0
3,6,3
2,4,2
3,8,5
3,3,0
3,3,0
1,29,28
2,2,0
3,5,2
1,7,6
1,9,8
0,0,0
1,76,75
3,3,0
2,2,0
2,2,0
3,3,0
1,1,0
2,2,0
3,3,0
3,3,0
3,3,0
3,3,0
2,45,43
2,2,0
2,2,0
2,4,2
2,2,0
2,2,0
3,3,0
3,3,0
3,5,2
3,3,0
2,7,5
3,7,4
3,10,7
2,2,0
3,3,0
10,10,0
2,7,5
3,9,6
3,5,2
3,9,6
6,6,0
2,82,80
0,0,0
8,8,0
1,3,2
1,8,7
2,19,17
0,0,0
3,5,2
2,3,1
9,9,0
3,3,0
3,3,0
2,80,78
2,2,0
2,2,0
9,9,0
2,2,0
0,0,0
3,3,0
2,2,0
2,2,0
2,2,0
20,41,21
2,17,15
3,8,5
10,10,0
9,9,0
3,3,0
2,2,0
1,15,14
2,3,1
3,9,6
1,1,0
2,2,0
3,7,4
51,51,0
2,2,0
2,2,0
0,0,0
2,2,0
63,67,4
3,3,0
6,6,0
1,21,20
2,2,0
2,2,0
3,16,13
2,2,0
2,3,1
3,5,2
2,39,37
8,8,0
2,2,0
0,0,0
8,8,0
2,3,1
2,2,0
3,5,2
100,102,2
2,6,4
3,3,0
2,3,1
50,53,3
2,3,1
3,7,4
6,9,3
2,2,0
2,2,0
2,2,0
8,8,0
1,1,0
2,2,0
3,7,4
2,2,0
23,23,0
3,5,2
2,2,0
2,2,0
2,2,0
2,2,0
2,82,80
2,17,15
6,6,0
3,9,6
3,5,2
2,2,0
3,8,5
1,1,0
2,2,0
20,20,0
2,2,0
1,3,2
1,23,22
2,2,0
2,2,0
1,1,0
3,3,0
2,2,0
2,2,0
2,2,0
0,0,0
2,2,0
2,4,2
3,3,0
2,2,0
2,2,0
1,1,0
3,3,0
3,7,4
1,24,23
3,5,2
2,4,2
2,2,0
2,2,0
3,5,2
1,1,0
0,0,0
8,8,0
6,6,0
1,1,0
2,2,0
3,3,0
2,2,0
1,2,1
11,11,0
1,23,22
60,60,0
2,4,2
10,10,0
10,10,0
2,2,0
2,2,0
8,19,11
3,3,0
2,2,0
3,5,2
11,11,0
3,3,0
3,3,0
2,2,0
2,2,0
2,2,0
1,71,70
22,22,0
2,2,0
3,7,4
2,2,0
2,2,0
2,2,0
2,8,6
9,9,0
2,2,0
1,1,0
2,2,0
3,3,0
2,2,0
3,7,4
0,0,0
2,2,0
1,1,0
3,3,0
2,2,0
3,3,0
2,3,1
2,4,2
11,20,9
1,1,0
2,2,0
0,0,0
3,3,0
12,14,2
3,5,2
3,9,6
2,2,0
3,3,0
19,19,0
2,2,0
1,3,2
2,2,0
3,7,4
3,5,2
2,3,1
47,47,0
2,2,0
2,2,0
2,2,0
3,5,2
1,2,1
1,1,0
2,14,12
2,2,0
3,5,2
2,3,1
2,2,0
2,7,5
2,4,2
9,9,0
2,2,0
3,8,5
2,2,0
2,2,0
0,0,0
2,4,2
3,5,2
3,3,0
3,5,2
2,2,0
100,227,127
3,11,8
2,2,0
1,1,0
2,2,0
3,4,1
2,2,0
2,2,0
1,2,1
22,22,0
12,12,0
2,2,0
1,1,0
2,4,2
3,3,0
12,12,0
3,6,3
2,2,0
2,2,0
2,2,0
3,10,7
2,2,0
1,1,0
2,6,4
99,199,100
3,3,0
3,3,0
4,4,0
2,2,0
2,2,0
2,6,4
2,2,0
3,3,0
3,3,0
0,0,0
31,31,0
1,1,0
2,3,1
3,13,10
0,0,0
2,2,0
2,2,0
2,3,1
74,74,0
3,3,0
1,21,20
2,4,2
1,2,1
9,9,0
1,3,2
2,2,0
2,2,0
9,9,0
2,4,2
1,7,6
3,3,0
2,9,7
3,4,1
2,4,2
64,64,0
2,4,2
2,2,0
2,6,4
2,2,0
2,3,1
2,5,3
1,24,23
2,2,0
3,3,0
3,6,3
2,2,0
3,3,0
8,8,0
20,20,0
11,35,24
3,5,2
2,2,0
2,2,0
2,4,2
2,10,8
1,1,0
20,20,0
2,7,5
2,2,0
9,9,0
60,60,0
1,1,0
2,3,1
2,2,0
1,2,1
92,92,0
7,7,0
2,2,0
2,4,2
1,5,4
1,1,0
2,2,0
3,5,2
2,2,0
2,19,17
11,11,0
1,1,0
3,3,0
2,6,4
3,11,8
1,4,3
2,4,2
2,2,0
1,4,3
2,2,0
3,3,0
3,3,0
2,2,0
2,5,3
2,2,0
3,3,0
3,8,5
6,6,0
3,5,2
3,5,2
2,3,1
2,2,0
4,4,0
2,2,0
1,1,0
1,2,1
8,8,0
3,3,0
9,9,0
14,14,0
12,12,0
8,8,0
2,2,0
2,2,0
8,16,8
2,84,82
4,10,6
2,2,0
1,2,1
3,8,5
0,0,0
2,2,0
3,5,2
3,3,0
1,3,2
1,2,1
2,4,2
2,2,0
2,4,2
2,2,0
3,3,0
3,3,0
3,3,0
2,2,0
2,2,0
2,2,0
3,9,6
5,5,0
2,2,0
3,6,3
2,2,0
3,4,1
4,4,0
2,2,0
2,4,2
12,12,0
2,2,0
9,9,0
1,3,2
2,8,6
100,100,0
2,2,0
3,5,2
1,1,0
1,23,22
2,2,0
3,7,4
1,1,0
4,7,3
2,2,0
1,4,3
6,6,0
2,10,8
2,2,0
1,2,1
2,2,0
8,8,0
3,7,4
3,5,2
2,2,0
3,49,46
3,10,7
6,6,0
3,3,0
2,2,0
2,4,2
3,5,2
2,4,2
2,2,0
2,2,0
2,2,0
3,5,2
1,1,0
3,3,0
2,2,0
0,0,0
1,2,1
3,3,0
2,2,0
1,8,7
2,2,0
2,2,0
1,1,0
3,13,10
3,7,4
2,2,0
2,2,0
1,2,1
2,2,0
9,9,0
2,3,1
2,2,0
2,2,0
33,148,115
3,3,0
3,3,0
3,6,3
2,2,0
2,2,0
2,4,2
3,3,0
3,3,0
2,2,0
2,4,2
2,2,0
2,2,0
2,2,0
2,2,0
8,8,0
2,2,0
8,8,0
9,9,0
8,8,0
0,0,0
9,9,0
2,2,0
2,2,0
3,3,0
3,4,1
9,9,0
1,1,0
2,5,3
1,8,7
2,2,0
2,2,0
2,5,3
5,5,0
2,2,0
4,4,0
3,3,0
2,2,0
3,5,2
5,5,0
4,4,0
2,2,0
3,3,0
3,3,0
2,2,0
2,2,0
14,14,0
2,2,0
2,2,0
2,2,0
2,4,2
3,3,0
2,2,0
3,12,9
7,7,0
0,0,0
2,4,2
1,1,0
9,9,0
2,2,0
3,3,0
2,4,2
3,3,0
2,4,2
2,8,6
2,2,0
3,5,2
1,2,1
2,6,4
2,4,2
3,5,2
11,11,0
1,1,0
2,2,0
2,2,0
0,0,0
1,1,0
3,3,0
1,1,0
2,2,0
1,3,2
3,14,11
2,5,3
1,2,1
2,7,5
2,2,0
2,2,0
0,0,0
2,4,2
0,0,0
164,164,0
1,1,0
1,1,0
2,4,2
0,0,0
4,4,0
17,21,4
1,11,10
3,7,4
6,6,0
3,3,0
2,6,4
1,1,0
68,68,0
2,2,0
2,2,0
9,9,0
2,2,0
2,2,0
3,5,2
3,3,0
2,2,0
2,2,0
2,2,0
2,2,0
2,6,4
10,13,3
2,2,0
3,3,0
2,2,0
3,3,0
8,8,0
2,2,0
2,6,4
8,8,0
3,3,0
2,5,3
2,4,2
2,2,0
5,6,1
2,2,0
8,16,8
100,114,14
2,21,19
0,0,0
1,1,0
0,0,0
0,0,0
2,2,0
1,14,13
2,2,0
2,4,2
48,61,13
42,42,0
1,2,1
2,18,16
2,3,1
2,2,0
2,2,0
3,7,4
4,5,1
2,2,0
2,2,0
12,12,0
4,6,2
3,6,3
1,1,0
2,2,0
2,12,10
2,2,0
3,3,0
1,1,0
2,2,0
2,2,0
3,3,0
2,2,0
0,0,0
2,4,2
23,32,9
0,0,0
0,0,0
2,2,0
1,1,0
2,2,0
2,2,0
2,4,2
3,3,0
2,5,3
0,0,0
2,4,2
81,81,0
93,165,72
2,2,0
1,1,0
3,3,0
12,12,0
3,3,0
2,2,0
4,4,0
1,7,6
2,5,3
3,3,0
2,2,0
2,2,0
3,4,1
2,2,0
3,3,0
2,3,1
3,3,0
3,5,2
8,8,0
3,3,0
2,25,23
3,8,5
2,4,2
2,2,0
3,6,3
3,3,0
1,1,0
2,3,1
2,2,0
2,2,0
3,3,0
3,3,0
2,4,2
2,2,0
6,6,0
2,12,10
2,8,6
5,5,0
2,2,0
2,2,0
3,4,1
2,2,0
3,3,0
2,7,5
3,3,0
1,3,2
3,3,0
2,2,0
2,6,4
19,19,0
3,3,0
2,2,0
1,20,19
8,10,2
2,2,0
2,2,0
6,9,3
3,3,0
3,3,0
3,7,4
1,2,1
3,7,4
2,2,0
4,4,0
2,3,1
2,2,0
3,3,0
2,3,1
3,3,0
2,2,0
2,64,62
4,6,2
2,4,2
0,0,0
1,9,8
2,2,0
3,3,0
3,5,2
1,1,0
2,3,1
2,4,2
2,2,0
1,1,0
1,1,0
3,3,0
3,5,2
2,2,0
3,3,0
3,5,2
3,9,6
2,2,0
3,3,0
2,2,0
3,3,0
3,3,0
2,2,0
3,3,0
2,2,0
1,20,19
3,6,3
14,14,0
2,2,0
2,8,6
3,3,0
3,3,0
2,2,0
0,0,0
141,141,0
2,3,1
2,2,0
8,8,0
2,9,7
8,8,0
2,2,0
3,5,2
2,2,0
1,3,2
0,0,0
3,6,3
2,2,0
2,2,0
2,2,0
2,2,0
8,8,0
3,3,0
3,3,0
3,5,2
6,6,0
3,3,0
2,2,0
2,2,0
2,2,0
2,3,1
3,5,2
2,2,0
3,5,2
1,78,77
3,3,0
1,24,23
9,9,0
2,2,0
2,3,1
2,2,0
2,2,0
3,3,0
3,8,5
3,3,0
3,3,0
2,2,0
2,5,3
2,2,0
5,5,0
2,2,0
2,8,6
11,11,0
2,2,0
6,7,1
2,2,0
0,0,0
0,0,0
0,0,0
2,2,0
3,3,0
9,9,0
1,2,1
20,20,0
2,4,2
2,5,3
3,8,5
3,3,0
2,2,0
3,4,1
2,2,0
4,4,0
3,5,2
3,3,0
2,6,4
50,52,2
2,2,0
3,5,2
0,0,0
2,2,0
9,35,26
1,2,1
2,2,0
3,3,0
26,26,0
3,3,0
1,47,46
1,2,1
2,15,13
1,1,0
2,2,0
4,4,0
2,2,0
100,100,0
22,23,1
1,2,1
2,4,2
2,2,0
9,9,0
2,3,1
11,11,0
3,23,20
5,5,0
2,2,0
3,5,2
0,0,0
2,2,0
0,0,0
1,26,25
31,31,0
2,2,0
20,22,2
3,3,0
3,5,2
2,2,0
1,2,1
2,2,0
2,2,0
2,4,2
60,66,6
2,4,2
26,26,0
8,8,0
11,11,0
8,8,0
2,13,11
55,55,0
8,8,0
2,2,0
3,7,4
2,4,2
9,9,0
2,2,0
2,2,0
2,2,0
1,25,24
2,2,0
2,2,0
1,4,3
1,1,0
2,6,4
3,7,4
2,4,2
2,2,0
3,7,4
3,3,0
2,4,2
2,3,1
3,3,0
9,13,4
8,8,0
3,16,13
1,1,0
3,4,1
3,3,0
2,2,0
3,29,26
1,2,1
3,8,5
2,3,1
2,4,2
2,18,16
2,2,0
2,2,0
2,2,0
2,2,0
2,2,0
4,4,0
6,6,0
8,8,0
0,0,0
2,31,29
1,2,1
0,0,0
2,2,0
1,23,22
2,2,0
56,83,27
3,4,1
3,3,0
3,5,2
3,3,0
36,36,0
1,3,2
3,3,0
3,3,0
2,2,0
2,2,0
3,3,0
4,4,0
2,2,0
3,3,0
2,2,0
2,2,0
31,32,1
3,7,4
1,25,24
3,3,0
2,3,1
20,20,0
3,3,0
2,2,0
1,2,1
4,4,0
3,7,4
1,1,0
2,4,2
3,4,1
2,2,0
1,68,67
2,2,0
2,4,2
3,5,2
3,5,2
12,14,2
1,1,0
9,9,0
2,2,0
3,3,0
3,8,5
2,2,0
3,3,0
2,2,0
2,2,0
2,2,0
2,4,2
2,2,0
2,2,0
3,7,4
2,2,0
8,8,0
10,10,0
3,5,2
2,2,0
4,7,3
2,2,0
1,48,47
1,1,0
99,99,0
2,2,0
2,2,0
3,7,4
4,4,0
3,4,1
2,2,0
2,4,2
3,3,0
2,2,0
2,3,1
2,2,0
2,2,0
1,1,0
2,2,0
2,2,0
2,3,1
3,3,0
1,2,1
1,7,6
1,23,22
2,2,0
2,2,0
4,4,0
2,6,4
8,8,0
2,2,0
3,5,2
2,4,2
2,2,0
3,5,2
2,2,0
3,3,0
2,2,0
2,2,0
2,2,0
3,3,0
1,30,29
2,2,0
2,2,0
13,13,0
2,2,0
4,4,0
8,8,0
8,62,54
1,1,0
2,5,3
3,6,3
1,21,20
2,2,0
1,4,3
2,2,0
2,4,2
1,1,0
3,3,0
1,1,0
3,5,2
0,0,0
2,2,0
1,1,0
3,5,2
2,2,0
3,12,9
10,10,0
2,6,4
2,2,0
2,2,0
3,3,0
2,2,0
3,5,2
8,8,0
1,3,2
2,2,0
2,2,0
3,7,4
2,6,4
2,3,1
3,6,3
3,5,2
4,4,0
0,0,0
2,7,5
1,28,27
2,2,0
10,10,0
2,2,0
8,36,28
2,45,43
1,1,0
3,5,2
3,14,11
2,2,0
3,7,4
3,3,0
3,3,0
2,2,0
2,4,2
9,9,0
2,4,2
6,18,12
3,9,6
1,1,0
2,2,0
2,2,0
2,9,7
4,6,2
2,2,0
3,7,4
2,2,0
2,5,3
2,4,2
3,4,1
2,3,1
12,12,0
3,3,0
2,82,80
1,1,0
76,76,0
2,2,0
22,22,0
0,0,0
3,3,0
0,0,0
1,1,0
2,2,0
3,3,0
2,80,78
4,4,0
1,1,0
2,2,0
1,1,0
3,31,28
0,0,0
1,1,0
2,2,0
2,2,0
2,2,0
5,5,0
2,2,0
2,2,0
2,21,19
1,27,26
2,2,0
1,3,2
100,100,0
1,1,0
2,2,0
3,8,5
1,101,100
2,82,80
2,48,46
3,4,1
2,2,0
2,2,0
2,2,0
2,3,1
2,7,5
2,2,0
9,9,0
2,2,0
2,2,0
2,2,0
3,7,4
2,2,0
2,2,0
2,2,0
1,1,0
2,2,0
3,3,0
3,3,0
3,3,0
3,3,0
32,32,0
6,6,0
2,2,0
2,2,0
2,2,0
2,4,2
0,0,0
2,2,0
2,2,0
3,8,5
3,3,0
3,7,4
3,3,0
2,2,0
2,2,0
3,8,5
0,0,0
2,2,0
9,9,0
2,2,0
1,1,0
0,0,0
2,2,0
2,2,0
2,2,0
8,8,0
2,2,0
2,80,78
3,4,1
2,2,0
0,0,0
8,8,0
1,21,20
1,4,3
2,4,2
3,3,0
2,2,0
2,22,20
3,10,7
2,2,0
3,3,0
2,2,0
3,3,0
3,3,0
2,2,0
2,6,4
1,1,0
2,2,0
100,100,0
2,2,0
2,4,2
1,2,1
2,3,1
2,2,0
1,1,0
8,8,0
2,2,0
3,5,2
30,30,0
0,0,0
2,4,2
2,86,84
2,2,0
1,1,0
3,5,2
2,6,4
2,2,0
2,2,0
6,6,0
3,3,0
22,22,0
1,21,20
2,4,2
3,3,0
2,2,0
2,4,2
3,7,4
2,2,0
2,4,2
2,12,10
2,2,0
2,2,0
2,5,3
2,2,0
22,22,0
1,24,23
1,3,2
2,2,0
2,2,0
2,2,0
2,2,0
0,0,0
2,2,0
2,2,0
4,4,0
1,1,0
2,14,12
61,61,0
2,4,2
1,1,0
100,100,0
1,2,1
2,4,2
1,11,10
2,7,5
3,3,0
100,100,0
21,21,0
8,8,0
3,3,0
2,8,6
1,2,1
3,5,2
3,3,0
4,5,1
2,2,0
2,2,0
3,19,16
2,2,0
2,2,0
3,3,0
1,3,2
3,6,3
6,6,0
2,2,0
5,5,0
3,4,1
3,5,2
2,2,0
2,2,0
3,3,0
3,5,2
2,2,0
3,5,2
3,3,0
2,19,17
9,9,0
3,10,7
2,2,0
2,2,0
2,2,0
9,16,7
2,4,2
2,4,2
3,7,4
8,8,0
3,12,9
2,2,0
3,3,0
1,1,0
3,3,0
2,2,0
2,2,0
0,0,0
3,7,4
1,1,0
3,3,0
2,2,0
2,2,0
8,8,0
2,4,2
2,2,0
3,3,0
3,6,3
1,2,1
1,2,1
1,1,0
2,4,2
3,3,0
1,1,0
2,2,0
2,2,0
2,4,2
3,3,0
2,4,2
4,4,0
2,2,0
2,2,0
2,2,0
2,2,0
5,5,0
2,2,0
3,5,2
2,2,0
4,13,9
3,3,0
3,5,2
2,2,0
3,3,0
2,2,0
1,2,1
2,2,0
0,0,0
2,82,80
1,1,0
1,2,1
2,2,0
2,6,4
2,4,2
2,2,0
3,8,5
1,3,2
1,1,0
2,2,0
3,3,0
2,2,0
2,2,0
90,190,100
2,11,9
6,6,0
4,4,0
2,2,0
30,30,0
2,2,0
3,7,4
2,4,2
9,9,0
2,2,0
3,3,0
2,4,2
0,0,0
3,3,0
2,4,2
2,2,0
2,2,0
2,2,0
1,2,1
20,20,0
3,3,0
1,76,75
2,4,2
2,2,0
3,7,4
4,4,0
2,2,0
3,5,2
2,2,0
2,80,78
2,2,0
2,6,4
3,5,2
2,2,0
2,2,0
3,3,0
1,24,23
3,3,0
1,1,0
2,2,0
2,2,0
3,3,0
2,2,0
9,15,6
2,17,15
2,2,0
2,8,6
6,37,31
2,2,0
2,2,0
3,3,0
2,2,0
3,8,5
4,10,6
2,2,0
1,3,2
0,0,0
3,3,0
3,3,0
125,221,96
2,2,0
3,88,85
3,5,2
4,6,2
3,4,1
1,1,0
2,2,0
2,4,2
3,3,0
3,3,0
2,3,1
2,4,2
3,7,4
5,8,3
2,2,0
1,2,1
3,3,0
3,24,21
2,2,0
2,2,0
18,18,0
2,2,0
2,28,26
2,7,5
2,6,4
2,2,0
6,6,0
1,1,0
1,29,28
1,3,2
10,10,0
2,3,1
0,0,0
2,2,0
2,4,2
2,2,0
8,8,0
2,2,0
2,2,0
2,2,0
2,2,0
7,12,5
1,1,0
2,2,0
2,2,0
2,2,0
3,23,20
2,8,6
3,3,0
2,2,0
3,3,0
3,21,18
0,0,0
2,2,0
3,3,0
2,8,6
3,5,2
4,4,0
1,2,1
5,8,3
3,3,0
2,2,0
4,4,0
2,3,1
3,5,2
5,5,0
3,6,3
3,3,0
2,2,0
1,2,1
2,2,0
2,2,0
53,53,0
2,2,0
2,2,0
8,8,0
2,2,0
2,2,0
1,4,3
3,5,2
2,2,0
3,7,4
100,100,0
2,2,0
1,74,73
2,2,0
9,9,0
2,2,0
1,1,0
2,2,0
6,6,0
20,20,0
2,2,0
2,2,0
1,1,0
2,2,0
18,19,1
3,6,3
2,5,3
2,2,0
4,4,0
4,4,0
3,5,2
2,5,3
2,4,2
3,42,39
3,5,2
1,2,1
2,2,0
1,40,39
2,2,0
2,3,1
2,2,0
2,2,0
2,2,0
2,2,0
7,7,0
3,8,5
2,2,0
2,2,0
0,0,0
2,2,0
2,2,0
2,5,3
2,2,0
2,2,0
2,2,0
5,5,0
1,4,3
3,4,1
1,1,0
2,2,0
1,2,1
2,2,0
3,3,0
2,76,74
2,2,0
2,2,0
0,0,0
2,2,0
2,2,0
3,6,3
2,2,0
3,9,6
2,2,0
3,3,0
1,1,0
3,3,0
1,22,21
87,87,0
2,2,0
3,5,2
2,2,0
1,1,0
6,6,0
2,2,0
3,13,10
3,24,21
2,2,0
3,4,1
2,2,0
10,10,0
1,1,0
6,18,12
1,2,1
3,5,2
2,2,0
9,11,2
1,2,1
2,2,0
1,1,0
3,3,0
3,3,0
10,10,0
2,2,0
2,2,0
3,3,0
3,11,8
3,7,4
60,60,0
2,2,0
1,62,61
1,4,3
3,3,0
8,8,0
2,2,0
9,17,8
8,16,8
3,3,0
2,4,2
12,12,0
2,2,0
2,3,1
5,5,0
1,2,1
20,20,0
101,197,96
2,2,0
3,3,0
3,23,20
1,1,0
2,2,0
18,18,0
4,4,0
9,9,0
1,2,1
2,2,0
2,4,2
2,2,0
3,3,0
1,3,2
3,3,0
1,1,0
1,2,1
2,2,0
11,11,0
2,2,0
3,4,1
2,2,0
3,3,0
1,2,1
2,2,0
3,10,7
2,2,0
2,2,0
1,61,60
0,0,0
2,2,0
1,5,4
27,37,10
9,9,0
1,3,2
2,2,0
2,2,0
2,2,0
2,2,0
0,0,0
2,2,0
2,3,1
1,2,1
1,2,1
2,2,0
3,3,0
2,2,0
3,21,18
1,74,73
2,2,0
3,5,2
9,9,0
2,3,1
3,3,0
1,2,1
3,3,0
2,2,0
2,2,0
2,2,0
3,5,2
2,6,4
2,2,0
2,2,0
7,9,2
3,11,8
3,5,2
2,2,0
1,2,1
9,9,0
3,9,6
1,2,1
2,4,2
2,2,0
2,2,0
2,2,0
3,3,0
3,8,5
2,2,0
2,2,0
2,2,0
2,2,0
1,2,1
3,3,0
2,2,0
20,20,0
3,5,2
1,2,1
9,9,0
2,2,0
2,2,0
2,2,0
2,4,2
3,3,0
2,2,0
2,2,0
0,0,0
2,4,2
2,2,0
8,8,0
2,2,0
10,10,0
2,2,0
3,7,4
3,5,2
8,8,0
2,3,1
2,2,0
2,2,0
8,8,0
2,2,0
3,3,0
13,13,0
2,2,0
1,22,21
2,2,0
23,23,0
1,20,19
4,5,1
2,2,0
2,2,0
9,9,0
1,1,0
3,3,0
2,2,0
1,3,2
2,2,0
3,3,0
9,62,53
9,9,0
3,9,6
3,3,0
2,2,0
2,9,7
3,4,1
23,23,0
12,12,0
1,1,0
1,1,0
1,2,1
2,13,11
3,5,2
2,3,1
2,2,0
2,2,0
2,2,0
2,2,0
2,5,3
2,2,0
2,4,2
3,5,2
1,41,40
2,2,0
2,2,0
20,34,14
3,3,0
156,156,0
2,2,0
2,2,0
3,8,5
3,6,3
8,8,0
2,2,0
1,1,0
1,2,1
3,3,0
3,3,0
2,2,0
2,2,0
3,5,2
2,6,4
3,3,0
11,11,0
2,2,0
3,11,8
2,2,0
3,4,1
2,2,0
3,3,0
2,19,17
26,26,0
2,2,0
0,0,0
2,2,0
0,0,0
2,2,0
3,3,0
5,5,0
8,8,0
2,2,0
6,6,0
9,9,0
3,3,0
2,2,0
2,2,0
1,2,1
1,2,1
3,17,14
7,10,3
3,3,0
3,3,0
0,0,0
2,3,1
6,6,0
2,2,0
2,2,0
2,2,0
3,3,0
1,1,0
8,8,0
4,4,0
2,3,1
2,2,0
3,6,3
2,2,0
1,2,1
8,8,0
3,3,0
2,3,1
2,2,0
3,5,2
3,5,2
4,4,0
4,5,1
100,104,4
3,3,0
2,5,3
3,3,0
3,9,6
2,2,0
3,5,2
150,161,11
2,3,1
2,2,0
2,2,0
3,3,0
11,11,0
1,3,2
2,2,0
3,5,2
2,2,0
0,0,0
2,2,0
9,9,0
3,3,0
0,0,0
3,9,6
1,24,23
2,2,0
3,10,7
3,3,0
2,2,0
3,7,4
3,3,0
2,4,2
2,2,0
5,11,6
2,2,0
2,2,0
3,7,4
4,5,1
2,2,0
2,10,8
2,2,0
1,2,1
1,8,7
3,3,0
2,95,93
4,4,0
3,9,6
100,108,8
2,6,4
2,2,0
3,3,0
2,2,0
11,11,0
2,4,2
2,2,0
1,1,0
3,3,0
2,2,0
2,2,0
2,2,0
0,0,0
2,2,0
2,2,0
3,3,0
3,5,2
2,2,0
1,1,0
2,2,0
2,2,0
2,3,1
2,2,0
2,2,0
2,2,0
8,21,13
9,52,43
1,3,2
7,22,15
0,0,0
2,4,2
2,4,2
2,2,0
2,4,2
2,3,1
3,6,3
2,2,0
2,2,0
2,2,0
8,8,0
3,3,0
3,6,3
2,82,80
2,2,0
2,2,0
9,9,0
3,5,2
5,50,45
3,3,0
3,3,0
1,1,0
2,6,4
2,2,0
1,1,0
2,2,0
1,8,7
1,7,6
1,5,4
1,1,0
2,2,0
2,2,0
1,1,0
3,3,0
2,4,2
3,11,8
9,9,0
2,12,10
11,11,0
3,3,0
3,3,0
27,97,70
3,3,0
2,4,2
2,4,2
24,24,0
9,11,2
2,2,0
2,4,2
2,2,0
3,13,10
95,95,0
3,5,2
3,3,0
2,2,0
1,2,1
2,2,0
3,7,4
0,0,0
2,6,4
2,2,0
3,7,4
2,2,0
2,2,0
2,5,3
6,7,1
2,2,0
2,2,0
2,2,0
2,4,2
2,2,0
2,2,0
2,2,0
2,2,0
2,2,0
0,0,0
3,3,0
2,2,0
2,5,3
1,5,4
3,3,0
2,2,0
0,0,0
2,2,0
2,2,0
3,5,2
2,2,0
2,2,0
8,8,0
3,9,6
3,3,0
3,3,0
0,0,0
1,2,1
2,2,0
3,3,0
3,13,10
2,2,0
2,2,0
1,2,1
3,5,2
1,2,1
3,5,2
1,2,1
2,3,1
3,3,0
9,9,0
15,17,2
2,2,0
2,2,0
3,5,2
3,3,0
3,5,2
2,2,0
25,27,2
1,1,0
3,5,2
2,2,0
3,3,0
1,2,1
60,121,61
5,14,9
2,2,0
2,2,0
10,10,0
3,5,2
9,9,0
2,2,0
3,5,2
2,4,2
3,7,4
0,0,0
2,2,0
2,2,0
1,21,20
3,5,2
2,2,0
2,16,14
1,1,0
2,2,0
1,2,1
2,48,46
10,10,0
1,4,3
2,2,0
19,19,0
2,2,0
4,13,9
2,2,0
4,4,0
9,9,0
9,9,0
1,1,0
3,3,0
5,9,4
3,5,2
2,12,10
2,2,0
3,3,0
2,2,0
6,6,0
2,2,0
10,10,0
2,4,2
7,7,0
6,6,0
3,3,0
3,3,0
2,2,0
3,5,2
2,2,0
2,2,0
2,2,0
1,38,37
2,2,0
50,50,0
2,2,0
14,14,0
3,3,0
9,9,0
3,3,0
3,3,0
2,2,0
2,2,0
2,2,0
2,2,0
11,11,0
3,3,0
2,2,0
10,10,0
127,127,0
2,2,0
3,3,0
2,2,0
1,2,1
3,3,0
16,16,0
2,2,0
2,28,26
2,5,3
15,15,0
3,9,6
2,2,0
2,4,2
2,6,4
2,2,0
10,13,3
3,5,2
2,2,0
2,2,0
13,13,0
2,4,2
2,2,0
9,19,10
71,71,0
3,7,4
2,2,0
2,2,0
11,11,0
2,2,0
2,2,0
3,3,0
2,2,0
1,2,1
2,2,0
3,3,0
2,2,0
0,0,0
2,2,0
2,2,0
2,2,0
2,3,1
2,2,0
6,6,0
2,2,0
0,0,0
2,2,0
3,3,0
8,8,0
8,8,0
4,4,0
2,2,0
3,3,0
2,80,78
8,8,0
2,2,0
2,2,0
2,2,0
6,6,0
1,2,1
3,3,0
1,26,25
145,145,0
2,2,0
0,0,0
1,2,1
2,3,1
2,2,0
3,5,2
2,2,0
3,3,0
2,8,6
2,2,0
2,2,0
2,4,2
2,2,0
2,2,0
3,3,0
2,2,0
2,2,0
2,26,24
2,6,4
3,6,3
1,1,0
2,4,2
2,2,0
2,2,0
2,2,0
1,1,0
6,6,0
3,5,2
8,8,0
3,5,2
2,26,24
1,1,0
1,2,1
2,2,0
8,8,0
2,2,0
51,101,50
2,4,2
2,2,0
2,2,0
0,0,0
2,2,0
1,3,2
2,2,0
3,3,0
2,2,0
2,4,2
2,2,0
1,1,0
2,2,0
0,0,0
2,21,19
2,2,0
2,2,0
2,2,0
2,2,0
1,1,0
9,9,0
3,6,3
2,18,16
2,2,0
2,48,46
2,4,2
2,2,0
2,2,0
1,1,0
2,4,2
3,5,2
0,0,0
1,21,20
2,2,0
2,2,0
4,4,0
52,52,0
4,6,2
10,14,4
3,3,0
2,2,0
1,2,1
3,3,0
3,3,0
4,5,1
2,2,0
3,16,13
10,12,2
2,2,0
3,3,0
3,3,0
2,2,0
3,5,2
2,3,1
8,10,2
2,2,0
1,21,20
135,135,0
2,2,0
0,0,0
9,9,0
5,5,0
2,4,2
9,9,0
2,2,0
8,8,0
1,1,0
2,15,13
8,8,0
3,3,0
3,5,2
1,1,0
2,2,0
2,2,0
2,2,0
2,2,0
2,2,0
9,9,0
2,2,0
3,9,6
1,4,3
10,19,9
3,18,15
2,2,0
2,2,0
2,13,11
3,3,0
2,2,0
8,8,0
2,2,0
3,3,0
2,2,0
2,2,0
22,45,23
2,4,2
2,2,0
2,14,12
2,2,0
37,40,3
2,2,0
4,6,2
3,5,2
2,3,1
2,4,2
2,2,0
3,11,8
2,2,0
2,11,9
12,12,0
2,2,0
1,2,1
2,3,1
28,34,6
3,3,0
2,2,0
96,102,6
2,6,4
2,2,0
2,2,0
3,3,0
7,7,0
3,4,1
1,2,1
9,9,0
1,26,25
2,2,0
2,2,0
2,2,0
51,51,0
2,2,0
2,2,0
0,0,0
9,9,0
1,2,1
2,2,0
2,2,0
2,2,0
9,9,0
2,3,1
2,2,0
2,4,2
2,4,2
2,4,2
1,5,4
3,3,0
3,12,9
2,2,0
2,2,0
3,3,0
2,4,2
0,0,0
2,2,0
2,2,0
3,5,2
0,0,0
3,23,20
2,2,0
2,13,11
2,2,0
0,0,0
2,2,0
3,3,0
0,0,0
2,2,0
3,3,0
2,5,3
3,3,0
2,2,0
28,55,27
3,5,2
2,3,1
45,45,0
2,2,0
2,2,0
2,2,0
1,3,2
1,17,16
5,7,2
2,2,0
3,5,2
17,17,0
2,2,0
1,2,1
2,2,0
2,2,0
3,3,0
2,13,11
9,9,0
3,3,0
2,2,0
2,2,0
4,4,0
2,2,0
2,2,0
1,24,23
8,8,0
22,25,3
1,1,0
2,2,0
4,4,0
2,2,0
2,2,0
2,2,0
2,2,0
3,3,0
2,2,0
2,2,0
6,6,0
2,2,0
2,3,1
2,11,9
3,3,0
3,15,12
9,9,0
2,4,2
3,3,0
11,13,2
3,81,78
0,0,0
2,2,0
1,1,0
2,84,82
1,44,43
1,2,1
2,2,0
3,14,11
2,4,2
2,2,0
2,2,0
3,25,22
2,2,0
3,8,5
1,1,0
5,5,0
2,13,11
2,4,2
2,2,0
1,2,1
2,2,0
2,2,0
3,3,0
5,5,0
0,0,0
2,2,0
3,7,4
3,3,0
2,4,2
2,2,0
11,11,0
3,3,0
2,2,0
81,81,0
2,2,0
0,0,0
2,2,0
25,25,0
2,3,1
0,0,0
2,6,4
3,3,0
3,4,1
3,3,0
0,0,0
8,8,0
2,5,3
2,2,0
0,0,0
1,6,5
2,2,0
8,10,2
100,100,0
0,0,0
2,2,0
3,3,0
2,2,0
1,3,2
10,10,0
2,2,0
2,2,0
3,3,0
2,5,3
2,2,0
10,10,0
0,0,0
2,2,0
2,8,6
2,2,0
2,4,2
3,3,0
2,2,0
10,10,0
2,2,0
2,4,2
2,2,0
3,6,3
3,3,0
66,66,0
2,2,0
100,100,0
2,8,6
7,7,0
3,3,0
2,2,0
0,0,0
2,2,0
3,3,0
3,5,2
2,2,0
2,3,1
9,9,0
3,7,4
3,6,3
2,2,0
2,2,0
3,3,0
1,5,4
3,3,0
3,3,0
3,5,2
12,12,0
3,7,4
3,3,0
2,2,0
1,2,1
3,3,0
2,6,4
2,2,0
3,3,0
2,28,26
2,2,0
1,1,0
2,3,1
2,2,0
2,2,0
3,3,0
2,2,0
1,5,4
10,10,0
8,8,0
3,5,2
4,23,19
2,4,2
2,2,0
2,2,0
2,2,0
3,3,0
3,5,2
1,2,1
2,4,2
2,2,0
2,4,2
2,2,0
2,2,0
2,2,0
3,3,0
16,16,0
2,2,0
3,3,0
3,3,0
2,2,0
3,3,0
3,8,5
2,2,0
2,2,0
2,3,1
2,8,6
3,7,4
3,3,0
2,2,0
2,2,0
2,2,0
2,5,3
2,2,0
1,5,4
2,2,0
2,4,2
2,15,13
2,3,1
3,8,5
2,2,0
2,2,0
3,3,0
3,3,0
0,0,0
2,2,0
3,3,0
2,2,0
51,51,0
3,3,0
4,4,0
3,3,0
2,2,0
3,5,2
2,4,2
3,3,0
2,4,2
2,2,0
3,5,2
2,2,0
6,6,0
2,5,3
2,2,0
2,2,0
95,95,0
2,2,0
3,5,2
16,16,0
2,2,0
2,3,1
2,2,0
1,1,0
3,13,10
2,4,2
8,8,0
2,17,15
2,3,1
3,9,6
6,6,0
1,2,1
3,3,0
3,3,0
2,25,23
3,5,2
2,2,0
2,2,0
3,8,5
2,2,0
2,2,0
2,2,0
2,3,1
3,11,8
2,2,0
3,5,2
3,3,0
2,2,0
2,5,3
2,3,1
3,7,4
0,0,0
3,3,0
3,4,1
2,2,0
13,13,0
2,2,0
2,2,0
2,3,1
2,2,0
2,4,2
3,3,0
1,3,2
2,13,11
3,16,13
3,7,4
2,2,0
2,2,0
0,0,0
2,2,0
2,2,0
3,3,0
2,2,0
100,100,0
2,2,0
11,11,0
2,80,78
2,4,2
2,6,4
0,0,0
1,6,5
0,0,0
129,236,107
2,2,0
1,2,1
2,2,0
3,7,4
22,22,0
8,13,5
1,24,23
2,2,0
2,2,0
0,0,0
2,2,0
4,4,0
2,2,0
2,2,0
0,0,0
2,2,0
3,11,8
2,2,0
2,2,0
55,56,1
1,2,1
2,2,0
3,3,0
2,2,0
54,135,81
38,38,0
2,2,0
2,2,0
2,2,0
2,2,0
2,2,0
3,3,0
2,2,0
3,3,0
3,3,0
0,0,0
2,5,3
2,2,0
0,0,0
2,2,0
1,7,6
6,6,0
1,1,0
2,2,0
3,3,0
2,2,0
2,82,80
2,2,0
2,2,0
51,51,0
0,0,0
9,9,0
2,4,2
3,3,0
22,22,0
2,2,0
3,3,0
3,3,0
1,1,0
3,4,1
36,36,0
3,9,6
3,3,0
2,2,0
2,2,0
1,1,0
3,3,0
2,2,0
2,2,0
12,12,0
2,2,0
3,3,0
2,4,2
97,97,0
3,5,2
3,5,2
2,2,0
1,1,0
1,22,21
2,2,0
2,2,0
2,2,0
3,7,4
2,2,0
3,3,0
1,2,1
2,2,0
10,10,0
2,2,0
3,11,8
3,3,0
4,4,0
2,2,0
1,4,3
2,2,0
2,2,0
3,10,7
2,2,0
8,8,0
4,4,0
3,3,0
2,2,0
3,3,0
1,1,0
2,2,0
2,4,2
3,5,2
2,3,1
2,2,0
2,4,2
3,9,6
2,2,0
2,2,0
2,2,0
2,2,0
1,11,10
2,2,0
2,2,0
2,2,0
3,3,0
2,2,0
2,2,0
2,2,0
8,8,0
2,4,2
3,3,0
3,3,0
1,1,0
1,2,1
3,3,0
2,2,0
1,2,1
2,2,0
1,1,0
1,1,0
8,8,0
2,10,8
45,72,27
3,3,0
3,3,0
95,96,1
3,6,3
2,2,0
2,2,0
1,1,0
2,2,0
2,3,1
1,1,0
8,8,0
10,10,0
2,4,2
2,80,78
2,4,2
2,18,16
2,2,0
2,6,4
3,5,2
42,42,0
2,4,2
1,4,3
1,1,0
2,2,0
3,3,0
2,2,0
3,3,0
2,2,0
3,3,0
3,5,2
2,2,0
1,1,0
21,21,0
2,22,20
3,10,7
1,9,8
5,5,0
1,1,0
11,11,0
2,2,0
2,2,0
2,2,0
3,3,0
8,8,0
2,2,0
3,3,0
2,2,0
42,42,0
2,4,2
3,5,2
2,2,0
2,2,0
2,2,0
2,2,0
2,2,0
2,2,0
2,2,0
14,14,0
3,4,1
10,10,0
2,2,0
2,8,6
0,0,0
2,4,2
2,44,42
2,30,28
9,18,9
2,3,1
3,6,3
22,22,0
3,3,0
2,4,2
10,10,0
2,2,0
1,1,0
2,2,0
1,2,1
0,0,0
129,225,96
2,8,6
3,3,0
2,2,0
3,22,19
1,23,22
11,11,0
1,7,6
0,0,0
1,2,1
3,3,0
2,4,2
3,3,0
1,2,1
1,1,0
3,3,0
3,3,0
1,3,2
3,3,0
3,3,0
2,2,0
1,24,23
9,9,0
3,3,0
8,8,0
2,2,0
2,2,0
3,3,0
2,4,2
11,11,0
2,2,0
8,8,0
2,31,29
2,3,1
2,2,0
3,3,0
3,3,0
2,2,0
2,2,0
2,2,0
2,2,0
2,6,4
8,8,0
2,2,0
2,2,0
1,23,22
4,23,19
2,6,4
3,3,0
110,110,0
2,5,3
0,0,0
3,3,0
2,2,0
2,2,0
3,3,0
4,9,5
3,6,3
2,2,0
91,93,2
8,8,0
2,4,2
100,104,4
3,9,6
1,3,2
6,6,0
3,10,7
2,2,0
3,3,0
2,7,5
2,2,0
3,19,16
3,5,2
8,8,0
2,2,0
2,2,0
2,2,0
80,82,2
2,2,0
2,2,0
2,2,0
1,1,0
23,23,0
2,2,0
2,2,0
2,2,0
2,3,1
2,2,0
2,2,0
3,3,0
8,8,0
2,4,2
2,2,0
2,2,0
2,2,0
3,3,0
15,15,0
1,1,0
3,3,0
3,5,2
2,6,4
1,1,0
2,2,0
11,11,0
2,2,0
3,5,2
2,2,0
3,3,0
2,5,3
1,3,2
2,2,0
8,8,0
8,8,0
3,3,0
2,6,4
2,2,0
3,3,0
8,8,0
2,6,4
2,4,2
2,2,0
9,9,0
3,3,0
2,2,0
2,3,1
11,11,0
3,3,0
6,22,16
2,14,12
3,5,2
3,3,0
2,2,0
55,56,1
2,2,0
2,2,0
2,18,16
0,0,0
1,2,1
16,16,0
2,2,0
9,9,0
3,13,10
8,8,0
3,5,2
3,7,4
1,2,1
2,2,0
3,9,6
8,8,0
2,2,0
2,4,2
3,5,2
3,3,0
9,9,0
3,4,1
2,70,68
6,6,0
3,8,5
4,4,0
2,2,0
45,45,0
3,3,0
1,5,4
2,6,4
18,18,0
3,3,0
3,3,0
8,12,4
10,10,0
1,1,0
3,3,0
2,2,0
1,18,17
3,3,0
2,4,2
3,3,0
2,2,0
1,2,1
3,5,2
3,5,2
16,16,0
1,1,0
2,2,0
3,3,0
11,11,0
2,2,0
3,3,0
3,3,0
2,2,0
1,1,0
8,8,0
3,4,1
2,6,4
3,3,0
2,2,0
4,4,0
3,16,13
1,2,1
3,7,4
1,4,3
3,3,0
8,8,0
1,1,0
3,11,8
3,3,0
1,2,1
2,2,0
3,3,0
2,2,0
2,2,0
1,31,30
2,2,0
62,62,0
3,3,0
2,10,8
2,2,0
2,2,0
2,2,0
98,98,0
3,7,4
3,4,1
1,1,0
1,1,0
2,6,4
60,121,61
2,2,0
2,2,0
3,5,2
3,5,2
3,3,0
93,173,80
3,3,0
2,2,0
8,8,0
3,3,0
0,0,0
33,33,0
3,3,0
3,3,0
21,21,0
2,2,0
0,0,0
2,5,3
1,5,4
2,77,75
2,2,0
2,2,0
2,13,11
3,3,0
1,2,1
2,2,0
3,9,6
3,9,6
2,2,0
2,4,2
2,2,0
2,14,12
3,34,31
3,3,0
3,5,2
9,9,0
2,2,0
82,82,0
100,104,4
2,2,0
3,15,12
9,9,0
1,76,75
2,2,0
2,80,78
7,9,2
1,2,1
2,2,0
2,3,1
3,5,2
3,5,2
2,3,1
23,23,0
2,2,0
1,1,0
2,2,0
3,5,2
2,2,0
9,9,0
2,8,6
2,8,6
2,9,7
3,7,4
2,2,0
3,3,0
2,16,14
1,1,0
4,4,0
2,2,0
2,5,3
2,2,0
3,3,0
8,47,39
2,2,0
3,3,0
1,20,19
2,28,26
2,4,2
2,2,0
2,2,0
3,3,0
3,5,2
2,2,0
2,2,0
3,3,0
2,2,0
3,12,9
1,1,0
2,2,0
5,10,5
3,3,0
2,2,0
2,2,0
28,28,0
1,44,43
3,5,2
3,5,2
3,5,2
20,20,0
2,28,26
3,5,2
2,2,0
2,4,2
2,2,0
3,5,2
2,2,0
3,3,0
3,5,2
2,2,0
1,2,1
2,2,0
8,8,0
3,5,2
2,2,0
2,5,3
2,2,0
3,3,0
0,0,0
2,2,0
2,2,0
1,2,1
1,1,0
2,2,0
2,4,2
1,1,0
2,4,2
1,4,3
1,25,24
3,18,15
2,2,0
2,2,0
3,3,0
3,3,0
1,1,0
3,6,3
8,12,4
1,4,3
2,2,0
2,2,0
3,3,0
1,3,2
2,4,2
3,5,2
2,8,6
1,4,3
2,31,29
3,7,4
2,2,0
1,6,5
3,3,0
3,3,0
1,2,1
2,2,0
2,2,0
2,2,0
3,7,4
2,2,0
9,9,0
9,9,0
2,2,0
12,12,0
6,6,0
2,2,0
2,2,0
2,2,0
2,5,3
8,8,0
6,48,42
1,1,0
3,3,0
3,3,0
3,7,4
1,2,1
3,3,0
3,3,0
3,3,0
2,2,0
3,3,0
4,4,0
8,8,0
3,5,2
2,2,0
2,2,0
1,1,0
5,5,0
2,8,6
2,2,0
2,2,0
51,51,0
3,3,0
2,4,2
2,3,1
2,3,1
2,2,0
2,2,0
1,23,22
1,25,24
56,57,1
3,3,0
2,2,0
14,14,0
2,2,0
1,2,1
2,2,0
2,2,0
3,3,0
76,76,0
2,2,0
2,2,0
2,3,1
3,3,0
2,2,0
2,2,0
10,10,0
10,10,0
1,24,23
2,12,10
3,4,1
1,1,0
2,2,0
2,6,4
2,2,0
3,3,0
1,1,0
2,2,0
8,8,0
3,3,0
2,2,0
3,3,0
2,2,0
2,2,0
0,0,0
3,5,2
2,11,9
9,9,0
6,6,0
2,2,0
7,7,0
2,2,0
1,1,0
0,0,0
2,2,0
2,2,0
2,2,0
2,2,0
2,2,0
2,2,0
3,5,2
2,2,0
2,3,1
2,8,6
2,2,0
2,2,0
0,0,0
3,5,2
9,9,0
2,6,4
6,6,0
2,2,0
3,3,0
2,10,8
2,6,4
60,120,60
8,8,0
2,2,0
3,3,0
9,9,0
5,11,6
2,2,0
2,2,0
2,9,7
2,17,15
2,2,0
2,2,0
15,15,0
2,5,3
8,8,0
2,2,0
2,2,0
2,2,0
2,2,0
2,2,0
2,3,1
4,4,0
3,3,0
4,4,0
1,7,6
3,5,2
1,1,0
8,8,0
3,3,0
1,2,1
2,2,0
1,2,1
0,0,0
3,14,11
3,3,0
7,7,0
2,2,0
2,2,0
2,2,0
1,1,0
3,3,0
4,4,0
1,1,0
2,3,1
1,1,0
1,32,31
21,21,0
5,5,0
1,1,0
21,21,0
1,1,0
0,0,0
2,6,4
3,3,0
3,7,4
2,2,0
2,2,0
3,5,2
2,4,2
4,4,0
8,8,0
1,56,55
3,8,5
2,2,0
2,6,4
2,2,0
3,4,1
2,2,0
9,9,0
3,3,0
2,4,2
1,3,2
2,4,2
4,6,2
4,4,0
2,2,0
10,12,2
2,4,2
2,3,1
3,6,3
1,2,1
3,13,10
3,5,2
7,7,0
3,3,0
2,2,0
1,1,0
3,4,1
9,9,0
2,2,0
1,1,0
1,1,0
3,3,0
1,2,1
3,3,0
27,28,1
2,2,0
2,8,6
198,287,89
5,8,3
3,3,0
2,4,2
1,3,2
3,8,5
3,3,0
8,8,0
3,5,2
3,3,0
8,8,0
2,2,0
1,2,1
2,2,0
1,1,0
0,0,0
2,2,0
0,0,0
0,0,0
3,3,0
2,2,0
2,2,0
5,5,0
1,1,0
8,8,0
2,2,0
2,2,0
2,2,0
2,2,0
2,2,0
2,6,4
3,9,6
1,1,0
2,2,0
6,6,0
1,25,24
9,9,0
0,0,0
9,10,1
2,9,7
2,28,26
1,1,0
10,10,0
2,2,0
1,25,24
3,3,0
3,3,0
1,2,1
2,2,0
2,2,0
2,3,1
28,28,0
190,190,0
2,2,0
2,2,0
7,15,8
3,3,0
2,7,5
2,2,0
1,31,30
2,2,0
12,12,0
2,2,0
2,2,0
2,3,1
2,2,0
2,2,0
2,4,2
2,2,0
1,2,1
3,3,0
3,3,0
1,4,3
9,9,0
3,3,0
4,50,46
3,8,5
4,4,0
3,3,0
1,1,0
2,9,7
2,2,0
2,2,0
3,5,2
2,2,0
45,45,0
2,2,0
2,2,0
2,2,0
3,3,0
7,7,0
9,9,0
1,1,0
3,3,0
8,8,0
2,7,5
3,3,0
1,1,0
3,3,0
2,6,4
2,2,0
1,2,1
12,12,0
2,2,0
2,12,10
3,3,0
2,2,0
1,1,0
3,5,2
9,11,2
2,2,0
2,2,0
2,2,0
3,8,5
2,2,0
3,3,0
11,11,0
2,2,0
11,11,0
2,2,0
2,2,0
2,2,0
1,21,20
2,2,0
2,4,2
2,2,0
2,2,0
0,0,0
2,2,0
3,3,0
3,3,0
2,13,11
3,3,0
2,2,0
2,2,0
1,21,20
2,2,0
3,3,0
6,6,0
3,7,4
11,11,0
6,6,0
1,2,1
3,11,8
20,20,0
2,4,2
3,3,0
2,2,0
2,4,2
2,2,0
6,7,1
1,3,2
2,2,0
2,3,1
6,6,0
2,4,2
0,0,0
3,16,13
3,3,0
2,2,0
3,7,4
2,80,78
8,8,0
3,3,0
1,2,1
3,3,0
2,2,0
2,2,0
2,2,0
2,2,0
2,6,4
3,3,0
2,2,0
2,2,0
3,3,0
2,2,0
3,3,0
2,2,0
3,3,0
1,4,3
14,22,8
0,0,0
2,2,0
3,3,0
2,2,0
2,2,0
0,0,0
2,6,4
2,2,0
2,3,1
2,2,0
2,6,4
2,3,1
3,4,1
2,2,0
2,2,0
2,2,0
2,2,0
3,6,3
2,2,0
3,7,4
2,2,0
10,13,3
3,4,1
1,8,7
17,57,40
2,2,0
2,3,1
1,54,53
9,9,0
4,21,17
2,4,2
0,0,0
9,17,8
3,5,2
80,87,7
1,3,2
3,3,0
1,1,0
3,3,0
2,2,0
2,2,0
2,2,0
3,3,0
1,1,0
2,9,7
1,22,21
11,11,0
2,4,2
8,8,0
2,2,0
2,4,2
2,3,1
2,2,0
9,9,0
2,2,0
2,2,0
1,21,20
1,1,0
2,2,0
0,0,0
3,5,2
3,7,4
11,11,0
8,8,0
2,2,0
2,2,0
3,3,0
1,2,1
2,2,0
2,2,0
2,2,0
2,2,0
2,2,0
3,3,0
2,3,1
1,1,0
3,3,0
2,2,0
0,0,0
2,2,0
2,2,0
2,2,0
9,9,0
2,4,2
3,3,0
3,3,0
1,1,0
0,0,0
2,2,0
3,8,5
2,2,0
3,3,0
3,5,2
3,3,0
3,4,1
2,6,4
9,9,0
2,8,6
2,2,0
1,1,0
2,2,0
0,0,0
2,2,0
2,2,0
2,2,0
1,1,0
7,7,0
2,2,0
3,5,2
3,4,1
4,4,0
2,2,0
1,2,1
3,3,0
3,3,0
3,5,2
1,1,0
3,5,2
3,7,4
2,2,0
2,2,0
2,8,6
2,2,0
8,8,0
2,2,0
2,2,0
1,4,3
2,2,0
99,111,12
1,1,0
2,2,0
2,2,0
10,10,0
3,3,0
43,43,0
2,2,0
1,2,1
3,3,0
2,6,4
2,2,0
2,2,0
2,2,0
3,5,2
1,2,1
2,2,0
0,0,0
3,5,2
3,3,0
3,9,6
52,167,115
1,20,19
3,5,2
9,9,0
1,26,25
94,96,2
3,8,5
2,2,0
1,1,0
2,4,2
2,5,3
3,3,0
3,3,0
3,3,0
2,2,0
22,22,0
11,11,0
1,4,3
1,2,1
9,9,0
2,2,0
3,3,0
3,3,0
2,2,0
2,2,0
2,2,0
2,2,0
2,13,11
8,8,0
3,15,12
3,3,0
2,7,5
9,9,0
3,10,7
1,1,0
2,2,0
2,2,0
4,4,0
2,2,0
2,2,0
2,2,0
3,3,0
1,1,0
2,2,0
2,2,0
2,16,14
2,21,19
2,2,0
3,3,0
1,1,0
2,13,11
1,1,0
13,17,4
3,5,2
2,8,6
2,2,0
3,3,0
3,3,0
1,1,0
54,55,1
6,22,16
6,15,9
3,3,0
1,1,0
8,8,0
2,4,2
1,4,3
3,7,4
44,44,0
2,2,0
2,2,0
4,47,43
3,8,5
2,2,0
45,57,12
8,8,0
2,2,0
1,2,1
1,3,2
3,3,0
2,2,0
2,13,11
2,2,0
2,2,0
20,20,0
2,2,0
2,2,0
2,6,4
3,7,4
2,2,0
2,2,0
2,2,0
4,27,23
1,1,0
2,2,0
3,7,4
9,9,0
2,2,0
2,2,0
1,1,0
3,3,0
2,4,2
2,2,0
1,22,21
2,2,0
8,8,0
1,1,0
3,3,0
0,0,0
2,3,1
10,21,11
3,3,0
2,4,2
2,2,0
3,3,0
2,2,0
0,0,0
4,4,0
2,2,0
4,16,12
2,2,0
4,4,0
2,2,0
1,2,1
2,2,0
1,1,0
2,5,3
21,21,0
2,3,1
1,24,23
2,17,15
3,3,0
1,1,0
1,7,6
3,3,0
0,0,0
3,3,0
2,3,1
8,8,0
2,2,0
2,9,7
5,8,3
2,86,84
3,5,2
5,5,0
3,7,4
2,2,0
9,9,0
3,3,0
3,3,0
2,4,2
2,2,0
2,2,0
3,17,14
2,2,0
2,2,0
3,3,0
2,2,0
2,2,0
3,3,0
34,36,2
1,1,0
3,3,0
2,2,0
0,0,0
3,6,3
3,3,0
2,2,0
3,5,2
3,3,0
8,8,0
2,2,0
2,2,0
23,46,23
2,2,0
2,9,7
1,3,2
3,9,6
2,2,0
2,2,0
60,114,54
12,12,0
2,2,0
2,2,0
6,6,0
9,9,0
2,5,3
20,20,0
4,6,2
0,0,0
1,1,0
1,1,0
2,5,3
2,2,0
2,16,14
2,6,4
2,2,0
2,7,5
3,5,2
28,28,0
2,2,0
1,3,2
2,2,0
2,2,0
2,2,0
3,3,0
2,2,0
2,2,0
3,10,7
2,2,0
3,5,2
3,3,0
5,9,4
8,8,0
2,2,0
7,7,0
1,1,0
3,3,0
2,2,0
2,2,0
2,2,0
3,3,0
3,3,0
8,8,0
2,3,1
2,2,0
2,2,0
8,8,0
1,4,3
2,2,0
2,2,0
2,2,0
26,26,0
2,2,0
3,3,0
1,1,0
2,8,6
100,104,4
2,2,0
3,7,4
1,1,0
29,29,0
1,1,0
3,5,2
2,2,0
5,5,0
2,2,0
1,20,19
2,2,0
2,2,0
3,3,0
2,2,0
2,2,0
2,2,0
1,2,1
3,7,4
3,3,0
2,4,2
2,2,0
2,2,0
1,3,2
2,2,0
51,77,26
3,3,0
2,2,0
2,2,0
2,4,2
1,1,0
2,2,0
22,22,0
3,3,0
2,9,7
2,2,0
1,1,0
2,10,8
2,80,78
2,2,0
2,2,0
3,3,0
3,7,4
2,8,6
9,9,0
2,2,0
3,5,2
4,4,0
2,10,8
3,3,0
3,3,0
2,2,0
2,2,0
2,6,4
2,2,0
2,2,0
12,12,0
11,11,0
2,2,0
3,3,0
3,3,0
3,25,22
2,2,0
43,43,0
2,3,1
20,20,0
8,8,0
1,2,1
2,2,0
4,10,6
3,3,0
1,1,0
2,8,6
1,5,4
0,0,0
8,52,44
2,4,2
3,5,2
3,6,3
3,5,2
1,2,1
3,8,5
1,1,0
2,2,0
2,2,0
9,9,0
2,4,2
2,10,8
2,12,10
2,2,0
2,2,0
2,3,1
3,4,1
2,2,0
2,2,0
49,52,3
2,2,0
2,3,1
2,2,0
2,6,4
2,4,2
1,27,26
2,2,0
2,6,4
2,3,1
3,8,5
2,2,0
2,2,0
1,59,58
2,2,0
2,2,0
10,10,0
2,2,0
3,3,0
2,2,0
1,1,0
94,94,0
2,5,3
2,2,0
8,8,0
2,2,0
2,2,0
2,2,0
3,3,0
3,4,1
1,1,0
3,3,0
0,0,0
2,2,0
2,2,0
2,10,8
2,4,2
1,1,0
2,2,0
8,8,0
17,17,0
2,6,4
20,20,0
2,9,7
3,3,0
94,94,0
3,11,8
3,3,0
3,6,3
8,17,9
2,2,0
1,2,1
20,20,0
3,3,0
3,3,0
2,2,0
2,2,0
4,4,0
19,143,124
3,3,0
2,3,1
3,3,0
71,71,0
3,3,0
2,2,0
2,2,0
2,18,16
3,3,0
2,2,0
4,4,0
2,2,0
2,10,8
1,2,1
8,8,0
2,2,0
2,2,0
3,3,0
0,0,0
2,12,10
11,11,0
2,2,0
2,2,0
10,10,0
2,2,0
2,7,5
9,15,6
0,0,0
0,0,0
2,2,0
3,5,2
3,7,4
3,3,0
2,3,1
6,6,0
2,2,0
2,2,0
2,2,0
5,5,0
2,2,0
2,2,0
6,84,78
1,3,2
1,2,1
3,7,4
2,4,2
3,3,0
4,4,0
2,2,0
3,3,0
3,3,0
3,4,1
1,4,3
3,3,0
2,2,0
4,11,7
3,3,0
2,2,0
2,2,0
3,15,12
3,7,4
3,3,0
3,5,2
2,2,0
9,10,1
1,2,1
0,0,0
3,5,2
0,0,0
2,2,0
1,1,0
0,0,0
1,2,1
2,12,10
2,4,2
2,2,0
9,9,0
7,7,0
2,6,4
3,3,0
2,10,8
2,2,0
1,1,0
3,3,0
6,6,0
1,1,0
2,8,6
2,2,0
2,2,0
2,5,3
1,1,0
3,3,0
2,2,0
1,1,0
1,1,0
3,5,2
3,3,0
3,3,0
98,98,0
4,17,13
1,1,0
2,8,6
3,4,1
3,4,1
10,10,0
2,4,2
3,3,0
2,2,0
2,4,2
2,2,0
1,3,2
3,8,5
18,18,0
2,2,0
2,2,0
2,2,0
2,2,0
2,2,0
2,2,0
16,16,0
2,2,0
2,5,3
2,2,0
2,2,0
2,2,0
3,3,0
2,2,0
1,2,1
2,2,0
2,2,0
2,2,0
2,3,1
2,2,0
1,1,0
2,2,0
0,0,0
3,3,0
2,2,0
3,3,0
7,7,0
2,3,1
139,139,0
3,3,0
9,9,0
3,3,0
9,9,0
2,2,0
1,2,1
2,2,0
6,6,0
3,3,0
0,0,0
2,2,0
2,2,0
2,2,0
2,87,85
2,2,0
2,2,0
1,22,21
2,2,0
3,22,19
3,8,5
2,2,0
2,2,0
3,3,0
2,4,2
3,7,4
2,63,61
10,10,0
2,2,0
3,7,4
8,8,0
9,9,0
2,2,0
2,2,0
3,3,0
3,3,0
1,3,2
2,8,6
2,3,1
3,3,0
2,2,0
3,5,2
2,2,0
2,2,0
3,7,4
2,11,9
26,26,0
12,12,0
3,3,0
2,2,0
2,4,2
3,3,0
1,1,0
2,2,0
1,2,1
2,8,6
0,0,0
2,2,0
0,0,0
2,2,0
2,2,0
8,8,0
3,5,2
2,14,12
3,3,0
2,2,0
2,6,4
3,3,0
2,2,0
2,2,0
3,3,0
8,8,0
100,100,0
2,2,0
2,2,0
2,2,0
2,4,2
17,17,0
2,2,0
2,2,0
9,9,0
3,3,0
3,10,7
100,104,4
2,2,0
2,2,0
3,6,3
2,2,0
6,10,4
3,3,0
3,3,0
1,1,0
2,2,0
2,35,33
2,2,0
2,2,0
12,125,113
3,5,2
3,5,2
0,0,0
2,2,0
2,2,0
2,2,0
2,2,0
2,2,0
1,2,1
3,6,3
3,24,21
2,2,0
3,5,2
1,1,0
0,0,0
3,5,2
2,2,0
2,2,0
3,9,6
2,9,7
3,3,0
2,2,0
2,4,2
1,3,2
2,6,4
1,4,3
2,2,0
2,2,0
2,2,0
2,4,2
10,10,0
2,12,10
2,2,0
6,6,0
2,2,0
2,5,3
2,2,0
2,2,0
3,3,0
2,2,0
1,16,15
8,8,0
6,6,0
1,2,1
2,6,4
2,2,0
10,10,0
1,4,3
2,4,2
3,13,10
2,2,0
2,2,0
1,8,7
2,2,0
2,2,0
2,2,0
3,5,2
1,2,1
1,1,0
1,2,1
2,4,2
3,3,0
2,2,0
2,4,2
2,4,2
2,8,6
2,2,0
2,2,0
2,2,0
3,5,2
2,2,0
3,8,5
3,3,0
1,2,1
19,20,1
2,6,4
2,2,0
3,3,0
6,6,0
2,13,11
3,5,2
2,2,0
3,3,0
1,7,6
2,2,0
1,3,2
2,2,0
2,2,0
3,3,0
2,2,0
6,6,0
2,2,0
2,2,0
8,8,0
1,1,0
12,34,22
1,3,2
4,4,0
2,4,2
2,2,0
2,2,0
3,7,4
2,2,0
1,2,1
2,2,0
2,2,0
11,11,0
6,6,0
2,4,2
3,3,0
2,2,0
2,2,0
3,3,0
2,2,0
2,2,0
2,2,0
2,2,0
2,8,6
2,2,0
2,2,0
1,4,3
2,2,0
2,9,7
3,5,2
3,3,0
82,92,10
8,8,0
2,4,2
1,1,0
3,4,1
3,9,6
2,2,0
2,2,0
2,4,2
3,7,4
3,5,2
1,1,0
3,6,3
2,2,0
2,2,0
3,5,2
2,7,5
2,2,0
3,5,2
11,11,0
7,7,0
3,5,2
2,2,0
17,17,0
2,2,0
1,3,2
2,4,2
2,2,0
3,3,0
2,2,0
2,4,2
8,8,0
2,6,4
5,5,0
3,23,20
1,2,1
2,6,4
2,2,0
20,30,10
2,2,0
2,4,2
2,2,0
2,2,0
2,4,2
2,2,0
3,3,0
2,2,0
2,2,0
3,5,2
2,2,0
2,80,78
2,2,0
2,2,0
2,2,0
2,2,0
2,2,0
22,22,0
2,2,0
2,2,0
1,4,3
5,7,2
3,6,3
3,3,0
2,2,0
2,8,6
2,2,0
1,1,0
3,5,2
1,2,1
18,18,0
5,10,5
2,3,1
3,5,2
3,7,4
2,4,2
2,3,1
3,5,2
2,6,4
1,1,0
2,4,2
1,1,0
2,2,0
3,3,0
54,54,0
9,9,0
3,5,2
2,2,0
1,1,0
3,3,0
3,3,0
1,2,1
3,3,0
0,0,0
1,1,0
2,2,0
3,3,0
9,9,0
14,108,94
8,8,0
2,2,0
2,2,0
20,63,43
3,3,0
2,2,0
2,4,2
2,4,2
2,2,0
12,12,0
2,4,2
3,5,2
2,2,0
3,3,0
3,5,2
2,2,0
2,2,0
3,5,2
2,4,2
2,2,0
2,2,0
2,2,0
2,2,0
1,2,1
2,6,4
2,2,0
3,3,0
2,2,0
3,6,3
2,15,13
2,2,0
3,3,0
9,9,0
2,2,0
5,5,0
2,2,0
2,3,1
1,3,2
9,9,0
9,9,0
3,3,0
3,3,0
22,22,0
3,5,2
1,1,0
2,2,0
1,44,43
11,11,0
2,16,14
3,5,2
22,22,0
3,3,0
3,5,2
4,13,9
2,2,0
2,6,4
3,3,0
2,2,0
2,5,3
8,8,0
2,3,1
2,2,0
2,25,23
4,7,3
5,10,5
2,2,0
2,2,0
2,2,0
8,8,0
2,4,2
3,3,0
3,3,0
3,3,0
1,7,6
3,7,4
3,3,0
2,2,0
2,2,0
0,0,0
2,2,0
2,2,0
4,4,0
200,364,164
2,2,0
2,2,0
2,4,2
1,3,2
24,27,3
2,2,0
2,2,0
2,28,26
2,2,0
2,2,0
2,2,0
3,5,2
2,18,16
1,1,0
3,3,0
3,5,2
3,3,0
2,2,0
5,5,0
2,2,0
3,5,2
3,5,2
8,8,0
2,2,0
2,2,0
14,14,0
3,5,2
2,2,0
2,2,0
2,2,0
2,6,4
2,4,2
2,4,2
3,5,2
3,3,0
1,3,2
2,2,0
2,82,80
2,2,0
1,2,1
5,6,1
2,2,0
2,2,0
9,9,0
95,96,1
2,2,0
2,19,17
2,2,0
16,16,0
2,2,0
2,4,2
2,2,0
4,4,0
22,22,0
3,5,2
1,2,1
2,2,0
2,3,1
1,2,1
6,7,1
3,3,0
2,2,0
2,2,0
1,1,0
9,9,0
2,4,2
3,3,0
2,2,0
2,2,0
10,10,0
18,18,0
96,96,0
0,0,0
3,3,0
3,3,0
2,2,0
3,3,0
50,52,2
2,9,7
3,3,0
2,2,0
2,2,0
3,5,2
2,5,3
1,1,0
2,2,0
10,10,0
2,2,0
2,2,0
2,2,0
9,15,6
3,3,0
2,4,2
2,2,0
5,5,0
2,2,0
2,2,0
4,4,0
20,20,0
3,3,0
47,47,0
2,2,0
2,13,11
3,3,0
3,3,0
2,4,2
15,21,6
3,3,0
2,2,0
3,3,0
2,82,80
3,3,0
1,1,0
3,3,0
2,2,0
5,5,0
3,3,0
2,2,0
2,2,0
3,3,0
2,4,2
2,2,0
4,46,42
2,2,0
2,4,2
2,6,4
3,11,8
3,3,0
3,3,0
8,8,0
2,2,0
3,3,0
2,4,2
3,9,6
2,2,0
2,2,0
2,2,0
3,9,6
1,1,0
9,9,0
4,4,0
2,2,0
1,3,2
2,2,0
3,3,0
3,17,14
139,216,77
2,4,2
2,2,0
1,1,0
9,9,0
2,2,0
2,5,3
2,2,0
2,4,2
2,2,0
2,3,1
3,7,4
2,2,0
2,2,0
2,2,0
2,2,0
0,0,0
1,1,0
4,4,0
2,2,0
3,3,0
2,4,2
2,2,0
1,24,23
3,6,3
2,2,0
2,3,1
2,2,0
3,3,0
11,12,1
9,9,0
2,2,0
2,13,11
2,2,0
8,8,0
3,8,5
3,11,8
4,4,0
2,2,0
1,2,1
2,2,0
9,9,0
2,2,0
3,3,0
19,19,0
3,3,0
2,2,0
3,3,0
3,9,6
2,4,2
2,15,13
1,2,1
3,6,3
0,0,0
9,9,0
1,3,2
2,2,0
2,2,0
2,4,2
3,5,2
96,96,0
3,5,2
2,4,2
2,2,0
0,0,0
2,2,0
2,2,0
3,3,0
2,2,0
2,2,0
2,6,4
2,2,0
2,10,8
1,2,1
1,1,0
13,13,0
3,3,0
16,18,2
1,1,0
2,82,80
2,2,0
1,2,1
3,3,0
2,4,2
2,2,0
2,4,2
5,11,6
2,2,0
2,20,18
106,109,3
1,2,1
2,2,0
2,2,0
2,2,0
8,8,0
2,2,0
2,46,44
2,2,0
1,5,4
2,2,0
2,2,0
2,10,8
2,2,0
2,2,0
2,2,0
3,5,2
2,23,21
29,29,0
2,2,0
2,2,0
6,37,31
5,5,0
2,2,0
3,3,0
3,3,0
10,12,2
3,5,2
2,2,0
2,2,0
2,2,0
2,6,4
2,2,0
2,2,0
3,7,4
8,10,2
0,0,0
2,2,0
3,7,4
3,3,0
2,2,0
315,443,128
1,1,0
2,2,0
3,3,0
2,2,0
2,2,0
2,2,0
2,2,0
2,2,0
2,7,5
3,5,2
4,4,0
8,8,0
5,5,0
2,2,0
6,6,0
7,7,0
2,2,0
3,5,2
2,2,0
3,24,21
6,8,2
1,2,1
21,21,0
1,2,1
20,20,0
20,20,0
3,3,0
3,3,0
3,7,4
2,2,0
2,2,0
8,8,0
3,3,0
4,4,0
2,7,5
2,2,0
2,4,2
0,0,0
9,37,28
0,0,0
2,4,2
2,3,1
1,1,0
3,10,7
2,2,0
2,6,4
2,2,0
2,9,7
1,2,1
2,2,0
3,3,0
3,3,0
0,0,0
4,4,0
1,2,1
2,8,6
9,18,9
10,10,0
3,3,0
3,3,0
2,8,6
2,2,0
2,2,0
9,9,0
2,2,0
2,2,0
2,2,0
2,2,0
1,1,0
2,187,185
2,2,0
3,3,0
3,5,2
2,2,0
4,4,0
3,5,2
8,10,2
6,6,0
1,1,0
2,2,0
2,2,0
58,85,27
14,14,0
2,4,2
1,2,1
2,2,0
10,10,0
2,2,0
2,2,0
5,5,0
2,20,18
2,15,13
2,2,0
0,0,0
3,3,0
9,9,0
2,2,0
8,8,0
0,0,0
3,4,1
4,4,0
2,2,0
0,0,0
3,11,8
2,4,2
1,1,0
51,51,0
2,2,0
1,7,6
2,2,0
1,9,8
8,8,0
2,6,4
2,2,0
3,3,0
2,2,0
10,11,1
2,2,0
3,5,2
2,2,0
3,3,0
2,8,6
2,2,0
4,4,0
3,3,0
0,0,0
3,5,2
2,2,0
2,2,0
2,3,1
2,3,1
20,118,98
2,2,0
1,1,0
2,2,0
2,2,0
2,3,1
2,2,0
1,1,0
2,86,84
1,2,1
2,8,6
1,11,10
2,2,0
2,2,0
2,2,0
5,5,0
2,2,0
2,4,2
2,2,0
2,2,0
3,3,0
2,2,0
8,8,0
2,2,0
1,24,23
3,13,10
1,3,2
2,2,0
20,38,18
2,2,0
1,1,0
6,6,0
1,2,1
1,1,0
4,4,0
2,2,0
2,3,1
3,3,0
2,2,0
2,2,0
2,2,0
3,5,2
2,4,2
5,5,0
2,3,1
3,3,0
2,2,0
2,2,0
2,4,2
2,2,0
3,7,4
1,2,1
2,4,2
2,3,1
3,5,2
2,2,0
2,2,0
2,2,0
2,2,0
5,5,0
2,2,0
2,2,0
2,80,78
2,3,1
2,4,2
2,2,0
1,1,0
2,2,0
2,5,3
23,23,0
3,5,2
2,2,0
2,9,7
2,2,0
36,36,0
1,1,0
3,3,0
2,5,3
2,2,0
3,10,7
2,3,1
1,1,0
11,11,0
0,0,0
8,8,0
2,2,0
2,3,1
2,2,0
3,3,0
3,3,0
2,2,0
2,2,0
2,2,0
8,8,0
3,7,4
2,14,12
17,17,0
3,3,0
2,3,1
2,5,3
2,2,0
4,4,0
3,7,4
2,80,78
0,0,0
3,6,3
2,80,78
2,2,0
3,6,3
2,2,0
2,2,0
4,4,0
8,52,44
2,7,5
2,10,8
3,3,0
7,13,6
1,1,0
2,2,0
50,52,2
1,2,1
2,2,0
2,2,0
1,1,0
0,0,0
2,7,5
2,2,0
9,9,0
1,2,1
2,2,0
0,0,0
2,2,0
8,8,0
3,3,0
3,7,4
2,2,0
2,2,0
3,3,0
1,1,0
8,8,0
3,3,0
1,2,1
2,2,0
3,3,0
10,20,10
3,3,0
1,1,0
9,9,0
3,3,0
3,4,1
3,5,2
3,7,4
2,2,0
1,24,23
2,2,0
15,15,0
3,3,0
1,2,1
2,6,4
3,4,1
1,4,3
2,7,5
4,4,0
3,14,11
2,2,0
2,2,0
2,2,0
22,24,2
3,7,4
3,6,3
2,2,0
3,8,5
2,2,0
3,3,0
2,4,2
3,5,2
5,5,0
0,0,0
2,2,0
2,2,0
16,16,0
2,2,0
2,2,0
2,2,0
10,10,0
3,5,2
2,5,3
1,1,0
2,2,0
3,9,6
3,3,0
2,2,0
1,6,5
2,2,0
2,2,0
0,0,0
2,2,0
3,3,0
4,8,4
1,1,0
3,6,3
2,2,0
3,3,0
1,4,3
2,6,4
3,3,0
21,21,0
2,2,0
1,1,0
3,5,2
3,3,0
0,0,0
1,2,1
2,2,0
2,2,0
2,2,0
11,11,0
2,2,0
2,2,0
2,2,0
0,0,0
2,2,0
2,2,0
3,3,0
2,4,2
3,7,4
1,1,0
2,4,2
2,2,0
2,5,3
2,2,0
0,0,0
3,7,4
3,3,0
2,2,0
2,5,3
1,3,2
2,6,4
6,12,6
3,3,0
3,3,0
4,4,0
2,2,0
1,7,6
2,2,0
3,7,4
2,2,0
2,2,0
3,8,5
2,2,0
2,2,0
22,22,0
2,2,0
3,3,0
2,2,0
3,3,0
2,2,0
3,5,2
2,4,2
2,2,0
3,3,0
2,2,0
1,3,2
3,13,10
2,2,0
3,3,0
2,25,23
2,4,2
2,2,0
2,2,0
2,2,0
3,3,0
2,2,0
0,0,0
2,2,0
3,11,8
2,2,0
2,4,2
2,2,0
2,2,0
2,2,0
3,5,2
2,8,6
3,3,0
2,2,0
4,4,0
2,8,6
2,2,0
2,2,0
2,2,0
1,1,0
5,5,0
24,34,10
3,3,0
81,81,0
3,3,0
3,8,5
0,0,0
2,2,0
3,14,11
2,81,79
84,84,0
1,1,0
1,1,0
2,4,2
3,3,0
22,22,0
2,3,1
2,2,0
3,3,0
8,8,0
2,2,0
3,3,0
1,2,1
3,3,0
3,5,2
3,14,11
4,6,2
3,3,0
3,3,0
8,8,0
2,2,0
2,2,0
2,2,0
2,2,0
6,18,12
20,20,0
5,8,3
2,2,0
2,2,0
2,2,0
44,47,3
1,1,0
3,5,2
3,3,0
8,8,0
0,0,0
2,2,0
2,2,0
3,5,2
3,8,5
2,37,35
2,2,0
3,6,3
1,20,19
2,3,1
2,2,0
2,2,0
3,3,0
2,2,0
2,6,4
2,2,0
2,2,0
2,2,0
2,2,0
3,3,0
3,5,2
2,9,7
3,3,0
8,8,0
2,2,0
98,99,1
14,14,0
10,10,0
8,8,0
2,2,0
3,11,8
3,18,15
2,2,0
9,9,0
2,2,0
3,4,1
2,2,0
2,2,0
3,4,1
3,5,2
4,9,5
70,70,0
2,2,0
2,2,0
2,4,2
3,3,0
1,24,23
2,4,2
3,8,5
2,2,0
2,2,0
2,4,2
2,3,1
3,5,2
10,10,0
3,3,0
2,8,6
8,8,0
2,46,44
6,9,3
2,2,0
2,6,4
2,2,0
2,2,0
3,7,4
12,13,1
2,2,0
1,1,0
3,30,27
3,5,2
2,66,64
8,10,2
2,2,0
8,8,0
2,2,0
3,3,0
2,2,0
1,5,4
1,24,23
8,8,0
2,2,0
6,21,15
3,8,5
2,2,0
2,2,0
1,1,0
1,2,1
2,82,80
3,3,0
2,2,0
2,2,0
98,98,0
4,4,0
2,2,0
2,5,3
2,2,0
2,4,2
2,11,9
49,59,10
2,2,0
3,9,6
1,1,0
3,5,2
2,2,0
96,98,2
2,2,0
8,25,17
2,2,0
2,6,4
2,2,0
1,4,3
1,1,0
4,9,5
2,2,0
3,3,0
1,1,0
2,2,0
3,3,0
2,2,0
3,3,0
2,4,2
1,7,6
2,4,2
3,5,2
2,2,0
2,2,0
2,5,3
2,2,0
2,2,0
3,3,0
2,2,0
10,10,0
2,2,0
2,2,0
2,2,0
6,9,3
1,2,1
2,2,0
3,5,2
2,2,0
2,2,0
2,2,0
19,19,0
1,10,9
2,2,0
2,2,0
2,8,6
3,3,0
2,2,0
3,3,0
1,1,0
6,6,0
2,2,0
3,75,72
2,2,0
2,2,0
2,3,1
5,5,0
3,3,0
2,4,2
2,2,0
9,9,0
5,5,0
2,2,0
2,4,2
5,5,0
2,2,0
2,6,4
9,9,0
2,2,0
2,2,0
3,3,0
2,4,2
2,2,0
3,5,2
2,2,0
0,0,0
87,90,3
2,2,0
3,3,0
3,3,0
3,8,5
2,3,1
0,0,0
2,2,0
2,2,0
1,2,1
2,2,0
2,8,6
2,2,0
3,3,0
1,25,24
3,3,0
4,4,0
2,2,0
1,2,1
9,9,0
1,1,0
3,7,4
2,7,5
2,6,4
106,106,0
1,9,8
2,2,0
8,8,0
0,0,0
1,1,0
3,6,3
2,2,0
2,3,1
2,2,0
2,2,0
2,6,4
3,12,9
2,2,0
0,0,0
23,25,2
2,2,0
3,3,0
1,1,0
2,168,166
9,9,0
2,2,0
3,7,4
3,4,1
2,7,5
10,10,0
2,2,0
2,2,0
6,14,8
2,2,0
3,9,6
3,18,15
0,0,0
5,5,0
2,2,0
2,2,0
2,2,0
3,7,4
3,6,3
1,1,0
2,2,0
2,10,8
2,5,3
2,4,2
2,2,0
2,2,0
2,2,0
1,1,0
2,2,0
3,3,0
2,5,3
8,8,0
2,4,2
4,7,3
3,8,5
2,4,2
2,2,0
0,0,0
2,4,2
3,3,0
2,5,3
2,2,0
2,2,0
2,2,0
36,37,1
2,2,0
3,3,0
1,1,0
2,12,10
3,5,2
1,1,0
3,5,2
2,6,4
2,2,0
3,11,8
1,3,2
2,2,0
3,5,2
1,1,0
2,2,0
3,5,2
3,3,0
1,1,0
3,5,2
2,2,0
2,2,0
3,3,0
2,2,0
63,63,0
2,2,0
3,11,8
1,45,44
9,9,0
1,22,21
2,2,0
3,15,12
9,73,64
2,2,0
2,2,0
2,2,0
1,2,1
4,4,0
3,3,0
8,8,0
3,5,2
2,2,0
2,2,0
9,9,0
0,0,0
1,1,0
1,1,0
5,5,0
2,2,0
6,6,0
18,18,0
2,2,0
3,3,0
9,9,0
1,68,67
2,2,0
3,16,13
2,5,3
2,2,0
2,2,0
2,2,0
2,2,0
1,2,1
10,10,0
1,1,0
2,10,8
6,6,0
3,3,0
1,5,4
2,2,0
1,2,1
2,2,0
2,2,0
2,2,0
8,16,8
2,2,0
3,3,0
4,4,0
2,2,0
6,6,0
56,65,9
2,8,6
3,5,2
3,5,2
2,2,0
2,6,4
3,3,0
2,3,1
2,2,0
2,2,0
3,5,2
2,2,0
2,2,0
2,2,0
3,5,2
2,2,0
3,5,2
1,2,1
3,3,0
2,2,0
20,20,0
2,2,0
1,3,2
3,3,0
2,2,0
2,2,0
2,80,78
2,2,0
3,3,0
2,2,0
3,3,0
2,4,2
2,4,2
2,2,0
2,2,0
2,2,0
2,3,1
3,3,0
3,14,11
2,2,0
2,2,0
3,3,0
2,2,0
2,3,1
11,11,0
2,2,0
3,6,3
2,6,4
2,2,0
496,1135,639
1,1,0
9,9,0
3,4,1
12,12,0
2,46,44
2,2,0
9,9,0
3,3,0
4,4,0
2,2,0
2,5,3
2,4,2
9,10,1
2,2,0
2,8,6
2,6,4
3,3,0
1,2,1
1,27,26
3,3,0
2,4,2
4,7,3
2,2,0
2,2,0
2,2,0
3,4,1
3,3,0
1,1,0
1,11,10
2,80,78
2,6,4
3,5,2
78,78,0
2,2,0
2,2,0
3,3,0
2,2,0
2,2,0
3,3,0
4,4,0
9,9,0
2,25,23
20,20,0
3,3,0
1,1,0
2,2,0
2,2,0
1,3,2
2,11,9
2,19,17
3,3,0
2,2,0
2,2,0
2,2,0
2,6,4
2,5,3
3,3,0
2,2,0
2,2,0
2,4,2
2,2,0
8,67,59
0,0,0
2,3,1
2,2,0
1,1,0
3,3,0
2,2,0
3,3,0
2,5,3
2,37,35
2,2,0
4,6,2
2,2,0
2,2,0
82,82,0
2,2,0
51,51,0
3,13,10
2,4,2
0,0,0
3,3,0
1,22,21
2,2,0
1,2,1
0,0,0
3,3,0
3,3,0
1,2,1
0,0,0
3,6,3
2,2,0
1,1,0
2,2,0
2,2,0
2,2,0
3,3,0
3,7,4
2,4,2
8,8,0
6,6,0
24,24,0
2,7,5
2,2,0
2,2,0
3,5,2
8,8,0
2,2,0
2,2,0
2,2,0
10,10,0
3,7,4
0,0,0
3,5,2
49,49,0
2,2,0
2,2,0
1,1,0
2,2,0
2,2,0
8,8,0
87,106,19
4,4,0
2,3,1
11,20,9
3,3,0
4,4,0
3,3,0
8,10,2
3,3,0
1,1,0
2,2,0
1,1,0
3,13,10
2,2,0
2,2,0
3,5,2
2,2,0
2,3,1
3,3,0
8,8,0
2,2,0
2,2,0
2,2,0
2,2,0
2,4,2
1,3,2
2,2,0
3,4,1
1,3,2
4,4,0
2,2,0
4,4,0
3,3,0
23,123,100
3,3,0
2,2,0
3,3,0
2,21,19
9,9,0
1,33,32
3,7,4
2,2,0
1,2,1
1,63,62
1,2,1
2,2,0
2,2,0
2,2,0
6,6,0
3,5,2
1,3,2
1,1,0
2,2,0
2,2,0
2,2,0
9,9,0
177,177,0
3,3,0
3,3,0
2,2,0
2,2,0
2,2,0
2,3,1
9,9,0
1,12,11
2,2,0
3,5,2
2,2,0
2,2,0
5,5,0
3,5,2
3,3,0
2,2,0
1,1,0
2,2,0
29,65,36
2,2,0
3,3,0
2,4,2
2,2,0
8,8,0
2,2,0
10,10,0
2,13,11
3,9,6
0,0,0
2,2,0
36,36,0
1,1,0
1,1,0
1,1,0
4,4,0
3,3,0
2,8,6
1,26,25
1,2,1
2,2,0
2,2,0
3,11,8
3,3,0
8,8,0
8,8,0
4,17,13
2,2,0
3,3,0
3,3,0
2,4,2
1,2,1
2,2,0
2,2,0
2,2,0
9,9,0
2,2,0
2,2,0
2,10,8
2,3,1
4,4,0
2,4,2
5,5,0
1,1,0
3,7,4
17,19,2
2,2,0
3,10,7
2,3,1
3,3,0
3,3,0
2,3,1
2,2,0
129,129,0
2,3,1
3,3,0
8,8,0
3,7,4
2,4,2
2,2,0
2,2,0
1,1,0
49,49,0
3,3,0
3,9,6
2,2,0
8,24,16
8,8,0
2,2,0
1,1,0
2,4,2
2,2,0
3,6,3
2,4,2
10,12,2
31,31,0
19,141,122
2,2,0
2,2,0
2,3,1
2,2,0
1,1,0
3,11,8
2,2,0
2,2,0
2,2,0
3,3,0
1,1,0
3,3,0
2,2,0
2,2,0
3,3,0
3,10,7
2,2,0
3,3,0
2,4,2
2,2,0
2,2,0
2,4,2
1,1,0
2,2,0
2,2,0
3,3,0
2,4,2
3,3,0
2,5,3
3,3,0
8,8,0
2,2,0
2,6,4
1,22,21
2,2,0
3,5,2
7,37,30
3,3,0
3,3,0
1,2,1
1,4,3
2,5,3
2,2,0
0,0,0
3,3,0
2,2,0
100,100,0
3,5,2
2,2,0
3,5,2
2,2,0
8,8,0
8,8,0
2,2,0
3,3,0
3,3,0
1,1,0
2,2,0
2,2,0
2,3,1
2,2,0
1,6,5
2,2,0
1,1,0
2,3,1
2,4,2
8,8,0
2,2,0
3,3,0
3,3,0
2,2,0
7,7,0
2,3,1
2,2,0
2,2,0
2,11,9
22,22,0
3,5,2
3,23,20
2,7,5
2,2,0
2,2,0
3,3,0
0,0,0
9,9,0
2,4,2
3,3,0
3,34,31
2,2,0
2,2,0
5,5,0
4,4,0
3,3,0
2,4,2
2,2,0
2,2,0
22,22,0
3,5,2
0,0,0
9,9,0
3,7,4
3,7,4
2,2,0
2,2,0
137,137,0
7,7,0
3,8,5
1,2,1
16,16,0
2,2,0
2,2,0
3,3,0
2,9,7
3,3,0
3,24,21
3,7,4
2,2,0
2,2,0
1,57,56
2,2,0
2,2,0
2,2,0
2,2,0
3,3,0
1,1,0
2,4,2
2,2,0
9,18,9
5,5,0
3,3,0
6,6,0
1,2,1
1,4,3
2,2,0
3,3,0
2,2,0
2,2,0
2,2,0
0,0,0
2,2,0
24,24,0
3,7,4
2,2,0
3,3,0
3,3,0
3,4,1
1,9,8
3,5,2
3,7,4
6,6,0
6,6,0
2,2,0
2,4,2
3,3,0
8,8,0
2,2,0
9,9,0
2,6,4
2,2,0
2,8,6
2,4,2
8,8,0
3,6,3
1,23,22
1,1,0
22,22,0
11,11,0
0,0,0
1,21,20
1,1,0
3,3,0
5,10,5
3,3,0
9,14,5
2,2,0
3,3,0
2,2,0
1,25,24
6,8,2
19,19,0
2,2,0
3,10,7
2,2,0
3,3,0
10,10,0
2,80,78
2,2,0
2,2,0
3,7,4
3,3,0
3,3,0
2,2,0
3,5,2
3,3,0
2,2,0
3,22,19
3,7,4
0,0,0
3,3,0
2,2,0
9,9,0
2,2,0
8,8,0
2,2,0
3,3,0
2,2,0
2,2,0
2,2,0
1,1,0
2,2,0
1,1,0
6,6,0
3,3,0
2,2,0
3,5,2
3,3,0
3,3,0
2,2,0
3,21,18
11,25,14
1,1,0
2,2,0
3,3,0
2,2,0
1,1,0
5,5,0
2,2,0
3,3,0
1,2,1
1,1,0
2,2,0
2,2,0
2,2,0
2,4,2
2,13,11
2,2,0
3,9,6
1,2,1
2,3,1
2,84,82
2,3,1
2,2,0
60,121,61
3,9,6
2,2,0
8,8,0
2,3,1
2,2,0
2,2,0
2,11,9
3,5,2
8,8,0
100,104,4
3,3,0
3,3,0
2,4,2
1,4,3
2,2,0
7,7,0
1,2,1
6,17,11
6,6,0
1,2,1
2,2,0
2,2,0
2,2,0
2,8,6
3,6,3
2,2,0
0,0,0
1,3,2
2,3,1
32,32,0
2,2,0
3,3,0
3,3,0
3,3,0
3,3,0
70,70,0
12,12,0
3,5,2
2,2,0
3,3,0
2,2,0
1,1,0
8,8,0
2,2,0
185,185,0
2,2,0
3,8,5
1,1,0
2,2,0
19,19,0
3,5,2
3,3,0
2,2,0
2,25,23
1,5,4
2,2,0
3,3,0
2,2,0
2,3,1
3,5,2
2,2,0
8,8,0
89,89,0
2,4,2
1,4,3
2,2,0
1,1,0
3,3,0
3,3,0
1,10,9
2,2,0
2,2,0
2,2,0
2,2,0
61,61,0
2,2,0
3,5,2
2,2,0
2,2,0
2,2,0
2,2,0
2,103,101
8,8,0
2,2,0
8,8,0
2,2,0
2,12,10
3,5,2
3,3,0
5,5,0
2,4,2
2,2,0
3,3,0
3,5,2
2,18,16
2,2,0
2,2,0
2,4,2
2,3,1
11,11,0
2,6,4
70,75,5
3,5,2
3,3,0
2,2,0
10,10,0
2,4,2
107,107,0
3,3,0
3,3,0
87,87,0
3,17,14
2,2,0
0,0,0
2,22,20
2,2,0
3,3,0
2,2,0
9,9,0
3,3,0
2,2,0
2,2,0
2,2,0
2,2,0
3,3,0
3,3,0
2,3,1
2,2,0
3,3,0
2,4,2
2,2,0
3,5,2
2,4,2
2,2,0
11,11,0
2,2,0
2,2,0
0,0,0
3,3,0
2,2,0
8,8,0
2,2,0
2,2,0
0,0,0
2,7,5
2,3,1
2,2,0
3,7,4
2,2,0
9,19,10
50,50,0
6,6,0
3,6,3
2,2,0
3,3,0
3,3,0
5,5,0
3,4,1
4,11,7
3,5,2
2,2,0
2,2,0
1,2,1
2,2,0
3,3,0
9,9,0
2,4,2
6,6,0
1,1,0
10,10,0
2,2,0
3,5,2
3,3,0
1,1,0
3,5,2
9,9,0
2,2,0
2,2,0
3,6,3
2,2,0
2,3,1
2,2,0
3,5,2
2,2,0
2,2,0
1,3,2
3,3,0
2,2,0
1,9,8
2,2,0
8,8,0
2,3,1
16,16,0
3,7,4
2,3,1
100,100,0
1,1,0
94,98,4
3,7,4
8,8,0
3,8,5
8,8,0
2,2,0
3,5,2
9,9,0
0,0,0
3,13,10
2,2,0
1,59,58
2,2,0
3,3,0
10,14,4
2,2,0
3,8,5
2,2,0
9,9,0
2,2,0
2,2,0
2,2,0
8,8,0
9,11,2
3,3,0
3,7,4
2,5,3
2,2,0
1,1,0
5,11,6
2,2,0
22,22,0
9,9,0
3,3,0
4,4,0
2,2,0
1,45,44
2,5,3
2,2,0
1,19,18
3,3,0
2,8,6
3,6,3
1,2,1
2,2,0
3,3,0
2,2,0
1,1,0
2,2,0
2,4,2
9,9,0
50,58,8
2,2,0
0,0,0
3,3,0
2,2,0
2,2,0
3,6,3
2,2,0
2,4,2
2,2,0
8,8,0
2,21,19
3,3,0
3,3,0
2,2,0
1,3,2
2,2,0
13,14,1
2,2,0
3,3,0
2,3,1
2,2,0
3,46,43
4,4,0
3,3,0
2,2,0
2,2,0
3,3,0
2,2,0
1,2,1
2,2,0
0,0,0
10,30,20
2,4,2
6,6,0
0,0,0
4,4,0
2,2,0
125,125,0
3,221,218
2,2,0
3,11,8
2,2,0
1,2,1
2,2,0
3,5,2
2,2,0
2,2,0
3,9,6
2,3,1
2,2,0
26,45,19
3,3,0
2,2,0
56,56,0
2,2,0
2,6,4
2,2,0
2,3,1
20,20,0
0,0,0
2,2,0
3,3,0
9,9,0
4,6,2
2,4,2
2,2,0
1,24,23
2,2,0
1,3,2
2,2,0
2,2,0
3,3,0
2,2,0
2,2,0
2,2,0
21,21,0
4,8,4
1,1,0
3,9,6
2,4,2
1,2,1
3,5,2
2,2,0
3,6,3
9,11,2
3,3,0
2,2,0
3,10,7
242,328,86
3,3,0
2,8,6
0,0,0
2,4,2
2,2,0
2,2,0
1,5,4
7,7,0
1,16,15
2,5,3
2,2,0
9,9,0
2,8,6
4,4,0
2,2,0
1,1,0
2,2,0
2,2,0
2,22,20
3,3,0
4,4,0
3,9,6
2,14,12
2,7,5
3,14,11
2,2,0
2,2,0
2,2,0
1,75,74
2,2,0
3,5,2
0,0,0
2,2,0
3,5,2
2,3,1
3,3,0
1,5,4
3,4,1
2,2,0
3,5,2
2,45,43
3,3,0
2,2,0
3,7,4
1,25,24
4,4,0
2,2,0
2,10,8
2,11,9
2,2,0
2,17,15
3,3,0
5,5,0
3,3,0
2,2,0
2,4,2
2,2,0
3,3,0
2,3,1
3,6,3
2,2,0
20,20,0
2,2,0
11,11,0
3,3,0
2,4,2
8,8,0
0,0,0
3,3,0
4,10,6
2,2,0
1,2,1
3,3,0
2,2,0
2,2,0
2,2,0
1,1,0
1,7,6
8,8,0
3,5,2
1,1,0
2,4,2
9,32,23
2,2,0
5,5,0
4,4,0
2,4,2
1,2,1
3,10,7
8,8,0
1,1,0
2,2,0
2,4,2
1,1,0
2,2,0
2,3,1
2,6,4
140,140,0
3,3,0
2,2,0
8,8,0
76,79,3
12,27,15
3,3,0
2,2,0
2,2,0
0,0,0
3,7,4
2,10,8
3,6,3
476,1751,1275
2,3,1
2,14,12
1,1,0
2,2,0
2,6,4
9,9,0
3,3,0
2,2,0
8,8,0
2,2,0
3,3,0
2,2,0
2,4,2
3,29,26
12,12,0
2,4,2
1,1,0
1,42,41
2,2,0
2,2,0
2,2,0
2,2,0
2,2,0
7,7,0
2,2,0
3,3,0
2,2,0
3,5,2
2,2,0
2,4,2
2,4,2
8,8,0
2,2,0
2,2,0
1,20,19
2,2,0
9,11,2
2,2,0
16,16,0
9,9,0
2,2,0
1,5,4
3,3,0
3,5,2
2,2,0
3,3,0
2,2,0
2,2,0
2,2,0
2,2,0
2,2,0
2,2,0
3,7,4
3,3,0
2,2,0
2,2,0
3,4,1
3,3,0
2,3,1
11,25,14
2,2,0
3,3,0
2,4,2
3,5,2
5,5,0
2,4,2
2,2,0
3,3,0
2,2,0
3,3,0
2,2,0
1,1,0
2,2,0
2,2,0
2,13,11
3,7,4
2,5,3
4,5,1
0,0,0
1,2,1
3,5,2
3,5,2
3,5,2
2,33,31
3,5,2
3,5,2
1,1,0
1,1,0
0,0,0
3,11,8
2,2,0
10,10,0
2,2,0
3,8,5
2,2,0
3,3,0
104,108,4
1,26,25
2,2,0
2,2,0
2,2,0
100,104,4
75,89,14
9,9,0
1,16,15
3,3,0
3,3,0
3,20,17
6,6,0
8,10,2
3,7,4
0,0,0
3,3,0
0,0,0
1,2,1
2,2,0
1,6,5
2,2,0
0,0,0
2,2,0
2,2,0
2,2,0
3,3,0
2,2,0
0,0,0
3,3,0
2,2,0
2,5,3
2,9,7
3,3,0
3,3,0
8,8,0
2,2,0
3,3,0
8,12,4
2,2,0
8,8,0
2,2,0
2,2,0
3,5,2
2,4,2
2,2,0
2,2,0
2,2,0
1,1,0
2,2,0
0,0,0
0,0,0
3,10,7
10,20,10
1,26,25
3,6,3
2,2,0
8,8,0
2,3,1
2,2,0
8,8,0
1,1,0
2,2,0
3,5,2
2,2,0
3,5,2
0,0,0
3,6,3
2,2,0
2,2,0
2,11,9
2,6,4
1,2,1
2,2,0
2,2,0
3,4,1
2,2,0
2,2,0
17,19,2
20,20,0
1,1,0
2,3,1
24,24,0
2,2,0
2,2,0
1,1,0
2,2,0
3,4,1
1,4,3
3,3,0
3,3,0
3,3,0
3,21,18
8,8,0
1,1,0
10,10,0
2,2,0
2,2,0
2,6,4
2,2,0
3,3,0
3,3,0
8,8,0
2,9,7
3,3,0
15,15,0
2,2,0
3,5,2
2,2,0
3,3,0
20,20,0
9,9,0
3,4,1
2,2,0
2,2,0
3,3,0
2,2,0
3,12,9
4,4,0
2,2,0
2,20,18
3,5,2
2,2,0
12,14,2
1,4,3
7,7,0
147,147,0
8,8,0
2,2,0
2,2,0
2,8,6
2,2,0
2,2,0
3,3,0
1,2,1
2,4,2
10,30,20
3,8,5
2,4,2
67,67,0
2,7,5
51,51,0
3,5,2
2,2,0
9,9,0
2,2,0
2,2,0
2,4,2
12,12,0
2,2,0
4,4,0
3,17,14
3,3,0
2,2,0
3,3,0
1,23,22
1,2,1
2,2,0
2,2,0
3,3,0
2,2,0
2,2,0
3,5,2
8,8,0
3,3,0
2,2,0
3,6,3
3,3,0
2,11,9
2,2,0
3,5,2
3,10,7
2,2,0
4,4,0
4,4,0
3,8,5
1,9,8
2,2,0
55,57,2
2,2,0
1,1,0
6,8,2
2,2,0
2,2,0
2,2,0
2,2,0
3,3,0
2,2,0
3,3,0
3,3,0
3,10,7
2,2,0
2,2,0
2,4,2
1,54,53
1,2,1
2,4,2
2,5,3
3,5,2
2,2,0
6,6,0
3,3,0
0,0,0
1,3,2
3,3,0
3,17,14
2,4,2
2,2,0
3,3,0
2,2,0
4,6,2
4,10,6
2,2,0
2,2,0
3,3,0
3,8,5
2,2,0
1,2,1
2,6,4
2,2,0
3,3,0
2,4,2
2,2,0
1,23,22
2,2,0
2,2,0
2,6,4
3,3,0
89,91,2
11,20,9
4,4,0
1,1,0
1,2,1
3,5,2
2,2,0
3,5,2
2,2,0
2,2,0
1,2,1
3,3,0
2,2,0
4,6,2
2,4,2
2,69,67
3,4,1
2,8,6
2,2,0
9,9,0
2,4,2
1,1,0
3,3,0
3,3,0
3,7,4
2,2,0
2,2,0
2,2,0
8,8,0
2,2,0
3,3,0
11,11,0
2,2,0
2,2,0
2,2,0
1,1,0
1,3,2
2,80,78
1,26,25
2,3,1
3,3,0
2,4,2
2,2,0
0,0,0
2,12,10
2,2,0
1,27,26
2,46,44
3,8,5
2,2,0
2,2,0
2,2,0
4,4,0
2,2,0
2,2,0
3,5,2
3,3,0
3,3,0
3,5,2
2,2,0
1,2,1
3,5,2
0,0,0
4,4,0
1,2,1
4,4,0
1,3,2
8,8,0
3,3,0
3,3,0
1,1,0
1,2,1
150,160,10
2,2,0
3,3,0
18,24,6
2,7,5
2,2,0
2,2,0
2,2,0
58,78,20
2,2,0
51,74,23
2,4,2
2,2,0
2,4,2
9,9,0
1,1,0
2,2,0
1,1,0
2,3,1
12,12,0
2,15,13
2,2,0
2,2,0
76,76,0
3,3,0
2,2,0
1,6,5
2,13,11
1,1,0
11,23,12
1,20,19
2,2,0
8,8,0
2,2,0
2,2,0
2,2,0
2,2,0
3,3,0
2,2,0
2,2,0
0,0,0
23,23,0
1,2,1
2,48,46
2,2,0
2,2,0
3,3,0
2,2,0
2,2,0
3,6,3
4,4,0
2,2,0
3,3,0
1,4,3
6,6,0
3,3,0
2,2,0
35,36,1
3,9,6
3,8,5
2,4,2
2,2,0
9,9,0
2,4,2
2,2,0
3,3,0
4,5,1
1,2,1
0,0,0
2,2,0
2,2,0
2,2,0
2,5,3
2,2,0
1,1,0
2,2,0
2,2,0
2,80,78
2,2,0
4,4,0
90,267,177
1,79,78
1,1,0
14,14,0
2,2,0
2,2,0
2,2,0
3,6,3
2,2,0
2,2,0
1,1,0
2,2,0
3,5,2
9,9,0
1,19,18
8,9,1
1,54,53
2,2,0
1,10,9
2,2,0
2,2,0
22,22,0
8,16,8
2,2,0
2,2,0
2,2,0
3,3,0
2,2,0
62,62,0
8,8,0
2,2,0
2,2,0
2,2,0
3,3,0
3,3,0
1,1,0
1,1,0
2,5,3
2,6,4
3,3,0
2,2,0
1,1,0
3,9,6
9,9,0
22,22,0
2,2,0
2,2,0
2,2,0
233,233,0
21,27,6
1,1,0
3,9,6
2,7,5
3,5,2
8,8,0
9,9,0
3,3,0
4,4,0
2,3,1
8,8,0
3,7,4
2,2,0
145,145,0
3,3,0
8,8,0
2,2,0
2,2,0
2,2,0
3,3,0
3,3,0
100,100,0
2,3,1
2,3,1
2,2,0
2,2,0
2,2,0
2,9,7
1,4,3
1,1,0
3,3,0
3,3,0
3,3,0
1,4,3
3,3,0
3,5,2
0,0,0
1,2,1
2,4,2
0,0,0
2,2,0
3,3,0
2,16,14
0,0,0
8,19,11
2,2,0
3,5,2
3,9,6
8,8,0
18,18,0
1,1,0
2,2,0
2,2,0
3,3,0
2,8,6
20,27,7
3,4,1
2,2,0
2,2,0
2,8,6
3,7,4
2,2,0
6,6,0
2,2,0
2,2,0
1,5,4
2,2,0
2,2,0
3,3,0
2,4,2
3,3,0
2,82,80
2,2,0
8,8,0
2,4,2
2,2,0
2,100,98
1,2,1
2,4,2
2,2,0
1,2,1
3,3,0
2,2,0
28,28,0
3,3,0
2,2,0
8,8,0
2,4,2
2,2,0
2,7,5
3,8,5
3,3,0
2,2,0
3,18,15
2,2,0
3,5,2
2,2,0
3,3,0
2,2,0
3,3,0
2,2,0
3,7,4
3,5,2
2,2,0
2,2,0
2,4,2
2,2,0
15,15,0
2,2,0
4,4,0
2,2,0
1,22,21
4,4,0
2,2,0
2,2,0
2,6,4
2,14,12
3,3,0
0,0,0
2,3,1
2,2,0
2,4,2
2,2,0
2,2,0
2,2,0
4,4,0
2,4,2
2,2,0
6,6,0
3,3,0
2,7,5
2,2,0
2,2,0
2,2,0
2,2,0
2,2,0
2,2,0
1,7,6
3,5,2
2,2,0
9,9,0
2,7,5
9,10,1
8,8,0
2,2,0
1,2,1
2,2,0
2,2,0
51,74,23
2,9,7
2,2,0
2,2,0
2,2,0
0,0,0
3,3,0
2,2,0
3,3,0
2,15,13
0,0,0
0,0,0
2,2,0
3,3,0
87,94,7
4,5,1
2,2,0
2,7,5
8,8,0
22,38,16
8,10,2
2,2,0
60,121,61
1,24,23
2,2,0
4,4,0
2,2,0
3,5,2
16,32,16
2,2,0
2,5,3
3,3,0
3,8,5
2,2,0
8,8,0
3,5,2
55,55,0
11,11,0
6,6,0
3,3,0
2,2,0
2,2,0
0,0,0
3,3,0
10,10,0
8,8,0
2,2,0
2,2,0
3,5,2
0,0,0
9,9,0
3,8,5
2,2,0
3,3,0
1,2,1
4,4,0
1,2,1
1,60,59
3,4,1
2,2,0
2,2,0
3,7,4
2,2,0
3,7,4
2,2,0
3,3,0
1,1,0
2,2,0
31,34,3
3,3,0
2,2,0
1,1,0
2,2,0
3,7,4
3,3,0
2,2,0
2,2,0
2,7,5
2,2,0
3,3,0
2,2,0
2,5,3
8,8,0
1,2,1
2,4,2
9,9,0
3,3,0
2,6,4
1,1,0
2,2,0
2,2,0
3,5,2
2,2,0
2,2,0
2,13,11
0,0,0
9,9,0
2,2,0
3,3,0
2,2,0
3,3,0
3,3,0
2,2,0
2,2,0
2,2,0
8,8,0
2,2,0
2,2,0
1,22,21
3,3,0
2,4,2
8,8,0
67,67,0
2,174,172
2,7,5
0,0,0
2,2,0
3,5,2
3,6,3
9,9,0
3,19,16
1,1,0
3,7,4
1,23,22
18,19,1
2,3,1
2,4,2
2,2,0
4,43,39
3,3,0
4,4,0
3,8,5
3,5,2
2,4,2
2,80,78
2,2,0
2,2,0
10,10,0
2,81,79
3,7,4
3,3,0
2,2,0
8,8,0
2,2,0
11,11,0
3,5,2
3,9,6
2,2,0
3,3,0
3,3,0
3,3,0
3,3,0
3,3,0
2,2,0
9,17,8
1,7,6
8,8,0
1,2,1
2,2,0
2,2,0
3,4,1
2,2,0
3,5,2
2,2,0
3,3,0
0,0,0
1,29,28
2,12,10
2,2,0
2,10,8
2,2,0
2,4,2
5,5,0
1,2,1
3,13,10
2,2,0
21,21,0
2,6,4
2,2,0
2,2,0
3,6,3
3,3,0
3,3,0
2,2,0
2,2,0
2,24,22
2,2,0
2,2,0
2,2,0
2,6,4
3,3,0
2,2,0
3,3,0
2,3,1
3,3,0
3,5,2
3,6,3
13,13,0
9,11,2
1,1,0
2,2,0
3,3,0
3,3,0
3,26,23
3,3,0
2,86,84
9,9,0
3,3,0
3,3,0
3,7,4
1,2,1
1,1,0
2,4,2
41,43,2
1,4,3
1,1,0
4,26,22
2,7,5
3,3,0
2,4,2
3,3,0
2,4,2
2,2,0
3,5,2
2,2,0
3,5,2
0,0,0
3,3,0
2,2,0
2,2,0
2,2,0
1,5,4
2,2,0
1,4,3
2,2,0
12,12,0
3,5,2
9,9,0
3,3,0
1,8,7
2,2,0
2,2,0
3,9,6
39,39,0
2,2,0
2,2,0
1,1,0
2,2,0
3,7,4
1,54,53
3,5,2
3,3,0
2,2,0
0,0,0
12,12,0
3,5,2
1,73,72
2,2,0
2,2,0
2,2,0
3,3,0
2,2,0
3,3,0
2,13,11
3,5,2
2,2,0
1,3,2
6,6,0
3,5,2
3,3,0
1,1,0
47,49,2
1,1,0
5,5,0
2,6,4
2,2,0
9,9,0
3,4,1
8,8,0
3,3,0
3,7,4
2,2,0
9,9,0
1,1,0
2,2,0
3,5,2
2,2,0
3,3,0
2,2,0
2,2,0
3,4,1
2,2,0
8,9,1
2,8,6
2,2,0
6,6,0
0,0,0
2,2,0
1,2,1
2,2,0
3,3,0
1,2,1
1,6,5
2,2,0
2,2,0
2,4,2
2,2,0
2,2,0
8,8,0
2,2,0
3,5,2
3,3,0
3,3,0
3,5,2
1,7,6
3,3,0
1,1,0
2,2,0
2,5,3
3,3,0
1,8,7
2,3,1
3,7,4
1,1,0
8,8,0
2,6,4
2,9,7
2,2,0
2,2,0
61,62,1
2,2,0
2,4,2
2,2,0
3,11,8
0,0,0
11,11,0
2,2,0
2,4,2
2,2,0
3,3,0
2,2,0
10,10,0
1,1,0
139,235,96
3,13,10
3,5,2
2,2,0
3,3,0
3,10,7
6,13,7
1,2,1
3,5,2
2,2,0
2,2,0
2,14,12
2,5,3
3,3,0
1,8,7
3,3,0
1,2,1
7,7,0
2,4,2
2,2,0
10,10,0
3,8,5
1,1,0
0,0,0
2,2,0
2,2,0
2,4,2
9,9,0
3,5,2
3,3,0
2,2,0
3,3,0
0,0,0
2,3,1
7,7,0
2,2,0
2,2,0
1,22,21
3,80,77
2,2,0
2,3,1
2,2,0
3,3,0
3,3,0
3,3,0
3,3,0
1,5,4
3,3,0
23,65,42
2,2,0
2,2,0
3,3,0
1,60,59
2,9,7
3,11,8
1,2,1
2,18,16
3,3,0
2,2,0
47,49,2
3,3,0
8,8,0
2,4,2
2,2,0
2,2,0
2,2,0
8,8,0
3,6,3
2,2,0
2,2,0
3,7,4
2,2,0
9,9,0
1,1,0
1,26,25
2,2,0
4,5,1
2,2,0
24,25,1
2,2,0
2,2,0
2,13,11
2,2,0
3,3,0
1,1,0
1,2,1
2,5,3
3,3,0
2,2,0
4,4,0
89,177,88
3,5,2
1,3,2
2,6,4
2,2,0
1,1,0
1,32,31
2,5,3
1,2,1
1,1,0
1,1,0
3,3,0
2,2,0
3,5,2
2,3,1
6,6,0
82,82,0
2,2,0
3,3,0
3,3,0
2,2,0
8,8,0
2,2,0
9,16,7
2,3,1
3,3,0
5,5,0
2,2,0
3,6,3
1,1,0
2,2,0
2,2,0
2,2,0
12,12,0
2,2,0
3,5,2
2,2,0
2,2,0
3,3,0
3,3,0
2,80,78
2,7,5
3,3,0
3,4,1
2,2,0
12,12,0
2,2,0
2,2,0
64,67,3
0,0,0
134,134,0
6,6,0
3,35,32
2,2,0
8,8,0
2,5,3
2,2,0
2,2,0
3,3,0
2,2,0
3,3,0
1,8,7
2,2,0
0,0,0
2,9,7
2,2,0
3,5,2
2,2,0
2,8,6
2,3,1
60,121,61
1,20,19
3,5,2
2,2,0
2,2,0
3,7,4
3,3,0
3,23,20
10,16,6
2,2,0
3,3,0
4,18,14
2,2,0
2,2,0
1,22,21
8,8,0
3,3,0
1,9,8
2,2,0
3,3,0
2,2,0
2,2,0
2,4,2
3,3,0
2,3,1
2,2,0
1,1,0
2,47,45
8,16,8
1,3,2
2,2,0
2,2,0
1,55,54
2,2,0
3,3,0
1,1,0
3,14,11
1,5,4
3,11,8
2,14,12
3,3,0
3,14,11
2,2,0
2,2,0
2,2,0
8,8,0
2,2,0
1,15,14
2,2,0
1,2,1
9,9,0
6,6,0
1,1,0
2,2,0
3,3,0
2,2,0
2,2,0
15,15,0
2,2,0
2,5,3
16,18,2
2,2,0
1,2,1
1,2,1
2,2,0
6,8,2
3,3,0
2,2,0
2,2,0
3,3,0
9,9,0
3,5,2
16,19,3
3,3,0
1,22,21
2,4,2
3,3,0
9,9,0
2,6,4
3,5,2
3,3,0
2,2,0
2,21,19
2,2,0
4,8,4
3,3,0
2,5,3
3,3,0
3,3,0
3,3,0
1,2,1
2,4,2
0,0,0
3,3,0
2,2,0
3,3,0
6,6,0
12,13,1
19,21,2
2,4,2
2,2,0
3,7,4
1,2,1
2,2,0
2,2,0
8,8,0
3,3,0
2,2,0
1,1,0
3,3,0
2,4,2
2,2,0
2,4,2
2,21,19
2,2,0
0,0,0
2,2,0
2,6,4
2,2,0
9,9,0
2,2,0
42,43,1
2,71,69
3,3,0
3,3,0
3,3,0
2,2,0
2,2,0
1,3,2
21,23,2
2,2,0
2,4,2
9,9,0
4,4,0
3,3,0
2,9,7
3,3,0
2,80,78
2,27,25
3,5,2
4,4,0
0,0,0
1,1,0
9,9,0
3,3,0
3,3,0
1,2,1
1,2,1
3,12,9
1,3,2
8,8,0
2,2,0
1,2,1
2,3,1
2,2,0
3,9,6
2,2,0
8,8,0
3,3,0
3,3,0
2,2,0
3,9,6
1,2,1
2,2,0
2,2,0
2,2,0
8,10,2
2,2,0
2,2,0
1,1,0
0,0,0
2,2,0
3,13,10
6,7,1
78,78,0
2,2,0
1,2,1
2,2,0
1,2,1
3,9,6
3,3,0
2,2,0
2,3,1
2,2,0
23,23,0
2,2,0
2,2,0
2,5,3
8,8,0
0,0,0
2,6,4
3,3,0
2,47,45
7,8,1
3,3,0
1,1,0
2,2,0
2,15,13
3,13,10
3,3,0
2,2,0
11,11,0
0,0,0
11,24,13
3,5,2
1,1,0
3,7,4
2,13,11
8,8,0
2,2,0
98,195,97
1,1,0
0,0,0
3,9,6
2,2,0
2,3,1
2,2,0
2,2,0
2,5,3
0,0,0
2,2,0
2,2,0
1,1,0
2,3,1
11,11,0
2,6,4
2,7,5
2,2,0
3,3,0
3,3,0
0,0,0
3,8,5
2,6,4
3,3,0
3,3,0
3,8,5
10,10,0
2,2,0
2,4,2
2,2,0
8,8,0
2,4,2
2,4,2
3,8,5
2,2,0
3,3,0
2,2,0
2,2,0
2,2,0
9,9,0
0,0,0
100,105,5
2,2,0
3,6,3
2,2,0
4,4,0
62,62,0
0,0,0
3,8,5
3,3,0
3,5,2
3,3,0
22,22,0
2,2,0
2,2,0
8,8,0
3,5,2
2,2,0
9,9,0
2,3,1
2,2,0
20,20,0
2,2,0
3,8,5
2,2,0
28,28,0
2,4,2
1,1,0
3,5,2
2,2,0
2,2,0
5,5,0
2,2,0
8,8,0
9,9,0
3,5,2
100,100,0
2,4,2
2,2,0
3,3,0
4,4,0
10,10,0
3,13,10
2,4,2
3,3,0
4,4,0
2,2,0
2,2,0
3,3,0
3,3,0
2,4,2
2,3,1
2,2,0
2,4,2
3,3,0
3,5,2
2,2,0
7,17,10
3,13,10
1,2,1
23,24,1
3,7,4
2,2,0
3,5,2
1,2,1
2,5,3
1,25,24
2,5,3
2,2,0
2,8,6
2,2,0
2,2,0
1,1,0
3,14,11
3,3,0
2,5,3
2,2,0
38,38,0
1,1,0
1,4,3
3,3,0
4,16,12
46,46,0
23,23,0
2,3,1
1,5,4
1,1,0
0,0,0
2,2,0
2,2,0
2,2,0
2,4,2
2,3,1
3,5,2
2,2,0
1,3,2
0,0,0
20,20,0
2,18,16
100,100,0
2,2,0
2,2,0
2,2,0
3,3,0
3,9,6
2,2,0
10,12,2
2,3,1
2,2,0
9,12,3
20,20,0
2,2,0
3,7,4
2,10,8
0,0,0
100,104,4
3,11,8
3,3,0
22,22,0
0,0,0
9,9,0
8,8,0
1,1,0
8,8,0
8,16,8
2,2,0
3,5,2
25,25,0
1,21,20
2,2,0
2,4,2
3,3,0
3,3,0
3,3,0
1,2,1
3,4,1
3,5,2
4,4,0
2,2,0
2,2,0
2,2,0
3,5,2
23,58,35
2,4,2
3,4,1
2,4,2
2,2,0
2,2,0
3,3,0
2,16,14
2,2,0
3,5,2
8,8,0
9,9,0
2,2,0
3,8,5
3,8,5
2,5,3
3,3,0
2,2,0
1,1,0
1,1,0
3,3,0
2,2,0
2,2,0
2,2,0
2,2,0
2,2,0
2,3,1
2,4,2
11,11,0
3,7,4
2,2,0
3,4,1
2,2,0
7,7,0
2,2,0
1,2,1
2,11,9
2,2,0
23,24,1
2,2,0
1,3,2
1,2,1
7,7,0
12,12,0
2,2,0
3,5,2
3,13,10
3,3,0
3,3,0
12,12,0
3,5,2
2,2,0
3,3,0
3,5,2
2,2,0
2,2,0
3,3,0
1,1,0
3,20,17
2,2,0
1,1,0
2,4,2
4,4,0
1,3,2
2,2,0
1,23,22
2,2,0
1,2,1
3,3,0
3,20,17
2,5,3
2,2,0
3,3,0
2,2,0
3,3,0
3,8,5
100,104,4
2,4,2
1,2,1
3,9,6
3,3,0
2,2,0
2,4,2
2,2,0
3,3,0
2,2,0
8,8,0
3,5,2
2,2,0
3,3,0
3,12,9
2,2,0
67,67,0
3,3,0
2,2,0
14,14,0
2,2,0
3,7,4
3,3,0
92,92,0
2,8,6
3,3,0
2,2,0
3,3,0
3,7,4
2,2,0
2,2,0
3,3,0
1,2,1
2,2,0
3,3,0
14,25,11
3,6,3
9,9,0
2,3,1
2,2,0
3,10,7
2,2,0
2,2,0
4,4,0
2,2,0
4,6,2
3,8,5
2,7,5
2,2,0
2,3,1
3,3,0
9,9,0
2,2,0
2,2,0
2,4,2
16,16,0
6,6,0
44,44,0
2,3,1
2,5,3
2,2,0
8,8,0
0,0,0
2,2,0
2,2,0
2,4,2
2,16,14
1,2,1
6,8,2
2,2,0
2,2,0
0,0,0
3,9,6
2,8,6
2,2,0
1,1,0
1,1,0
0,0,0
2,2,0
3,11,8
2,2,0
3,3,0
2,12,10
2,2,0
3,3,0
2,2,0
3,5,2
2,2,0
2,2,0
5,5,0
34,34,0
22,22,0
56,56,0
2,2,0
2,80,78
1,10,9
3,3,0
2,4,2
1,1,0
3,3,0
3,3,0
3,3,0
2,2,0
1,1,0
2,2,0
2,2,0
1,3,2
2,3,1
1,24,23
3,8,5
3,4,1
2,4,2
3,6,3
2,2,0
3,9,6
2,2,0
2,2,0
2,2,0
1,1,0
2,2,0
3,3,0
1,1,0
1,3,2
3,3,0
3,71,68
22,22,0
3,3,0
3,3,0
3,3,0
2,2,0
2,2,0
2,2,0
2,2,0
2,2,0
5,5,0
1,2,1
2,5,3
8,8,0
3,5,2
3,5,2
2,2,0
4,4,0
3,3,0
2,6,4
2,2,0
1,1,0
3,3,0
3,4,1
21,21,0
2,2,0
2,2,0
2,2,0
9,9,0
2,2,0
3,3,0
53,61,8
1,1,0
3,5,2
2,2,0
0,0,0
7,8,1
3,7,4
2,3,1
2,2,0
15,16,1
1,1,0
3,5,2
2,2,0
3,8,5
2,2,0
3,7,4
9,9,0
39,39,0
3,3,0
1,1,0
2,4,2
3,3,0
3,3,0
2,2,0
2,2,0
2,2,0
3,5,2
8,8,0
9,9,0
1,2,1
2,2,0
1,1,0
2,7,5
3,3,0
9,9,0
3,16,13
3,3,0
2,2,0
9,17,8
2,2,0
1,7,6
3,3,0
3,5,2
8,8,0
2,2,0
2,2,0
3,5,2
3,7,4
3,3,0
2,12,10
8,8,0
2,2,0
3,3,0
0,0,0
0,0,0
3,9,6
2,2,0
3,3,0
2,4,2
2,15,13
2,2,0
2,4,2
0,0,0
2,2,0
4,4,0
3,4,1
3,3,0
8,8,0
2,2,0
9,9,0
2,4,2
1,1,0
3,3,0
2,2,0
3,5,2
2,8,6
2,5,3
0,0,0
2,5,3
2,2,0
2,2,0
2,2,0
3,3,0
2,2,0
3,15,12
3,3,0
3,3,0
6,6,0
2,4,2
3,6,3
2,2,0
2,2,0
3,3,0
2,2,0
8,8,0
2,8,6
2,2,0
2,3,1
3,5,2
2,4,2
3,3,0
4,4,0
3,3,0
2,4,2
1,1,0
1,1,0
3,6,3
3,5,2
3,6,3
3,5,2
3,4,1
7,7,0
9,9,0
2,4,2
2,4,2
3,5,2
2,10,8
2,7,5
100,100,0
2,2,0
9,9,0
2,2,0
2,80,78
3,5,2
2,4,2
2,13,11
2,2,0
2,2,0
2,80,78
2,2,0
2,2,0
3,3,0
3,3,0
2,2,0
156,156,0
2,14,12
2,2,0
2,3,1
2,5,3
1,2,1
1,2,1
2,10,8
2,2,0
2,2,0
11,11,0
9,9,0
2,2,0
1,1,0
2,2,0
3,3,0
2,2,0
2,4,2
1,1,0
3,3,0
20,20,0
2,4,2
40,40,0
2,2,0
2,8,6
2,2,0
139,139,0
1,4,3
2,2,0
14,14,0
2,11,9
8,8,0
2,2,0
10,10,0
3,8,5
2,6,4
8,8,0
2,2,0
51,51,0
2,2,0
2,2,0
8,8,0
3,3,0
8,10,2
0,0,0
2,11,9
3,3,0
2,4,2
2,2,0
3,3,0
2,2,0
3,3,0
2,2,0
3,4,1
3,3,0
8,8,0
1,4,3
3,5,2
2,2,0
2,3,1
9,30,21
3,3,0
4,4,0
1,2,1
3,3,0
3,28,25
2,2,0
2,2,0
2,2,0
5,6,1
2,2,0
3,5,2
0,0,0
1,2,1
3,21,18
3,3,0
2,4,2
2,3,1
8,8,0
2,45,43
2,2,0
2,2,0
1,2,1
0,0,0
8,8,0
3,3,0
8,8,0
2,2,0
2,2,0
2,2,0
2,2,0
100,100,0
3,6,3
0,0,0
3,3,0
2,2,0
17,17,0
1,1,0
2,2,0
140,140,0
94,94,0
2,2,0
4,7,3
3,3,0
6,6,0
349,380,31
2,2,0
3,3,0
7,8,1
1,4,3
8,8,0
3,8,5
3,3,0
2,4,2
10,12,2
2,2,0
7,7,0
3,7,4
8,8,0
2,2,0
1,2,1
50,50,0
0,0,0
2,2,0
2,2,0
2,2,0
1,1,0
3,3,0
3,7,4
3,3,0
2,2,0
8,16,8
4,4,0
3,3,0
4,9,5
1,23,22
2,4,2
2,2,0
8,8,0
3,5,2
2,4,2
2,2,0
9,9,0
2,2,0
2,2,0
2,38,36
2,4,2
1,3,2
17,17,0
2,2,0
2,2,0
2,2,0
2,4,2
2,2,0
2,2,0
8,8,0
2,2,0
2,4,2
3,5,2
3,3,0
2,2,0
2,2,0
3,4,1
3,5,2
2,7,5
2,2,0
4,4,0
24,24,0
2,2,0
9,9,0
9,9,0
2,2,0
2,2,0
3,3,0
1,7,6
3,3,0
24,24,0
2,2,0
3,5,2
3,5,2
4,4,0
2,2,0
2,2,0
1,4,3
3,3,0
3,7,4
2,2,0
3,3,0
6,6,0
3,3,0
2,2,0
88,120,32
2,11,9
2,2,0
1,1,0
3,5,2
3,4,1
2,2,0
3,5,2
2,2,0
2,2,0
2,2,0
8,8,0
2,2,0
1,2,1
2,4,2
3,3,0
2,2,0
11,11,0
2,2,0
3,5,2
0,0,0
2,2,0
1,45,44
2,2,0
3,5,2
2,2,0
2,2,0
2,2,0
1,5,4
3,3,0
3,5,2
2,2,0
2,2,0
5,31,26
2,2,0
4,4,0
2,2,0
2,6,4
2,2,0
1,3,2
2,2,0
2,4,2
6,11,5
2,2,0
2,2,0
3,5,2
2,2,0
2,4,2
6,6,0
3,3,0
4,4,0
2,2,0
51,51,0
0,0,0
2,4,2
6,6,0
3,3,0
2,2,0
2,3,1
9,9,0
3,3,0
3,5,2
3,12,9
0,0,0
1,23,22
2,2,0
9,9,0
2,3,1
3,5,2
2,2,0
2,2,0
2,3,1
3,3,0
2,2,0
2,2,0
8,8,0
0,0,0
3,6,3
0,0,0
4,4,0
3,7,4
3,3,0
3,3,0
2,2,0
4,4,0
2,4,2
2,2,0
2,2,0
0,0,0
2,28,26
9,9,0
15,15,0
9,12,3
3,5,2
2,4,2
1,25,24
3,3,0
20,20,0
1,2,1
3,3,0
2,23,21
2,2,0
11,11,0
1,24,23
3,3,0
2,2,0
2,2,0
2,2,0
3,9,6
3,3,0
2,2,0
2,2,0
3,7,4
2,2,0
31,40,9
2,2,0
2,2,0
4,4,0
0,0,0
2,2,0
3,3,0
11,11,0
1,2,1
2,2,0
2,2,0
11,11,0
2,2,0
2,4,2
3,3,0
20,20,0
2,2,0
2,287,285
2,2,0
3,5,2
2,99,97
8,8,0
3,8,5
2,2,0
4,4,0
2,2,0
9,9,0
2,80,78
2,2,0
3,7,4
2,4,2
12,12,0
3,3,0
1,1,0
2,2,0
2,48,46
3,15,12
1,1,0
2,3,1
2,2,0
2,2,0
3,14,11
2,2,0
3,5,2
4,6,2
3,3,0
2,2,0
3,5,2
2,2,0
8,8,0
2,2,0
8,8,0
3,3,0
12,12,0
2,2,0
3,7,4
3,5,2
2,2,0
7,7,0
2,2,0
2,10,8
3,3,0
1,1,0
9,9,0
20,20,0
2,2,0
1,7,6
3,3,0
8,8,0
2,2,0
2,2,0
2,2,0
6,99,93
3,3,0
2,4,2
3,3,0
2,13,11
1,3,2
3,3,0
2,2,0
14,14,0
3,3,0
1,9,8
2,2,0
2,2,0
3,3,0
9,9,0
2,3,1
2,2,0
3,3,0
2,69,67
1,1,0
3,3,0
2,10,8
3,5,2
2,2,0
1,4,3
3,5,2
63,65,2
9,9,0
3,3,0
2,4,2
2,7,5
2,2,0
3,9,6
3,6,3
1,1,0
2,2,0
2,2,0
4,6,2
2,2,0
8,8,0
2,2,0
3,3,0
3,9,6
9,13,4
0,0,0
0,0,0
8,9,1
3,3,0
2,2,0
2,2,0
4,4,0
2,2,0
4,4,0
2,2,0
2,2,0
2,4,2
3,13,10
2,2,0
3,3,0
10,18,8
3,28,25
3,4,1
3,3,0
2,2,0
2,2,0
2,4,2
1,2,1
2,3,1
3,28,25
3,7,4
2,5,3
8,8,0
1,1,0
3,5,2
8,8,0
3,3,0
3,3,0
2,2,0
3,9,6
20,20,0
1,2,1
1,1,0
2,2,0
0,0,0
2,3,1
3,3,0
1,3,2
3,3,0
2,2,0
7,7,0
9,9,0
0,0,0
3,5,2
1,2,1
2,4,2
2,4,2
2,13,11
3,8,5
2,4,2
3,6,3
2,2,0
3,4,1
9,9,0
3,3,0
9,9,0
3,5,2
2,2,0
1,2,1
3,3,0
3,3,0
2,2,0
2,2,0
2,2,0
3,5,2
19,19,0
4,4,0
0,0,0
1,7,6
2,2,0
1,2,1
3,5,2
2,2,0
2,4,2
6,13,7
2,2,0
3,3,0
2,2,0
3,7,4
3,3,0
2,2,0
3,5,2
2,8,6
2,4,2
3,3,0
2,2,0
2,2,0
2,2,0
3,3,0
3,3,0
3,5,2
2,2,0
8,8,0
2,2,0
4,4,0
100,100,0
16,16,0
6,6,0
3,3,0
0,0,0
2,5,3
1,1,0
3,5,2
8,8,0
3,3,0
0,0,0
2,2,0
4,5,1
3,3,0
3,7,4
3,3,0
3,3,0
3,3,0
2,2,0
1,1,0
3,6,3
3,13,10
2,2,0
2,2,0
4,4,0
2,2,0
3,3,0
2,2,0
3,10,7
2,2,0
2,5,3
100,104,4
2,2,0
3,3,0
3,24,21
52,56,4
2,2,0
3,3,0
3,3,0
1,1,0
3,7,4
2,2,0
3,5,2
2,2,0
2,4,2
2,2,0
10,19,9
4,6,2
2,3,1
2,2,0
61,61,0
1,1,0
3,11,8
2,2,0
9,9,0
2,2,0
51,51,0
2,2,0
0,0,0
2,4,2
3,4,1
2,3,1
2,2,0
2,2,0
2,2,0
1,24,23
2,2,0
8,9,1
2,2,0
2,2,0
1,2,1
1,4,3
3,3,0
2,5,3
2,2,0
2,2,0
1,1,0
3,14,11
0,0,0
3,6,3
2,2,0
18,18,0
2,193,191
2,2,0
2,2,0
1,1,0
3,3,0
2,17,15
1,1,0
2,2,0
3,3,0
2,2,0
3,3,0
2,2,0
2,2,0
6,7,1
2,2,0
1,2,1
30,30,0
1,3,2
2,2,0
3,5,2
2,2,0
2,2,0
2,5,3
2,2,0
76,76,0
2,32,30
5,6,1
3,3,0
1,2,1
2,7,5
2,2,0
3,3,0
3,9,6
3,3,0
4,4,0
3,5,2
19,19,0
3,7,4
2,2,0
2,2,0
2,2,0
2,4,2
3,3,0
8,8,0
3,7,4
1,5,4
2,2,0
2,2,0
2,2,0
3,7,4
3,3,0
2,2,0
2,6,4
3,3,0
3,3,0
1,1,0
2,3,1
0,0,0
0,0,0
16,58,42
2,2,0
1,2,1
52,156,104
2,18,16
2,2,0
2,4,2
3,9,6
3,3,0
3,5,2
1,9,8
8,8,0
2,4,2
3,5,2
1,28,27
2,2,0
3,3,0
3,3,0
3,3,0
2,2,0
1,10,9
2,2,0
8,8,0
6,6,0
3,3,0
4,4,0
2,6,4
4,17,13
1,1,0
2,2,0
2,2,0
8,8,0
2,6,4
3,4,1
2,2,0
2,6,4
12,12,0
2,2,0
1,1,0
2,2,0
23,44,21
4,4,0
2,2,0
2,5,3
2,2,0
2,2,0
23,25,2
2,10,8
2,4,2
3,5,2
9,18,9
2,5,3
2,2,0
2,4,2
3,3,0
1,1,0
3,3,0
3,3,0
2,2,0
0,0,0
3,11,8
2,2,0
3,3,0
2,2,0
2,2,0
3,3,0
2,2,0
2,2,0
82,87,5
3,3,0
35,47,12
2,2,0
3,3,0
3,3,0
20,20,0
1,24,23
1,1,0
3,3,0
2,2,0
3,4,1
2,2,0
2,9,7
2,2,0
10,10,0
1,2,1
2,2,0
1,2,1
134,134,0
1,2,1
2,2,0
2,2,0
8,8,0
8,8,0
3,3,0
2,2,0
10,10,0
1,4,3
2,4,2
2,2,0
0,0,0
2,10,8
2,2,0
1,1,0
3,3,0
1,1,0
8,8,0
2,2,0
5,5,0
3,7,4
6,6,0
3,5,2
2,2,0
3,5,2
2,4,2
2,2,0
2,4,2
3,3,0
3,5,2
19,27,8
2,6,4
4,4,0
1,2,1
2,2,0
2,2,0
3,3,0
3,3,0
20,20,0
4,4,0
2,19,17
2,4,2
2,2,0
2,15,13
2,2,0
1,58,57
4,4,0
2,2,0
2,2,0
0,0,0
3,11,8
3,3,0
2,16,14
2,2,0
2,4,2
3,3,0
2,2,0
3,7,4
3,7,4
2,4,2
3,5,2
2,4,2
2,9,7
4,6,2
2,2,0
3,3,0
100,100,0
2,2,0
2,3,1
1,1,0
2,14,12
2,2,0
3,3,0
0,0,0
2,2,0
3,3,0
1,1,0
2,2,0
2,2,0
2,9,7
2,2,0
3,3,0
2,2,0
9,9,0
2,4,2
11,11,0
2,2,0
1,22,21
1,3,2
3,3,0
2,2,0
2,2,0
3,7,4
0,0,0
2,2,0
3,74,71
1,3,2
3,3,0
2,4,2
2,13,11
2,2,0
8,8,0
1,3,2
2,6,4
11,11,0
2,3,1
2,2,0
2,2,0
2,2,0
2,2,0
19,19,0
8,8,0
2,2,0
2,2,0
2,4,2
2,2,0
2,2,0
2,2,0
3,5,2
2,2,0
2,4,2
4,86,82
3,4,1
2,2,0
2,4,2
2,2,0
3,3,0
8,8,0
3,3,0
2,2,0
2,2,0
1,1,0
2,2,0
2,2,0
2,2,0
3,3,0
5,8,3
3,8,5
22,22,0
1,21,20
1,1,0
10,38,28
3,5,2
5,10,5
2,5,3
3,3,0
2,2,0
9,9,0
3,11,8
2,2,0
3,3,0
2,2,0
9,9,0
1,35,34
1,2,1
2,2,0
2,2,0
2,14,12
2,2,0
2,2,0
2,2,0
3,3,0
2,2,0
2,2,0
2,82,80
1,3,2
3,3,0
2,2,0
3,3,0
3,7,4
3,4,1
3,3,0
1,1,0
2,3,1
4,4,0
3,5,2
51,51,0
22,26,4
2,2,0
2,2,0
2,2,0
1,1,0
100,100,0
8,8,0
2,2,0
11,11,0
2,2,0
3,13,10
9,9,0
10,10,0
3,3,0
2,2,0
2,6,4
0,0,0
0,0,0
1,8,7
2,2,0
1,3,2
2,2,0
1,2,1
3,3,0
2,2,0
2,79,77
1,2,1
3,3,0
2,2,0
3,3,0
9,9,0
2,2,0
2,2,0
1,1,0
2,2,0
2,2,0
3,6,3
3,5,2
10,10,0
3,10,7
2,2,0
2,2,0
0,0,0
16,22,6
3,8,5
3,3,0
3,5,2
2,2,0
3,3,0
2,2,0
3,4,1
2,2,0
2,4,2
2,2,0
2,2,0
3,3,0
2,3,1
2,6,4
1,2,1
2,2,0
72,72,0
9,9,0
3,10,7
2,11,9
2,4,2
2,2,0
3,3,0
2,3,1
3,3,0
5,5,0
3,3,0
2,2,0
3,3,0
1,1,0
2,2,0
4,6,2
2,2,0
3,5,2
2,2,0
136,137,1
24,24,0
2,2,0
2,2,0
2,2,0
3,5,2
2,2,0
2,2,0
2,8,6
5,5,0
8,8,0
2,8,6
2,46,44
25,25,0
2,4,2
92,92,0
20,20,0
8,8,0
2,5,3
2,6,4
3,3,0
2,2,0
6,6,0
2,4,2
3,5,2
1,37,36
1,1,0
1,1,0
2,2,0
1,1,0
2,2,0
3,9,6
9,42,33
2,2,0
1,3,2
3,8,5
4,27,23
2,4,2
12,12,0
1,2,1
2,2,0
2,2,0
8,8,0
100,100,0
3,5,2
9,9,0
2,4,2
0,0,0
3,3,0
2,2,0
2,2,0
8,8,0
2,2,0
2,4,2
2,2,0
3,5,2
2,2,0
1,1,0
2,4,2
10,20,10
1,13,12
2,2,0
63,63,0
3,3,0
8,29,21
2,2,0
2,2,0
3,5,2
2,2,0
8,8,0
2,2,0
1,2,1
2,2,0
1,1,0
3,3,0
2,2,0
3,3,0
2,2,0
2,2,0
0,0,0
4,4,0
3,5,2
2,2,0
1,2,1
3,3,0
3,8,5
2,2,0
3,3,0
2,2,0
14,14,0
2,2,0
2,2,0
2,2,0
2,11,9
2,2,0
2,2,0
3,7,4
1,1,0
3,6,3
3,3,0
2,2,0
2,2,0
1,1,0
3,3,0
2,6,4
3,3,0
0,0,0
3,3,0
2,2,0
3,3,0
2,2,0
2,5,3
2,2,0
3,3,0
2,2,0
2,2,0
27,27,0
2,2,0
8,8,0
4,4,0
2,2,0
2,4,2
3,15,12
9,54,45
3,3,0
2,2,0
2,2,0
6,37,31
2,2,0
11,11,0
3,3,0
3,5,2
3,4,1
3,3,0
1,2,1
2,2,0
2,2,0
1,6,5
3,3,0
2,4,2
2,2,0
3,3,0
3,5,2
1,22,21
3,4,1
2,8,6
2,2,0
1,3,2
2,9,7
1,1,0
3,5,2
2,9,7
2,2,0
8,8,0
9,9,0
2,2,0
3,3,0
3,3,0
2,2,0
2,2,0
3,3,0
2,2,0
3,3,0
1,2,1
1,27,26
2,2,0
1,1,0
9,11,2
2,2,0
2,3,1
3,3,0
3,7,4
3,5,2
2,5,3
8,8,0
2,2,0
2,3,1
8,8,0
2,6,4
2,2,0
3,3,0
3,3,0
10,10,0
2,7,5
2,2,0
2,2,0
2,2,0
2,2,0
2,10,8
3,3,0
2,2,0
1,2,1
7,7,0
5,63,58
2,2,0
1,1,0
2,2,0
2,2,0
2,2,0
9,9,0
2,82,80
1,2,1
3,5,2
2,2,0
42,46,4
2,2,0
2,2,0
2,2,0
3,3,0
1,24,23
2,4,2
3,3,0
2,8,6
3,12,9
2,82,80
5,7,2
2,3,1
3,3,0
2,3,1
2,2,0
1,22,21
2,2,0
3,5,2
8,9,1
2,2,0
3,5,2
0,0,0
2,2,0
2,4,2
2,4,2
3,3,0
2,2,0
50,50,0
1,8,7
3,3,0
2,2,0
2,10,8
11,13,2
2,2,0
2,4,2
2,2,0
2,4,2
4,4,0
2,2,0
2,2,0
19,29,10
2,2,0
0,0,0
15,16,1
3,3,0
3,3,0
2,2,0
2,4,2
4,4,0
2,3,1
5,5,0
2,2,0
3,7,4
2,9,7
0,0,0
3,5,2
4,13,9
2,4,2
3,11,8
3,10,7
0,0,0
2,2,0
2,2,0
3,5,2
2,2,0
4,47,43
2,2,0
3,3,0
3,3,0
7,12,5
2,5,3
3,3,0
2,2,0
3,7,4
2,2,0
6,9,3
8,8,0
2,2,0
15,15,0
1,1,0
11,20,9
9,9,0
1,1,0
2,2,0
0,0,0
20,20,0
1,27,26
2,4,2
9,9,0
3,3,0
5,5,0
2,2,0
3,3,0
2,4,2
1,1,0
3,3,0
2,5,3
2,5,3
2,2,0
1,2,1
2,3,1
2,6,4
3,9,6
2,2,0
1,1,0
3,5,2
2,2,0
3,3,0
1,1,0
3,3,0
3,4,1
2,2,0
2,2,0
2,2,0
11,11,0
2,2,0
3,5,2
2,2,0
3,4,1
6,8,2
2,2,0
2,2,0
9,20,11
2,2,0
1,20,19
3,5,2
2,3,1
3,7,4
2,2,0
2,2,0
2,4,2
2,3,1
2,2,0
3,3,0
3,3,0
2,2,0
1,1,0
2,4,2
1,5,4
3,5,2
9,9,0
1,24,23
2,2,0
2,10,8
3,13,10
8,8,0
3,7,4
3,9,6
6,35,29
2,2,0
2,2,0
2,2,0
4,4,0
3,4,1
2,3,1
1,5,4
2,2,0
2,11,9
2,2,0
1,4,3
3,8,5
2,2,0
0,0,0
2,8,6
2,2,0
3,7,4
2,2,0
2,2,0
2,2,0
1,29,28
1,1,0
5,7,2
2,5,3
1,3,2
2,21,19
2,4,2
3,7,4
2,2,0
2,2,0
3,3,0
2,2,0
3,3,0
0,0,0
2,2,0
2,2,0
1,1,0
3,3,0
2,2,0
2,2,0
2,2,0
3,5,2
1,2,1
2,2,0
9,9,0
2,2,0
2,10,8
1,1,0
9,9,0
3,5,2
1,1,0
8,8,0
2,2,0
2,2,0
1,1,0
3,35,32
1,3,2
3,5,2
2,2,0
2,4,2
1,23,22
2,4,2
3,3,0
2,2,0
2,2,0
8,8,0
1,1,0
2,4,2
3,5,2
3,3,0
1,3,2
4,4,0
1,22,21
2,2,0
8,8,0
2,2,0
2,2,0
3,5,2
2,2,0
3,5,2
1,2,1
100,100,0
2,4,2
3,7,4
2,2,0
2,11,9
1,1,0
2,36,34
1,1,0
1,1,0
2,2,0
2,2,0
1,26,25
2,2,0
2,8,6
2,2,0
0,0,0
2,2,0
3,3,0
3,3,0
3,3,0
2,4,2
20,44,24
3,5,2
1,1,0
2,2,0
3,3,0
2,2,0
3,6,3
2,5,3
8,8,0
3,3,0
2,4,2
3,3,0
3,3,0
1,8,7
0,0,0
2,2,0
2,23,21
2,2,0
2,2,0
2,2,0
3,3,0
2,3,1
1,6,5
4,4,0
2,2,0
3,7,4
2,2,0
2,2,0
2,2,0
1,1,0
2,2,0
3,3,0
1,74,73
2,26,24
1,3,2
2,2,0
2,2,0
2,2,0
2,2,0
3,9,6
3,3,0
8,8,0
2,2,0
3,3,0
8,8,0
0,0,0
2,2,0
1,26,25
9,9,0
3,3,0
9,9,0
6,6,0
2,2,0
1,1,0
2,2,0
23,23,0
3,5,2
2,2,0
3,9,6
2,4,2
8,16,8
2,2,0
1,8,7
5,5,0
2,2,0
2,2,0
2,2,0
2,2,0
1,2,1
2,2,0
1,2,1
2,2,0
2,2,0
5,7,2
2,2,0
2,7,5
2,2,0
1,1,0
3,3,0
3,5,2
2,6,4
3,9,6
1,6,5
2,2,0
2,2,0
1,22,21
1,2,1
1,1,0
2,2,0
1,1,0
2,2,0
2,2,0
3,7,4
3,21,18
1,32,31
2,13,11
1,1,0
2,6,4
2,2,0
3,6,3
2,2,0
0,0,0
3,7,4
2,2,0
1,1,0
8,8,0
10,21,11
8,8,0
3,5,2
3,4,1
2,2,0
9,9,0
2,2,0
2,2,0
1,2,1
2,7,5
1,1,0
3,3,0
2,2,0
3,3,0
3,5,2
2,2,0
2,2,0
2,2,0
8,8,0
5,5,0
11,11,0
3,3,0
22,22,0
3,3,0
2,2,0
2,2,0
3,5,2
8,8,0
3,3,0
2,4,2
1,22,21
7,7,0
3,3,0
2,2,0
1,20,19
8,8,0
3,3,0
2,2,0
1,2,1
3,5,2
8,8,0
3,3,0
2,2,0
2,2,0
3,5,2
3,3,0
2,3,1
1,32,31
1,5,4
2,2,0
2,10,8
2,2,0
12,12,0
3,3,0
2,2,0
3,5,2
10,10,0
2,2,0
8,8,0
2,2,0
2,5,3
2,2,0
1,1,0
22,29,7
2,8,6
1,3,2
3,5,2
6,6,0
2,2,0
3,3,0
5,5,0
2,2,0
10,10,0
5,5,0
2,2,0
2,3,1
2,4,2
2,2,0
2,2,0
3,5,2
2,2,0
2,2,0
0,0,0
2,2,0
2,2,0
0,0,0
2,4,2
2,4,2
9,9,0
2,2,0
3,6,3
1,2,1
2,3,1
2,4,2
0,0,0
2,2,0
2,2,0
6,6,0
9,9,0
3,3,0
11,11,0
2,12,10
1,2,1
3,11,8
2,4,2
3,7,4
2,2,0
2,2,0
3,3,0
3,4,1
2,3,1
2,10,8
3,9,6
2,6,4
1,2,1
4,4,0
2,6,4
2,2,0
2,2,0
20,20,0
2,2,0
2,2,0
2,2,0
3,3,0
1,1,0
3,3,0
2,2,0
8,8,0
100,100,0
3,3,0
2,3,1
3,3,0
2,15,13
2,2,0
2,2,0
2,2,0
2,2,0
2,2,0
81,138,57
4,4,0
2,2,0
3,3,0
8,16,8
1,14,13
2,4,2
1,1,0
3,3,0
2,2,0
3,3,0
3,3,0
3,3,0
2,2,0
3,3,0
3,5,2
2,2,0
3,5,2
2,2,0
115,116,1
5,5,0
2,8,6
1,20,19
2,2,0
3,3,0
2,2,0
2,8,6
2,4,2
2,2,0
2,2,0
1,1,0
9,9,0
3,3,0
2,2,0
8,8,0
2,2,0
4,4,0
2,12,10
19,19,0
1,1,0
1,27,26
2,2,0
3,10,7
2,2,0
2,2,0
2,2,0
2,2,0
1,6,5
3,3,0
1,2,1
3,4,1
3,3,0
2,2,0
2,2,0
2,2,0
8,8,0
9,57,48
5,5,0
2,4,2
1,20,19
2,2,0
3,3,0
6,8,2
3,5,2
2,2,0
0,0,0
110,110,0
3,3,0
2,2,0
2,2,0
2,2,0
2,2,0
3,7,4
9,9,0
1,23,22
3,3,0
3,5,2
3,3,0
2,9,7
2,2,0
2,4,2
2,2,0
25,25,0
4,4,0
1,20,19
2,2,0
0,0,0
3,3,0
9,9,0
2,2,0
26,26,0
2,2,0
2,4,2
2,2,0
2,2,0
3,3,0
2,4,2
2,28,26
10,10,0
2,2,0
3,6,3
2,2,0
3,3,0
0,0,0
2,2,0
3,3,0
4,4,0
2,2,0
2,10,8
2,2,0
1,2,1
2,2,0
2,2,0
3,4,1
2,2,0
2,2,0
2,2,0
2,2,0
3,5,2
2,2,0
1,2,1
2,44,42
2,2,0
3,9,6
19,25,6
3,7,4
3,3,0
47,47,0
2,4,2
3,3,0
1,1,0
3,3,0
3,6,3
2,2,0
2,2,0
3,3,0
2,2,0
1,2,1
10,12,2
0,0,0
2,2,0
2,4,2
2,2,0
0,0,0
1,1,0
2,8,6
2,2,0
3,3,0
2,2,0
2,3,1
3,4,1
9,9,0
2,2,0
2,2,0
2,4,2
3,3,0
2,4,2
0,0,0
2,2,0
7,7,0
4,4,0
3,3,0
2,2,0
2,6,4
2,80,78
3,5,2
1,3,2
2,2,0
2,2,0
2,3,1
3,5,2
2,8,6
8,8,0
2,2,0
2,3,1
2,2,0
2,2,0
10,10,0
2,2,0
3,5,2
1,7,6
2,2,0
2,2,0
3,3,0
8,8,0
2,3,1
2,2,0
6,7,1
1,1,0
30,35,5
1,1,0
1,2,1
0,0,0
1,22,21
2,2,0
5,5,0
3,3,0
2,5,3
2,8,6
1,4,3
2,4,2
3,3,0
2,32,30
1,6,5
1,2,1
2,3,1
2,2,0
1,1,0
2,2,0
2,6,4
3,5,2
2,2,0
0,0,0
42,42,0
2,4,2
1,1,0
6,88,82
3,3,0
1,22,21
3,4,1
2,2,0
3,7,4
2,2,0
0,0,0
60,121,61
3,7,4
2,6,4
3,3,0
2,16,14
2,2,0
3,3,0
3,3,0
24,24,0
2,2,0
2,2,0
2,2,0
2,2,0
34,34,0
3,5,2
100,100,0
2,4,2
0,0,0
4,4,0
2,2,0
2,11,9
3,70,67
2,2,0
3,29,26
9,9,0
2,2,0
3,5,2
2,4,2
2,28,26
3,3,0
2,2,0
3,5,2
80,125,45
1,1,0
3,3,0
3,5,2
3,3,0
2,4,2
2,2,0
1,1,0
2,4,2
3,3,0
2,4,2
2,2,0
1,9,8
1,1,0
2,2,0
2,2,0
2,2,0
6,6,0
2,2,0
2,2,0
9,10,1
2,2,0
25,25,0
24,24,0
11,11,0
2,2,0
2,4,2
2,2,0
76,76,0
8,8,0
3,3,0
3,9,6
3,3,0
2,2,0
2,2,0
51,51,0
3,6,3
3,3,0
2,2,0
2,2,0
18,18,0
3,7,4
8,8,0
2,2,0
2,6,4
3,3,0
2,2,0
2,31,29
2,2,0
2,2,0
3,9,6
2,2,0
3,5,2
2,2,0
3,17,14
2,2,0
3,3,0
3,3,0
2,6,4
1,1,0
2,2,0
3,3,0
2,2,0
8,8,0
6,6,0
2,2,0
2,2,0
2,2,0
2,6,4
2,2,0
2,2,0
0,0,0
1,2,1
2,2,0
2,4,2
2,9,7
14,35,21
3,4,1
14,14,0
2,2,0
2,2,0
1,1,0
90,90,0
3,3,0
3,3,0
2,2,0
3,5,2
67,67,0
2,9,7
2,2,0
3,3,0
3,3,0
2,2,0
6,8,2
3,5,2
2,4,2
3,8,5
2,5,3
2,4,2
2,2,0
1,2,1
2,2,0
2,2,0
2,3,1
2,2,0
1,20,19
2,4,2
3,6,3
2,2,0
2,2,0
2,8,6
1,3,2
2,2,0
0,0,0
3,9,6
8,8,0
71,171,100
0,0,0
8,8,0
1,1,0
2,2,0
3,3,0
4,4,0
2,2,0
2,2,0
2,4,2
13,13,0
3,3,0
10,10,0
2,2,0
2,3,1
0,0,0
2,4,2
2,3,1
4,7,3
2,4,2
3,3,0
1,2,1
2,2,0
2,4,2
3,5,2
3,4,1
2,2,0
2,2,0
2,2,0
3,3,0
3,3,0
2,2,0
1,1,0
2,2,0
3,3,0
22,22,0
2,2,0
2,2,0
1,23,22
2,2,0
2,4,2
2,2,0
3,8,5
100,199,99
2,3,1
0,0,0
2,2,0
0,0,0
3,3,0
3,9,6
3,3,0
2,2,0
3,3,0
2,18,16
2,2,0
2,2,0
8,8,0
1,6,5
3,3,0
2,4,2
2,2,0
3,3,0
2,2,0
2,2,0
3,3,0
2,2,0
3,5,2
1,1,0
8,8,0
3,3,0
2,178,176
4,4,0
2,2,0
3,3,0
2,2,0
3,4,1
2,2,0
3,7,4
2,2,0
3,16,13
3,3,0
3,5,2
3,3,0
2,2,0
3,3,0
3,7,4
2,2,0
2,2,0
1,1,0
1,2,1
1,2,1
1,3,2
1,1,0
2,2,0
20,20,0
2,2,0
233,233,0
2,2,0
2,2,0
3,5,2
1,1,0
2,2,0
3,3,0
3,3,0
3,3,0
9,9,0
0,0,0
3,6,3
2,2,0
2,4,2
2,3,1
3,14,11
4,10,6
2,6,4
3,3,0
3,3,0
2,2,0
2,2,0
2,6,4
3,3,0
3,3,0
4,13,9
4,7,3
2,2,0
0,0,0
2,2,0
3,3,0
3,3,0
2,35,33
2,2,0
0,0,0
2,2,0
3,3,0
2,2,0
1,1,0
2,4,2
8,8,0
3,3,0
2,2,0
2,2,0
1,2,1
2,2,0
0,0,0
2,2,0
2,2,0
2,2,0
47,48,1
5,5,0
2,2,0
2,2,0
2,2,0
1,5,4
6,17,11
2,4,2
2,2,0
3,5,2
2,3,1
8,8,0
9,9,0
3,3,0
2,4,2
3,5,2
8,8,0
9,9,0
0,0,0
8,8,0
0,0,0
2,2,0
10,10,0
2,2,0
3,4,1
2,2,0
2,2,0
2,2,0
0,0,0
3,13,10
1,3,2
1,1,0
3,3,0
3,3,0
2,2,0
1,1,0
2,22,20
2,2,0
2,2,0
2,2,0
3,3,0
3,3,0
2,2,0
8,8,0
3,5,2
2,9,7
56,56,0
3,3,0
3,5,2
2,2,0
8,8,0
2,21,19
1,3,2
21,21,0
3,8,5
2,8,6
3,3,0
2,2,0
3,3,0
2,2,0
2,2,0
4,4,0
2,3,1
0,0,0
4,4,0
1,2,1
3,5,2
2,2,0
1,2,1
2,4,2
23,24,1
4,5,1
2,2,0
2,6,4
42,44,2
3,7,4
3,3,0
3,3,0
10,10,0
3,5,2
2,2,0
2,6,4
3,3,0
2,2,0
2,2,0
9,9,0
2,4,2
0,0,0
3,8,5
2,2,0
2,4,2
3,14,11
17,17,0
2,4,2
3,3,0
2,2,0
2,10,8
3,3,0
2,2,0
6,11,5
2,2,0
2,3,1
3,3,0
9,43,34
2,2,0
9,11,2
2,2,0
2,10,8
1,2,1
2,6,4
9,52,43
3,3,0
10,10,0
4,4,0
2,2,0
3,7,4
3,5,2
0,0,0
1,1,0
2,2,0
2,2,0
3,3,0
5,5,0
2,29,27
8,8,0
3,3,0
3,3,0
1,37,36
1,3,2
0,0,0
3,8,5
2,2,0
1,1,0
2,2,0
3,5,2
3,3,0
0,0,0
2,2,0
8,8,0
4,4,0
1,2,1
26,29,3
2,2,0
2,2,0
3,3,0
8,8,0
1,1,0
0,0,0
2,4,2
3,3,0
2,5,3
2,2,0
1,1,0
3,3,0
2,2,0
3,3,0
2,4,2
3,3,0
2,2,0
2,2,0
3,3,0
2,3,1
3,3,0
2,2,0
2,4,2
2,2,0
1,2,1
0,0,0
2,2,0
3,7,4
0,0,0
2,2,0
3,3,0
6,6,0
9,9,0
2,2,0
2,12,10
1,1,0
1,10,9
12,12,0
2,2,0
3,3,0
2,2,0
2,4,2
2,2,0
2,5,3
2,4,2
134,287,153
4,4,0
1,2,1
2,2,0
2,2,0
3,3,0
2,6,4
3,5,2
3,3,0
2,4,2
1,22,21
5,10,5
8,8,0
2,2,0
8,16,8
3,3,0
2,2,0
8,8,0
0,0,0
2,2,0
2,2,0
22,22,0
1,11,10
2,2,0
2,2,0
2,2,0
2,2,0
1,46,45
0,0,0
2,2,0
3,6,3
3,3,0
2,2,0
0,0,0
3,3,0
2,2,0
2,2,0
3,3,0
2,2,0
2,2,0
0,0,0
3,5,2
1,1,0
3,3,0
1,2,1
2,2,0
3,5,2
3,46,43
3,10,7
19,21,2
2,4,2
1,2,1
2,3,1
2,8,6
10,10,0
22,22,0
2,84,82
8,8,0
3,5,2
8,8,0
1,1,0
2,2,0
0,0,0
2,2,0
2,8,6
2,2,0
3,5,2
0,0,0
3,3,0
1,4,3
1,4,3
2,2,0
2,3,1
2,2,0
3,7,4
3,10,7
2,2,0
2,4,2
2,4,2
2,2,0
2,2,0
95,95,0
2,2,0
2,2,0
4,6,2
3,5,2
1,1,0
2,2,0
3,3,0
2,10,8
3,3,0
3,5,2
1,27,26
2,2,0
5,5,0
3,7,4
3,3,0
1,2,1
2,2,0
10,10,0
3,3,0
2,2,0
3,3,0
0,0,0
3,7,4
2,6,4
3,3,0
2,12,10
6,27,21
2,2,0
2,4,2
0,0,0
2,2,0
1,4,3
2,28,26
2,3,1
3,5,2
4,6,2
3,7,4
10,12,2
0,0,0
2,2,0
2,2,0
3,3,0
2,2,0
2,2,0
10,10,0
1,1,0
3,5,2
3,5,2
2,2,0
2,2,0
3,7,4
2,2,0
3,3,0
6,9,3
1,3,2
2,2,0
3,3,0
2,2,0
3,3,0
2,2,0
3,3,0
2,2,0
10,29,19
15,15,0
8,8,0
2,2,0
2,7,5
2,2,0
3,4,1
3,3,0
2,2,0
3,3,0
2,2,0
3,3,0
1,2,1
2,2,0
2,2,0
2,2,0
6,6,0
2,3,1
2,16,14
2,2,0
3,13,10
23,23,0
1,1,0
2,3,1
2,2,0
2,2,0
2,2,0
1,3,2
0,0,0
2,2,0
66,66,0
3,5,2
2,2,0
4,4,0
2,2,0
4,9,5
4,8,4
2,2,0
2,6,4
3,6,3
3,3,0
91,95,4
3,6,3
5,5,0
1,1,0
1,29,28
2,3,1
7,7,0
16,16,0
3,5,2
3,5,2
2,2,0
2,2,0
3,3,0
4,8,4
3,3,0
3,5,2
1,1,0
2,2,0
1,1,0
2,2,0
3,5,2
2,2,0
20,20,0
3,3,0
1,16,15
1,1,0
3,3,0
10,10,0
2,2,0
3,6,3
0,0,0
0,0,0
8,8,0
9,9,0
3,7,4
9,9,0
2,3,1
1,6,5
2,2,0
2,2,0
2,8,6
1,1,0
2,3,1
3,43,40
3,12,9
1,4,3
2,82,80
2,31,29
1,4,3
3,3,0
2,2,0
2,12,10
1,1,0
3,3,0
1,5,4
1,2,1
2,8,6
4,4,0
1,3,2
2,2,0
2,3,1
2,2,0
1,1,0
3,3,0
2,2,0
33,55,22
2,2,0
1,1,0
2,23,21
6,6,0
3,3,0
2,11,9
8,8,0
3,10,7
3,3,0
2,3,1
2,2,0
2,2,0
2,2,0
2,2,0
8,8,0
2,2,0
3,7,4
13,13,0
6,12,6
3,12,9
2,2,0
3,7,4
2,5,3
3,3,0
3,3,0
9,9,0
3,5,2
3,5,2
2,2,0
1,2,1
2,2,0
1,4,3
4,6,2
12,12,0
3,5,2
2,4,2
11,11,0
3,3,0
2,2,0
1,3,2
4,4,0
1,1,0
3,3,0
18,18,0
2,2,0
2,4,2
2,2,0
2,2,0
9,9,0
3,3,0
0,0,0
8,8,0
2,2,0
2,2,0
2,2,0
6,6,0
1,2,1
3,3,0
2,2,0
4,14,10
2,2,0
2,2,0
3,3,0
2,2,0
2,2,0
3,9,6
4,4,0
2,2,0
8,8,0
3,3,0
2,2,0
2,2,0
98,98,0
3,7,4
2,4,2
50,80,30
4,5,1
35,35,0
24,24,0
9,9,0
2,8,6
2,2,0
3,5,2
2,2,0
3,3,0
3,9,6
3,3,0
4,73,69
10,10,0
1,26,25
2,2,0
3,7,4
2,6,4
2,2,0
2,2,0
30,30,0
0,0,0
2,2,0
3,3,0
2,2,0
2,4,2
9,9,0
46,46,0
1,73,72
2,2,0
3,5,2
51,53,2
3,5,2
2,2,0
2,2,0
2,2,0
2,8,6
2,9,7
2,2,0
3,5,2
1,1,0
2,4,2
0,0,0
2,3,1
1,25,24
1,2,1
3,5,2
2,2,0
9,9,0
0,0,0
6,6,0
2,2,0
3,4,1
2,4,2
2,4,2
2,2,0
2,9,7
36,36,0
2,2,0
3,3,0
2,2,0
1,2,1
3,3,0
2,2,0
2,2,0
2,2,0
2,2,0
2,2,0
1,7,6
1,3,2
2,3,1
3,3,0
2,2,0
8,8,0
2,2,0
9,9,0
29,29,0
20,26,6
8,8,0
10,10,0
1,1,0
2,10,8
2,2,0
3,4,1
8,8,0
1,2,1
2,2,0
2,2,0
2,2,0
5,5,0
4,4,0
1,2,1
3,3,0
2,8,6
3,3,0
2,2,0
2,6,4
3,3,0
1,1,0
1,23,22
2,2,0
2,3,1
3,3,0
2,2,0
2,2,0
10,12,2
2,2,0
2,3,1
2,9,7
2,2,0
2,9,7
45,45,0
10,10,0
3,5,2
4,4,0
2,2,0
3,7,4
7,12,5
2,4,2
9,9,0
6,6,0
3,3,0
2,4,2
6,55,49
3,7,4
3,3,0
1,24,23
8,8,0
4,9,5
1,10,9
2,14,12
1,2,1
3,3,0
3,3,0
1,1,0
3,3,0
2,4,2
2,2,0
4,7,3
2,2,0
2,2,0
2,2,0
3,3,0
2,2,0
8,8,0
12,12,0
1,1,0
3,3,0
2,2,0
4,4,0
2,2,0
1,2,1
6,7,1
22,22,0
22,22,0
3,6,3
11,11,0
3,3,0
3,6,3
2,2,0
1,1,0
2,2,0
2,82,80
2,2,0
2,2,0
3,3,0
2,2,0
2,2,0
2,2,0
2,2,0
1,4,3
9,9,0
1,1,0
2,4,2
2,2,0
2,2,0
8,9,1
1,3,2
1,2,1
43,48,5
2,2,0
2,27,25
2,11,9
2,27,25
3,3,0
2,2,0
2,6,4
1,1,0
3,5,2
3,3,0
3,7,4
1,23,22
2,2,0
2,3,1
1,1,0
2,2,0
2,8,6
3,3,0
2,2,0
7,7,0
3,3,0
9,9,0
3,5,2
4,5,1
1,61,60
60,121,61
4,6,2
3,8,5
2,2,0
2,4,2
3,5,2
2,45,43
1,1,0
2,16,14
9,9,0
2,2,0
3,9,6
8,8,0
1,26,25
3,3,0
2,3,1
2,6,4
88,101,13
2,2,0
0,0,0
9,11,2
3,3,0
1,1,0
2,2,0
2,2,0
2,2,0
6,6,0
2,2,0
2,2,0
6,6,0
9,9,0
2,2,0
3,3,0
1,1,0
0,0,0
2,2,0
10,10,0
2,2,0
2,4,2
2,80,78
0,0,0
3,3,0
3,5,2
0,0,0
2,2,0
2,2,0
2,2,0
1,3,2
2,41,39
2,2,0
2,2,0
0,0,0
2,2,0
2,2,0
2,2,0
8,8,0
2,2,0
0,0,0
2,2,0
3,7,4
3,3,0
3,3,0
2,2,0
3,7,4
2,2,0
9,9,0
8,10,2
0,0,0
9,9,0
1,2,1
2,2,0
6,15,9
2,2,0
3,3,0
6,6,0
2,2,0
2,2,0
2,2,0
2,4,2
1,1,0
2,2,0
0,0,0
2,2,0
2,6,4
3,3,0
1,2,1
9,9,0
2,2,0
2,2,0
2,2,0
3,3,0
2,2,0
2,2,0
2,2,0
2,4,2
8,8,0
6,6,0
3,3,0
3,3,0
2,2,0
2,2,0
2,46,44
3,3,0
2,10,8
0,0,0
56,58,2
2,3,1
2,2,0
1,1,0
38,39,1
3,3,0
2,2,0
3,3,0
18,18,0
2,2,0
3,5,2
2,14,12
2,2,0
3,28,25
2,2,0
1,1,0
2,2,0
2,13,11
2,18,16
2,2,0
2,2,0
2,7,5
3,3,0
3,3,0
1,84,83
2,2,0
2,14,12
3,3,0
2,4,2
2,8,6
100,100,0
2,2,0
2,6,4
2,2,0
2,3,1
2,2,0
2,3,1
3,3,0
14,14,0
3,9,6
1,1,0
2,2,0
3,3,0
2,2,0
3,3,0
3,3,0
2,2,0
2,2,0
2,2,0
3,6,3
2,2,0
2,2,0
2,2,0
2,5,3
3,5,2
2,4,2
3,3,0
3,7,4
1,1,0
2,2,0
2,2,0
2,2,0
1,2,1
2,2,0
9,9,0
2,2,0
3,3,0
2,2,0
2,5,3
1,2,1
3,9,6
3,3,0
5,5,0
1,3,2
2,2,0
1,2,1
2,2,0
4,5,1
9,9,0
11,15,4
2,13,11
3,3,0
9,9,0
2,9,7
2,2,0
2,2,0
2,2,0
3,3,0
2,2,0
2,2,0
2,5,3
0,0,0
2,6,4
2,4,2
2,2,0
2,2,0
2,2,0
2,2,0
4,21,17
3,3,0
1,3,2
3,5,2
5,39,34
3,3,0
1,4,3
2,2,0
1,22,21
0,0,0
2,2,0
3,10,7
0,0,0
2,3,1
2,80,78
2,2,0
2,2,0
3,5,2
2,2,0
2,2,0
3,3,0
2,4,2
2,2,0
7,70,63
2,8,6
2,2,0
1,1,0
1,24,23
2,2,0
3,6,3
5,5,0
2,2,0
2,2,0
2,3,1
2,2,0
2,2,0
3,3,0
2,2,0
2,7,5
2,3,1
2,2,0
6,6,0
2,2,0
1,5,4
2,2,0
3,5,2
3,3,0
1,6,5
2,2,0
2,2,0
2,2,0
3,5,2
2,2,0
2,4,2
2,2,0
3,6,3
20,20,0
2,2,0
2,2,0
2,2,0
2,20,18
2,4,2
3,3,0
3,3,0
0,0,0
1,1,0
2,49,47
2,2,0
3,5,2
2,4,2
2,2,0
1,12,11
3,3,0
2,2,0
2,2,0
1,16,15
2,2,0
1,3,2
2,4,2
100,100,0
0,0,0
2,25,23
2,2,0
32,37,5
1,1,0
4,4,0
2,4,2
8,8,0
2,2,0
10,10,0
3,24,21
1,2,1
2,4,2
2,2,0
4,4,0
14,14,0
2,2,0
2,2,0
2,4,2
3,9,6
2,6,4
0,0,0
2,4,2
2,2,0
6,7,1
1,2,1
2,2,0
3,3,0
2,2,0
7,7,0
2,3,1
3,3,0
2,2,0
3,14,11
3,3,0
20,22,2
0,0,0
2,5,3
10,14,4
2,2,0
3,3,0
2,2,0
1,1,0
1,2,1
3,3,0
2,5,3
2,2,0
2,4,2
11,78,67
2,2,0
3,3,0
2,2,0
3,3,0
5,5,0
9,9,0
2,4,2
60,121,61
51,62,11
0,0,0
1,2,1
2,2,0
31,31,0
4,4,0
3,3,0
3,5,2
2,2,0
2,4,2
1,1,0
2,6,4
25,25,0
9,9,0
3,3,0
3,7,4
2,4,2
2,4,2
0,0,0
3,5,2
2,4,2
2,2,0
100,100,0
2,2,0
14,16,2
3,5,2
2,2,0
3,3,0
3,3,0
2,2,0
2,4,2
8,8,0
1,26,25
2,2,0
6,6,0
5,5,0
2,2,0
2,2,0
2,2,0
3,7,4
1,24,23
8,8,0
3,3,0
3,30,27
1,2,1
2,2,0
1,3,2
2,2,0
2,3,1
3,9,6
50,50,0
3,5,2
2,2,0
2,4,2
31,31,0
1,1,0
8,8,0
3,8,5
2,2,0
2,2,0
1,2,1
28,28,0
2,2,0
2,2,0
2,2,0
1,4,3
2,2,0
3,6,3
4,4,0
0,0,0
2,2,0
2,8,6
6,6,0
2,2,0
2,2,0
3,3,0
3,5,2
2,2,0
2,4,2
2,6,4
1,1,0
2,2,0
1,12,11
6,6,0
2,16,14
6,25,19
2,2,0
2,2,0
2,2,0
1,2,1
3,6,3
2,2,0
2,6,4
2,3,1
1,2,1
3,3,0
2,6,4
12,12,0
3,4,1
3,3,0
3,3,0
1,1,0
2,4,2
43,43,0
2,7,5
2,2,0
0,0,0
2,2,0
3,9,6
2,4,2
2,2,0
62,149,87
2,2,0
2,2,0
2,2,0
2,3,1
2,5,3
2,4,2
2,2,0
2,8,6
2,14,12
0,0,0
9,9,0
2,4,2
3,3,0
1,1,0
2,2,0
2,2,0
2,2,0
9,9,0
38,38,0
10,33,23
2,3,1
1,5,4
2,2,0
3,4,1
0,0,0
2,3,1
2,2,0
3,3,0
2,2,0
2,2,0
2,2,0
3,3,0
3,5,2
7,7,0
2,2,0
1,1,0
2,4,2
2,2,0
8,8,0
2,2,0
1,2,1
2,2,0
2,4,2
3,12,9
2,2,0
2,2,0
0,0,0
2,2,0
1,1,0
2,2,0
1,103,102
1,1,0
3,6,3
3,7,4
1,72,71
2,2,0
2,2,0
2,3,1
3,3,0
13,13,0
2,2,0
0,0,0
1,26,25
23,23,0
3,3,0
3,3,0
2,2,0
2,2,0
2,2,0
3,3,0
2,2,0
3,4,1
9,9,0
2,2,0
3,5,2
2,2,0
1,1,0
1,2,1
1,1,0
2,10,8
2,5,3
2,2,0
4,4,0
3,3,0
2,4,2
2,2,0
2,2,0
8,8,0
2,2,0
3,3,0
2,4,2
2,6,4
3,10,7
2,2,0
2,4,2
8,8,0
0,0,0
3,3,0
7,9,2
3,14,11
2,2,0
2,2,0
3,3,0
2,4,2
3,8,5
2,2,0
2,5,3
2,2,0
2,2,0
2,2,0
2,3,1
1,1,0
1,1,0
3,5,2
3,3,0
2,2,0
2,4,2
1,5,4
2,2,0
3,5,2
3,3,0
2,2,0
2,2,0
21,21,0
3,5,2
2,4,2
3,5,2
3,3,0
2,2,0
9,9,0
0,0,0
3,6,3
3,3,0
7,8,1
1,1,0
6,6,0
2,6,4
8,8,0
0,0,0
1,58,57
2,2,0
1,20,19
3,8,5
2,10,8
2,2,0
2,2,0
3,5,2
3,3,0
3,3,0
9,9,0
1,1,0
3,5,2
7,7,0
1,1,0
3,5,2
2,2,0
3,3,0
2,2,0
2,2,0
4,4,0
8,14,6
3,3,0
2,3,1
3,3,0
3,3,0
2,2,0
2,82,80
2,2,0
1,2,1
2,2,0
3,3,0
2,46,44
44,61,17
8,8,0
3,5,2
3,46,43
2,2,0
1,2,1
3,5,2
2,2,0
3,3,0
4,8,4
3,3,0
3,3,0
2,2,0
2,4,2
3,3,0
2,4,2
2,2,0
3,5,2
100,100,0
2,82,80
3,3,0
0,0,0
1,22,21
6,6,0
2,2,0
4,4,0
0,0,0
1,1,0
3,5,2
2,4,2
2,4,2
2,2,0
8,8,0
3,3,0
2,2,0
2,2,0
9,33,24
2,2,0
2,2,0
2,5,3
2,8,6
0,0,0
2,2,0
2,3,1
3,3,0
1,4,3
1,3,2
3,3,0
2,2,0
2,5,3
1,2,1
3,3,0
3,3,0
2,6,4
3,3,0
2,2,0
8,8,0
100,104,4
2,9,7
3,3,0
3,3,0
3,5,2
2,2,0
35,36,1
2,6,4
3,3,0
2,3,1
2,2,0
2,2,0
2,6,4
1,1,0
2,10,8
37,37,0
2,2,0
8,8,0
2,9,7
3,5,2
2,5,3
3,3,0
3,5,2
3,8,5
9,9,0
2,35,33
5,8,3
2,4,2
2,2,0
8,8,0
3,5,2
42,42,0
3,5,2
2,2,0
2,2,0
3,5,2
2,3,1
1,9,8
2,7,5
8,8,0
2,2,0
3,7,4
3,5,2
50,58,8
2,2,0
3,14,11
8,8,0
3,3,0
2,2,0
2,2,0
2,2,0
120,242,122
0,0,0
2,2,0
2,4,2
1,10,9
3,8,5
4,4,0
1,10,9
2,2,0
1,1,0
1,48,47
2,10,8
2,2,0
3,3,0
105,203,98
2,2,0
3,10,7
3,3,0
3,3,0
3,3,0
3,5,2
3,5,2
2,12,10
2,4,2
2,2,0
3,3,0
0,0,0
3,3,0
2,2,0
3,5,2
1,1,0
0,0,0
3,3,0
3,4,1
9,9,0
4,4,0
3,3,0
2,2,0
2,9,7
2,2,0
2,2,0
4,4,0
2,2,0
8,8,0
5,7,2
2,2,0
2,2,0
3,8,5
3,3,0
1,28,27
2,4,2
2,2,0
2,2,0
2,12,10
3,3,0
2,2,0
2,2,0
2,4,2
1,3,2
2,2,0
1,22,21
3,13,10
2,2,0
8,8,0
23,26,3
3,4,1
3,3,0
3,3,0
67,67,0
3,6,3
8,10,2
1,1,0
2,2,0
2,2,0
1,4,3
18,18,0
3,14,11
1,6,5
28,28,0
2,2,0
2,2,0
2,2,0
11,11,0
98,98,0
3,5,2
3,5,2
8,8,0
4,6,2
2,2,0
46,47,1
3,5,2
9,9,0
3,5,2
3,7,4
2,5,3
2,15,13
3,3,0
2,2,0
1,2,1
2,2,0
2,2,0
1,1,0
0,0,0
2,2,0
2,4,2
19,55,36
1,1,0
2,2,0
2,3,1
1,3,2
33,33,0
10,10,0
0,0,0
2,4,2
2,2,0
0,0,0
2,2,0
2,2,0
1,1,0
2,2,0
3,3,0
3,5,2
4,23,19
2,2,0
2,2,0
2,2,0
3,3,0
9,9,0
0,0,0
3,3,0
3,3,0
2,2,0
2,2,0
3,9,6
53,56,3
2,2,0
9,9,0
21,21,0
2,2,0
2,2,0
2,2,0
2,2,0
11,11,0
7,8,1
3,3,0
2,2,0
3,3,0
3,4,1
9,9,0
1,1,0
2,2,0
8,8,0
2,2,0
2,2,0
0,0,0
2,2,0
20,125,105
2,57,55
1,2,1
2,2,0
2,2,0
7,7,0
55,189,134
1,1,0
2,2,0
3,5,2
2,4,2
2,17,15
2,2,0
1,1,0
2,2,0
0,0,0
2,2,0
3,5,2
8,18,10
4,7,3
1,1,0
3,3,0
2,2,0
2,2,0
3,13,10
2,2,0
2,2,0
2,2,0
2,2,0
9,9,0
4,4,0
9,9,0
1,4,3
2,2,0
2,2,0
2,2,0
3,5,2
3,3,0
1,1,0
2,2,0
2,4,2
2,6,4
0,0,0
3,3,0
68,70,2
1,2,1
2,2,0
2,2,0
2,2,0
4,5,1
2,4,2
2,2,0
3,3,0
6,6,0
20,20,0
2,45,43
2,2,0
12,12,0
5,5,0
1,26,25
3,3,0
2,4,2
2,2,0
2,2,0
2,2,0
2,2,0
2,8,6
8,8,0
2,6,4
2,2,0
2,2,0
6,6,0
2,2,0
50,56,6
2,2,0
2,2,0
2,4,2
2,4,2
1,1,0
2,3,1
6,6,0
2,2,0
2,2,0
2,2,0
8,10,2
1,1,0
6,17,11
2,82,80
2,13,11
3,4,1
2,2,0
3,3,0
2,2,0
10,20,10
2,2,0
2,3,1
8,8,0
2,2,0
9,9,0
2,2,0
2,2,0
8,8,0
2,2,0
1,2,1
2,2,0
2,4,2
2,2,0
3,3,0
3,3,0
20,20,0
2,2,0
3,3,0
2,2,0
3,3,0
2,2,0
47,49,2
2,3,1
2,2,0
1,1,0
3,3,0
2,2,0
2,2,0
2,2,0
1,2,1
3,3,0
1,1,0
2,3,1
3,3,0
8,8,0
2,2,0
1,1,0
2,2,0
2,2,0
2,2,0
2,2,0
2,4,2
9,10,1
9,9,0
3,3,0
56,56,0
1,4,3
2,9,7
3,10,7
2,2,0
2,2,0
2,2,0
2,2,0
3,5,2
0,0,0
47,47,0
4,6,2
2,2,0
2,4,2
1,24,23
2,2,0
2,2,0
7,8,1
2,2,0
0,0,0
2,2,0
2,2,0
0,0,0
3,3,0
2,2,0
2,2,0
8,8,0
9,9,0
3,7,4
2,2,0
3,3,0
3,3,0
2,3,1
1,1,0
8,8,0
3,3,0
16,16,0
3,3,0
3,3,0
8,8,0
2,2,0
3,3,0
3,3,0
1,2,1
2,2,0
2,2,0
2,2,0
2,12,10
1,1,0
2,2,0
3,3,0
2,2,0
2,2,0
2,26,24
2,4,2
3,5,2
3,9,6
2,2,0
1,24,23
2,2,0
132,132,0
2,2,0
2,2,0
2,2,0
5,6,1
2,2,0
56,56,0
7,7,0
2,4,2
3,3,0
2,2,0
2,2,0
0,0,0
1,2,1
2,4,2
15,18,3
44,47,3
2,2,0
8,8,0
2,4,2
2,2,0
2,2,0
2,4,2
3,3,0
3,7,4
2,4,2
1,1,0
2,2,0
10,10,0
3,3,0
2,2,0
100,100,0
39,39,0
9,9,0
2,18,16
1,1,0
3,8,5
2,2,0
0,0,0
2,2,0
1,24,23
11,11,0
1,1,0
1,21,20
2,2,0
2,80,78
1,62,61
2,47,45
2,3,1
14,14,0
1,2,1
6,7,1
100,198,98
2,2,0
2,2,0
3,3,0
2,4,2
2,2,0
2,2,0
3,5,2
2,2,0
2,2,0
2,2,0
7,10,3
3,4,1
22,23,1
1,2,1
2,3,1
2,4,2
3,7,4
2,10,8
2,2,0
19,19,0
2,4,2
5,5,0
2,2,0
1,2,1
2,2,0
9,9,0
3,3,0
3,5,2
1,2,1
1,1,0
28,31,3
1,1,0
2,2,0
2,4,2
2,2,0
24,29,5
1,1,0
1,1,0
3,3,0
8,10,2
2,2,0
1,24,23
1,1,0
24,26,2
2,11,9
43,44,1
11,11,0
2,2,0
2,4,2
11,20,9
2,2,0
2,16,14
3,3,0
2,2,0
3,9,6
8,8,0
1,2,1
2,2,0
1,3,2
2,2,0
3,3,0
1,20,19
2,2,0
2,4,2
2,2,0
3,3,0
2,7,5
2,2,0
2,2,0
2,2,0
6,6,0
2,2,0
1,2,1
11,11,0
2,2,0
8,8,0
12,13,1
9,11,2
2,2,0
2,2,0
2,2,0
2,2,0
1,23,22
2,2,0
3,5,2
1,23,22
3,3,0
2,4,2
2,2,0
9,9,0
9,9,0
2,2,0
3,3,0
2,2,0
2,2,0
1,2,1
2,2,0
3,5,2
3,3,0
3,5,2
93,93,0
3,3,0
2,2,0
2,2,0
128,128,0
16,17,1
91,91,0
2,2,0
2,2,0
2,2,0
1,2,1
45,119,74
2,2,0
3,3,0
2,3,1
2,2,0
1,19,18
7,7,0
0,0,0
2,2,0
2,26,24
8,9,1
1,1,0
2,3,1
4,4,0
2,4,2
2,4,2
2,4,2
2,2,0
2,2,0
2,6,4
2,10,8
8,8,0
2,2,0
2,2,0
2,2,0
6,36,30
0,0,0
2,2,0
2,34,32
2,2,0
1,1,0
3,3,0
3,3,0
3,7,4
8,8,0
2,2,0
6,35,29
2,2,0
2,2,0
44,44,0
2,3,1
2,6,4
3,5,2
1,2,1
20,20,0
1,1,0
2,11,9
3,3,0
2,3,1
2,2,0
2,2,0
2,2,0
2,2,0
6,26,20
2,3,1
2,2,0
2,2,0
1,2,1
2,3,1
0,0,0
1,1,0
6,17,11
2,2,0
10,10,0
3,3,0
3,3,0
1,2,1
2,2,0
46,46,0
1,2,1
2,2,0
2,9,7
3,11,8
100,143,43
3,5,2
3,3,0
1,1,0
2,2,0
12,12,0
1,2,1
2,2,0
2,4,2
2,2,0
2,2,0
8,10,2
2,2,0
2,13,11
2,2,0
2,2,0
3,11,8
3,3,0
2,84,82
3,3,0
2,2,0
2,2,0
2,2,0
8,8,0
2,2,0
2,4,2
2,2,0
2,2,0
2,3,1
24,134,110
9,9,0
2,2,0
2,2,0
3,3,0
2,4,2
2,4,2
3,3,0
3,8,5
2,2,0
2,3,1
16,16,0
3,3,0
6,6,0
2,2,0
2,2,0
2,2,0
6,10,4
2,2,0
2,2,0
3,7,4
2,2,0
3,3,0
2,4,2
0,0,0
2,2,0
24,24,0
35,78,43
3,5,2
2,2,0
3,3,0
2,2,0
3,5,2
2,3,1
3,3,0
2,2,0
2,2,0
3,3,0
2,2,0
0,0,0
2,2,0
2,4,2
3,3,0
2,2,0
3,10,7
3,5,2
3,3,0
60,121,61
1,1,0
2,2,0
14,14,0
2,29,27
2,3,1
1,2,1
2,2,0
3,3,0
2,4,2
2,5,3
3,3,0
2,2,0
2,2,0
3,6,3
2,4,2
2,2,0
3,3,0
2,2,0
3,3,0
2,2,0
2,4,2
2,2,0
2,2,0
3,3,0
1,5,4
2,2,0
1,1,0
2,2,0
2,2,0
2,2,0
2,4,2
3,5,2
2,2,0
2,2,0
2,2,0
9,9,0
3,5,2
2,2,0
2,2,0
2,2,0
2,2,0
2,2,0
3,3,0
2,2,0
3,3,0
3,5,2
3,3,0
2,2,0
2,2,0
3,22,19
1,1,0
3,3,0
2,2,0
1,15,14
1,1,0
3,4,1
2,19,17
2,3,1
39,46,7
4,6,2
2,2,0
3,5,2
3,14,11
2,4,2
2,2,0
2,5,3
3,3,0
2,2,0
43,43,0
3,9,6
2,4,2
1,2,1
6,6,0
3,3,0
59,62,3
2,4,2
2,2,0
18,18,0
4,5,1
2,2,0
3,3,0
3,5,2
2,2,0
8,8,0
0,0,0
3,13,10
10,10,0
12,12,0
4,4,0
2,3,1
1,1,0
2,2,0
99,99,0
2,2,0
2,2,0
2,11,9
2,8,6
3,3,0
2,6,4
2,2,0
2,13,11
3,3,0
2,2,0
2,2,0
3,5,2
2,2,0
0,0,0
1,5,4
3,3,0
2,2,0
2,2,0
1,2,1
3,3,0
8,8,0
2,2,0
3,3,0
0,0,0
0,0,0
3,3,0
3,3,0
3,3,0
3,3,0
2,2,0
2,2,0
2,2,0
0,0,0
15,30,15
3,5,2
2,2,0
4,4,0
3,5,2
2,9,7
8,8,0
3,7,4
2,2,0
2,2,0
10,10,0
3,3,0
2,2,0
2,4,2
4,4,0
9,9,0
2,2,0
2,31,29
4,4,0
2,2,0
2,2,0
2,4,2
2,2,0
8,8,0
14,14,0
3,3,0
8,8,0
2,2,0
2,5,3
1,7,6
2,3,1
3,3,0
1,29,28
0,0,0
2,2,0
2,21,19
100,100,0
1,2,1
2,2,0
8,8,0
1,1,0
2,2,0
2,2,0
1,2,1
3,3,0
132,132,0
3,3,0
2,2,0
89,89,0
3,7,4
2,4,2
2,2,0
2,2,0
2,28,26
2,2,0
2,2,0
2,2,0
1,62,61
1,2,1
2,2,0
2,3,1
3,3,0
22,24,2
3,8,5
2,4,2
25,29,4
3,3,0
2,8,6
2,80,78
1,2,1
3,5,2
2,21,19
2,2,0
1,1,0
3,3,0
3,3,0
3,3,0
2,2,0
2,2,0
2,2,0
349,426,77
2,2,0
2,2,0
1,2,1
2,4,2
9,9,0
2,23,21
2,2,0
1,1,0
3,5,2
2,2,0
2,2,0
3,5,2
4,4,0
1,56,55
2,4,2
2,2,0
2,4,2
2,2,0
2,2,0
2,2,0
3,8,5
4,4,0
9,9,0
3,3,0
2,2,0
3,7,4
0,0,0
3,3,0
3,7,4
3,14,11
2,2,0
2,2,0
10,10,0
2,2,0
2,2,0
94,94,0
2,2,0
1,4,3
3,10,7
1,2,1
1,1,0
2,13,11
1,1,0
2,2,0
3,3,0
3,13,10
2,2,0
113,209,96
2,2,0
2,2,0
1,5,4
2,4,2
3,5,2
2,2,0
3,3,0
0,0,0
1,1,0
1,1,0
3,3,0
1,25,24
1,1,0
13,15,2
2,9,7
2,6,4
7,23,16
9,9,0
2,2,0
2,4,2
9,9,0
3,5,2
3,7,4
3,9,6
3,5,2
2,2,0
3,3,0
0,0,0
2,2,0
2,2,0
19,19,0
3,3,0
2,2,0
2,2,0
48,74,26
1,3,2
2,4,2
3,5,2
1,1,0
2,2,0
2,2,0
4,4,0
3,5,2
2,2,0
2,2,0
2,2,0
2,2,0
0,0,0
2,80,78
0,0,0
0,0,0
2,2,0
2,2,0
8,8,0
1,5,4
1,14,13
2,2,0
3,7,4
2,2,0
1,1,0
2,3,1
1,2,1
3,3,0
2,2,0
2,3,1
1,6,5
2,4,2
2,8,6
8,8,0
2,2,0
2,2,0
3,3,0
3,10,7
1,2,1
2,2,0
3,6,3
2,2,0
2,2,0
2,2,0
3,9,6
4,6,2
95,95,0
2,2,0
2,2,0
3,3,0
2,2,0
2,3,1
3,5,2
0,0,0
2,2,0
28,55,27
2,2,0
2,5,3
8,8,0
3,3,0
2,2,0
2,2,0
1,1,0
1,2,1
9,9,0
2,2,0
2,2,0
2,2,0
3,5,2
8,8,0
2,4,2
2,2,0
2,2,0
2,2,0
3,14,11
2,2,0
4,4,0
2,2,0
2,16,14
79,95,16
9,14,5
2,2,0
8,8,0
1,53,52
1,1,0
2,2,0
2,2,0
2,82,80
1,5,4
1,3,2
2,2,0
3,3,0
2,2,0
3,3,0
3,3,0
3,3,0
2,2,0
2,2,0
2,2,0
3,5,2
2,5,3
2,2,0
2,2,0
2,15,13
3,3,0
2,4,2
2,2,0
2,2,0
11,20,9
3,7,4
3,3,0
2,6,4
2,3,1
8,8,0
2,93,91
2,2,0
3,6,3
3,3,0
2,5,3
9,9,0
2,3,1
2,2,0
1,3,2
2,4,2
1,1,0
2,2,0
19,19,0
1,9,8
51,54,3
7,7,0
2,4,2
9,9,0
3,5,2
1,1,0
139,139,0
2,2,0
3,6,3
1,1,0
2,16,14
1,5,4
4,4,0
1,3,2
3,3,0
9,9,0
2,2,0
2,4,2
2,2,0
2,2,0
2,48,46
2,2,0
2,7,5
3,3,0
9,9,0
2,82,80
2,6,4
3,3,0
8,16,8
123,159,36
8,8,0
3,3,0
8,8,0
3,3,0
8,8,0
8,8,0
2,2,0
2,5,3
3,3,0
2,2,0
1,2,1
6,6,0
3,3,0
3,3,0
9,9,0
2,2,0
6,35,29
2,16,14
2,2,0
3,3,0
2,2,0
2,2,0
4,4,0
3,9,6
0,0,0
4,6,2
2,2,0
2,2,0
8,8,0
2,2,0
1,1,0
3,5,2
2,5,3
1,1,0
2,2,0
8,8,0
9,9,0
3,3,0
3,5,2
3,3,0
2,2,0
2,2,0
3,8,5
2,15,13
2,2,0
2,5,3
2,2,0
2,2,0
3,5,2
4,4,0
1,3,2
2,2,0
3,11,8
3,7,4
1,2,1
2,2,0
100,100,0
2,2,0
2,6,4
3,5,2
100,100,0
3,3,0
2,2,0
3,3,0
3,3,0
7,7,0
3,5,2
8,8,0
9,9,0
2,2,0
2,2,0
3,3,0
0,0,0
2,2,0
3,5,2
82,168,86
53,53,0
1,1,0
2,2,0
2,2,0
2,2,0
2,84,82
100,100,0
2,2,0
3,3,0
2,3,1
2,2,0
2,3,1
3,6,3
1,1,0
2,2,0
8,8,0
2,2,0
3,28,25
2,2,0
0,0,0
51,51,0
2,3,1
3,5,2
2,2,0
100,100,0
0,0,0
1,1,0
1,1,0
2,2,0
22,33,11
75,89,14
8,8,0
1,7,6
1,1,0
2,2,0
2,2,0
1,2,1
1,103,102
3,3,0
0,0,0
77,77,0
2,3,1
3,3,0
2,80,78
2,2,0
2,2,0
0,0,0
2,11,9
2,2,0
1,1,0
23,23,0
0,0,0
1,1,0
3,3,0
1,1,0
6,6,0
2,2,0
1,23,22
3,3,0
2,2,0
2,2,0
3,3,0
2,2,0
1,3,2
2,2,0
2,82,80
2,2,0
1,2,1
3,5,2
2,2,0
32,33,1
127,127,0
3,3,0
2,2,0
1,1,0
2,2,0
43,45,2
2,2,0
8,8,0
2,2,0
2,2,0
2,2,0
3,8,5
2,8,6
2,2,0
2,3,1
3,3,0
1,2,1
3,13,10
2,2,0
2,2,0
2,10,8
2,2,0
2,2,0
0,0,0
2,6,4
3,3,0
2,2,0
1,1,0
2,6,4
6,8,2
2,3,1
8,8,0
2,2,0
10,10,0
1,1,0
2,2,0
3,10,7
3,3,0
0,0,0
8,8,0
3,7,4
3,3,0
2,2,0
3,3,0
3,4,1
6,6,0
2,2,0
2,2,0
2,2,0
89,194,105
3,3,0
3,10,7
2,2,0
1,12,11
2,2,0
2,2,0
29,29,0
1,2,1
6,6,0
2,82,80
3,3,0
2,2,0
8,8,0
3,3,0
1,2,1
3,4,1
2,2,0
0,0,0
2,2,0
3,3,0
2,4,2
8,8,0
2,8,6
3,15,12
2,12,10
2,6,4
2,2,0
2,4,2
9,9,0
2,2,0
18,18,0
2,2,0
2,4,2
2,2,0
1,1,0
3,5,2
2,2,0
3,3,0
1,2,1
3,12,9
2,2,0
3,5,2
2,2,0
3,9,6
2,2,0
3,3,0
2,2,0
4,4,0
2,4,2
2,2,0
2,2,0
2,2,0
2,5,3
2,2,0
2,2,0
0,0,0
2,2,0
2,2,0
2,2,0
2,7,5
5,5,0
2,2,0
2,2,0
11,11,0
1,1,0
2,2,0
2,6,4
2,2,0
3,3,0
2,2,0
2,2,0
1,7,6
1,8,7
3,7,4
2,2,0
12,12,0
9,9,0
2,3,1
2,2,0
2,2,0
2,2,0
2,2,0
1,11,10
2,2,0
3,3,0
2,2,0
1,2,1
2,176,174
3,8,5
2,2,0
7,7,0
4,12,8
2,2,0
1,2,1
0,0,0
2,2,0
13,13,0
1,1,0
9,9,0
4,5,1
3,3,0
8,8,0
2,6,4
2,3,1
100,104,4
100,104,4
2,2,0
2,2,0
3,3,0
1,4,3
2,2,0
3,3,0
51,51,0
2,2,0
3,10,7
2,2,0
2,2,0
14,14,0
2,15,13
2,2,0
11,25,14
8,8,0
2,2,0
10,10,0
3,3,0
3,3,0
8,8,0
2,2,0
2,2,0
3,7,4
4,4,0
2,2,0
3,5,2
3,5,2
1,6,5
49,49,0
1,3,2
3,3,0
3,5,2
3,3,0
3,3,0
5,49,44
3,5,2
2,2,0
2,2,0
3,20,17
2,29,27
2,7,5
2,2,0
3,3,0
3,3,0
3,3,0
1,1,0
2,6,4
1,1,0
47,130,83
3,3,0
3,3,0
2,2,0
3,3,0
3,3,0
21,21,0
2,2,0
1,7,6
2,2,0
2,3,1
8,8,0
0,0,0
5,9,4
9,9,0
2,2,0
3,3,0
2,8,6
3,5,2
2,2,0
2,2,0
2,2,0
2,2,0
5,5,0
41,119,78
2,2,0
2,2,0
2,2,0
2,6,4
1,36,35
1,1,0
2,3,1
2,4,2
2,3,1
3,3,0
2,2,0
3,3,0
1,2,1
3,3,0
3,3,0
1,2,1
1,2,1
3,16,13
3,3,0
2,17,15
8,8,0
4,4,0
2,3,1
16,34,18
3,3,0
3,3,0
3,3,0
1,6,5
2,2,0
2,2,0
2,2,0
1,1,0
2,2,0
3,11,8
2,2,0
3,3,0
3,3,0
72,122,50
2,4,2
47,47,0
22,22,0
3,3,0
2,2,0
1,10,9
3,6,3
2,2,0
3,3,0
2,4,2
3,23,20
3,8,5
2,3,1
3,5,2
2,2,0
2,2,0
2,2,0
3,6,3
2,3,1
2,2,0
2,2,0
8,8,0
3,3,0
2,4,2
2,2,0
1,1,0
2,2,0
2,4,2
11,11,0
3,9,6
2,8,6
21,21,0
2,2,0
1,5,4
9,9,0
2,2,0
1,1,0
1,3,2
2,5,3
2,3,1
2,4,2
2,2,0
2,7,5
7,7,0
2,3,1
3,9,6
2,2,0
2,2,0
9,9,0
2,12,10
20,20,0
2,4,2
2,2,0
2,2,0
0,0,0
2,3,1
2,9,7
100,104,4
2,2,0
1,2,1
3,3,0
13,13,0
3,3,0
18,19,1
2,2,0
3,3,0
3,3,0
21,21,0
2,4,2
100,153,53
2,2,0
2,2,0
1,4,3
4,4,0
2,2,0
2,9,7
3,23,20
2,2,0
5,5,0
2,2,0
3,5,2
4,4,0
2,4,2
2,2,0
1,21,20
3,3,0
3,3,0
2,2,0
3,8,5
3,5,2
7,7,0
2,2,0
3,7,4
2,2,0
2,2,0
3,5,2
1,1,0
3,3,0
2,2,0
2,8,6
8,8,0
2,2,0
3,3,0
2,2,0
2,2,0
2,2,0
4,4,0
2,2,0
10,10,0
3,3,0
2,6,4
0,0,0
3,3,0
2,2,0
3,3,0
2,3,1
2,4,2
4,4,0
6,6,0
8,9,1
5,8,3
2,2,0
3,3,0
2,7,5
2,2,0
2,5,3
2,3,1
1,1,0
1,3,2
1,1,0
3,3,0
1,1,0
2,2,0
37,37,0
1,1,0
3,5,2
4,4,0
2,25,23
1,5,4
2,6,4
3,5,2
1,4,3
2,2,0
2,3,1
0,0,0
7,7,0
1,3,2
3,3,0
2,2,0
2,2,0
2,2,0
3,5,2
6,6,0
3,6,3
4,18,14
8,8,0
2,6,4
26,54,28
3,12,9
2,2,0
2,2,0
0,0,0
2,2,0
2,2,0
2,7,5
12,12,0
3,3,0
2,2,0
1,24,23
3,5,2
2,2,0
2,3,1
2,2,0
3,5,2
2,2,0
1,3,2
3,3,0
2,2,0
2,2,0
2,2,0
2,2,0
2,2,0
10,21,11
1,2,1
9,10,1
3,10,7
1,1,0
2,16,14
2,2,0
3,6,3
10,12,2
5,5,0
2,2,0
2,2,0
2,2,0
3,5,2
2,6,4
2,2,0
3,3,0
2,2,0
4,4,0
1,2,1
2,2,0
3,8,5
2,16,14
2,4,2
2,9,7
8,8,0
2,4,2
2,2,0
2,4,2
3,4,1
2,20,18
3,5,2
10,10,0
2,2,0
2,2,0
2,2,0
2,2,0
0,0,0
3,5,2
3,3,0
1,2,1
3,6,3
2,6,4
2,3,1
8,54,46
2,7,5
1,2,1
2,3,1
2,2,0
2,2,0
2,2,0
14,14,0
8,8,0
2,2,0
7,9,2
4,5,1
3,6,3
4,8,4
2,25,23
2,4,2
2,2,0
2,2,0
2,2,0
1,21,20
1,1,0
17,17,0
1,1,0
11,11,0
2,2,0
2,2,0
2,2,0
2,45,43
2,6,4
2,2,0
2,2,0
10,16,6
2,2,0
1,1,0
2,2,0
3,3,0
3,5,2
1,2,1
8,8,0
3,3,0
3,3,0
1,1,0
2,2,0
2,19,17
2,2,0
2,2,0
1,23,22
2,2,0
2,2,0
14,14,0
3,3,0
2,3,1
3,5,2
2,4,2
8,16,8
2,2,0
2,2,0
2,3,1
1,5,4
2,2,0
3,7,4
2,2,0
5,5,0
2,2,0
2,4,2
2,2,0
3,5,2
2,2,0
1,1,0
5,5,0
9,49,40
3,4,1
1,1,0
1,4,3
2,2,0
3,3,0
3,3,0
3,5,2
2,2,0
2,4,2
3,5,2
3,5,2
2,3,1
200,364,164
2,2,0
7,7,0
2,2,0
0,0,0
2,2,0
1,1,0
2,2,0
3,7,4
3,5,2
3,3,0
4,6,2
2,2,0
3,7,4
2,2,0
4,6,2
3,3,0
3,5,2
2,2,0
3,4,1
4,6,2
2,5,3
1,3,2
9,9,0
3,4,1
2,2,0
2,2,0
3,5,2
3,3,0
2,2,0
3,3,0
2,2,0
2,2,0
1,2,1
2,4,2
8,8,0
2,4,2
3,3,0
2,2,0
1,1,0
3,3,0
3,5,2
2,4,2
8,8,0
2,8,6
2,2,0
3,3,0
3,3,0
2,2,0
2,2,0
2,25,23
2,6,4
0,0,0
2,2,0
1,117,116
3,5,2
2,2,0
2,2,0
9,9,0
9,9,0
2,3,1
1,5,4
1,21,20
3,3,0
2,4,2
3,5,2
5,5,0
1,2,1
3,5,2
2,2,0
2,2,0
2,2,0
2,2,0
3,3,0
4,4,0
2,2,0
3,5,2
0,0,0
3,3,0
3,3,0
38,38,0
1,93,92
2,2,0
2,6,4
1,1,0
2,2,0
3,3,0
17,17,0
3,3,0
2,9,7
2,2,0
8,8,0
3,3,0
20,20,0
1,23,22
2,2,0
8,53,45
3,3,0
2,15,13
3,5,2
2,10,8
3,3,0
1,33,32
3,3,0
2,2,0
2,6,4
2,2,0
3,3,0
2,2,0
2,2,0
3,3,0
2,20,18
2,2,0
2,4,2
1,2,1
2,2,0
9,12,3
1,90,89
2,2,0
2,2,0
2,2,0
2,3,1
2,2,0
8,8,0
2,2,0
2,2,0
2,23,21
1,1,0
3,3,0
2,4,2
1,5,4
2,2,0
2,2,0
2,2,0
2,2,0
1,21,20
1,5,4
2,5,3
2,2,0
1,1,0
60,60,0
0,0,0
2,6,4
2,2,0
3,5,2
2,2,0
2,2,0
3,3,0
3,3,0
2,2,0
2,4,2
6,6,0
3,3,0
2,6,4
3,11,8
4,4,0
134,134,0
3,3,0
2,2,0
3,3,0
2,2,0
2,2,0
2,2,0
2,2,0
2,2,0
10,10,0
1,9,8
2,4,2
2,2,0
0,0,0
4,5,1
2,82,80
10,24,14
1,2,1
1,49,48
2,2,0
2,2,0
2,2,0
3,3,0
2,18,16
3,3,0
3,5,2
3,3,0
2,2,0
2,2,0
2,2,0
2,2,0
1,1,0
2,3,1
3,7,4
1,5,4
2,2,0
2,2,0
2,2,0
2,2,0
2,2,0
2,2,0
2,2,0
2,2,0
2,2,0
3,3,0
7,7,0
2,2,0
1,10,9
2,2,0
3,3,0
12,14,2
3,3,0
2,2,0
3,3,0
2,2,0
2,2,0
1,1,0
1,23,22
7,9,2
2,4,2
2,2,0
3,3,0
1,4,3
2,3,1
2,24,22
2,8,6
2,2,0
2,2,0
0,0,0
2,82,80
2,2,0
3,3,0
2,2,0
3,3,0
2,4,2
3,3,0
22,22,0
1,1,0
4,52,48
3,7,4
2,2,0
1,1,0
9,11,2
3,16,13
1,1,0
9,109,100
3,7,4
1,1,0
2,2,0
2,6,4
2,4,2
3,3,0
1,5,4
10,10,0
0,0,0
1,1,0
3,5,2
0,0,0
3,3,0
1,2,1
2,2,0
9,9,0
1,2,1
3,5,2
1,1,0
2,2,0
3,11,8
1,3,2
2,3,1
2,2,0
2,2,0
3,14,11
3,3,0
2,3,1
3,7,4
2,4,2
2,2,0
2,9,7
2,2,0
3,3,0
3,5,2
9,9,0
1,1,0
2,3,1
4,4,0
2,2,0
2,2,0
74,80,6
35,35,0
3,3,0
9,9,0
2,2,0
2,2,0
2,2,0
1,1,0
2,4,2
1,1,0
2,2,0
2,19,17
9,11,2
2,2,0
3,4,1
3,3,0
2,2,0
2,6,4
2,2,0
13,13,0
2,2,0
2,5,3
3,3,0
5,5,0
44,45,1
2,2,0
8,8,0
2,2,0
2,16,14
2,2,0
2,2,0
2,2,0
3,3,0
1,2,1
2,2,0
2,6,4
2,2,0
2,2,0
1,8,7
2,2,0
2,2,0
2,6,4
2,2,0
20,20,0
3,3,0
2,2,0
8,8,0
3,3,0
2,2,0
1,118,117
2,2,0
2,2,0
8,8,0
2,2,0
8,18,10
3,3,0
2,2,0
2,2,0
7,7,0
2,2,0
2,2,0
2,4,2
100,100,0
8,8,0
1,2,1
2,2,0
1,2,1
3,3,0
3,7,4
3,3,0
2,2,0
13,13,0
2,6,4
2,2,0
1,1,0
2,2,0
3,3,0
2,2,0
1,2,1
2,4,2
9,9,0
2,2,0
1,1,0
4,9,5
1,1,0
2,2,0
2,4,2
2,3,1
2,2,0
2,3,1
2,6,4
3,5,2
2,2,0
2,2,0
2,2,0
0,0,0
2,2,0
3,5,2
130,130,0
1,1,0
2,2,0
2,2,0
2,3,1
8,8,0
9,9,0
3,3,0
2,4,2
2,2,0
1,1,0
2,3,1
8,8,0
2,2,0
3,7,4
1,2,1
2,2,0
3,5,2
2,2,0
2,6,4
2,2,0
3,3,0
2,2,0
2,2,0
3,3,0
1,1,0
2,2,0
3,5,2
3,7,4
2,2,0
1,1,0
1,1,0
3,5,2
3,3,0
2,10,8
1,1,0
190,286,96
2,4,2
2,80,78
9,9,0
2,2,0
0,0,0
2,2,0
100,104,4
72,72,0
1,1,0
2,2,0
2,2,0
21,21,0
2,2,0
99,170,71
1,5,4
2,6,4
21,23,2
2,4,2
1,2,1
2,6,4
2,2,0
2,2,0
1,23,22
8,8,0
1,67,66
1,1,0
2,2,0
3,5,2
1,2,1
2,2,0
2,2,0
1,3,2
3,5,2
2,2,0
2,2,0
2,45,43
43,64,21
2,2,0
2,2,0
1,1,0
2,2,0
2,4,2
2,2,0
2,2,0
3,3,0
2,3,1
3,4,1
2,5,3
2,4,2
2,2,0
3,5,2
3,3,0
1,2,1
6,6,0
3,3,0
10,10,0
1,1,0
2,2,0
3,3,0
2,2,0
2,3,1
2,2,0
2,2,0
2,2,0
1,3,2
2,2,0
3,3,0
2,2,0
2,4,2
3,5,2
2,4,2
1,2,1
1,3,2
2,6,4
8,8,0
2,2,0
2,2,0
8,8,0
9,9,0
3,5,2
8,8,0
1,1,0
2,2,0
3,8,5
2,3,1
2,2,0
2,5,3
2,2,0
2,2,0
3,3,0
2,2,0
2,2,0
2,2,0
0,0,0
2,2,0
2,2,0
2,2,0
2,2,0
4,4,0
2,2,0
3,9,6
0,0,0
1,3,2
5,5,0
3,7,4
3,7,4
1,1,0
3,3,0
2,3,1
14,23,9
3,3,0
2,2,0
3,6,3
2,2,0
2,2,0
3,5,2
3,3,0
2,2,0
2,4,2
4,71,67
21,21,0
2,2,0
3,29,26
100,104,4
8,8,0
2,13,11
3,5,2
3,3,0
3,9,6
2,2,0
6,6,0
3,5,2
2,4,2
3,3,0
3,6,3
10,12,2
2,2,0
2,2,0
2,2,0
2,2,0
3,3,0
1,2,1
1,1,0
3,7,4
3,7,4
2,3,1
2,2,0
3,3,0
2,2,0
2,2,0
0,0,0
2,3,1
4,4,0
2,2,0
9,9,0
1,1,0
1,1,0
2,3,1
2,38,36
0,0,0
3,7,4
2,14,12
2,2,0
2,2,0
2,2,0
2,3,1
18,18,0
9,9,0
3,3,0
2,2,0
8,8,0
1,5,4
3,3,0
2,2,0
2,2,0
2,2,0
9,9,0
2,2,0
2,2,0
2,4,2
6,6,0
2,2,0
8,8,0
4,10,6
3,3,0
9,11,2
3,3,0
3,3,0
11,16,5
3,6,3
2,2,0
2,3,1
2,6,4
2,2,0
3,13,10
8,10,2
11,11,0
0,0,0
2,2,0
3,3,0
0,0,0
2,2,0
2,80,78
2,2,0
2,2,0
2,2,0
3,5,2
3,3,0
2,2,0
2,2,0
2,4,2
4,4,0
2,2,0
2,2,0
3,5,2
2,45,43
81,138,57
3,3,0
2,2,0
1,3,2
2,2,0
11,11,0
2,4,2
2,2,0
3,3,0
3,20,17
2,5,3
2,2,0
2,2,0
1,2,1
1,23,22
2,2,0
3,3,0
2,49,47
11,11,0
2,2,0
1,21,20
12,12,0
2,2,0
2,5,3
9,9,0
14,14,0
2,15,13
3,7,4
2,3,1
3,7,4
3,7,4
2,2,0
2,2,0
2,2,0
3,3,0
3,3,0
2,2,0
11,11,0
1,6,5
2,2,0
2,2,0
2,2,0
51,74,23
1,4,3
3,5,2
2,4,2
2,4,2
4,4,0
3,3,0
1,3,2
1,2,1
3,3,0
1,2,1
3,5,2
2,2,0
2,2,0
1,2,1
1,11,10
2,2,0
2,2,0
32,32,0
1,1,0
2,2,0
1,8,7
3,6,3
2,2,0
2,3,1
0,0,0
3,3,0
2,2,0
1,5,4
3,7,4
2,2,0
2,2,0
3,3,0
4,8,4
2,2,0
3,6,3
2,6,4
3,3,0
22,22,0
9,9,0
2,2,0
2,82,80
3,32,29
2,2,0
23,23,0
42,44,2
11,11,0
2,2,0
3,3,0
2,2,0
2,2,0
2,2,0
2,2,0
3,3,0
2,8,6
2,2,0
2,5,3
3,10,7
4,4,0
3,9,6
2,2,0
8,44,36
2,2,0
2,2,0
2,2,0
2,2,0
1,1,0
1,3,2
0,0,0
2,2,0
2,9,7
2,5,3
2,2,0
3,3,0
2,3,1
3,10,7
2,3,1
2,2,0
3,3,0
5,5,0
1,3,2
3,10,7
2,2,0
442,442,0
2,21,19
3,5,2
2,2,0
2,2,0
2,2,0
1,2,1
2,2,0
3,7,4
3,3,0
175,175,0
2,4,2
2,2,0
1,2,1
2,2,0
2,2,0
2,4,2
5,13,8
2,2,0
2,2,0
3,3,0
4,4,0
51,51,0
3,3,0
5,5,0
6,6,0
2,7,5
3,10,7
7,7,0
3,9,6
3,3,0
1,32,31
8,8,0
2,2,0
3,3,0
3,7,4
2,3,1
1,1,0
2,2,0
3,10,7
2,2,0
3,3,0
0,0,0
0,0,0
2,2,0
2,2,0
3,3,0
11,11,0
2,2,0
3,4,1
4,4,0
2,2,0
2,2,0
2,9,7
2,4,2
5,6,1
2,2,0
2,2,0
3,8,5
0,0,0
2,2,0
2,2,0
1,3,2
2,23,21
2,2,0
0,0,0
2,2,0
2,2,0
3,3,0
7,7,0
3,3,0
2,2,0
4,4,0
2,3,1
3,3,0
4,4,0
2,2,0
3,3,0
3,3,0
3,3,0
2,2,0
2,6,4
2,4,2
3,19,16
1,2,1
3,3,0
1,2,1
2,4,2
3,3,0
2,80,78
2,2,0
2,2,0
3,3,0
2,2,0
2,2,0
2,2,0
0,0,0
100,104,4
3,3,0
2,2,0
3,7,4
2,2,0
2,2,0
2,4,2
2,2,0
135,140,5
2,2,0
2,2,0
2,2,0
2,2,0
2,2,0
2,2,0
2,99,97
1,1,0
1,4,3
2,3,1
4,4,0
2,2,0
1,1,0
2,2,0
2,4,2
3,3,0
2,13,11
2,2,0
2,4,2
2,4,2
3,3,0
1,2,1
3,4,1
3,3,0
2,2,0
29,40,11
2,7,5
2,2,0
35,35,0
2,2,0
2,4,2
2,2,0
2,82,80
2,2,0
3,21,18
1,1,0
2,16,14
3,3,0
9,9,0
100,100,0
1,3,2
1,21,20
3,3,0
3,8,5
4,4,0
8,8,0
2,2,0
2,2,0
1,6,5
3,9,6
3,5,2
2,2,0
3,3,0
3,6,3
3,5,2
21,21,0
2,2,0
2,5,3
1,1,0
3,5,2
3,3,0
1,2,1
2,2,0
0,0,0
2,2,0
5,6,1
2,2,0
3,5,2
2,12,10
2,2,0
264,264,0
3,3,0
2,2,0
6,6,0
2,2,0
2,4,2
0,0,0
3,7,4
2,2,0
2,2,0
3,3,0
3,3,0
4,4,0
2,2,0
2,4,2
5,5,0
2,13,11
2,2,0
2,2,0
1,11,10
2,2,0
3,3,0
9,9,0
33,33,0
2,2,0
9,9,0
46,47,1
1,1,0
2,2,0
56,56,0
1,6,5
2,2,0
9,9,0
2,2,0
3,11,8
1,2,1
2,3,1
3,5,2
2,2,0
2,2,0
1,3,2
2,2,0
0,0,0
2,2,0
8,8,0
2,2,0
2,2,0
11,13,2
2,2,0
2,4,2
2,2,0
2,2,0
1,2,1
2,2,0
29,29,0
2,6,4
2,5,3
3,3,0
2,2,0
2,6,4
2,2,0
2,17,15
2,2,0
3,9,6
2,82,80
2,2,0
3,3,0
3,3,0
1,24,23
2,19,17
3,10,7
2,4,2
2,2,0
1,2,1
8,8,0
1,6,5
3,5,2
3,3,0
1,1,0
26,31,5
2,5,3
8,10,2
2,2,0
3,3,0
2,2,0
2,30,28
3,3,0
2,2,0
2,2,0
2,2,0
2,10,8
2,2,0
2,46,44
2,2,0
8,8,0
4,18,14
3,6,3
3,3,0
2,2,0
5,5,0
3,15,12
2,2,0
9,9,0
3,3,0
0,0,0
3,3,0
2,4,2
2,2,0
9,18,9
1,3,2
3,5,2
2,2,0
2,2,0
3,3,0
1,1,0
2,2,0
1,7,6
2,5,3
2,2,0
3,3,0
0,0,0
60,114,54
3,3,0
3,3,0
11,11,0
3,5,2
2,52,50
4,4,0
2,2,0
2,2,0
2,2,0
0,0,0
2,6,4
3,9,6
2,8,6
3,10,7
8,8,0
3,3,0
6,7,1
12,12,0
2,2,0
1,2,1
2,2,0
3,6,3
2,8,6
2,2,0
0,0,0
3,7,4
9,9,0
2,2,0
3,9,6
2,4,2
3,9,6
2,4,2
9,9,0
2,2,0
2,2,0
2,2,0
3,7,4
2,4,2
2,2,0
3,5,2
1,61,60
2,2,0
3,4,1
3,3,0
10,10,0
6,7,1
2,6,4
2,2,0
8,8,0
2,3,1
2,3,1
2,2,0
2,5,3
2,2,0
2,2,0
1,2,1
2,2,0
2,2,0
6,6,0
2,2,0
1,24,23
2,2,0
3,3,0
2,18,16
2,2,0
3,3,0
3,4,1
3,3,0
3,5,2
8,8,0
1,3,2
3,3,0
2,2,0
8,8,0
3,3,0
8,8,0
2,2,0
4,5,1
2,2,0
3,3,0
1,1,0
2,4,2
2,2,0
50,50,0
6,6,0
0,0,0
2,3,1
3,8,5
2,2,0
3,3,0
2,2,0
1,1,0
2,6,4
2,6,4
3,7,4
2,2,0
2,2,0
1,1,0
2,5,3
2,2,0
1,1,0
3,3,0
2,2,0
3,5,2
1,5,4
2,2,0
2,2,0
1,24,23
2,6,4
2,10,8
2,55,53
3,23,20
2,2,0
11,11,0
2,2,0
2,10,8
2,2,0
2,2,0
3,4,1
2,4,2
2,2,0
3,3,0
3,6,3
8,8,0
2,2,0
8,8,0
6,6,0
1,1,0
0,0,0
26,26,0
2,2,0
2,8,6
2,2,0
3,5,2
2,5,3
8,8,0
4,4,0
2,2,0
2,2,0
3,3,0
3,7,4
2,2,0
1,1,0
2,2,0
2,2,0
2,46,44
2,2,0
6,9,3
1,1,0
1,1,0
3,5,2
2,82,80
1,1,0
2,9,7
3,53,50
3,17,14
2,2,0
3,7,4
2,2,0
94,94,0
2,2,0
2,2,0
50,50,0
2,2,0
16,24,8
1,4,3
3,3,0
2,2,0
2,2,0
0,0,0
2,2,0
2,2,0
2,2,0
3,3,0
2,2,0
2,2,0
3,7,4
3,5,2
0,0,0
0,0,0
3,3,0
2,2,0
3,3,0
2,2,0
2,2,0
3,5,2
3,5,2
2,2,0
1,6,5
0,0,0
3,3,0
1,2,1
1,6,5
2,95,93
3,3,0
2,2,0
2,46,44
2,2,0
3,17,14
2,2,0
2,7,5
2,2,0
2,2,0
4,7,3
1,2,1
2,2,0
2,2,0
3,3,0
3,3,0
2,3,1
1,8,7
23,23,0
2,2,0
2,2,0
2,2,0
2,4,2
1,1,0
2,2,0
2,2,0
3,3,0
11,11,0
8,8,0
3,3,0
2,2,0
1,1,0
2,2,0
11,20,9
3,11,8
1,2,1
2,2,0
2,2,0
2,3,1
3,11,8
1,4,3
1,24,23
3,5,2
2,3,1
2,2,0
3,6,3
3,3,0
3,3,0
1,2,1
4,4,0
2,14,12
10,13,3
2,20,18
2,8,6
0,0,0
1,7,6
3,3,0
3,83,80
0,0,0
102,102,0
2,2,0
3,5,2
2,2,0
3,3,0
1,2,1
2,2,0
2,2,0
2,5,3
2,2,0
2,2,0
2,2,0
5,5,0
1,4,3
5,5,0
3,5,2
3,3,0
1,21,20
2,2,0
1,23,22
1,2,1
3,5,2
2,2,0
2,2,0
2,2,0
3,7,4
3,9,6
5,5,0
2,2,0
1,3,2
2,2,0
3,6,3
2,2,0
2,2,0
3,3,0
1,1,0
3,5,2
3,3,0
82,82,0
3,3,0
3,5,2
3,5,2
3,3,0
2,2,0
3,3,0
3,3,0
1,2,1
6,6,0
3,12,9
2,2,0
2,2,0
2,6,4
3,6,3
2,2,0
2,2,0
3,5,2
2,2,0
3,3,0
3,3,0
44,59,15
2,2,0
1,25,24
3,5,2
2,3,1
3,3,0
2,7,5
18,18,0
1,3,2
1,2,1
2,2,0
3,5,2
14,16,2
2,2,0
1,1,0
2,2,0
3,5,2
9,9,0
2,2,0
2,2,0
2,2,0
2,23,21
3,5,2
2,9,7
3,3,0
2,2,0
2,2,0
2,2,0
2,4,2
9,9,0
22,22,0
8,8,0
2,2,0
46,46,0
2,2,0
0,0,0
3,3,0
3,3,0
3,3,0
1,1,0
3,3,0
6,6,0
2,2,0
9,9,0
2,4,2
3,3,0
2,2,0
2,2,0
2,2,0
2,23,21
6,6,0
2,5,3
9,9,0
2,2,0
2,2,0
2,2,0
3,3,0
0,0,0
3,3,0
11,26,15
2,3,1
2,2,0
3,5,2
3,9,6
1,2,1
2,4,2
11,11,0
3,3,0
13,13,0
2,12,10
2,2,0
9,10,1
8,8,0
2,2,0
0,0,0
8,8,0
2,2,0
1,1,0
3,7,4
2,2,0
3,7,4
2,2,0
8,8,0
3,3,0
3,3,0
2,2,0
3,5,2
2,2,0
2,2,0
3,3,0
3,3,0
3,4,1
2,2,0
2,2,0
2,53,51
1,2,1
2,2,0
2,2,0
2,3,1
3,3,0
6,6,0
3,7,4
4,4,0
2,2,0
1,1,0
1,2,1
3,3,0
2,2,0
3,11,8
3,3,0
2,2,0
2,2,0
0,0,0
2,2,0
3,6,3
10,12,2
3,5,2
15,15,0
10,10,0
2,2,0
2,2,0
3,5,2
2,2,0
11,22,11
2,2,0
3,3,0
2,23,21
2,2,0
9,9,0
2,2,0
3,7,4
1,1,0
1,1,0
2,2,0
2,2,0
13,15,2
1,2,1
2,2,0
2,4,2
3,5,2
2,4,2
2,8,6
2,2,0
2,2,0
2,2,0
2,47,45
2,2,0
2,2,0
3,5,2
2,2,0
2,3,1
2,2,0
3,3,0
2,2,0
9,9,0
1,7,6
2,2,0
3,5,2
3,7,4
10,10,0
3,3,0
3,5,2
4,4,0
2,2,0
2,4,2
2,2,0
7,7,0
2,2,0
2,2,0
2,2,0
2,2,0
38,38,0
3,3,0
0,0,0
2,2,0
3,3,0
2,2,0
1,1,0
2,2,0
91,95,4
2,2,0
29,29,0
4,8,4
2,2,0
2,2,0
3,5,2
2,2,0
2,14,12
2,2,0
1,117,116
9,9,0
1,1,0
2,2,0
40,55,15
2,3,1
3,3,0
2,2,0
2,4,2
3,3,0
1,25,24
2,2,0
2,2,0
2,3,1
2,2,0
11,19,8
0,0,0
3,3,0
4,4,0
2,4,2
2,2,0
2,2,0
4,4,0
12,12,0
2,2,0
2,2,0
2,9,7
3,3,0
2,2,0
2,2,0
3,6,3
2,2,0
2,2,0
2,4,2
6,6,0
3,5,2
3,3,0
22,22,0
3,7,4
3,3,0
2,124,122
2,2,0
3,5,2
2,15,13
2,2,0
3,5,2
3,6,3
2,2,0
2,2,0
3,6,3
2,4,2
8,8,0
3,3,0
2,2,0
12,17,5
8,8,0
13,15,2
3,3,0
8,8,0
3,6,3
2,2,0
8,12,4
2,2,0
1,12,11
2,5,3
2,2,0
0,0,0
2,2,0
3,7,4
2,2,0
2,2,0
3,3,0
2,2,0
81,83,2
2,2,0
9,9,0
3,3,0
1,2,1
27,35,8
66,166,100
3,3,0
2,8,6
3,9,6
2,2,0
9,9,0
2,4,2
9,9,0
3,5,2
2,4,2
4,6,2
3,3,0
2,4,2
2,2,0
2,2,0
3,5,2
0,0,0
0,0,0
2,28,26
2,2,0
2,4,2
3,5,2
2,4,2
3,3,0
9,9,0
2,2,0
3,8,5
2,4,2
3,7,4
2,2,0
2,2,0
2,2,0
2,2,0
10,27,17
3,5,2
9,9,0
1,1,0
2,4,2
2,5,3
2,5,3
3,5,2
3,3,0
2,2,0
2,2,0
34,34,0
1,2,1
3,3,0
1,2,1
2,2,0
5,5,0
2,6,4
0,0,0
2,2,0
2,3,1
51,53,2
36,36,0
2,2,0
2,2,0
3,3,0
8,9,1
2,2,0
2,4,2
2,2,0
9,9,0
1,3,2
2,13,11
56,56,0
2,3,1
2,80,78
8,16,8
2,2,0
3,7,4
3,5,2
2,2,0
3,20,17
2,2,0
2,2,0
2,75,73
2,2,0
8,8,0
3,3,0
6,6,0
2,2,0
3,3,0
55,58,3
1,3,2
2,4,2
2,2,0
1,6,5
4,4,0
3,3,0
2,2,0
2,2,0
3,5,2
2,2,0
3,3,0
2,4,2
4,4,0
2,26,24
2,9,7
3,3,0
2,2,0
9,9,0
2,16,14
2,5,3
2,2,0
0,0,0
3,3,0
1,3,2
4,4,0
2,2,0
0,0,0
10,10,0
1,60,59
2,2,0
6,6,0
3,4,1
2,2,0
2,2,0
10,10,0
2,2,0
2,4,2
2,2,0
8,8,0
2,2,0
2,2,0
2,2,0
2,2,0
5,6,1
2,2,0
10,10,0
2,4,2
1,1,0
3,6,3
2,2,0
4,7,3
0,0,0
2,4,2
3,3,0
1,2,1
2,10,8
2,21,19
3,5,2
2,7,5
2,2,0
3,5,2
2,2,0
2,2,0
1,1,0
2,4,2
2,2,0
2,10,8
3,6,3
2,2,0
3,7,4
3,3,0
3,9,6
2,10,8
2,4,2
3,3,0
12,12,0
2,2,0
2,2,0
2,2,0
2,4,2
2,2,0
2,2,0
3,13,10
0,0,0
2,2,0
2,3,1
3,7,4
2,7,5
2,2,0
2,2,0
2,2,0
2,2,0
3,3,0
2,2,0
1,1,0
14,37,23
2,2,0
2,10,8
98,98,0
2,2,0
100,100,0
2,2,0
3,3,0
2,2,0
2,2,0
3,6,3
1,7,6
1,2,1
3,3,0
100,100,0
2,22,20
2,2,0
4,4,0
1,8,7
3,3,0
9,13,4
2,2,0
3,3,0
2,3,1
3,5,2
2,2,0
2,2,0
3,13,10
2,2,0
2,4,2
3,6,3
2,2,0
2,2,0
3,3,0
6,6,0
3,7,4
2,2,0
2,6,4
4,4,0
100,151,51
2,2,0
47,49,2
1,1,0
2,10,8
2,2,0
8,8,0
3,3,0
2,2,0
2,2,0
8,8,0
0,0,0
2,2,0
2,3,1
2,2,0
1,2,1
0,0,0
0,0,0
2,2,0
2,2,0
2,8,6
6,6,0
0,0,0
1,72,71
2,2,0
5,5,0
2,7,5
1,11,10
4,4,0
3,5,2
3,3,0
3,7,4
3,5,2
3,3,0
1,2,1
2,2,0
1,50,49
0,0,0
2,2,0
3,5,2
1,23,22
2,34,32
8,8,0
2,2,0
94,94,0
1,1,0
3,3,0
11,11,0
2,2,0
2,2,0
2,2,0
3,3,0
2,2,0
2,2,0
3,3,0
2,2,0
3,3,0
2,2,0
2,2,0
2,2,0
3,7,4
2,3,1
3,3,0
3,5,2
2,6,4
8,8,0
1,4,3
2,55,53
2,4,2
3,3,0
2,2,0
3,8,5
1,8,7
2,2,0
3,3,0
8,11,3
1,8,7
2,2,0
4,4,0
1,3,2
24,24,0
2,2,0
2,2,0
9,18,9
2,2,0
4,4,0
1,1,0
3,5,2
3,3,0
3,3,0
3,3,0
2,2,0
9,9,0
3,5,2
3,3,0
9,9,0
2,2,0
3,3,0
3,3,0
2,2,0
1,2,1
3,10,7
2,7,5
4,4,0
1,2,1
2,4,2
1,2,1
2,2,0
2,12,10
2,5,3
3,3,0
3,5,2
3,3,0
3,3,0
2,2,0
2,10,8
16,16,0
101,101,0
2,2,0
2,2,0
2,2,0
2,2,0
1,2,1
2,2,0
2,6,4
1,2,1
3,3,0
1,1,0
1,2,1
1,1,0
2,2,0
5,5,0
3,3,0
1,1,0
1,2,1
4,4,0
3,8,5
2,4,2
3,3,0
1,1,0
2,2,0
3,5,2
2,2,0
2,2,0
2,2,0
4,6,2
3,4,1
1,76,75
2,5,3
3,5,2
3,28,25
2,2,0
2,2,0
2,2,0
0,0,0
1,1,0
1,4,3
2,2,0
2,5,3
0,0,0
9,9,0
2,2,0
8,8,0
4,121,117
2,2,0
2,2,0
7,7,0
2,2,0
3,3,0
3,9,6
2,2,0
2,2,0
2,3,1
3,3,0
1,3,2
8,8,0
2,2,0
3,5,2
2,2,0
1,1,0
2,2,0
3,3,0
1,21,20
8,8,0
2,2,0
21,21,0
2,2,0
3,6,3
2,6,4
2,2,0
1,2,1
2,3,1
9,11,2
2,2,0
2,2,0
2,2,0
16,16,0
2,2,0
2,2,0
10,10,0
4,8,4
0,0,0
2,4,2
10,10,0
2,30,28
3,3,0
1,6,5
2,2,0
3,20,17
2,29,27
1,2,1
2,3,1
2,8,6
2,3,1
1,23,22
3,4,1
20,20,0
2,2,0
2,3,1
2,2,0
3,4,1
1,2,1
1,4,3
3,3,0
1,1,0
3,7,4
8,8,0
3,3,0
3,9,6
0,0,0
4,4,0
8,8,0
2,2,0
3,5,2
3,3,0
2,25,23
3,13,10
3,3,0
2,2,0
2,2,0
3,3,0
3,4,1
2,2,0
1,1,0
2,4,2
9,9,0
3,3,0
1,2,1
2,2,0
3,5,2
3,8,5
2,3,1
2,2,0
2,4,2
2,2,0
2,2,0
2,2,0
2,4,2
1,1,0
2,8,6
0,0,0
2,3,1
2,5,3
2,2,0
2,2,0
2,2,0
10,10,0
2,2,0
0,0,0
2,2,0
3,5,2
2,2,0
3,5,2
3,3,0
3,3,0
9,9,0
4,4,0
17,17,0
3,8,5
2,2,0
3,4,1
11,11,0
1,24,23
2,3,1
1,1,0
2,6,4
40,51,11
2,5,3
3,3,0
9,9,0
3,3,0
2,2,0
3,7,4
2,3,1
2,2,0
5,5,0
2,2,0
3,3,0
2,2,0
2,7,5
2,2,0
1,1,0
1,6,5
3,9,6
3,3,0
2,21,19
3,3,0
3,3,0
2,4,2
1,4,3
2,4,2
3,5,2
2,2,0
3,3,0
2,2,0
3,3,0
2,2,0
3,3,0
3,3,0
2,2,0
1,2,1
2,2,0
2,5,3
2,2,0
3,3,0
2,2,0
2,2,0
2,2,0
1,2,1
3,3,0
2,2,0
2,5,3
2,2,0
3,7,4
9,9,0
2,8,6
2,2,0
2,2,0
3,3,0
2,7,5
2,2,0
2,9,7
2,2,0
2,2,0
2,10,8
3,3,0
3,4,1
1,71,70
3,7,4
3,4,1
8,10,2
0,0,0
4,7,3
2,2,0
2,2,0
3,5,2
2,2,0
3,3,0
1,1,0
2,2,0
1,2,1
2,2,0
2,2,0
2,3,1
2,2,0
2,2,0
3,3,0
1,4,3
2,2,0
55,59,4
3,5,2
2,2,0
2,4,2
9,9,0
4,6,2
2,2,0
2,2,0
2,4,2
3,3,0
2,2,0
2,2,0
2,11,9
3,11,8
9,19,10
2,2,0
2,2,0
3,7,4
3,3,0
3,4,1
2,2,0
3,3,0
9,9,0
2,2,0
2,2,0
3,5,2
2,2,0
1,5,4
2,2,0
2,2,0
8,8,0
2,2,0
6,6,0
3,3,0
3,4,1
3,5,2
7,7,0
2,2,0
9,10,1
2,2,0
0,0,0
3,7,4
2,2,0
2,2,0
1,24,23
2,2,0
3,5,2
10,10,0
2,2,0
3,3,0
2,2,0
3,3,0
2,2,0
2,45,43
1,1,0
2,14,12
2,2,0
2,2,0
2,2,0
6,22,16
3,3,0
2,2,0
2,2,0
3,6,3
2,2,0
2,2,0
3,3,0
1,1,0
2,2,0
2,2,0
4,6,2
3,20,17
2,2,0
3,7,4
9,13,4
3,5,2
2,2,0
2,2,0
1,2,1
0,0,0
2,2,0
8,8,0
2,2,0
3,3,0
3,3,0
15,15,0
3,3,0
8,8,0
2,5,3
4,70,66
9,11,2
2,2,0
2,80,78
6,6,0
1,7,6
2,2,0
3,3,0
2,2,0
2,2,0
6,6,0
3,5,2
1,3,2
2,2,0
2,2,0
8,8,0
1,2,1
3,5,2
2,2,0
9,9,0
2,2,0
2,2,0
3,5,2
3,5,2
1,2,1
2,2,0
2,2,0
8,8,0
2,2,0
3,5,2
1,4,3
105,107,2
1,1,0
3,3,0
9,9,0
3,11,8
1,1,0
0,0,0
2,2,0
2,2,0
2,32,30
3,3,0
2,4,2
1,2,1
3,9,6
2,2,0
2,2,0
0,0,0
5,5,0
2,4,2
4,4,0
2,2,0
2,2,0
3,4,1
1,56,55
3,3,0
2,2,0
2,2,0
2,2,0
8,8,0
1,2,1
3,3,0
2,2,0
2,7,5
2,2,0
1,1,0
2,3,1
2,2,0
2,35,33
43,59,16
1,1,0
8,8,0
2,2,0
5,5,0
3,3,0
2,4,2
2,2,0
2,2,0
2,2,0
3,3,0
0,0,0
5,5,0
2,2,0
4,4,0
8,8,0
3,3,0
2,2,0
3,5,2
2,2,0
2,2,0
1,1,0
1,1,0
8,8,0
2,2,0
3,5,2
2,2,0
7,28,21
112,112,0
2,7,5
2,2,0
3,7,4
74,295,221
1,2,1
2,6,4
44,45,1
1,1,0
2,2,0
3,5,2
3,12,9
3,3,0
2,5,3
1,7,6
8,8,0
2,2,0
8,8,0
2,2,0
3,5,2
2,2,0
2,2,0
2,2,0
2,2,0
3,5,2
3,3,0
45,45,0
4,4,0
2,2,0
2,6,4
45,45,0
2,2,0
2,2,0
2,2,0
2,2,0
0,0,0
10,10,0
9,9,0
2,2,0
2,2,0
2,2,0
3,3,0
2,2,0
2,2,0
2,2,0
1,1,0
1,2,1
3,3,0
1,2,1
3,5,2
2,2,0
2,3,1
8,8,0
2,2,0
2,2,0
3,3,0
1,4,3
3,3,0
3,8,5
3,3,0
2,5,3
10,10,0
9,9,0
1,3,2
3,3,0
3,5,2
2,2,0
2,2,0
3,4,1
1,1,0
2,2,0
2,2,0
19,20,1
3,3,0
2,2,0
24,24,0
2,2,0
9,9,0
1,8,7
2,2,0
1,1,0
1,5,4
3,5,2
1,8,7
2,2,0
3,10,7
2,38,36
1,1,0
2,2,0
1,3,2
3,3,0
13,13,0
2,2,0
3,5,2
2,3,1
8,8,0
8,8,0
2,2,0
100,100,0
5,5,0
2,2,0
2,2,0
2,14,12
24,24,0
2,2,0
2,2,0
3,5,2
3,7,4
1,2,1
2,2,0
20,20,0
2,4,2
1,1,0
2,2,0
2,3,1
3,3,0
2,2,0
4,22,18
2,2,0
11,11,0
3,3,0
2,82,80
2,2,0
3,3,0
2,5,3
8,8,0
3,7,4
2,15,13
2,2,0
1,3,2
8,8,0
3,5,2
3,7,4
1,5,4
0,0,0
3,3,0
8,8,0
2,13,11
3,3,0
2,16,14
3,3,0
2,2,0
3,8,5
3,3,0
3,4,1
1,6,5
2,2,0
3,6,3
2,2,0
3,5,2
2,2,0
1,58,57
147,147,0
8,8,0
2,4,2
2,12,10
2,4,2
2,3,1
2,4,2
2,4,2
2,2,0
2,2,0
2,2,0
9,9,0
1,75,74
3,3,0
2,2,0
3,5,2
2,2,0
2,2,0
3,13,10
29,100,71
1,59,58
3,3,0
2,2,0
3,3,0
3,3,0
1,22,21
3,3,0
2,2,0
2,2,0
3,3,0
2,3,1
2,2,0
5,14,9
1,3,2
0,0,0
23,23,0
1,2,1
2,2,0
2,2,0
3,4,1
2,2,0
2,2,0
2,2,0
9,9,0
3,6,3
3,3,0
1,2,1
3,11,8
2,4,2
1,20,19
3,3,0
2,2,0
3,3,0
3,3,0
1,12,11
3,3,0
8,8,0
2,2,0
2,2,0
2,4,2
9,9,0
2,17,15
2,29,27
2,2,0
9,9,0
3,9,6
3,3,0
2,2,0
3,3,0
15,16,1
52,52,0
3,3,0
2,19,17
4,4,0
2,2,0
0,0,0
2,2,0
6,6,0
3,4,1
2,2,0
3,5,2
2,2,0
2,18,16
3,17,14
94,94,0
2,3,1
2,2,0
1,31,30
2,4,2
1,5,4
2,2,0
2,2,0
3,5,2
2,2,0
3,6,3
2,2,0
3,3,0
5,6,1
8,8,0
2,5,3
2,4,2
3,4,1
3,3,0
3,3,0
3,3,0
2,4,2
5,5,0
2,5,3
2,2,0
2,2,0
2,2,0
2,2,0
2,13,11
2,2,0
3,5,2
9,9,0
1,1,0
3,5,2
3,3,0
3,3,0
2,4,2
1,2,1
2,2,0
2,2,0
3,3,0
0,0,0
2,2,0
2,5,3
2,2,0
2,2,0
38,71,33
2,2,0
2,2,0
2,2,0
6,6,0
9,9,0
3,3,0
8,8,0
3,6,3
1,1,0
2,2,0
3,3,0
4,4,0
2,7,5
2,2,0
2,82,80
2,4,2
1,1,0
2,2,0
2,2,0
9,9,0
49,49,0
3,3,0
2,2,0
2,2,0
2,2,0
3,3,0
2,2,0
11,11,0
3,3,0
9,9,0
8,8,0
1,2,1
2,2,0
3,9,6
2,4,2
3,5,2
2,2,0
2,6,4
3,3,0
3,3,0
1,21,20
0,0,0
2,2,0
9,9,0
3,5,2
2,37,35
2,2,0
0,0,0
2,2,0
9,9,0
3,7,4
2,3,1
7,8,1
3,3,0
3,4,1
2,3,1
2,2,0
2,9,7
2,2,0
2,2,0
3,3,0
2,2,0
2,9,7
1,8,7
8,8,0
3,3,0
2,2,0
2,6,4
4,4,0
1,1,0
2,2,0
2,2,0
2,2,0
2,2,0
3,3,0
6,6,0
8,8,0
2,2,0
2,2,0
5,5,0
5,5,0
3,4,1
1,1,0
2,5,3
2,2,0
10,18,8
1,1,0
0,0,0
2,2,0
2,2,0
3,7,4
7,7,0
2,2,0
18,18,0
3,3,0
5,8,3
1,2,1
1,1,0
2,6,4
2,2,0
3,3,0
9,9,0
2,2,0
8,8,0
2,2,0
20,31,11
8,8,0
0,0,0
2,2,0
2,2,0
2,2,0
2,11,9
3,3,0
2,4,2
24,24,0
2,2,0
3,5,2
3,8,5
2,3,1
3,3,0
10,10,0
1,2,1
2,2,0
2,3,1
2,4,2
7,7,0
2,2,0
2,2,0
2,2,0
3,3,0
1,2,1
2,80,78
2,2,0
2,2,0
2,2,0
2,5,3
22,22,0
2,7,5
2,3,1
2,2,0
1,3,2
2,2,0
2,2,0
3,7,4
2,2,0
2,2,0
2,2,0
3,3,0
51,51,0
0,0,0
3,9,6
2,2,0
2,2,0
11,11,0
2,4,2
3,3,0
6,14,8
2,55,53
2,2,0
1,8,7
11,11,0
2,52,50
52,156,104
1,1,0
3,3,0
2,2,0
1,1,0
2,2,0
2,2,0
2,2,0
3,3,0
3,3,0
8,8,0
2,10,8
1,6,5
2,19,17
2,2,0
2,2,0
2,9,7
1,1,0
2,2,0
2,2,0
3,3,0
3,5,2
2,2,0
2,4,2
2,2,0
0,0,0
2,2,0
5,22,17
3,3,0
3,3,0
3,3,0
2,13,11
3,3,0
1,3,2
3,3,0
6,6,0
100,171,71
2,2,0
2,4,2
9,9,0
2,2,0
3,5,2
2,2,0
2,2,0
2,2,0
17,17,0
0,0,0
2,2,0
2,2,0
2,2,0
2,2,0
2,2,0
2,2,0
1,2,1
8,8,0
1,1,0
2,22,20
2,6,4
1,1,0
1,5,4
2,2,0
1,5,4
2,8,6
2,5,3
2,2,0
2,2,0
4,5,1
3,3,0
1,3,2
2,2,0
1,10,9
2,10,8
2,2,0
2,2,0
1,1,0
2,2,0
0,0,0
1,2,1
2,2,0
2,2,0
2,4,2
3,5,2
88,88,0
2,2,0
2,2,0
2,2,0
1,25,24
1,1,0
2,2,0
2,2,0
3,3,0
0,0,0
8,8,0
2,82,80
1,5,4
101,101,0
2,2,0
8,53,45
8,8,0
2,2,0
9,47,38
2,2,0
3,3,0
5,5,0
2,8,6
2,84,82
2,2,0
2,2,0
4,4,0
4,4,0
2,2,0
3,26,23
2,2,0
3,3,0
2,2,0
2,2,0
2,2,0
3,3,0
1,2,1
0,0,0
3,4,1
8,8,0
3,4,1
3,3,0
2,2,0
2,2,0
9,9,0
2,2,0
2,2,0
1,2,1
2,3,1
2,2,0
59,59,0
3,3,0
3,3,0
2,2,0
2,2,0
4,4,0
1,2,1
3,3,0
1,1,0
3,8,5
2,2,0
5,5,0
2,2,0
1,46,45
1,2,1
2,5,3
3,3,0
3,3,0
17,17,0
3,7,4
2,2,0
3,7,4
3,5,2
1,2,1
2,4,2
2,2,0
2,2,0
2,2,0
2,2,0
9,9,0
2,2,0
3,7,4
3,9,6
1,2,1
7,7,0
1,1,0
2,2,0
2,16,14
3,5,2
3,7,4
12,12,0
4,27,23
9,9,0
2,2,0
18,18,0
3,9,6
1,1,0
2,5,3
2,2,0
2,2,0
2,2,0
3,3,0
2,2,0
2,2,0
3,9,6
3,3,0
2,2,0
3,7,4
8,8,0
2,2,0
2,4,2
2,4,2
2,2,0
2,3,1
1,6,5
3,3,0
3,13,10
3,3,0
2,2,0
1,1,0
3,5,2
2,2,0
24,24,0
3,5,2
2,8,6
2,2,0
3,3,0
3,5,2
2,2,0
3,6,3
2,2,0
3,3,0
2,5,3
13,22,9
1,5,4
34,34,0
93,93,0
3,3,0
0,0,0
3,3,0
5,5,0
3,3,0
3,3,0
8,8,0
3,3,0
2,2,0
2,2,0
2,4,2
2,4,2
9,9,0
2,2,0
2,2,0
2,82,80
3,3,0
1,2,1
10,18,8
2,3,1
1,12,11
23,25,2
3,10,7
1,76,75
2,2,0
1,25,24
2,2,0
0,0,0
3,3,0
2,2,0
3,10,7
2,82,80
2,2,0
2,4,2
22,22,0
2,6,4
2,5,3
2,4,2
3,3,0
2,2,0
2,2,0
2,9,7
2,2,0
2,2,0
1,1,0
2,2,0
2,4,2
4,10,6
2,2,0
1,3,2
2,2,0
3,3,0
16,16,0
2,2,0
4,4,0
20,20,0
0,0,0
2,2,0
2,2,0
1,1,0
1,1,0
1,1,0
1,2,1
2,6,4
2,2,0
1,27,26
3,3,0
2,2,0
2,2,0
9,27,18
2,2,0
2,2,0
3,3,0
3,3,0
2,2,0
2,2,0
3,3,0
5,12,7
9,9,0
2,2,0
2,3,1
3,3,0
99,125,26
1,1,0
3,3,0
2,2,0
7,7,0
4,4,0
2,10,8
2,2,0
3,3,0
2,2,0
2,2,0
2,4,2
8,18,10
2,2,0
2,2,0
6,6,0
39,39,0
1,1,0
2,2,0
2,2,0
2,2,0
2,2,0
2,2,0
3,3,0
2,2,0
0,0,0
3,12,9
2,2,0
3,8,5
2,4,2
3,3,0
2,2,0
3,4,1
3,3,0
3,3,0
9,9,0
1,1,0
2,2,0
2,2,0
2,2,0
3,3,0
3,4,1
2,2,0
3,5,2
3,7,4
107,107,0
3,7,4
11,11,0
2,2,0
8,16,8
3,7,4
2,2,0
9,9,0
6,6,0
2,2,0
2,6,4
2,2,0
1,1,0
2,2,0
1,1,0
2,19,17
2,16,14
2,3,1
2,2,0
3,3,0
2,3,1
2,2,0
4,4,0
2,2,0
2,2,0
3,3,0
2,2,0
0,0,0
2,3,1
2,2,0
2,3,1
2,2,0
2,2,0
2,2,0
2,47,45
9,9,0
20,20,0
8,8,0
2,2,0
3,5,2
2,2,0
1,1,0
2,6,4
1,8,7
6,6,0
2,2,0
0,0,0
2,2,0
2,2,0
3,3,0
2,2,0
1,2,1
2,2,0
3,5,2
2,2,0
2,2,0
100,104,4
2,4,2
2,2,0
2,2,0
8,8,0
2,2,0
9,9,0
74,74,0
3,3,0
2,3,1
2,86,84
1,1,0
2,2,0
4,4,0
2,2,0
20,20,0
2,2,0
2,2,0
3,3,0
2,2,0
2,2,0
3,3,0
3,3,0
1,6,5
96,98,2
6,6,0
2,2,0
3,3,0
3,5,2
1,2,1
2,2,0
0,0,0
3,5,2
0,0,0
9,9,0
2,2,0
4,4,0
0,0,0
3,3,0
2,3,1
2,2,0
1,2,1
3,5,2
2,2,0
10,18,8
2,2,0
1,1,0
51,74,23
2,3,1
2,2,0
3,43,40
3,3,0
0,0,0
1,1,0
2,2,0
3,5,2
2,28,26
3,3,0
2,2,0
8,8,0
2,2,0
4,4,0
2,2,0
4,146,142
9,9,0
3,5,2
3,3,0
20,20,0
1,65,64
120,120,0
2,2,0
2,2,0
6,6,0
3,3,0
2,2,0
2,2,0
20,20,0
2,2,0
2,8,6
3,4,1
4,4,0
4,4,0
2,2,0
6,6,0
2,82,80
3,3,0
2,4,2
2,2,0
2,2,0
2,9,7
2,2,0
2,2,0
8,8,0
8,8,0
3,3,0
2,9,7
6,6,0
2,2,0
2,5,3
5,6,1
2,9,7
2,4,2
2,2,0
3,3,0
2,76,74
3,3,0
3,5,2
3,3,0
1,3,2
2,2,0
1,3,2
2,2,0
20,27,7
2,2,0
35,35,0
1,24,23
2,3,1
2,2,0
2,2,0
8,8,0
2,4,2
1,1,0
2,2,0
2,2,0
2,2,0
2,2,0
9,9,0
3,5,2
3,5,2
2,2,0
3,5,2
442,442,0
4,8,4
2,80,78
2,13,11
3,3,0
2,19,17
3,3,0
3,3,0
3,3,0
2,2,0
6,6,0
3,3,0
2,2,0
2,14,12
100,106,6
2,3,1
2,2,0
8,8,0
2,2,0
2,2,0
2,2,0
2,2,0
2,2,0
2,12,10
2,2,0
0,0,0
3,3,0
2,2,0
3,3,0
1,20,19
3,3,0
3,8,5
2,11,9
2,2,0
1,2,1
2,2,0
2,2,0
3,5,2
3,9,6
2,2,0
2,2,0
2,2,0
2,6,4
1,2,1
3,3,0
0,0,0
3,3,0
2,4,2
2,4,2
2,2,0
3,3,0
3,3,0
2,2,0
3,7,4
8,96,88
2,2,0
1,1,0
2,14,12
0,0,0
2,6,4
2,2,0
3,3,0
2,2,0
1,2,1
2,2,0
3,3,0
2,2,0
3,5,2
2,3,1
1,1,0
2,14,12
2,4,2
2,2,0
2,2,0
3,3,0
1,15,14
3,7,4
0,0,0
0,0,0
2,6,4
2,2,0
2,4,2
2,2,0
3,3,0
2,2,0
1,3,2
2,2,0
8,8,0
2,2,0
3,3,0
2,2,0
3,3,0
1,1,0
2,2,0
131,131,0
3,3,0
2,2,0
0,0,0
1,3,2
9,18,9
8,8,0
2,6,4
2,2,0
2,2,0
2,2,0
6,6,0
8,8,0
0,0,0
3,3,0
2,2,0
2,2,0
3,3,0
2,2,0
1,22,21
2,2,0
2,13,11
3,3,0
2,2,0
2,2,0
2,2,0
9,9,0
0,0,0
2,4,2
2,2,0
1,1,0
2,2,0
2,2,0
3,8,5
4,5,1
2,4,2
2,4,2
3,13,10
3,3,0
13,30,17
2,82,80
2,2,0
3,6,3
9,9,0
3,5,2
1,23,22
3,13,10
6,6,0
1,1,0
3,3,0
2,4,2
2,4,2
1,7,6
3,5,2
2,2,0
2,2,0
9,11,2
2,2,0
2,2,0
2,2,0
1,1,0
2,22,20
6,6,0
2,4,2
2,4,2
2,2,0
3,5,2
3,3,0
10,11,1
1,26,25
17,17,0
2,2,0
2,2,0
3,3,0
2,2,0
2,2,0
2,2,0
2,2,0
2,2,0
2,2,0
2,2,0
2,2,0
27,33,6
2,4,2
2,5,3
8,36,28
2,3,1
2,2,0
3,3,0
3,3,0
3,6,3
3,3,0
2,2,0
18,18,0
2,2,0
3,3,0
3,11,8
2,2,0
2,2,0
8,8,0
2,2,0
3,3,0
6,6,0
1,2,1
2,2,0
3,3,0
2,2,0
2,7,5
3,5,2
3,6,3
2,2,0
2,2,0
3,3,0
3,5,2
8,8,0
2,2,0
2,3,1
2,3,1
3,10,7
4,4,0
2,10,8
2,29,27
1,1,0
51,51,0
2,2,0
2,10,8
2,5,3
3,5,2
1,5,4
1,26,25
2,2,0
3,5,2
2,4,2
2,2,0
2,2,0
2,2,0
1,4,3
3,5,2
6,6,0
2,2,0
2,2,0
9,20,11
3,16,13
2,2,0
3,3,0
2,2,0
2,2,0
2,2,0
4,4,0
2,29,27
100,100,0
2,2,0
8,8,0
2,2,0
2,2,0
3,5,2
13,17,4
2,2,0
3,3,0
1,5,4
3,5,2
3,3,0
3,4,1
2,2,0
1,2,1
9,9,0
2,2,0
2,2,0
2,2,0
9,9,0
18,18,0
2,2,0
2,2,0
3,10,7
2,2,0
2,2,0
3,3,0
2,2,0
8,8,0
2,4,2
2,6,4
0,0,0
51,52,1
12,12,0
48,48,0
2,2,0
2,2,0
2,2,0
3,5,2
2,2,0
3,83,80
2,2,0
2,6,4
1,5,4
2,2,0
1,6,5
2,2,0
2,4,2
4,6,2
2,2,0
8,8,0
2,2,0
2,2,0
3,3,0
1,1,0
2,21,19
2,2,0
42,52,10
0,0,0
3,3,0
2,2,0
1,6,5
4,4,0
31,37,6
2,2,0
1,1,0
3,3,0
0,0,0
2,4,2
2,2,0
1,1,0
2,2,0
3,3,0
2,2,0
9,9,0
3,5,2
3,3,0
1,2,1
2,6,4
1,2,1
132,132,0
8,8,0
1,1,0
3,5,2
2,2,0
3,3,0
3,18,15
2,2,0
1,2,1
2,4,2
1,8,7
9,9,0
8,8,0
2,2,0
1,2,1
2,2,0
2,3,1
3,6,3
1,2,1
2,2,0
9,9,0
2,2,0
3,3,0
2,2,0
2,2,0
1,21,20
3,5,2
5,16,11
6,9,3
3,3,0
2,2,0
18,20,2
2,3,1
3,3,0
2,4,2
3,7,4
2,2,0
9,9,0
3,5,2
3,5,2
3,3,0
1,1,0
2,4,2
2,2,0
2,2,0
1,1,0
10,11,1
2,2,0
2,2,0
20,20,0
3,3,0
4,4,0
8,16,8
3,3,0
2,82,80
20,30,10
9,9,0
2,4,2
2,9,7
1,2,1
2,8,6
1,1,0
3,3,0
1,2,1
3,3,0
1,1,0
2,2,0
2,42,40
3,3,0
1,1,0
9,13,4
3,3,0
3,8,5
3,3,0
3,9,6
2,2,0
15,16,1
2,2,0
2,2,0
2,2,0
1,2,1
2,2,0
4,4,0
2,2,0
2,2,0
2,47,45
3,5,2
2,2,0
154,154,0
10,10,0
3,3,0
2,2,0
1,57,56
2,2,0
2,2,0
3,3,0
2,2,0
2,2,0
1,1,0
2,2,0
2,2,0
3,3,0
2,2,0
1,1,0
2,4,2
2,2,0
1,3,2
3,3,0
2,2,0
2,2,0
2,2,0
2,2,0
3,3,0
3,4,1
14,14,0
8,8,0
20,20,0
1,3,2
9,44,35
2,2,0
2,6,4
2,2,0
8,73,65
4,4,0
2,3,1
2,2,0
6,6,0
4,4,0
2,2,0
1,2,1
2,2,0
2,2,0
2,2,0
2,2,0
2,2,0
6,6,0
2,2,0
3,7,4
9,9,0
3,3,0
1,45,44
3,6,3
4,6,2
3,3,0
2,8,6
2,2,0
0,0,0
9,9,0
2,3,1
3,7,4
1,1,0
11,11,0
2,2,0
1,2,1
3,11,8
3,5,2
3,3,0
1,1,0
1,2,1
2,2,0
2,2,0
2,2,0
2,2,0
133,133,0
2,4,2
2,4,2
16,16,0
5,5,0
2,2,0
6,6,0
2,2,0
2,2,0
2,2,0
2,2,0
2,2,0
1,1,0
1,2,1
4,4,0
4,7,3
3,3,0
2,2,0
3,3,0
9,9,0
2,3,1
2,2,0
2,2,0
2,2,0
1,2,1
88,88,0
3,3,0
9,9,0
2,2,0
2,2,0
1,2,1
3,5,2
2,2,0
8,8,0
3,8,5
2,4,2
2,2,0
1,1,0
8,8,0
1,3,2
2,2,0
2,2,0
2,4,2
1,1,0
2,2,0
2,2,0
2,2,0
2,2,0
3,3,0
2,30,28
6,7,1
2,2,0
2,2,0
2,2,0
2,4,2
2,2,0
3,5,2
1,2,1
3,4,1
2,4,2
1,1,0
3,5,2
2,2,0
1,1,0
2,2,0
3,3,0
2,2,0
4,4,0
3,3,0
2,2,0
2,11,9
2,2,0
1,6,5
12,169,157
2,2,0
2,2,0
2,6,4
8,8,0
3,7,4
2,2,0
3,3,0
3,3,0
17,17,0
1,2,1
2,2,0
2,2,0
2,2,0
2,2,0
3,7,4
8,8,0
9,20,11
3,18,15
2,2,0
1,21,20
5,5,0
5,48,43
11,14,3
2,2,0
2,7,5
3,7,4
8,10,2
2,2,0
2,58,56
2,11,9
3,5,2
2,5,3
2,4,2
2,6,4
3,13,10
3,3,0
4,4,0
3,3,0
1,22,21
3,5,2
2,2,0
2,2,0
2,4,2
2,12,10
2,2,0
2,2,0
2,2,0
0,0,0
3,3,0
9,9,0
9,9,0
11,11,0
3,7,4
6,6,0
2,3,1
3,5,2
1,2,1
1,2,1
2,2,0
2,2,0
3,24,21
2,2,0
2,4,2
0,0,0
2,2,0
6,6,0
4,4,0
2,2,0
2,2,0
1,2,1
2,8,6
1,2,1
2,26,24
2,2,0
2,6,4
0,0,0
3,13,10
2,2,0
2,3,1
2,2,0
2,82,80
4,9,5
3,3,0
4,4,0
1,1,0
3,3,0
3,5,2
3,4,1
2,2,0
6,6,0
3,3,0
50,52,2
4,6,2
2,4,2
2,2,0
2,2,0
3,9,6
3,5,2
2,2,0
3,3,0
1,4,3
3,6,3
1,3,2
2,2,0
4,5,1
2,2,0
8,8,0
3,8,5
2,2,0
2,2,0
1,25,24
1,1,0
0,0,0
2,2,0
2,2,0
1,3,2
2,2,0
17,17,0
2,2,0
2,4,2
3,14,11
3,3,0
1,3,2
0,0,0
3,42,39
2,4,2
3,5,2
2,2,0
2,2,0
8,8,0
3,7,4
3,10,7
2,2,0
2,2,0
9,9,0
3,7,4
17,18,1
1,3,2
2,2,0
1,3,2
2,2,0
2,3,1
2,11,9
3,7,4
2,4,2
0,0,0
2,2,0
2,2,0
2,2,0
2,2,0
3,4,1
3,7,4
3,3,0
3,3,0
2,2,0
3,3,0
2,2,0
3,3,0
2,6,4
0,0,0
9,17,8
3,3,0
2,3,1
9,9,0
22,22,0
2,7,5
22,22,0
5,7,2
1,57,56
7,7,0
3,8,5
2,2,0
2,2,0
4,4,0
0,0,0
2,5,3
2,2,0
2,4,2
3,3,0
2,2,0
3,9,6
2,2,0
2,2,0
3,3,0
135,135,0
1,14,13
2,2,0
2,2,0
2,2,0
2,8,6
81,81,0
2,4,2
2,2,0
2,2,0
2,2,0
4,4,0
3,5,2
1,27,26
6,6,0
2,109,107
1,5,4
2,2,0
2,6,4
2,2,0
2,2,0
3,3,0
2,6,4
1,2,1
1,2,1
2,3,1
2,6,4
3,3,0
3,3,0
1,20,19
3,3,0
2,2,0
3,3,0
2,4,2
2,2,0
2,2,0
2,4,2
1,21,20
2,2,0
2,2,0
2,5,3
3,3,0
1,8,7
3,4,1
1,2,1
2,6,4
3,23,20
2,2,0
2,2,0
1,1,0
2,2,0
2,2,0
2,2,0
2,2,0
24,24,0
2,2,0
3,6,3
10,10,0
3,5,2
2,2,0
9,9,0
1,2,1
2,2,0
1,2,1
3,5,2
2,2,0
10,10,0
2,2,0
1,1,0
2,133,131
2,4,2
2,2,0
3,11,8
60,121,61
7,7,0
3,3,0
4,4,0
31,31,0
2,8,6
100,100,0
2,2,0
3,3,0
1,1,0
2,2,0
3,4,1
7,7,0
68,68,0
1,1,0
3,3,0
3,3,0
2,80,78
2,3,1
2,2,0
2,3,1
2,2,0
1,3,2
8,8,0
0,0,0
2,13,11
3,3,0
2,6,4
1,2,1
4,4,0
2,2,0
2,4,2
3,3,0
6,6,0
2,2,0
3,7,4
2,2,0
3,3,0
2,2,0
1,1,0
14,15,1
2,2,0
2,2,0
2,10,8
2,2,0
0,0,0
8,8,0
2,2,0
6,6,0
2,3,1
2,5,3
3,3,0
3,3,0
1,1,0
2,2,0
3,3,0
2,2,0
0,0,0
1,2,1
2,2,0
2,2,0
2,2,0
2,2,0
3,3,0
2,2,0
3,3,0
4,6,2
3,29,26
8,8,0
3,3,0
2,2,0
2,4,2
9,9,0
14,14,0
2,4,2
1,2,1
3,3,0
2,2,0
3,3,0
6,6,0
2,2,0
2,2,0
2,2,0
2,2,0
2,8,6
6,6,0
2,2,0
2,2,0
5,9,4
9,9,0
2,2,0
10,11,1
2,4,2
21,26,5
3,6,3
1,1,0
2,12,10
4,4,0
6,6,0
2,2,0
2,2,0
2,2,0
2,2,0
2,2,0
3,5,2
0,0,0
2,34,32
2,2,0
1,1,0
2,2,0
2,4,2
2,2,0
5,5,0
3,5,2
3,3,0
3,3,0
2,2,0
4,4,0
1,2,1
3,14,11
3,5,2
3,3,0
2,2,0
3,3,0
3,3,0
2,6,4
2,7,5
3,3,0
18,20,2
0,0,0
3,3,0
2,2,0
0,0,0
3,3,0
2,2,0
3,3,0
3,5,2
3,5,2
2,2,0
3,3,0
5,5,0
2,2,0
2,4,2
2,2,0
2,2,0
2,10,8
2,2,0
2,2,0
2,2,0
2,2,0
3,7,4
2,2,0
2,2,0
2,2,0
8,8,0
1,5,4
1,11,10
2,4,2
3,4,1
2,5,3
2,3,1
2,82,80
3,8,5
2,80,78
11,11,0
2,2,0
2,2,0
3,14,11
2,2,0
3,3,0
2,2,0
9,9,0
2,2,0
1,3,2
10,20,10
3,7,4
2,2,0
3,3,0
3,3,0
9,9,0
2,6,4
3,3,0
4,4,0
3,3,0
2,2,0
2,2,0
2,2,0
2,2,0
11,11,0
2,2,0
3,3,0
1,1,0
2,2,0
2,2,0
2,3,1
0,0,0
1,23,22
2,2,0
3,3,0
18,58,40
1,1,0
2,4,2
2,2,0
1,1,0
2,2,0
3,6,3
1,2,1
3,3,0
3,9,6
2,2,0
2,2,0
2,2,0
6,35,29
3,5,2
1,1,0
3,5,2
2,2,0
2,48,46
0,0,0
3,3,0
3,3,0
2,6,4
2,2,0
2,2,0
1,1,0
2,4,2
3,14,11
2,2,0
2,2,0
3,3,0
0,0,0
2,6,4
2,2,0
9,9,0
1,24,23
2,2,0
0,0,0
0,0,0
8,8,0
3,3,0
1,1,0
3,5,2
3,3,0
3,9,6
2,4,2
2,2,0
2,4,2
2,2,0
2,4,2
2,2,0
2,2,0
2,2,0
2,2,0
2,2,0
2,2,0
4,4,0
43,43,0
9,9,0
3,3,0
2,3,1
2,2,0
5,5,0
2,3,1
2,3,1
3,3,0
3,7,4
3,5,2
2,2,0
2,7,5
8,8,0
2,2,0
3,5,2
2,9,7
76,76,0
0,0,0
2,2,0
3,5,2
2,2,0
3,11,8
8,8,0
3,3,0
2,5,3
2,3,1
12,15,3
2,2,0
175,175,0
9,9,0
3,5,2
2,2,0
2,2,0
2,2,0
2,2,0
0,0,0
3,9,6
2,4,2
3,3,0
2,2,0
2,2,0
0,0,0
2,2,0
2,6,4
3,4,1
1,83,82
0,0,0
3,3,0
13,13,0
2,5,3
6,8,2
1,3,2
2,2,0
2,2,0
2,2,0
2,2,0
4,4,0
3,3,0
3,5,2
2,5,3
3,5,2
2,2,0
8,8,0
2,2,0
2,2,0
3,3,0
1,2,1
2,5,3
2,2,0
2,2,0
2,2,0
2,2,0
3,3,0
2,2,0
2,2,0
2,2,0
3,3,0
8,8,0
2,4,2
2,2,0
2,3,1
2,2,0
2,2,0
8,8,0
3,3,0
2,4,2
3,4,1
2,4,2
2,6,4
2,2,0
106,108,2
2,7,5
1,23,22
2,4,2
1,11,10
16,17,1
3,3,0
2,3,1
3,5,2
2,7,5
2,2,0
1,8,7
2,2,0
2,4,2
3,3,0
2,2,0
2,4,2
2,6,4
3,7,4
2,15,13
2,2,0
2,2,0
18,18,0
2,7,5
15,16,1
4,7,3
2,2,0
1,2,1
8,8,0
7,7,0
2,2,0
2,3,1
2,4,2
2,2,0
2,2,0
24,24,0
2,2,0
2,2,0
2,2,0
3,3,0
2,2,0
3,5,2
2,37,35
0,0,0
2,2,0
1,2,1
3,3,0
3,7,4
4,4,0
3,4,1
4,4,0
1,2,1
2,2,0
11,11,0
2,16,14
2,80,78
3,9,6
2,5,3
3,8,5
2,2,0
1,6,5
2,3,1
2,2,0
3,7,4
2,2,0
62,62,0
1,1,0
1,2,1
2,2,0
2,4,2
3,3,0
2,14,12
2,2,0
2,2,0
1,1,0
1,1,0
50,61,11
2,2,0
2,3,1
133,133,0
4,94,90
1,2,1
2,2,0
2,2,0
2,2,0
3,11,8
2,2,0
3,9,6
3,80,77
2,2,0
2,2,0
3,17,14
3,5,2
4,4,0
1,2,1
2,7,5
2,2,0
1,1,0
10,10,0
0,0,0
0,0,0
2,4,2
25,43,18
2,2,0
3,5,2
2,2,0
3,3,0
3,5,2
0,0,0
3,3,0
0,0,0
2,2,0
2,2,0
1,2,1
3,5,2
2,4,2
48,48,0
2,2,0
3,3,0
2,2,0
4,4,0
3,3,0
3,9,6
3,5,2
3,3,0
8,8,0
2,82,80
1,2,1
3,5,2
2,2,0
2,2,0
2,2,0
2,2,0
15,15,0
2,2,0
2,2,0
66,66,0
2,2,0
6,6,0
4,4,0
3,3,0
15,15,0
8,8,0
1,26,25
3,3,0
2,2,0
71,71,0
3,5,2
2,2,0
2,2,0
3,3,0
3,5,2
2,2,0
2,2,0
3,7,4
2,2,0
3,3,0
3,3,0
2,2,0
11,13,2
1,1,0
7,7,0
2,2,0
2,45,43
1,33,32
2,2,0
3,3,0
2,4,2
2,2,0
2,2,0
2,2,0
3,3,0
2,14,12
0,0,0
2,6,4
2,3,1
6,6,0
2,4,2
3,3,0
3,5,2
2,2,0
3,3,0
2,2,0
2,8,6
3,3,0
0,0,0
2,2,0
1,2,1
2,2,0
3,3,0
2,6,4
2,2,0
2,2,0
2,4,2
3,3,0
2,2,0
0,0,0
2,2,0
2,2,0
2,2,0
2,2,0
2,2,0
3,3,0
4,4,0
2,10,8
1,8,7
2,37,35
12,12,0
3,3,0
2,2,0
3,3,0
1,2,1
4,4,0
2,2,0
0,0,0
1,1,0
2,9,7
2,2,0
4,4,0
1,1,0
4,6,2
8,8,0
2,2,0
1,1,0
80,80,0
2,2,0
11,11,0
2,4,2
4,4,0
2,2,0
0,0,0
3,5,2
2,2,0
3,6,3
1,8,7
2,2,0
3,3,0
3,11,8
2,2,0
0,0,0
3,3,0
2,2,0
2,3,1
5,19,14
8,8,0
0,0,0
0,0,0
2,3,1
2,2,0
2,4,2
2,2,0
2,2,0
3,4,1
2,3,1
3,7,4
1,25,24
2,2,0
2,2,0
10,10,0
1,3,2
2,2,0
1,2,1
2,2,0
2,6,4
2,8,6
3,3,0
3,29,26
1,2,1
3,3,0
2,2,0
2,2,0
2,2,0
2,2,0
2,2,0
2,4,2
2,2,0
3,4,1
2,2,0
3,3,0
8,8,0
2,2,0
2,2,0
3,19,16
2,2,0
8,8,0
2,2,0
2,2,0
2,2,0
2,6,4
3,3,0
2,2,0
3,5,2
9,9,0
2,2,0
2,4,2
2,80,78
2,80,78
8,8,0
2,2,0
9,9,0
3,3,0
3,3,0
3,23,20
1,1,0
3,5,2
4,5,1
3,5,2
2,2,0
3,7,4
3,5,2
3,5,2
1,5,4
2,2,0
3,5,2
3,9,6
2,2,0
8,8,0
2,2,0
8,8,0
2,2,0
2,2,0
2,4,2
3,3,0
2,2,0
6,8,2
2,2,0
3,8,5
32,32,0
2,2,0
3,5,2
2,8,6
7,34,27
2,2,0
2,2,0
2,2,0
2,2,0
3,3,0
3,3,0
2,2,0
2,2,0
9,9,0
2,2,0
3,5,2
1,20,19
1,4,3
2,4,2
2,2,0
10,10,0
3,3,0
3,3,0
3,4,1
0,0,0
2,2,0
2,2,0
0,0,0
3,3,0
3,3,0
2,5,3
2,2,0
3,3,0
2,4,2
20,20,0
2,2,0
3,5,2
3,5,2
0,0,0
1,18,17
1,1,0
6,6,0
2,6,4
2,2,0
9,9,0
2,3,1
3,7,4
2,2,0
2,5,3
2,2,0
1,1,0
3,7,4
8,8,0
2,2,0
14,14,0
12,12,0
9,9,0
2,2,0
1,1,0
2,2,0
2,2,0
3,5,2
2,2,0
2,4,2
2,2,0
2,6,4
9,9,0
2,2,0
2,2,0
4,5,1
9,9,0
3,3,0
1,1,0
3,7,4
2,2,0
2,2,0
3,3,0
2,2,0
3,5,2
2,4,2
3,3,0
2,2,0
2,3,1
1,1,0
8,8,0
2,12,10
2,4,2
3,16,13
2,2,0
1,1,0
2,2,0
0,0,0
2,2,0
2,2,0
3,24,21
2,20,18
3,11,8
5,17,12
3,3,0
3,8,5
2,2,0
0,0,0
3,3,0
2,2,0
2,3,1
1,3,2
3,8,5
2,2,0
3,12,9
3,8,5
2,2,0
2,2,0
10,10,0
2,2,0
1,1,0
2,2,0
6,6,0
3,7,4
8,10,2
1,2,1
0,0,0
2,2,0
2,42,40
2,4,2
2,2,0
1,21,20
1,2,1
2,2,0
3,6,3
2,2,0
2,2,0
3,3,0
4,6,2
9,9,0
2,2,0
76,76,0
2,14,12
3,3,0
2,6,4
2,2,0
10,10,0
2,2,0
2,2,0
8,8,0
1,22,21
5,5,0
1,2,1
2,2,0
2,2,0
2,4,2
8,8,0
2,2,0
8,8,0
2,2,0
2,2,0
2,10,8
2,4,2
2,2,0
2,2,0
6,8,2
6,6,0
2,8,6
3,7,4
3,3,0
9,9,0
2,2,0
24,24,0
2,4,2
6,6,0
2,2,0
2,2,0
2,4,2
1,6,5
3,5,2
3,3,0
2,6,4
8,8,0
15,16,1
3,5,2
3,3,0
3,3,0
2,2,0
3,3,0
9,9,0
2,2,0
2,3,1
2,2,0
3,12,9
2,4,2
3,3,0
0,0,0
3,3,0
3,5,2
2,6,4
2,2,0
2,2,0
2,2,0
2,3,1
2,2,0
2,6,4
2,2,0
9,37,28
2,2,0
2,56,54
2,2,0
2,2,0
2,2,0
2,3,1
2,2,0
3,3,0
2,2,0
1,4,3
2,2,0
3,5,2
2,2,0
100,100,0
9,9,0
2,2,0
10,10,0
3,5,2
3,3,0
3,5,2
3,3,0
3,3,0
2,2,0
2,2,0
1,3,2
43,43,0
2,2,0
2,8,6
3,7,4
87,87,0
8,15,7
29,29,0
3,9,6
2,2,0
1,1,0
4,5,1
1,1,0
3,9,6
2,2,0
2,4,2
2,2,0
4,7,3
3,10,7
2,2,0
0,0,0
9,9,0
1,2,1
3,7,4
1,12,11
3,3,0
9,19,10
2,2,0
2,2,0
2,4,2
3,3,0
2,2,0
2,2,0
1,2,1
3,3,0
8,8,0
1,2,1
1,10,9
2,2,0
2,5,3
8,19,11
3,10,7
2,4,2
3,3,0
11,11,0
2,2,0
2,2,0
2,2,0
22,22,0
3,7,4
2,2,0
3,9,6
2,2,0
8,8,0
3,3,0
2,2,0
2,7,5
2,216,214
0,0,0
2,2,0
2,2,0
0,0,0
3,5,2
2,2,0
3,3,0
1,1,0
2,8,6
1,1,0
8,8,0
2,4,2
2,2,0
2,4,2
0,0,0
22,24,2
2,25,23
3,3,0
3,3,0
2,2,0
2,2,0
3,7,4
3,7,4
2,5,3
2,2,0
2,2,0
3,3,0
2,2,0
2,2,0
2,2,0
2,10,8
2,2,0
3,3,0
5,5,0
2,2,0
2,2,0
2,2,0
2,2,0
2,2,0
2,2,0
2,6,4
2,6,4
2,4,2
2,2,0
1,2,1
2,2,0
2,4,2
9,9,0
2,2,0
1,2,1
2,2,0
2,2,0
9,9,0
0,0,0
26,28,2
2,2,0
0,0,0
11,13,2
2,40,38
8,8,0
2,2,0
2,2,0
0,0,0
8,8,0
2,2,0
1,1,0
9,13,4
2,2,0
2,4,2
3,3,0
2,2,0
2,2,0
3,3,0
2,2,0
2,2,0
3,5,2
2,2,0
2,2,0
2,2,0
1,1,0
9,9,0
2,2,0
10,15,5
8,8,0
3,70,67
3,3,0
2,2,0
2,6,4
2,2,0
2,2,0
2,2,0
1,6,5
2,2,0
2,2,0
2,2,0
2,8,6
2,2,0
2,2,0
2,10,8
1,2,1
24,25,1
1,1,0
3,8,5
9,9,0
2,6,4
36,36,0
2,10,8
2,2,0
1,6,5
9,9,0
2,2,0
2,2,0
8,8,0
2,6,4
9,9,0
2,2,0
3,3,0
3,6,3
3,5,2
1,2,1
2,2,0
2,2,0
51,51,0
2,2,0
2,2,0
4,4,0
2,4,2
2,2,0
2,2,0
2,7,5
2,2,0
3,6,3
3,4,1
2,2,0
1,1,0
2,2,0
11,11,0
2,5,3
1,10,9
2,2,0
4,5,1
1,1,0
10,10,0
24,24,0
3,12,9
2,2,0
3,5,2
2,82,80
2,2,0
2,3,1
2,2,0
5,5,0
2,3,1
2,2,0
62,62,0
2,2,0
2,2,0
8,8,0
2,2,0
3,5,2
2,2,0
2,2,0
3,3,0
8,8,0
4,4,0
2,2,0
1,7,6
1,78,77
2,2,0
3,7,4
2,13,11
2,2,0
2,2,0
2,2,0
2,2,0
3,3,0
2,8,6
2,6,4
2,2,0
9,9,0
2,84,82
3,3,0
22,23,1
2,2,0
3,3,0
8,8,0
9,9,0
26,26,0
4,4,0
2,2,0
2,6,4
4,8,4
4,4,0
9,9,0
1,1,0
70,70,0
2,4,2
1,1,0
2,2,0
1,1,0
3,7,4
2,2,0
3,3,0
0,0,0
2,2,0
8,8,0
3,3,0
2,2,0
9,9,0
2,2,0
1,5,4
2,4,2
9,9,0
18,18,0
2,8,6
2,2,0
2,2,0
2,2,0
2,4,2
2,2,0
4,5,1
3,3,0
3,5,2
2,2,0
2,2,0
3,5,2
3,3,0
0,0,0
1,6,5
3,9,6
3,3,0
2,2,0
2,2,0
2,2,0
2,2,0
2,2,0
3,5,2
2,5,3
3,5,2
2,2,0
2,2,0
5,5,0
2,2,0
2,2,0
2,2,0
1,7,6
2,4,2
2,2,0
8,12,4
3,13,10
2,2,0
2,2,0
3,24,21
2,2,0
3,3,0
1,20,19
20,20,0
2,5,3
3,20,17
7,7,0
2,5,3
2,2,0
2,2,0
3,3,0
3,5,2
2,2,0
2,2,0
1,22,21
2,3,1
2,2,0
2,5,3
2,4,2
10,10,0
2,2,0
3,11,8
1,1,0
3,4,1
2,2,0
2,2,0
2,11,9
2,2,0
2,2,0
4,4,0
2,2,0
1,2,1
2,11,9
2,3,1
2,2,0
13,13,0
20,20,0
2,17,15
1,1,0
2,2,0
29,29,0
3,3,0
2,2,0
8,8,0
3,3,0
1,2,1
2,12,10
3,3,0
2,2,0
2,7,5
2,2,0
2,2,0
3,3,0
2,23,21
3,3,0
2,2,0
3,46,43
2,2,0
3,3,0
3,5,2
3,3,0
9,9,0
10,11,1
2,2,0
2,4,2
2,4,2
5,5,0
3,3,0
8,8,0
2,47,45
2,2,0
2,30,28
3,3,0
2,2,0
3,3,0
3,9,6
2,2,0
0,0,0
3,5,2
3,5,2
2,4,2
2,6,4
2,4,2
2,2,0
2,7,5
2,2,0
1,3,2
2,2,0
3,3,0
8,8,0
2,42,40
3,3,0
2,2,0
2,2,0
3,3,0
2,2,0
2,4,2
2,2,0
3,5,2
2,2,0
0,0,0
6,6,0
2,2,0
3,5,2
2,2,0
11,11,0
2,2,0
2,2,0
1,6,5
3,5,2
2,2,0
2,2,0
2,4,2
3,6,3
9,9,0
2,2,0
2,2,0
2,2,0
3,7,4
2,2,0
6,6,0
2,3,1
2,2,0
2,19,17
13,13,0
1,2,1
2,80,78
2,2,0
3,8,5
3,3,0
8,8,0
2,3,1
2,2,0
9,9,0
2,2,0
2,3,1
8,8,0
2,6,4
3,3,0
3,3,0
2,23,21
2,2,0
2,2,0
2,4,2
2,13,11
1,2,1
3,7,4
9,9,0
12,12,0
1,1,0
3,5,2
3,11,8
0,0,0
24,24,0
2,2,0
1,2,1
3,7,4
2,3,1
2,5,3
9,9,0
2,2,0
2,2,0
3,3,0
2,4,2
2,2,0
2,2,0
2,2,0
1,6,5
2,2,0
0,0,0
2,2,0
1,1,0
2,2,0
2,2,0
2,2,0
2,2,0
8,8,0
3,3,0
2,2,0
2,2,0
8,8,0
1,1,0
2,2,0
1,1,0
1,2,1
2,2,0
2,4,2
0,0,0
3,3,0
9,9,0
2,9,7
3,5,2
3,3,0
3,5,2
20,20,0
4,4,0
3,7,4
2,16,14
4,4,0
0,0,0
11,11,0
6,6,0
4,4,0
3,7,4
2,4,2
1,12,11
28,32,4
2,49,47
3,3,0
3,5,2
4,10,6
22,22,0
2,2,0
1,78,77
2,2,0
2,2,0
10,10,0
2,2,0
2,21,19
2,3,1
9,9,0
2,2,0
2,4,2
12,12,0
3,3,0
1,2,1
0,0,0
2,2,0
2,2,0
37,40,3
1,58,57
2,2,0
2,2,0
2,25,23
2,2,0
1,1,0
2,4,2
3,3,0
2,2,0
1,2,1
3,3,0
1,4,3
2,2,0
2,2,0
2,5,3
0,0,0
2,7,5
2,4,2
2,2,0
2,2,0
0,0,0
2,2,0
3,3,0
0,0,0
1,2,1
2,4,2
9,9,0
2,7,5
12,38,26
2,2,0
2,2,0
2,2,0
3,5,2
39,39,0
8,9,1
3,5,2
3,3,0
2,2,0
2,2,0
16,23,7
9,9,0
2,2,0
2,2,0
2,2,0
2,2,0
12,12,0
1,1,0
2,2,0
3,10,7
3,3,0
2,2,0
2,2,0
3,3,0
2,4,2
2,2,0
2,2,0
2,4,2
1,2,1
2,2,0
2,82,80
94,94,0
3,5,2
2,2,0
60,60,0
10,10,0
2,2,0
10,10,0
2,2,0
2,2,0
6,6,0
2,2,0
2,2,0
2,2,0
3,5,2
1,4,3
2,2,0
11,11,0
2,2,0
2,2,0
1,2,1
9,9,0
3,3,0
3,3,0
3,3,0
8,8,0
3,3,0
2,2,0
2,4,2
2,3,1
100,106,6
8,8,0
3,3,0
2,2,0
2,3,1
2,4,2
2,2,0
2,3,1
3,65,62
2,2,0
1,3,2
3,3,0
3,3,0
3,3,0
3,5,2
2,2,0
2,2,0
3,5,2
2,2,0
2,2,0
2,8,6
2,3,1
2,2,0
2,2,0
3,3,0
3,3,0
4,4,0
23,23,0
3,3,0
10,10,0
6,6,0
2,2,0
8,12,4
2,2,0
3,3,0
8,17,9
3,3,0
1,12,11
2,11,9
2,15,13
8,8,0
2,2,0
2,2,0
2,2,0
2,2,0
71,168,97
2,2,0
2,2,0
3,3,0
2,2,0
3,5,2
8,8,0
1,1,0
1,7,6
22,22,0
2,7,5
1,1,0
2,2,0
2,2,0
2,2,0
2,5,3
3,11,8
1,5,4
1,3,2
2,2,0
2,3,1
2,2,0
2,2,0
2,2,0
0,0,0
2,2,0
4,4,0
3,3,0
2,2,0
3,8,5
2,2,0
6,6,0
2,2,0
12,12,0
2,3,1
3,3,0
2,4,2
0,0,0
2,4,2
3,4,1
100,104,4
3,5,2
2,2,0
2,6,4
2,2,0
8,8,0
3,3,0
8,13,5
10,10,0
9,10,1
2,2,0
3,28,25
7,7,0
2,2,0
3,6,3
2,2,0
3,7,4
2,4,2
1,3,2
9,24,15
3,6,3
3,3,0
1,2,1
2,2,0
1,1,0
1,2,1
2,2,0
2,2,0
1,45,44
3,3,0
1,1,0
2,2,0
1,3,2
3,3,0
9,9,0
0,0,0
2,2,0
2,2,0
1,1,0
3,5,2
2,2,0
2,2,0
1,1,0
2,5,3
2,4,2
3,3,0
2,6,4
2,2,0
2,6,4
2,2,0
3,3,0
1,2,1
3,5,2
46,46,0
3,4,1
3,3,0
2,2,0
17,17,0
1,1,0
6,8,2
1,6,5
0,0,0
2,2,0
2,2,0
2,8,6
3,3,0
3,3,0
3,3,0
2,2,0
3,7,4
2,2,0
2,2,0
1,2,1
3,4,1
3,7,4
2,2,0
2,3,1
1,1,0
9,9,0
1,2,1
12,12,0
2,2,0
1,28,27
4,15,11
1,5,4
2,3,1
8,8,0
3,3,0
3,6,3
0,0,0
2,2,0
2,4,2
1,2,1
8,8,0
26,35,9
3,11,8
2,2,0
2,8,6
1,1,0
1,21,20
3,3,0
10,20,10
2,2,0
2,2,0
2,2,0
2,2,0
40,40,0
2,6,4
1,7,6
2,9,7
2,2,0
2,4,2
1,2,1
3,3,0
1,4,3
34,39,5
9,9,0
2,2,0
3,5,2
3,3,0
2,2,0
2,2,0
5,5,0
1,3,2
1,2,1
3,10,7
2,2,0
2,2,0
2,2,0
3,3,0
1,37,36
2,2,0
3,5,2
3,8,5
2,2,0
3,5,2
0,0,0
3,3,0
2,4,2
1,2,1
3,3,0
0,0,0
3,7,4
1,1,0
2,2,0
2,2,0
20,20,0
3,3,0
2,2,0
2,2,0
2,3,1
2,2,0
2,2,0
1,7,6
10,10,0
2,2,0
1,1,0
18,18,0
3,7,4
3,3,0
2,4,2
1,3,2
3,13,10
9,10,1
2,2,0
3,3,0
3,3,0
0,0,0
5,7,2
2,3,1
0,0,0
1,1,0
2,2,0
2,2,0
2,2,0
3,3,0
1,25,24
4,4,0
2,2,0
3,3,0
3,3,0
3,3,0
2,2,0
47,49,2
2,2,0
2,2,0
3,5,2
2,4,2
3,6,3
8,8,0
2,6,4
4,4,0
2,2,0
2,2,0
11,11,0
3,5,2
3,3,0
8,8,0
2,2,0
3,7,4
2,2,0
1,1,0
2,5,3
2,2,0
1,4,3
1,2,1
1,9,8
4,8,4
2,2,0
123,159,36
2,2,0
6,6,0
0,0,0
2,2,0
2,4,2
2,2,0
2,2,0
13,13,0
100,104,4
2,2,0
2,2,0
2,2,0
3,5,2
2,3,1
2,2,0
2,4,2
2,7,5
7,15,8
0,0,0
1,3,2
3,4,1
2,2,0
2,2,0
9,9,0
2,2,0
2,2,0
2,2,0
1,2,1
2,2,0
6,20,14
2,2,0
4,4,0
1,2,1
2,10,8
2,2,0
2,6,4
12,12,0
2,2,0
1,1,0
3,5,2
1,2,1
2,2,0
2,2,0
2,2,0
4,5,1
2,2,0
1,1,0
2,2,0
1,3,2
2,2,0
2,7,5
2,2,0
3,3,0
3,7,4
1,1,0
1,3,2
2,3,1
10,10,0
2,2,0
1,1,0
2,2,0
8,8,0
9,9,0
2,2,0
3,3,0
2,2,0
2,2,0
2,6,4
3,3,0
2,4,2
3,4,1
2,2,0
2,7,5
2,2,0
3,5,2
4,4,0
2,2,0
3,10,7
2,2,0
1,1,0
2,24,22
2,2,0
9,9,0
3,5,2
8,8,0
3,23,20
2,2,0
2,2,0
8,8,0
0,0,0
3,3,0
2,2,0
1,4,3
3,15,12
3,6,3
2,2,0
1,1,0
0,0,0
2,2,0
2,2,0
3,3,0
12,14,2
3,3,0
10,10,0
3,8,5
2,3,1
3,7,4
2,2,0
3,3,0
2,2,0
2,2,0
2,3,1
2,9,7
0,0,0
3,3,0
4,4,0
2,2,0
2,2,0
2,2,0
2,2,0
2,2,0
2,2,0
3,3,0
2,2,0
6,6,0
2,2,0
3,3,0
3,3,0
9,9,0
2,2,0
2,47,45
2,2,0
2,2,0
2,2,0
6,35,29
2,4,2
9,9,0
2,2,0
2,4,2
2,2,0
2,2,0
3,3,0
146,279,133
2,2,0
2,2,0
2,4,2
2,2,0
2,2,0
2,2,0
0,0,0
3,12,9
1,1,0
2,2,0
1,2,1
2,9,7
3,3,0
1,1,0
2,2,0
2,2,0
3,3,0
3,3,0
3,6,3
3,4,1
1,1,0
2,2,0
2,2,0
2,2,0
1,42,41
2,2,0
13,13,0
1,1,0
3,5,2
2,4,2
1,7,6
3,5,2
3,11,8
2,2,0
2,2,0
2,2,0
2,2,0
8,15,7
3,5,2
1,2,1
3,10,7
2,2,0
2,7,5
3,10,7
3,3,0
3,3,0
2,6,4
30,73,43
1,73,72
2,4,2
1,21,20
2,3,1
2,2,0
3,3,0
2,2,0
9,9,0
3,22,19
3,3,0
2,3,1
3,5,2
2,2,0
1,1,0
2,2,0
22,22,0
0,0,0
3,7,4
2,2,0
3,7,4
2,2,0
2,2,0
3,11,8
2,4,2
2,17,15
3,3,0
8,8,0
2,16,14
2,2,0
2,5,3
2,5,3
2,8,6
2,2,0
20,20,0
6,6,0
2,6,4
2,2,0
2,2,0
2,2,0
0,0,0
3,11,8
11,11,0
3,3,0
133,133,0
2,4,2
2,2,0
2,6,4
2,2,0
3,3,0
2,2,0
1,6,5
0,0,0
2,8,6
2,2,0
5,5,0
1,6,5
6,6,0
2,2,0
9,11,2
3,6,3
116,116,0
8,14,6
1,2,1
2,2,0
24,24,0
2,2,0
2,4,2
2,3,1
3,3,0
3,3,0
10,10,0
2,82,80
2,2,0
2,2,0
2,3,1
0,0,0
2,2,0
3,23,20
3,3,0
3,7,4
2,2,0
2,2,0
11,11,0
2,2,0
3,3,0
2,2,0
3,8,5
2,3,1
2,2,0
1,3,2
2,2,0
2,2,0
2,2,0
3,3,0
2,2,0
2,2,0
2,2,0
2,2,0
7,9,2
18,19,1
2,2,0
2,2,0
2,12,10
2,2,0
2,2,0
2,2,0
7,13,6
2,2,0
2,2,0
1,3,2
1,6,5
6,8,2
2,2,0
30,30,0
1,2,1
2,2,0
2,2,0
14,14,0
2,2,0
2,6,4
2,2,0
2,2,0
2,2,0
2,2,0
35,35,0
10,10,0
3,3,0
2,2,0
3,3,0
3,3,0
2,2,0
3,3,0
2,2,0
20,20,0
3,5,2
2,2,0
2,2,0
30,122,92
3,4,1
1,1,0
3,6,3
2,4,2
2,2,0
2,2,0
7,7,0
10,10,0
2,2,0
6,6,0
3,3,0
1,5,4
2,2,0
3,5,2
3,9,6
2,4,2
25,59,34
2,2,0
2,2,0
2,2,0
2,2,0
3,3,0
1,1,0
2,2,0
2,2,0
1,1,0
3,3,0
1,24,23
2,2,0
2,2,0
2,6,4
2,2,0
2,2,0
4,4,0
2,2,0
1,1,0
2,5,3
2,2,0
1,2,1
2,2,0
2,2,0
2,2,0
2,2,0
1,1,0
2,4,2
3,5,2
45,45,0
3,3,0
1,1,0
2,2,0
8,8,0
2,5,3
2,2,0
1,8,7
3,5,2
31,31,0
8,9,1
2,2,0
1,1,0
2,2,0
5,5,0
1,1,0
123,123,0
3,3,0
1,2,1
1,1,0
1,23,22
53,53,0
3,9,6
3,7,4
2,2,0
8,8,0
2,4,2
3,3,0
3,3,0
0,0,0
2,17,15
7,7,0
0,0,0
1,1,0
106,106,0
2,6,4
3,3,0
2,2,0
3,5,2
1,5,4
3,6,3
4,7,3
3,5,2
3,3,0
2,2,0
2,2,0
2,2,0
3,25,22
3,7,4
3,17,14
2,2,0
1,23,22
3,3,0
2,2,0
2,2,0
3,8,5
3,6,3
4,4,0
10,10,0
2,2,0
3,3,0
10,10,0
2,5,3
3,9,6
3,3,0
2,10,8
8,16,8
2,2,0
2,2,0
0,0,0
2,17,15
1,2,1
3,3,0
2,2,0
3,3,0
4,4,0
2,4,2
1,2,1
2,2,0
8,8,0
2,4,2
2,2,0
3,3,0
2,4,2
2,2,0
2,2,0
2,2,0
2,2,0
2,4,2
3,3,0
1,3,2
3,6,3
1,4,3
3,3,0
2,2,0
2,2,0
0,0,0
2,2,0
2,2,0
2,2,0
2,2,0
1,1,0
2,2,0
2,2,0
2,2,0
3,3,0
2,2,0
2,2,0
2,2,0
2,2,0
2,6,4
6,17,11
2,2,0
2,2,0
8,8,0
0,0,0
2,4,2
2,8,6
2,4,2
3,3,0
1,2,1
2,2,0
10,10,0
2,2,0
2,2,0
2,4,2
1,24,23
3,3,0
3,3,0
2,2,0
9,9,0
2,2,0
1,20,19
2,2,0
2,2,0
126,126,0
3,5,2
3,4,1
4,4,0
2,4,2
1,37,36
2,2,0
1,12,11
2,2,0
2,2,0
3,3,0
2,2,0
1,5,4
2,2,0
2,2,0
2,2,0
5,5,0
7,87,80
2,4,2
1,1,0
2,2,0
2,2,0
0,0,0
1,3,2
2,2,0
2,82,80
6,21,15
2,2,0
1,2,1
6,6,0
1,1,0
200,364,164
3,5,2
2,2,0
0,0,0
2,2,0
2,2,0
1,7,6
2,2,0
3,6,3
2,2,0
3,13,10
2,3,1
2,4,2
8,8,0
0,0,0
1,5,4
2,2,0
2,2,0
3,3,0
5,5,0
3,3,0
2,2,0
1,4,3
2,2,0
2,6,4
2,2,0
1,1,0
2,2,0
2,2,0
2,4,2
22,22,0
2,19,17
2,2,0
3,6,3
3,3,0
19,35,16
2,2,0
3,5,2
10,10,0
21,21,0
1,1,0
2,2,0
0,0,0
3,3,0
11,11,0
4,4,0
9,9,0
3,3,0
2,80,78
2,2,0
3,7,4
8,8,0
80,80,0
3,3,0
0,0,0
1,1,0
2,2,0
2,2,0
2,2,0
0,0,0
2,2,0
12,12,0
3,3,0
2,2,0
2,2,0
0,0,0
2,11,9
3,4,1
3,6,3
2,4,2
19,21,2
3,3,0
1,2,1
3,3,0
3,5,2
2,2,0
3,5,2
1,1,0
3,10,7
2,2,0
1,11,10
2,6,4
8,8,0
2,2,0
10,10,0
0,0,0
2,2,0
2,2,0
3,3,0
2,2,0
0,0,0
2,3,1
3,3,0
1,3,2
9,9,0
3,3,0
3,3,0
2,2,0
1,6,5
2,2,0
1,2,1
3,5,2
2,2,0
3,3,0
2,2,0
1,1,0
2,2,0
15,15,0
92,94,2
1,1,0
0,0,0
2,3,1
1,1,0
3,15,12
4,4,0
1,1,0
2,2,0
6,42,36
2,10,8
2,22,20
1,1,0
2,2,0
2,2,0
2,2,0
3,5,2
3,3,0
2,4,2
3,3,0
3,3,0
8,8,0
3,3,0
8,8,0
2,2,0
2,2,0
1,23,22
2,2,0
3,3,0
2,2,0
8,9,1
2,2,0
12,14,2
1,1,0
2,2,0
3,3,0
2,2,0
2,4,2
3,9,6
3,5,2
3,9,6
4,4,0
2,2,0
3,3,0
3,5,2
22,22,0
2,2,0
1,1,0
2,2,0
2,2,0
3,3,0
2,2,0
2,2,0
2,6,4
1,7,6
3,3,0
2,2,0
2,3,1
2,2,0
10,10,0
1,1,0
3,3,0
4,4,0
3,11,8
40,81,41
3,5,2
2,17,15
2,16,14
2,2,0
1,1,0
2,2,0
3,5,2
4,5,1
2,2,0
8,8,0
2,2,0
3,3,0
2,2,0
3,3,0
0,0,0
9,9,0
2,6,4
2,2,0
2,2,0
2,2,0
2,2,0
3,8,5
3,7,4
1,4,3
3,3,0
4,4,0
1,2,1
2,2,0
3,5,2
2,2,0
3,13,10
3,3,0
2,2,0
3,3,0
1,4,3
3,3,0
2,2,0
2,2,0
8,8,0
2,9,7
3,3,0
2,2,0
1,1,0
2,2,0
21,21,0
1,1,0
12,12,0
18,18,0
2,2,0
3,3,0
2,2,0
4,8,4
3,5,2
3,3,0
2,2,0
3,3,0
2,2,0
1,1,0
9,9,0
5,5,0
3,5,2
3,9,6
2,2,0
1,1,0
2,2,0
2,2,0
2,2,0
12,12,0
2,2,0
2,2,0
3,9,6
3,3,0
2,4,2
100,100,0
2,2,0
2,2,0
1,1,0
1,5,4
2,2,0
3,3,0
2,2,0
3,11,8
6,6,0
4,4,0
2,2,0
3,5,2
2,4,2
2,2,0
2,2,0
8,8,0
3,3,0
3,15,12
22,23,1
2,2,0
2,2,0
1,1,0
2,2,0
2,2,0
9,9,0
2,2,0
2,2,0
0,0,0
2,2,0
3,7,4
2,2,0
37,44,7
2,19,17
2,4,2
2,2,0
50,115,65
3,7,4
74,74,0
2,2,0
2,4,2
3,3,0
3,10,7
3,3,0
2,2,0
2,2,0
2,2,0
100,100,0
10,10,0
2,2,0
5,5,0
3,22,19
2,2,0
2,2,0
8,8,0
2,2,0
8,8,0
2,2,0
0,0,0
2,2,0
3,6,3
1,115,114
36,36,0
2,2,0
3,3,0
45,45,0
2,4,2
1,4,3
2,2,0
2,2,0
9,9,0
2,4,2
2,2,0
9,11,2
1,1,0
3,3,0
3,3,0
2,2,0
2,2,0
5,5,0
100,100,0
1,1,0
2,2,0
3,3,0
2,2,0
3,3,0
3,3,0
2,2,0
3,3,0
3,3,0
3,3,0
2,2,0
2,2,0
2,2,0
3,5,2
3,7,4
3,5,2
2,2,0
1,22,21
1,2,1
2,7,5
2,2,0
3,9,6
15,15,0
2,2,0
3,5,2
0,0,0
1,1,0
2,2,0
2,2,0
3,9,6
1,2,1
2,2,0
2,5,3
2,2,0
4,5,1
3,5,2
2,2,0
2,2,0
2,2,0
3,7,4
2,6,4
3,4,1
1,2,1
3,8,5
3,7,4
22,45,23
2,2,0
3,3,0
2,2,0
3,3,0
2,2,0
3,3,0
3,3,0
2,2,0
2,6,4
0,0,0
2,2,0
4,4,0
2,2,0
1,1,0
2,7,5
2,2,0
2,2,0
2,4,2
3,3,0
2,2,0
20,20,0
3,3,0
3,9,6
3,7,4
8,8,0
72,82,10
2,47,45
9,9,0
1,61,60
2,2,0
3,3,0
3,3,0
2,4,2
2,2,0
3,5,2
8,11,3
3,7,4
3,5,2
2,2,0
3,3,0
20,20,0
2,2,0
3,3,0
9,9,0
3,10,7
2,13,11
3,11,8
2,2,0
3,3,0
50,50,0
2,8,6
2,4,2
2,2,0
1,1,0
2,8,6
2,2,0
2,3,1
1,4,3
2,2,0
8,8,0
1,22,21
1,1,0
3,3,0
3,7,4
8,8,0
51,74,23
2,2,0
1,1,0
1,5,4
12,12,0
2,2,0
2,2,0
2,2,0
3,3,0
4,9,5
2,2,0
2,2,0
2,2,0
0,0,0
2,4,2
3,3,0
2,2,0
8,8,0
2,2,0
2,2,0
58,58,0
2,2,0
0,0,0
1,1,0
18,18,0
1,2,1
1,3,2
1,5,4
1,8,7
2,2,0
2,2,0
2,2,0
2,2,0
8,8,0
3,6,3
3,3,0
25,29,4
5,58,53
3,4,1
1,1,0
1,23,22
2,2,0
2,2,0
3,3,0
3,3,0
1,23,22
3,3,0
2,2,0
0,0,0
2,2,0
1,6,5
3,3,0
2,2,0
2,12,10
2,94,92
3,6,3
2,2,0
9,9,0
2,2,0
3,5,2
2,2,0
2,4,2
0,0,0
1,2,1
2,2,0
2,2,0
11,11,0
3,5,2
2,2,0
2,16,14
2,2,0
2,2,0
2,4,2
2,2,0
2,2,0
53,54,1
2,2,0
2,2,0
2,2,0
2,8,6
4,5,1
2,2,0
2,2,0
2,2,0
3,17,14
1,1,0
3,15,12
2,2,0
2,6,4
1,1,0
10,10,0
2,2,0
1,22,21
10,12,2
2,2,0
6,33,27
2,2,0
2,6,4
3,3,0
3,3,0
12,21,9
2,2,0
1,5,4
3,3,0
2,12,10
2,2,0
2,4,2
1,2,1
2,4,2
3,3,0
2,30,28
2,80,78
8,8,0
10,10,0
1,1,0
2,2,0
2,2,0
2,2,0
8,8,0
8,8,0
2,2,0
3,3,0
3,3,0
2,2,0
9,9,0
2,2,0
2,2,0
2,2,0
2,81,79
2,12,10
6,11,5
9,9,0
2,2,0
1,1,0
11,11,0
2,4,2
2,2,0
2,16,14
214,214,0
3,10,7
3,9,6
3,3,0
3,3,0
0,0,0
2,4,2
0,0,0
1,2,1
2,2,0
14,14,0
2,2,0
3,5,2
2,2,0
8,8,0
6,6,0
4,4,0
2,2,0
2,2,0
2,2,0
9,10,1
0,0,0
2,12,10
2,2,0
8,8,0
2,2,0
3,8,5
3,7,4
1,1,0
1,1,0
3,5,2
2,19,17
1,1,0
2,2,0
3,4,1
2,2,0
2,2,0
4,16,12
2,2,0
3,3,0
24,24,0
1,1,0
0,0,0
2,10,8
1,2,1
9,9,0
2,4,2
1,1,0
2,2,0
3,9,6
2,4,2
1,24,23
3,3,0
3,5,2
2,9,7
9,9,0
0,0,0
3,4,1
2,2,0
3,5,2
5,5,0
2,2,0
5,7,2
1,1,0
3,3,0
2,2,0
2,12,10
2,2,0
2,2,0
2,2,0
3,3,0
1,16,15
9,9,0
1,3,2
2,2,0
2,2,0
0,0,0
2,2,0
3,8,5
6,6,0
1,1,0
2,2,0
3,7,4
3,3,0
2,2,0
3,10,7
1,1,0
20,20,0
2,2,0
8,8,0
2,2,0
2,4,2
3,7,4
2,11,9
1,1,0
2,2,0
2,2,0
3,3,0
2,2,0
2,2,0
2,2,0
2,2,0
2,2,0
2,2,0
2,2,0
2,2,0
26,106,80
2,7,5
2,2,0
2,2,0
0,0,0
2,45,43
2,8,6
2,2,0
2,2,0
97,98,1
3,5,2
2,5,3
1,2,1
15,15,0
2,2,0
2,2,0
1,1,0
2,2,0
2,22,20
34,36,2
3,4,1
18,18,0
3,5,2
3,3,0
3,3,0
82,82,0
1,12,11
2,2,0
1,29,28
1,2,1
4,31,27
6,6,0
1,30,29
8,8,0
1,1,0
1,6,5
2,2,0
2,2,0
1,2,1
2,69,67
2,80,78
10,10,0
3,3,0
0,0,0
2,5,3
3,34,31
2,2,0
2,4,2
3,3,0
8,16,8
2,3,1
3,3,0
2,2,0
2,11,9
2,2,0
1,1,0
2,2,0
0,0,0
2,4,2
3,3,0
2,2,0
3,3,0
1,1,0
9,9,0
2,2,0
2,2,0
2,2,0
4,12,8
2,2,0
1,1,0
154,154,0
7,7,0
2,4,2
3,5,2
17,17,0
2,2,0
1,31,30
2,2,0
3,3,0
2,45,43
3,7,4
9,9,0
1,1,0
2,10,8
1,1,0
2,2,0
2,2,0
2,2,0
3,5,2
2,2,0
2,2,0
2,2,0
4,4,0
2,12,10
6,6,0
5,5,0
2,2,0
3,5,2
2,2,0
8,8,0
3,3,0
2,2,0
8,8,0
2,5,3
2,2,0
3,3,0
0,0,0
2,6,4
1,1,0
2,4,2
2,2,0
2,5,3
2,2,0
2,2,0
2,2,0
2,2,0
0,0,0
2,3,1
2,4,2
3,5,2
2,2,0
2,2,0
2,2,0
2,2,0
3,3,0
2,4,2
2,4,2
2,6,4
2,2,0
3,3,0
51,162,111
2,4,2
4,4,0
2,2,0
22,42,20
2,6,4
2,3,1
2,2,0
3,7,4
2,2,0
2,2,0
0,0,0
2,2,0
3,13,10
2,2,0
3,4,1
2,2,0
2,2,0
3,3,0
3,3,0
2,2,0
3,3,0
3,25,22
13,13,0
2,2,0
2,2,0
3,3,0
3,3,0
1,2,1
82,82,0
5,7,2
3,3,0
3,3,0
2,2,0
5,5,0
2,2,0
2,2,0
3,5,2
1,1,0
1,1,0
2,2,0
3,3,0
2,2,0
2,2,0
2,8,6
2,2,0
3,3,0
3,3,0
7,7,0
6,8,2
8,8,0
1,2,1
2,2,0
2,2,0
6,6,0
3,3,0
8,18,10
3,5,2
2,2,0
2,2,0
2,2,0
2,2,0
1,29,28
2,2,0
10,10,0
9,9,0
2,8,6
2,12,10
1,1,0
1,2,1
2,2,0
12,61,49
3,24,21
2,2,0
3,3,0
3,3,0
1,23,22
2,2,0
2,2,0
1,2,1
2,2,0
2,6,4
2,2,0
3,3,0
1,1,0
10,10,0
1,2,1
2,2,0
21,21,0
2,2,0
2,2,0
3,3,0
2,4,2
2,2,0
3,3,0
20,31,11
2,4,2
2,2,0
3,3,0
2,2,0
1,1,0
10,10,0
0,0,0
1,28,27
3,7,4
3,6,3
12,21,9
1,2,1
2,2,0
3,3,0
2,2,0
2,2,0
2,2,0
3,3,0
2,10,8
2,2,0
1,23,22
9,9,0
2,4,2
2,2,0
2,2,0
3,5,2
3,3,0
0,0,0
6,8,2
2,4,2
2,2,0
2,2,0
2,2,0
2,4,2
3,5,2
3,3,0
2,2,0
2,2,0
2,5,3
3,13,10
2,2,0
2,2,0
0,0,0
2,2,0
3,3,0
2,6,4
2,2,0
2,2,0
194,194,0
2,2,0
3,10,7
3,3,0
2,2,0
70,70,0
3,3,0
6,22,16
3,3,0
8,8,0
1,2,1
2,8,6
3,3,0
45,45,0
2,2,0
2,2,0
4,5,1
3,3,0
3,8,5
2,2,0
2,2,0
8,8,0
2,2,0
3,3,0
2,2,0
1,2,1
9,9,0
2,2,0
3,7,4
8,8,0
71,126,55
2,2,0
2,34,32
0,0,0
0,0,0
2,4,2
2,6,4
3,3,0
2,2,0
4,4,0
4,15,11
2,5,3
8,8,0
3,6,3
2,2,0
2,2,0
3,3,0
2,2,0
2,2,0
2,2,0
3,5,2
0,0,0
2,5,3
1,1,0
20,21,1
0,0,0
3,7,4
2,2,0
2,2,0
3,3,0
22,22,0
2,2,0
7,7,0
4,4,0
1,1,0
2,2,0
3,3,0
1,1,0
11,11,0
2,2,0
7,7,0
2,2,0
2,2,0
2,2,0
3,6,3
2,2,0
2,2,0
2,2,0
0,0,0
3,9,6
2,2,0
2,2,0
2,2,0
60,60,0
2,2,0
1,2,1
2,4,2
2,2,0
2,2,0
5,5,0
3,7,4
2,2,0
1,2,1
2,8,6
2,2,0
1,2,1
1,1,0
2,17,15
2,4,2
1,5,4
3,9,6
7,7,0
2,2,0
3,3,0
3,11,8
6,11,5
2,2,0
2,2,0
9,9,0
2,2,0
3,3,0
3,5,2
2,3,1
1,4,3
2,2,0
1,5,4
2,2,0
10,10,0
3,9,6
3,3,0
2,2,0
14,14,0
2,3,1
3,4,1
28,30,2
2,10,8
2,6,4
3,3,0
3,3,0
6,6,0
2,5,3
1,2,1
0,0,0
2,2,0
45,45,0
3,3,0
2,66,64
2,68,66
2,2,0
3,3,0
2,2,0
2,2,0
8,8,0
2,3,1
3,3,0
6,6,0
3,3,0
2,2,0
2,2,0
2,2,0
2,2,0
3,3,0
1,20,19
3,3,0
2,2,0
2,4,2
2,2,0
2,2,0
3,6,3
2,2,0
2,2,0
2,7,5
18,20,2
3,5,2
11,13,2
2,2,0
3,5,2
20,20,0
1,71,70
2,2,0
3,3,0
1,2,1
2,12,10
2,5,3
2,2,0
3,3,0
1,1,0
16,16,0
3,9,6
2,6,4
2,5,3
5,17,12
2,2,0
7,8,1
3,3,0
2,2,0
2,2,0
2,2,0
11,13,2
2,6,4
3,7,4
2,2,0
2,2,0
1,2,1
28,28,0
1,1,0
2,6,4
9,9,0
100,106,6
2,2,0
2,2,0
15,15,0
0,0,0
2,2,0
2,2,0
1,2,1
1,1,0
3,8,5
3,3,0
2,5,3
2,2,0
2,2,0
4,4,0
1,1,0
2,2,0
3,3,0
2,2,0
1,2,1
2,6,4
8,8,0
2,2,0
2,6,4
0,0,0
1,1,0
6,7,1
2,6,4
2,2,0
2,2,0
1,1,0
2,2,0
3,5,2
2,2,0
1,1,0
4,4,0
51,53,2
2,2,0
2,2,0
3,3,0
2,2,0
3,3,0
2,4,2
2,2,0
2,2,0
2,2,0
2,2,0
39,41,2
2,6,4
2,2,0
3,4,1
15,15,0
3,7,4
2,2,0
0,0,0
3,7,4
2,2,0
2,5,3
3,3,0
110,135,25
2,10,8
2,2,0
3,8,5
2,2,0
3,3,0
2,2,0
2,2,0
3,3,0
1,7,6
1,1,0
6,6,0
2,2,0
2,6,4
2,2,0
3,3,0
2,2,0
2,3,1
2,2,0
2,2,0
2,2,0
7,7,0
3,9,6
2,7,5
2,3,1
3,7,4
2,2,0
3,5,2
3,3,0
3,5,2
2,2,0
3,7,4
3,9,6
9,9,0
1,1,0
2,2,0
100,100,0
2,2,0
2,2,0
3,8,5
2,2,0
2,2,0
10,10,0
100,100,0
3,5,2
8,10,2
1,2,1
1,22,21
2,2,0
2,4,2
3,3,0
3,3,0
51,51,0
2,2,0
1,1,0
20,20,0
3,5,2
1,12,11
1,23,22
2,19,17
2,4,2
3,11,8
2,2,0
3,9,6
28,29,1
2,2,0
9,9,0
2,2,0
7,7,0
2,2,0
3,6,3
2,2,0
2,2,0
1,3,2
4,4,0
3,3,0
3,5,2
1,1,0
2,2,0
2,2,0
1,2,1
2,6,4
1,1,0
2,2,0
5,5,0
2,2,0
2,3,1
2,2,0
3,3,0
9,9,0
2,2,0
1,1,0
3,3,0
3,33,30
3,12,9
2,2,0
1,3,2
2,2,0
1,1,0
3,3,0
6,6,0
3,3,0
3,3,0
2,5,3
3,3,0
37,41,4
3,3,0
2,2,0
3,5,2
0,0,0
2,9,7
9,9,0
2,2,0
7,7,0
1,1,0
3,3,0
30,30,0
2,2,0
2,4,2
2,8,6
2,4,2
2,3,1
2,2,0
3,3,0
2,3,1
2,38,36
1,2,1
2,2,0
3,3,0
2,4,2
2,2,0
2,4,2
2,4,2
5,5,0
2,10,8
3,5,2
2,5,3
22,22,0
1,3,2
3,3,0
2,2,0
2,15,13
2,2,0
3,5,2
1,6,5
3,3,0
3,3,0
3,3,0
2,2,0
1,3,2
1,1,0
2,9,7
2,2,0
8,8,0
11,11,0
20,20,0
5,5,0
2,82,80
2,2,0
3,3,0
0,0,0
2,16,14
2,2,0
3,3,0
2,2,0
2,2,0
2,4,2
3,3,0
8,8,0
2,2,0
2,2,0
2,2,0
1,1,0
9,49,40
3,3,0
2,2,0
3,3,0
2,5,3
3,3,0
6,6,0
9,9,0
1,4,3
8,8,0
2,5,3
1,3,2
3,10,7
2,2,0
2,2,0
3,3,0
2,4,2
2,6,4
2,2,0
2,2,0
2,2,0
2,2,0
52,52,0
1,1,0
40,42,2
3,3,0
2,3,1
2,2,0
2,8,6
2,2,0
8,8,0
0,0,0
3,3,0
20,20,0
2,4,2
1,24,23
3,3,0
2,2,0
3,3,0
2,2,0
2,4,2
2,2,0
10,10,0
2,2,0
2,2,0
2,2,0
120,120,0
2,2,0
1,1,0
3,7,4
2,2,0
2,2,0
2,2,0
1,16,15
2,2,0
1,22,21
45,45,0
0,0,0
3,3,0
2,6,4
11,11,0
3,5,2
2,2,0
2,2,0
2,2,0
2,2,0
2,2,0
3,3,0
3,3,0
2,2,0
30,30,0
2,7,5
2,2,0
2,2,0
2,3,1
20,20,0
0,0,0
2,2,0
3,5,2
2,2,0
3,3,0
2,2,0
1,3,2
3,3,0
0,0,0
2,2,0
1,1,0
2,2,0
2,2,0
3,23,20
3,3,0
2,6,4
4,4,0
2,2,0
2,4,2
3,3,0
2,2,0
37,37,0
2,2,0
3,5,2
2,3,1
2,2,0
2,2,0
3,5,2
2,2,0
2,2,0
2,21,19
2,2,0
2,2,0
2,2,0
2,2,0
2,2,0
2,2,0
27,27,0
4,4,0
2,2,0
2,2,0
2,4,2
3,5,2
3,5,2
3,7,4
84,84,0
3,3,0
2,4,2
0,0,0
3,3,0
3,3,0
90,90,0
2,2,0
0,0,0
2,3,1
2,2,0
2,2,0
2,2,0
98,98,0
2,2,0
2,2,0
3,3,0
6,6,0
72,129,57
2,2,0
2,2,0
3,5,2
8,8,0
26,26,0
2,2,0
2,2,0
2,2,0
2,3,1
3,3,0
9,9,0
2,2,0
3,3,0
2,28,26
6,6,0
1,1,0
0,0,0
7,7,0
2,2,0
1,1,0
4,7,3
7,7,0
9,37,28
1,1,0
1,1,0
77,77,0
2,2,0
3,3,0
2,4,2
2,18,16
2,2,0
2,4,2
3,3,0
2,69,67
2,2,0
1,24,23
2,2,0
3,3,0
8,8,0
3,5,2
8,8,0
3,4,1
2,2,0
8,8,0
35,36,1
3,5,2
2,2,0
4,6,2
2,2,0
21,21,0
3,3,0
3,7,4
2,2,0
2,2,0
116,116,0
100,104,4
2,2,0
2,2,0
2,2,0
3,3,0
3,7,4
1,2,1
2,2,0
2,3,1
2,2,0
2,2,0
90,90,0
1,1,0
2,2,0
3,3,0
14,14,0
7,7,0
2,2,0
1,2,1
2,2,0
6,6,0
2,2,0
2,3,1
2,2,0
6,6,0
2,2,0
2,2,0
3,23,20
2,2,0
3,5,2
2,2,0
2,4,2
1,1,0
2,2,0
2,10,8
2,22,20
0,0,0
3,3,0
1,2,1
3,3,0
3,3,0
3,7,4
2,2,0
2,2,0
2,3,1
2,3,1
5,6,1
3,3,0
2,18,16
3,6,3
3,3,0
2,2,0
3,3,0
2,2,0
9,9,0
2,2,0
2,2,0
2,2,0
2,2,0
2,2,0
2,2,0
2,2,0
2,2,0
2,2,0
2,6,4
1,1,0
1,2,1
2,4,2
14,14,0
2,2,0
1,1,0
2,4,2
2,2,0
1,1,0
3,13,10
2,2,0
5,5,0
3,3,0
1,5,4
2,2,0
3,3,0
2,2,0
2,2,0
3,3,0
2,7,5
2,2,0
3,3,0
2,2,0
2,2,0
1,2,1
2,2,0
1,1,0
16,24,8
1,2,1
2,2,0
2,2,0
3,5,2
3,3,0
2,2,0
2,2,0
30,31,1
3,3,0
2,11,9
2,2,0
1,3,2
2,2,0
2,7,5
2,3,1
2,2,0
2,2,0
2,4,2
36,36,0
9,9,0
10,10,0
2,8,6
2,2,0
1,20,19
2,2,0
3,5,2
20,20,0
2,2,0
2,2,0
2,2,0
2,2,0
2,2,0
20,20,0
2,2,0
2,2,0
3,3,0
3,6,3
2,2,0
1,2,1
2,3,1
2,2,0
3,60,57
1,1,0
3,3,0
8,8,0
2,12,10
2,3,1
156,156,0
22,22,0
3,3,0
3,4,1
3,5,2
33,33,0
2,2,0
3,3,0
6,6,0
2,2,0
1,1,0
0,0,0
1,2,1
2,2,0
64,64,0
2,2,0
2,16,14
13,13,0
2,86,84
2,6,4
2,4,2
0,0,0
2,2,0
2,2,0
1,1,0
2,2,0
2,2,0
4,4,0
0,0,0
3,3,0
2,2,0
2,3,1
3,5,2
4,6,2
2,2,0
0,0,0
3,3,0
121,123,2
1,2,1
0,0,0
2,2,0
7,7,0
3,3,0
2,4,2
0,0,0
2,2,0
2,2,0
11,11,0
0,0,0
9,13,4
19,21,2
2,2,0
2,2,0
3,3,0
2,3,1
3,3,0
0,0,0
2,2,0
2,2,0
2,2,0
2,2,0
2,2,0
2,2,0
8,8,0
0,0,0
1,37,36
1,1,0
2,2,0
2,2,0
2,2,0
8,8,0
3,5,2
51,74,23
2,2,0
3,3,0
2,2,0
2,2,0
2,2,0
1,3,2
11,11,0
2,2,0
1,3,2
4,5,1
3,6,3
2,4,2
1,1,0
2,2,0
2,2,0
2,2,0
1,1,0
98,102,4
2,9,7
3,3,0
2,2,0
0,0,0
8,8,0
8,8,0
3,4,1
2,4,2
2,3,1
2,7,5
3,3,0
20,20,0
2,2,0
7,7,0
5,5,0
3,3,0
2,2,0
6,6,0
2,7,5
2,2,0
8,8,0
2,2,0
2,2,0
6,6,0
2,2,0
11,25,14
3,3,0
9,9,0
9,9,0
2,2,0
1,81,80
1,2,1
3,3,0
4,4,0
3,3,0
6,6,0
9,9,0
2,2,0
3,3,0
2,12,10
2,4,2
2,8,6
2,2,0
2,80,78
2,4,2
2,2,0
1,3,2
2,2,0
2,80,78
2,2,0
2,2,0
2,2,0
8,8,0
2,9,7
3,3,0
5,5,0
2,3,1
2,82,80
2,2,0
6,6,0
2,2,0
2,2,0
2,2,0
2,2,0
1,9,8
3,3,0
9,9,0
5,5,0
3,3,0
2,2,0
2,2,0
21,24,3
3,5,2
9,9,0
8,8,0
1,2,1
3,3,0
2,2,0
2,2,0
10,10,0
1,2,1
2,2,0
11,11,0
2,2,0
4,4,0
2,6,4
3,3,0
8,9,1
3,3,0
3,5,2
1,1,0
1,2,1
2,2,0
2,6,4
0,0,0
11,11,0
3,5,2
2,2,0
3,3,0
8,8,0
2,2,0
2,2,0
2,2,0
3,3,0
2,2,0
3,3,0
4,17,13
2,2,0
2,2,0
1,1,0
4,4,0
1,1,0
1,2,1
6,6,0
2,8,6
8,8,0
3,7,4
5,5,0
3,20,17
3,3,0
51,51,0
2,4,2
2,2,0
2,2,0
1,1,0
143,143,0
2,2,0
2,2,0
2,2,0
3,3,0
14,14,0
11,11,0
3,7,4
2,2,0
2,2,0
3,5,2
2,2,0
1,1,0
2,3,1
3,5,2
3,3,0
2,2,0
2,2,0
1,2,1
1,4,3
5,5,0
3,3,0
1,20,19
8,8,0
1,4,3
8,12,4
6,6,0
2,2,0
2,2,0
2,2,0
2,2,0
3,3,0
3,3,0
2,8,6
2,68,66
3,3,0
5,7,2
1,25,24
3,3,0
6,6,0
2,10,8
2,2,0
22,22,0
3,3,0
2,3,1
11,11,0
1,20,19
2,10,8
3,3,0
26,26,0
1,1,0
2,2,0
2,2,0
1,1,0
2,4,2
43,45,2
2,2,0
1,6,5
1,1,0
3,5,2
2,2,0
9,12,3
1,1,0
1,1,0
2,2,0
0,0,0
6,6,0
2,25,23
1,2,1
2,8,6
3,3,0
2,2,0
2,2,0
1,2,1
5,5,0
5,5,0
8,8,0
3,5,2
2,2,0
3,5,2
2,4,2
3,7,4
2,2,0
2,28,26
3,3,0
10,12,2
2,4,2
2,2,0
2,2,0
2,2,0
2,2,0
3,3,0
2,4,2
3,4,1
3,3,0
8,8,0
3,3,0
6,11,5
2,6,4
2,2,0
2,7,5
8,8,0
1,1,0
9,9,0
2,2,0
2,2,0
1,1,0
2,28,26
8,10,2
20,20,0
1,2,1
22,22,0
11,11,0
3,3,0
2,2,0
2,3,1
2,4,2
2,2,0
0,0,0
2,2,0
2,2,0
3,3,0
3,7,4
3,6,3
0,0,0
2,2,0
2,2,0
9,9,0
1,2,1
2,2,0
2,2,0
2,3,1
3,4,1
2,2,0
3,3,0
2,10,8
8,8,0
9,9,0
1,26,25
2,2,0
3,3,0
2,2,0
1,2,1
2,2,0
3,3,0
4,4,0
3,3,0
2,2,0
2,2,0
3,7,4
2,6,4
2,3,1
2,4,2
2,2,0
2,2,0
3,3,0
32,36,4
3,3,0
2,82,80
3,3,0
2,2,0
0,0,0
0,0,0
6,6,0
2,5,3
2,2,0
2,4,2
1,5,4
2,2,0
1,4,3
1,1,0
1,1,0
3,5,2
3,7,4
2,2,0
2,2,0
1,2,1
5,15,10
4,4,0
4,4,0
3,5,2
1,5,4
2,2,0
3,3,0
8,8,0
65,203,138
4,7,3
3,3,0
3,3,0
3,7,4
2,2,0
48,52,4
2,5,3
2,4,2
107,107,0
3,3,0
3,3,0
3,3,0
2,4,2
2,13,11
2,7,5
12,12,0
2,2,0
0,0,0
2,2,0
2,2,0
3,8,5
100,100,0
1,1,0
3,3,0
3,13,10
3,5,2
2,3,1
6,6,0
2,4,2
1,1,0
1,1,0
3,3,0
2,2,0
0,0,0
2,2,0
3,5,2
50,50,0
3,3,0
2,3,1
1,1,0
3,3,0
3,5,2
9,9,0
2,4,2
2,2,0
100,100,0
2,2,0
2,2,0
2,2,0
5,5,0
3,3,0
2,2,0
2,5,3
12,12,0
2,29,27
1,1,0
2,2,0
1,3,2
2,2,0
3,4,1
3,3,0
2,2,0
2,4,2
2,2,0
3,12,9
2,2,0
3,14,11
3,8,5
3,3,0
1,7,6
2,4,2
13,13,0
51,51,0
2,2,0
28,28,0
2,2,0
1,13,12
4,5,1
2,2,0
2,2,0
3,3,0
2,2,0
3,3,0
3,3,0
3,3,0
2,4,2
2,3,1
2,2,0
4,4,0
3,3,0
2,4,2
2,6,4
3,6,3
3,9,6
3,5,2
9,9,0
2,2,0
2,6,4
15,34,19
8,8,0
3,3,0
0,0,0
2,2,0
3,5,2
1,30,29
2,2,0
2,16,14
2,15,13
0,0,0
8,8,0
2,2,0
2,2,0
2,2,0
2,2,0
2,2,0
2,2,0
8,8,0
2,2,0
2,2,0
3,3,0
2,4,2
2,2,0
1,2,1
0,0,0
2,2,0
3,3,0
3,7,4
24,46,22
2,2,0
3,3,0
3,3,0
2,2,0
8,8,0
3,9,6
2,2,0
6,12,6
2,2,0
2,2,0
1,1,0
1,48,47
9,9,0
2,2,0
2,6,4
100,100,0
8,8,0
2,2,0
2,2,0
1,5,4
2,2,0
2,2,0
2,2,0
3,5,2
2,3,1
2,2,0
3,14,11
88,88,0
2,2,0
2,4,2
2,2,0
2,2,0
3,3,0
3,3,0
2,2,0
2,4,2
3,13,10
78,78,0
2,6,4
6,6,0
3,3,0
2,2,0
2,2,0
3,3,0
1,1,0
9,9,0
3,3,0
2,4,2
2,2,0
9,49,40
3,3,0
2,2,0
10,10,0
2,8,6
3,4,1
3,6,3
2,4,2
2,2,0
8,8,0
3,3,0
1,2,1
1,4,3
3,8,5
3,16,13
26,26,0
2,2,0
2,5,3
2,2,0
2,2,0
1,2,1
141,141,0
5,6,1
3,10,7
2,15,13
4,4,0
3,7,4
8,8,0
2,7,5
2,2,0
2,13,11
3,3,0
2,2,0
3,26,23
3,6,3
3,3,0
2,2,0
2,2,0
2,6,4
2,2,0
2,24,22
3,7,4
1,4,3
2,2,0
3,7,4
3,8,5
1,1,0
3,8,5
3,3,0
3,5,2
3,18,15
0,0,0
3,3,0
4,4,0
2,2,0
11,11,0
2,2,0
2,10,8
2,2,0
54,75,21
9,9,0
3,4,1
11,12,1
3,3,0
23,25,2
2,2,0
2,4,2
3,3,0
2,2,0
2,2,0
2,4,2
42,42,0
0,0,0
2,4,2
1,2,1
1,1,0
22,24,2
8,8,0
2,2,0
2,2,0
2,2,0
100,100,0
3,19,16
2,5,3
3,3,0
2,2,0
2,4,2
3,3,0
10,12,2
2,2,0
3,6,3
1,1,0
2,2,0
2,2,0
1,5,4
2,2,0
0,0,0
2,2,0
3,3,0
2,2,0
1,4,3
2,2,0
2,2,0
2,2,0
5,5,0
2,4,2
3,3,0
2,5,3
2,2,0
2,5,3
2,11,9
2,2,0
2,2,0
3,3,0
2,3,1
1,1,0
1,24,23
89,89,0
3,7,4
2,2,0
2,2,0
2,2,0
3,3,0
3,3,0
2,2,0
3,3,0
9,12,3
2,2,0
2,2,0
2,2,0
3,3,0
1,1,0
2,8,6
2,2,0
2,2,0
2,2,0
3,5,2
8,8,0
3,15,12
2,2,0
1,2,1
15,15,0
6,11,5
2,4,2
2,2,0
2,4,2
8,13,5
3,3,0
2,2,0
2,2,0
90,181,91
134,287,153
2,2,0
2,4,2
3,3,0
3,3,0
154,154,0
2,2,0
2,2,0
19,20,1
3,8,5
2,4,2
1,1,0
1,2,1
2,4,2
0,0,0
2,82,80
2,3,1
3,3,0
3,3,0
2,4,2
9,9,0
1,5,4
1,9,8
2,2,0
6,6,0
1,1,0
2,2,0
0,0,0
1,3,2
2,2,0
1,1,0
3,3,0
3,3,0
2,2,0
9,15,6
1,3,2
2,2,0
4,6,2
2,2,0
2,2,0
2,2,0
3,17,14
2,2,0
2,2,0
9,9,0
2,2,0
3,5,2
3,8,5
2,5,3
3,3,0
1,6,5
9,9,0
2,2,0
3,3,0
3,3,0
3,5,2
2,3,1
30,103,73
2,2,0
2,2,0
3,3,0
2,3,1
1,3,2
11,11,0
2,4,2
2,2,0
11,11,0
0,0,0
2,4,2
2,21,19
2,2,0
8,8,0
9,9,0
2,2,0
3,3,0
2,2,0
9,9,0
3,4,1
2,2,0
1,2,1
2,2,0
2,2,0
2,4,2
2,16,14
3,5,2
3,8,5
2,2,0
2,2,0
3,6,3
3,3,0
2,5,3
1,2,1
9,9,0
2,2,0
2,2,0
2,2,0
3,3,0
1,1,0
2,2,0
3,3,0
40,42,2
3,3,0
1,1,0
3,6,3
2,2,0
3,4,1
3,3,0
2,2,0
2,2,0
10,10,0
2,2,0
2,2,0
2,2,0
2,2,0
2,3,1
69,69,0
3,3,0
2,4,2
1,44,43
2,18,16
8,8,0
1,1,0
38,38,0
72,72,0
3,5,2
3,5,2
2,2,0
8,8,0
8,48,40
3,3,0
10,10,0
8,8,0
3,3,0
0,0,0
3,5,2
10,10,0
3,6,3
9,9,0
1,2,1
1,45,44
3,11,8
9,9,0
56,99,43
1,1,0
1,5,4
2,2,0
4,4,0
9,9,0
1,1,0
3,7,4
1,2,1
0,0,0
8,10,2
2,4,2
2,2,0
9,10,1
2,2,0
28,28,0
3,3,0
2,2,0
3,3,0
36,36,0
20,20,0
2,2,0
3,5,2
2,2,0
1,2,1
1,1,0
9,9,0
2,2,0
1,2,1
1,4,3
3,3,0
2,37,35
2,2,0
3,5,2
2,2,0
3,3,0
2,4,2
3,3,0
7,11,4
2,4,2
9,9,0
2,3,1
2,2,0
3,3,0
2,2,0
1,2,1
4,4,0
2,4,2
3,12,9
2,2,0
2,2,0
2,2,0
4,4,0
7,7,0
3,3,0
2,2,0
2,2,0
2,2,0
2,2,0
2,2,0
9,9,0
2,4,2
0,0,0
2,2,0
3,5,2
3,3,0
1,3,2
3,3,0
2,2,0
3,3,0
18,18,0
3,3,0
2,4,2
2,6,4
14,25,11
2,4,2
8,8,0
2,2,0
2,82,80
2,2,0
1,1,0
2,4,2
2,2,0
20,20,0
2,2,0
2,2,0
4,4,0
2,2,0
2,2,0
3,3,0
3,5,2
6,6,0
1,19,18
3,9,6
2,2,0
9,9,0
2,2,0
2,12,10
2,2,0
3,5,2
3,5,2
2,2,0
2,2,0
2,2,0
2,2,0
2,3,1
3,5,2
3,4,1
3,24,21
2,2,0
4,4,0
1,2,1
1,1,0
2,2,0
2,2,0
3,9,6
4,4,0
2,2,0
1,2,1
1,2,1
4,45,41
3,10,7
3,3,0
1,3,2
2,2,0
49,173,124
3,3,0
2,2,0
3,7,4
3,3,0
0,0,0
3,7,4
2,82,80
2,11,9
3,3,0
3,15,12
3,3,0
2,2,0
2,8,6
5,5,0
2,6,4
8,19,11
2,2,0
3,7,4
3,4,1
2,2,0
1,6,5
2,2,0
17,17,0
3,5,2
2,2,0
0,0,0
1,1,0
2,2,0
2,79,77
3,5,2
100,106,6
51,74,23
2,2,0
2,2,0
4,4,0
3,7,4
1,1,0
1,1,0
62,62,0
1,1,0
3,5,2
1,1,0
3,3,0
0,0,0
2,2,0
2,2,0
2,2,0
2,3,1
2,2,0
3,3,0
2,2,0
8,8,0
2,82,80
3,5,2
0,0,0
1,2,1
1,30,29
3,11,8
2,2,0
3,4,1
1,1,0
3,7,4
1,5,4
2,2,0
2,2,0
3,7,4
7,7,0
1,4,3
2,2,0
22,22,0
2,2,0
0,0,0
6,6,0
1,1,0
2,2,0
2,2,0
23,102,79
3,5,2
3,3,0
3,3,0
2,2,0
0,0,0
1,21,20
3,3,0
2,2,0
8,8,0
3,3,0
3,3,0
1,2,1
9,9,0
1,1,0
2,7,5
2,81,79
2,2,0
3,6,3
3,8,5
3,3,0
2,4,2
9,9,0
5,5,0
3,3,0
2,2,0
2,2,0
1,1,0
1,10,9
3,7,4
2,2,0
9,9,0
1,23,22
2,72,70
10,22,12
2,2,0
2,2,0
2,3,1
8,8,0
2,8,6
10,10,0
2,31,29
3,3,0
2,23,21
8,8,0
2,2,0
13,15,2
4,7,3
2,4,2
3,14,11
2,2,0
2,2,0
1,2,1
10,10,0
10,12,2
5,16,11
3,3,0
3,4,1
2,45,43
2,2,0
2,2,0
9,9,0
2,2,0
100,115,15
1,26,25
2,2,0
2,2,0
2,4,2
0,0,0
2,2,0
2,2,0
9,9,0
34,34,0
2,5,3
1,1,0
3,8,5
3,10,7
100,100,0
2,97,95
2,2,0
3,5,2
25,25,0
2,2,0
8,8,0
32,32,0
3,104,101
2,2,0
10,10,0
3,5,2
2,2,0
2,2,0
3,3,0
9,9,0
2,3,1
1,1,0
9,9,0
3,4,1
0,0,0
3,5,2
2,2,0
17,17,0
2,4,2
3,3,0
2,4,2
3,3,0
2,2,0
3,5,2
3,3,0
2,2,0
1,1,0
1,1,0
8,8,0
2,2,0
2,2,0
3,5,2
2,4,2
18,21,3
2,4,2
2,2,0
2,2,0
3,5,2
2,2,0
1,2,1
3,3,0
2,2,0
12,20,8
2,13,11
2,19,17
2,6,4
2,2,0
3,3,0
4,7,3
2,2,0
2,2,0
8,8,0
2,2,0
3,16,13
1,1,0
2,2,0
2,2,0
2,3,1
3,3,0
4,4,0
2,2,0
99,99,0
2,2,0
2,41,39
2,6,4
2,4,2
1,4,3
2,5,3
2,2,0
2,4,2
2,2,0
1,23,22
2,2,0
1,1,0
8,8,0
4,6,2
3,5,2
2,2,0
56,140,84
1,3,2
1,2,1
2,5,3
2,2,0
3,3,0
3,8,5
0,0,0
3,7,4
2,2,0
2,3,1
6,6,0
3,9,6
2,2,0
3,3,0
6,6,0
2,4,2
2,2,0
1,2,1
3,3,0
2,3,1
3,3,0
3,9,6
2,2,0
3,3,0
3,3,0
1,27,26
9,9,0
3,8,5
3,7,4
11,23,12
2,2,0
3,5,2
2,4,2
2,2,0
2,4,2
2,4,2
22,22,0
2,2,0
1,2,1
9,21,12
9,9,0
3,3,0
6,6,0
1,1,0
3,6,3
1,1,0
3,4,1
2,2,0
8,8,0
3,3,0
2,2,0
3,29,26
2,2,0
3,3,0
3,3,0
0,0,0
2,2,0
2,3,1
9,13,4
1,1,0
1,1,0
11,11,0
3,3,0
16,16,0
1,2,1
2,2,0
1,44,43
2,2,0
3,7,4
3,3,0
30,30,0
20,20,0
8,8,0
4,4,0
8,8,0
3,3,0
3,3,0
2,2,0
1,1,0
8,8,0
2,2,0
2,2,0
11,11,0
16,16,0
1,1,0
2,2,0
1,1,0
0,0,0
3,7,4
2,2,0
8,8,0
47,47,0
3,3,0
3,5,2
2,2,0
2,2,0
2,9,7
3,6,3
2,2,0
3,10,7
5,5,0
2,2,0
2,20,18
1,22,21
1,1,0
2,4,2
30,31,1
2,2,0
2,2,0
1,2,1
2,2,0
3,3,0
3,9,6
2,2,0
3,3,0
2,2,0
3,8,5
1,57,56
2,2,0
10,10,0
2,2,0
23,23,0
100,100,0
0,0,0
3,3,0
3,7,4
145,145,0
8,8,0
1,1,0
2,6,4
2,2,0
0,0,0
2,4,2
3,11,8
2,2,0
3,13,10
3,3,0
2,2,0
4,4,0
2,80,78
11,29,18
2,2,0
3,5,2
7,7,0
2,2,0
3,5,2
2,14,12
2,2,0
2,3,1
2,2,0
2,3,1
2,2,0
2,2,0
3,11,8
2,2,0
4,15,11
3,3,0
0,0,0
4,8,4
2,3,1
2,3,1
2,2,0
2,5,3
2,2,0
3,15,12
2,2,0
3,4,1
2,16,14
2,5,3
11,11,0
0,0,0
2,2,0
2,4,2
3,3,0
2,4,2
2,2,0
2,2,0
2,2,0
9,9,0
2,2,0
2,2,0
1,3,2
3,5,2
1,2,1
3,5,2
2,2,0
4,4,0
2,2,0
2,2,0
9,9,0
2,2,0
11,11,0
1,1,0
1,2,1
2,2,0
2,2,0
3,3,0
9,9,0
2,27,25
2,6,4
2,2,0
2,4,2
2,2,0
3,7,4
10,10,0
2,6,4
2,3,1
3,19,16
51,76,25
2,2,0
2,2,0
2,2,0
1,36,35
2,2,0
2,2,0
2,3,1
0,0,0
2,2,0
3,3,0
3,6,3
3,3,0
78,78,0
1,1,0
7,7,0
2,3,1
11,11,0
2,2,0
3,3,0
2,2,0
2,2,0
2,5,3
2,2,0
2,2,0
2,7,5
0,0,0
2,2,0
3,6,3
2,2,0
1,1,0
15,15,0
2,2,0
3,3,0
2,2,0
8,16,8
1,8,7
2,2,0
2,3,1
2,2,0
2,2,0
2,4,2
2,6,4
2,2,0
1,22,21
2,4,2
1,1,0
2,2,0
3,7,4
1,2,1
2,2,0
2,2,0
2,2,0
2,3,1
2,2,0
2,4,2
3,3,0
27,91,64
2,2,0
2,2,0
2,2,0
6,8,2
2,2,0
62,62,0
8,8,0
3,3,0
0,0,0
2,2,0
9,9,0
3,5,2
10,10,0
2,2,0
3,3,0
11,11,0
3,3,0
1,1,0
3,5,2
2,4,2
4,4,0
2,2,0
1,1,0
2,14,12
2,4,2
3,5,2
3,3,0
3,3,0
6,15,9
2,2,0
3,4,1
3,4,1
2,2,0
14,14,0
2,2,0
2,2,0
2,2,0
9,9,0
10,10,0
2,2,0
3,3,0
2,2,0
0,0,0
3,9,6
2,2,0
1,21,20
3,3,0
9,9,0
2,16,14
2,8,6
2,2,0
2,46,44
3,5,2
2,2,0
2,2,0
5,8,3
2,2,0
2,3,1
3,5,2
3,5,2
1,2,1
2,9,7
3,3,0
9,9,0
2,2,0
2,2,0
2,2,0
2,9,7
4,22,18
1,2,1
0,0,0
0,0,0
9,11,2
3,3,0
2,2,0
2,2,0
3,3,0
4,4,0
2,2,0
2,4,2
2,2,0
3,5,2
2,2,0
9,9,0
2,6,4
3,3,0
2,2,0
8,10,2
96,135,39
2,82,80
2,2,0
15,15,0
1,1,0
2,4,2
2,2,0
7,7,0
2,4,2
2,2,0
1,2,1
2,2,0
2,2,0
5,5,0
4,6,2
1,2,1
8,8,0
2,2,0
2,2,0
3,3,0
10,10,0
2,4,2
2,2,0
2,4,2
2,2,0
4,4,0
2,2,0
11,11,0
2,2,0
441,441,0
1,2,1
2,2,0
8,8,0
2,2,0
3,5,2
3,3,0
3,3,0
2,2,0
100,100,0
3,3,0
2,3,1
2,4,2
2,4,2
3,7,4
2,2,0
2,2,0
100,104,4
1,1,0
3,3,0
30,34,4
3,3,0
3,3,0
2,2,0
2,2,0
1,20,19
2,2,0
3,8,5
2,2,0
2,2,0
93,173,80
0,0,0
3,9,6
2,2,0
2,2,0
2,2,0
2,2,0
2,6,4
5,12,7
2,2,0
10,18,8
3,15,12
3,9,6
3,3,0
1,1,0
2,2,0
2,2,0
3,13,10
2,2,0
3,3,0
3,3,0
8,8,0
1,3,2
3,8,5
2,3,1
3,23,20
2,2,0
2,4,2
3,5,2
2,6,4
2,2,0
3,5,2
3,3,0
2,2,0
2,2,0
2,2,0
2,2,0
3,3,0
2,2,0
2,2,0
2,2,0
1,1,0
2,2,0
2,3,1
2,3,1
3,3,0
3,21,18
1,11,10
3,3,0
1,4,3
1,1,0
1,1,0
2,2,0
3,3,0
2,4,2
2,2,0
2,2,0
2,2,0
1,2,1
3,5,2
3,6,3
2,2,0
3,3,0
93,93,0
3,7,4
14,14,0
3,11,8
2,2,0
2,86,84
2,2,0
9,9,0
2,2,0
2,2,0
1,21,20
2,9,7
2,2,0
8,8,0
3,3,0
1,1,0
2,82,80
2,2,0
3,3,0
2,2,0
2,16,14
2,4,2
2,2,0
2,2,0
1,1,0
3,3,0
1,1,0
2,2,0
2,3,1
9,9,0
2,2,0
7,7,0
3,3,0
8,8,0
24,24,0
2,2,0
2,2,0
8,8,0
3,3,0
2,2,0
9,9,0
3,5,2
3,4,1
6,83,77
2,2,0
2,2,0
8,8,0
4,4,0
3,3,0
1,24,23
2,2,0
0,0,0
2,2,0
3,3,0
9,9,0
3,5,2
2,8,6
1,1,0
2,4,2
2,2,0
3,3,0
1,1,0
2,3,1
2,16,14
2,2,0
3,3,0
2,2,0
1,3,2
2,2,0
4,4,0
4,4,0
2,2,0
3,3,0
1,22,21
2,2,0
4,4,0
3,3,0
2,7,5
22,22,0
2,2,0
2,2,0
9,9,0
3,9,6
4,4,0
1,1,0
3,14,11
2,7,5
18,18,0
2,2,0
2,3,1
2,2,0
3,7,4
9,9,0
2,7,5
3,3,0
2,2,0
46,46,0
3,4,1
3,5,2
2,2,0
2,2,0
74,74,0
3,5,2
3,3,0
2,2,0
2,2,0
2,4,2
3,11,8
3,3,0
2,2,0
2,2,0
2,2,0
3,5,2
2,5,3
6,6,0
3,5,2
2,2,0
3,3,0
2,2,0
2,2,0
3,3,0
1,3,2
0,0,0
2,2,0
2,2,0
3,3,0
2,4,2
2,2,0
1,25,24
4,4,0
98,98,0
2,2,0
2,4,2
1,2,1
4,4,0
2,2,0
4,4,0
2,2,0
1,5,4
2,6,4
2,2,0
4,4,0
2,4,2
2,2,0
3,3,0
3,22,19
2,2,0
3,4,1
4,6,2
2,4,2
3,7,4
6,6,0
2,3,1
63,163,100
9,9,0
1,3,2
2,2,0
2,2,0
2,2,0
2,2,0
8,10,2
2,2,0
2,2,0
1,20,19
2,2,0
2,2,0
2,2,0
3,4,1
4,7,3
2,2,0
4,4,0
3,9,6
70,70,0
12,14,2
3,7,4
2,4,2
2,6,4
3,7,4
2,2,0
2,2,0
2,2,0
8,8,0
2,2,0
2,2,0
2,2,0
2,2,0
3,3,0
8,8,0
2,3,1
2,4,2
3,3,0
2,6,4
83,83,0
2,2,0
2,210,208
2,2,0
3,6,3
2,2,0
2,2,0
12,12,0
2,2,0
3,7,4
2,4,2
3,5,2
3,3,0
2,2,0
2,2,0
18,47,29
1,6,5
4,9,5
2,2,0
2,2,0
2,2,0
8,8,0
2,2,0
6,6,0
2,9,7
2,4,2
2,2,0
2,4,2
2,2,0
2,2,0
3,3,0
2,2,0
2,4,2
4,4,0
2,28,26
10,10,0
3,3,0
3,3,0
3,7,4
1,2,1
2,2,0
2,4,2
70,79,9
3,3,0
3,7,4
3,7,4
3,3,0
1,20,19
2,2,0
2,4,2
8,8,0
2,2,0
12,12,0
3,7,4
2,3,1
2,2,0
3,5,2
2,2,0
2,2,0
4,4,0
3,7,4
0,0,0
3,5,2
1,2,1
1,1,0
2,2,0
2,4,2
3,7,4
1,1,0
9,9,0
2,2,0
3,4,1
2,2,0
3,3,0
2,4,2
4,4,0
4,4,0
3,16,13
3,3,0
2,2,0
59,136,77
2,2,0
2,2,0
2,2,0
2,2,0
2,14,12
2,2,0
3,3,0
2,4,2
2,2,0
2,2,0
2,41,39
8,8,0
2,2,0
2,5,3
2,2,0
0,0,0
100,100,0
3,3,0
2,2,0
2,2,0
1,2,1
2,2,0
2,8,6
3,9,6
3,7,4
2,2,0
3,7,4
19,19,0
9,9,0
2,4,2
2,2,0
3,3,0
4,4,0
1,1,0
2,2,0
3,8,5
2,4,2
3,3,0
2,2,0
1,2,1
3,46,43
2,2,0
2,2,0
0,0,0
1,2,1
2,2,0
3,12,9
1,22,21
2,2,0
2,2,0
2,82,80
107,107,0
1,8,7
4,4,0
2,3,1
3,6,3
2,4,2
2,4,2
2,4,2
2,2,0
2,2,0
2,2,0
3,3,0
2,2,0
3,5,2
1,1,0
1,1,0
1,1,0
3,23,20
1,2,1
2,12,10
2,2,0
171,171,0
3,5,2
2,2,0
8,8,0
1,3,2
2,3,1
2,2,0
8,8,0
2,2,0
1,2,1
10,10,0
15,15,0
2,2,0
8,8,0
2,2,0
3,3,0
3,3,0
3,14,11
2,2,0
28,28,0
3,3,0
2,2,0
2,2,0
2,2,0
2,21,19
2,4,2
2,2,0
2,2,0
3,3,0
3,7,4
3,3,0
86,88,2
1,1,0
0,0,0
3,3,0
2,4,2
3,8,5
3,7,4
2,20,18
2,5,3
6,6,0
1,1,0
1,20,19
3,3,0
2,2,0
2,4,2
2,3,1
3,3,0
1,2,1
2,2,0
107,107,0
0,0,0
1,2,1
3,3,0
9,9,0
2,2,0
2,2,0
2,2,0
3,15,12
2,2,0
2,2,0
2,2,0
4,35,31
3,3,0
1,5,4
2,2,0
1,1,0
2,2,0
3,5,2
1,2,1
2,2,0
2,4,2
2,2,0
2,2,0
3,9,6
3,5,2
6,6,0
1,12,11
2,3,1
13,13,0
2,3,1
2,2,0
8,8,0
2,2,0
2,4,2
1,1,0
2,7,5
2,10,8
2,2,0
2,2,0
2,2,0
2,2,0
2,2,0
9,9,0
3,3,0
2,2,0
9,9,0
1,27,26
3,3,0
3,3,0
6,39,33
8,8,0
3,6,3
2,2,0
3,3,0
2,2,0
2,2,0
3,3,0
2,2,0
0,0,0
2,7,5
2,2,0
0,0,0
3,3,0
0,0,0
3,3,0
2,2,0
2,2,0
2,35,33
2,2,0
2,2,0
0,0,0
2,2,0
1,3,2
1,2,1
9,9,0
3,3,0
3,3,0
3,7,4
3,3,0
3,3,0
3,10,7
2,2,0
2,4,2
11,11,0
2,2,0
9,9,0
7,8,1
2,2,0
3,3,0
1,9,8
3,15,12
2,2,0
2,2,0
2,2,0
2,11,9
9,9,0
3,3,0
10,12,2
3,3,0
8,14,6
6,6,0
3,11,8
1,2,1
2,8,6
2,2,0
3,7,4
2,2,0
2,2,0
2,2,0
2,2,0
2,2,0
2,2,0
8,17,9
2,2,0
2,2,0
1,1,0
2,2,0
3,3,0
2,4,2
3,9,6
2,2,0
2,2,0
2,2,0
3,8,5
16,16,0
2,2,0
66,74,8
3,3,0
9,11,2
2,2,0
5,5,0
0,0,0
2,2,0
2,2,0
2,4,2
76,76,0
3,3,0
9,9,0
2,2,0
4,4,0
0,0,0
2,4,2
2,2,0
2,2,0
2,4,2
2,2,0
3,3,0
3,3,0
2,2,0
3,3,0
1,1,0
2,2,0
3,7,4
2,4,2
11,11,0
2,2,0
2,4,2
2,7,5
2,4,2
235,266,31
2,2,0
60,114,54
2,2,0
3,3,0
3,5,2
8,9,1
3,3,0
3,3,0
9,9,0
11,26,15
1,6,5
47,58,11
2,2,0
51,51,0
1,22,21
2,2,0
2,41,39
2,2,0
2,2,0
2,2,0
3,3,0
9,9,0
2,2,0
10,10,0
2,2,0
2,2,0
3,3,0
1,3,2
2,5,3
8,18,10
2,2,0
3,10,7
100,200,100
2,2,0
2,6,4
2,2,0
3,5,2
2,2,0
9,9,0
3,3,0
18,18,0
1,1,0
3,3,0
2,2,0
4,4,0
1,22,21
3,3,0
2,2,0
1,1,0
52,52,0
3,3,0
3,6,3
2,4,2
1,1,0
3,3,0
2,2,0
3,7,4
2,27,25
3,6,3
2,2,0
3,3,0
2,3,1
2,2,0
2,2,0
2,2,0
2,4,2
9,9,0
2,2,0
2,2,0
2,4,2
2,2,0
2,2,0
3,5,2
1,10,9
2,2,0
3,3,0
2,2,0
3,5,2
2,2,0
2,2,0
3,13,10
55,55,0
3,11,8
2,2,0
3,3,0
1,1,0
1,5,4
2,5,3
16,16,0
2,2,0
3,3,0
13,13,0
4,4,0
2,2,0
8,8,0
2,6,4
2,4,2
2,2,0
2,4,2
3,6,3
1,1,0
0,0,0
1,3,2
3,3,0
2,2,0
3,3,0
2,2,0
1,2,1
2,2,0
1,2,1
2,2,0
1,1,0
1,9,8
3,7,4
3,7,4
9,9,0
2,4,2
2,2,0
3,3,0
2,2,0
4,4,0
2,2,0
1,1,0
2,2,0
90,190,100
1,1,0
2,2,0
1,4,3
3,3,0
2,2,0
1,4,3
3,5,2
3,3,0
2,2,0
67,140,73
13,13,0
2,2,0
6,8,2
2,2,0
3,13,10
2,2,0
2,2,0
3,5,2
2,2,0
3,3,0
1,2,1
3,7,4
2,4,2
2,2,0
100,200,100
1,1,0
2,2,0
3,5,2
3,7,4
3,3,0
3,3,0
2,8,6
2,7,5
1,2,1
3,3,0
2,10,8
2,2,0
3,3,0
387,387,0
8,8,0
3,16,13
9,9,0
2,2,0
8,8,0
3,5,2
1,2,1
2,2,0
2,2,0
2,2,0
2,2,0
2,2,0
6,6,0
2,2,0
2,2,0
2,11,9
2,2,0
2,2,0
2,2,0
3,3,0
3,3,0
2,2,0
2,2,0
2,2,0
2,2,0
2,2,0
3,23,20
1,2,1
3,3,0
2,2,0
3,4,1
1,1,0
2,2,0
3,3,0
2,2,0
14,15,1
2,4,2
2,2,0
2,2,0
2,4,2
3,3,0
8,8,0
3,3,0
1,1,0
3,3,0
3,3,0
2,4,2
2,2,0
3,7,4
2,2,0
1,5,4
8,8,0
5,5,0
2,82,80
2,2,0
0,0,0
3,3,0
2,2,0
0,0,0
2,10,8
3,8,5
5,5,0
2,2,0
2,2,0
2,2,0
2,9,7
3,3,0
11,11,0
5,11,6
1,2,1
2,2,0
2,3,1
3,3,0
2,2,0
2,2,0
3,6,3
3,5,2
3,3,0
2,2,0
2,2,0
26,54,28
0,0,0
2,35,33
6,17,11
3,20,17
1,2,1
2,2,0
2,2,0
3,3,0
2,2,0
1,1,0
3,8,5
3,9,6
14,14,0
3,3,0
2,2,0
2,42,40
2,5,3
3,5,2
5,14,9
2,2,0
3,3,0
2,3,1
1,1,0
1,2,1
2,6,4
3,3,0
8,16,8
2,2,0
3,4,1
2,3,1
11,11,0
2,4,2
2,2,0
1,79,78
3,16,13
2,2,0
3,10,7
0,0,0
21,21,0
2,2,0
3,83,80
24,27,3
2,4,2
1,1,0
9,9,0
9,9,0
2,2,0
2,2,0
2,2,0
2,3,1
2,2,0
2,2,0
2,2,0
2,2,0
1,9,8
2,4,2
2,2,0
3,4,1
2,2,0
3,66,63
9,9,0
8,8,0
0,0,0
8,8,0
3,6,3
2,2,0
3,3,0
2,2,0
2,3,1
0,0,0
1,1,0
2,9,7
3,5,2
2,2,0
8,8,0
9,107,98
2,2,0
1,2,1
2,2,0
29,29,0
3,3,0
2,4,2
2,2,0
2,26,24
2,2,0
2,8,6
3,5,2
2,4,2
8,8,0
8,8,0
8,8,0
2,2,0
2,11,9
3,3,0
2,6,4
2,14,12
3,3,0
2,2,0
2,2,0
2,3,1
1,2,1
2,4,2
3,5,2
2,2,0
3,3,0
2,2,0
1,1,0
0,0,0
3,7,4
2,2,0
100,104,4
40,40,0
5,5,0
2,2,0
14,14,0
2,2,0
3,5,2
3,3,0
2,2,0
2,2,0
3,3,0
60,121,61
2,2,0
2,4,2
2,2,0
2,2,0
1,3,2
2,2,0
36,36,0
3,9,6
3,3,0
3,5,2
2,2,0
56,56,0
9,9,0
2,80,78
2,2,0
3,5,2
3,3,0
56,56,0
2,2,0
2,2,0
7,7,0
3,3,0
2,14,12
3,3,0
3,7,4
2,2,0
2,7,5
3,3,0
2,2,0
3,3,0
1,1,0
2,4,2
1,2,1
8,8,0
1,2,1
7,47,40
1,3,2
2,2,0
9,9,0
2,6,4
2,2,0
2,2,0
2,2,0
2,2,0
3,3,0
3,17,14
2,4,2
6,6,0
11,13,2
2,8,6
2,4,2
23,23,0
3,3,0
2,2,0
19,19,0
2,2,0
2,2,0
2,2,0
9,9,0
8,8,0
1,3,2
2,2,0
2,4,2
2,2,0
14,19,5
51,51,0
2,6,4
2,6,4
8,8,0
3,3,0
1,23,22
3,6,3
2,6,4
2,2,0
2,2,0
2,2,0
2,6,4
3,3,0
2,2,0
3,14,11
2,2,0
2,2,0
3,3,0
2,5,3
3,3,0
2,2,0
2,2,0
2,2,0
9,15,6
2,2,0
1,2,1
3,8,5
2,2,0
8,8,0
2,2,0
2,2,0
2,10,8
1,1,0
2,13,11
2,2,0
2,2,0
22,31,9
2,2,0
2,2,0
2,2,0
12,12,0
3,3,0
3,3,0
14,14,0
8,8,0
3,6,3
4,4,0
19,20,1
2,2,0
1,9,8
2,10,8
3,3,0
2,2,0
1,1,0
3,20,17
3,12,9
2,4,2
6,6,0
13,13,0
2,2,0
2,2,0
2,2,0
2,2,0
8,16,8
1,2,1
2,2,0
3,7,4
1,1,0
2,2,0
2,2,0
2,2,0
5,8,3
2,4,2
5,5,0
3,3,0
2,2,0
2,2,0
2,2,0
7,8,1
8,8,0
2,2,0
2,2,0
10,29,19
3,5,2
2,2,0
1,3,2
2,2,0
2,2,0
1,1,0
1,1,0
8,8,0
9,9,0
23,23,0
2,2,0
8,8,0
2,4,2
3,3,0
9,11,2
12,12,0
1,1,0
3,3,0
2,4,2
2,2,0
4,47,43
5,5,0
2,2,0
15,32,17
10,10,0
9,9,0
9,9,0
1,1,0
1,21,20
2,13,11
3,3,0
1,8,7
2,7,5
3,12,9
3,7,4
2,2,0
1,1,0
2,2,0
10,10,0
2,2,0
2,2,0
59,184,125
0,0,0
3,3,0
2,82,80
6,6,0
1,28,27
1,2,1
2,2,0
2,2,0
9,9,0
2,2,0
3,3,0
3,3,0
2,2,0
5,5,0
2,2,0
2,2,0
2,2,0
2,4,2
3,10,7
16,16,0
2,2,0
2,12,10
2,2,0
1,1,0
2,2,0
2,4,2
2,2,0
2,2,0
3,3,0
2,2,0
2,2,0
2,8,6
2,2,0
3,5,2
2,2,0
2,10,8
2,2,0
2,2,0
9,9,0
3,3,0
3,3,0
2,4,2
6,6,0
2,3,1
8,52,44
3,10,7
2,2,0
8,8,0
2,2,0
2,2,0
100,104,4
2,2,0
3,3,0
8,8,0
2,2,0
1,1,0
5,5,0
2,2,0
2,2,0
4,4,0
2,2,0
1,1,0
8,8,0
1,1,0
2,2,0
36,47,11
194,194,0
14,14,0
1,19,18
2,2,0
1,1,0
2,2,0
1,1,0
2,2,0
2,4,2
2,82,80
2,23,21
2,2,0
2,2,0
1,1,0
10,18,8
2,2,0
2,2,0
103,107,4
2,25,23
2,2,0
2,3,1
4,4,0
2,2,0
2,2,0
1,1,0
1,1,0
2,2,0
2,2,0
2,84,82
49,49,0
1,1,0
1,24,23
3,8,5
3,7,4
2,2,0
3,3,0
10,47,37
2,2,0
3,23,20
2,2,0
1,3,2
2,2,0
2,4,2
3,3,0
69,86,17
45,45,0
2,6,4
22,22,0
3,12,9
2,2,0
2,2,0
2,66,64
2,2,0
3,7,4
1,4,3
1,60,59
2,2,0
3,3,0
2,2,0
1,2,1
0,0,0
3,3,0
2,2,0
2,4,2
4,4,0
11,11,0
2,2,0
2,4,2
2,4,2
2,2,0
1,1,0
10,18,8
2,7,5
31,45,14
2,2,0
1,2,1
2,9,7
2,6,4
2,2,0
2,2,0
3,3,0
3,9,6
1,3,2
1,1,0
2,2,0
3,5,2
2,24,22
26,26,0
3,3,0
6,6,0
1,22,21
2,2,0
10,10,0
3,3,0
2,4,2
3,3,0
2,467,465
1,3,2
5,5,0
1,21,20
3,5,2
1,1,0
2,2,0
3,3,0
88,90,2
2,2,0
2,2,0
1,2,1
3,5,2
2,2,0
2,2,0
2,2,0
2,2,0
2,2,0
1,27,26
9,9,0
90,90,0
2,2,0
2,2,0
2,2,0
2,2,0
3,9,6
2,4,2
3,12,9
1,1,0
3,10,7
2,2,0
3,3,0
3,3,0
3,3,0
22,22,0
2,2,0
2,2,0
2,2,0
4,4,0
3,17,14
2,2,0
2,2,0
3,17,14
3,3,0
2,2,0
2,2,0
1,1,0
2,5,3
2,2,0
2,4,2
2,2,0
1,1,0
2,2,0
2,4,2
8,8,0
2,2,0
2,2,0
9,9,0
2,5,3
2,4,2
3,7,4
1,2,1
2,2,0
2,2,0
4,4,0
2,2,0
2,2,0
3,3,0
4,6,2
2,2,0
1,1,0
2,2,0
3,3,0
1,5,4
2,2,0
2,2,0
2,7,5
3,7,4
2,6,4
2,2,0
2,9,7
17,17,0
3,3,0
3,3,0
4,4,0
3,3,0
9,9,0
3,9,6
3,9,6
2,5,3
2,11,9
2,2,0
2,10,8
2,2,0
9,9,0
3,3,0
2,2,0
3,3,0
3,3,0
1,81,80
2,3,1
3,7,4
6,6,0
2,16,14
0,0,0
1,28,27
3,3,0
1,3,2
3,5,2
3,3,0
2,4,2
3,3,0
2,2,0
3,9,6
1,21,20
3,3,0
2,4,2
2,2,0
10,10,0
3,6,3
2,2,0
2,2,0
4,6,2
2,2,0
3,5,2
2,2,0
15,15,0
2,2,0
3,5,2
2,2,0
6,6,0
20,20,0
3,3,0
2,2,0
1,20,19
2,2,0
1,2,1
1,1,0
3,3,0
3,7,4
2,2,0
2,2,0
2,2,0
2,2,0
2,88,86
3,3,0
3,3,0
2,4,2
3,3,0
2,2,0
2,2,0
2,2,0
4,4,0
3,6,3
3,3,0
2,11,9
2,2,0
1,2,1
3,17,14
9,9,0
2,2,0
2,2,0
2,2,0
3,3,0
4,4,0
10,10,0
2,2,0
3,3,0
2,11,9
2,2,0
2,2,0
2,2,0
2,2,0
3,3,0
2,2,0
2,2,0
8,8,0
3,3,0
2,3,1
2,2,0
2,2,0
3,6,3
2,2,0
2,2,0
2,2,0
0,0,0
3,3,0
12,12,0
3,13,10
1,1,0
2,9,7
3,3,0
9,9,0
2,4,2
3,7,4
2,2,0
2,4,2
2,4,2
2,2,0
1,1,0
3,3,0
3,3,0
2,2,0
2,2,0
2,2,0
3,7,4
2,3,1
2,2,0
2,2,0
2,2,0
2,2,0
3,18,15
3,5,2
8,8,0
1,1,0
2,4,2
2,14,12
2,2,0
1,2,1
2,4,2
55,55,0
3,5,2
2,2,0
2,15,13
2,80,78
9,9,0
1,6,5
2,2,0
2,2,0
2,2,0
3,5,2
11,11,0
2,2,0
4,4,0
2,2,0
3,9,6
0,0,0
2,6,4
2,2,0
3,3,0
1,1,0
3,5,2
2,6,4
93,93,0
3,3,0
2,2,0
1,2,1
11,11,0
1,1,0
0,0,0
50,50,0
3,5,2
2,2,0
3,3,0
1,1,0
3,3,0
2,2,0
2,2,0
2,2,0
3,3,0
2,2,0
0,0,0
17,17,0
1,2,1
2,2,0
9,9,0
3,6,3
0,0,0
2,3,1
3,3,0
2,2,0
2,4,2
2,2,0
9,9,0
3,3,0
3,9,6
2,6,4
0,0,0
2,2,0
2,2,0
1,1,0
1,1,0
0,0,0
2,2,0
1,1,0
2,2,0
2,45,43
1,12,11
2,5,3
0,0,0
2,2,0
2,2,0
2,4,2
2,2,0
3,3,0
3,3,0
0,0,0
1,24,23
3,5,2
3,17,14
3,10,7
2,2,0
3,3,0
4,11,7
0,0,0
2,3,1
2,2,0
1,1,0
2,2,0
42,42,0
2,2,0
2,4,2
2,2,0
2,6,4
2,5,3
11,11,0
3,7,4
4,4,0
3,3,0
3,11,8
2,2,0
2,6,4
2,2,0
2,2,0
2,2,0
3,3,0
2,2,0
2,2,0
2,2,0
2,2,0
3,3,0
2,2,0
27,27,0
1,1,0
2,2,0
10,12,2
2,21,19
2,2,0
3,7,4
2,2,0
2,4,2
2,2,0
2,3,1
3,6,3
2,2,0
7,7,0
2,6,4
3,23,20
1,41,40
2,2,0
2,4,2
9,10,1
9,9,0
10,10,0
3,3,0
2,2,0
0,0,0
2,8,6
2,2,0
3,12,9
92,92,0
1,1,0
2,2,0
3,3,0
3,28,25
1,2,1
3,13,10
2,2,0
24,26,2
3,10,7
1,1,0
9,9,0
2,2,0
2,4,2
2,10,8
0,0,0
2,2,0
1,2,1
1,1,0
1,2,1
1,2,1
2,3,1
2,2,0
8,8,0
3,4,1
0,0,0
1,2,1
2,2,0
1,1,0
2,2,0
2,2,0
2,2,0
1,1,0
2,2,0
3,7,4
2,2,0
8,8,0
5,7,2
3,3,0
2,2,0
1,1,0
8,8,0
11,11,0
2,3,1
3,3,0
2,12,10
3,3,0
25,25,0
2,2,0
2,2,0
2,4,2
2,12,10
3,7,4
3,3,0
0,0,0
2,2,0
2,4,2
2,4,2
3,3,0
2,2,0
0,0,0
3,8,5
2,2,0
1,1,0
100,100,0
2,2,0
8,8,0
4,4,0
3,3,0
3,3,0
2,2,0
3,5,2
18,18,0
3,6,3
1,3,2
2,2,0
9,9,0
2,2,0
3,7,4
2,2,0
3,5,2
2,2,0
2,2,0
3,3,0
0,0,0
2,2,0
2,2,0
4,7,3
0,0,0
3,3,0
11,11,0
2,2,0
3,7,4
1,1,0
2,2,0
9,9,0
3,8,5
1,1,0
2,4,2
3,3,0
2,4,2
2,2,0
2,2,0
2,2,0
2,2,0
1,2,1
4,4,0
64,195,131
2,2,0
2,2,0
2,4,2
3,8,5
1,5,4
3,3,0
3,9,6
1,1,0
2,2,0
2,2,0
3,3,0
3,3,0
3,3,0
2,6,4
0,0,0
3,3,0
2,2,0
2,10,8
6,6,0
2,2,0
3,12,9
2,19,17
2,2,0
3,3,0
1,3,2
2,2,0
1,4,3
9,9,0
22,22,0
2,4,2
2,2,0
2,4,2
1,1,0
16,16,0
2,2,0
3,3,0
2,6,4
1,1,0
1,1,0
2,2,0
2,2,0
3,3,0
2,2,0
4,6,2
2,2,0
2,2,0
3,7,4
2,2,0
3,9,6
3,3,0
2,2,0
2,2,0
2,15,13
2,2,0
2,2,0
4,4,0
2,2,0
2,2,0
2,4,2
3,5,2
0,0,0
0,0,0
3,10,7
1,24,23
1,1,0
2,2,0
1,26,25
2,3,1
2,2,0
2,2,0
8,8,0
1,1,0
2,2,0
2,4,2
2,2,0
2,2,0
4,4,0
3,3,0
2,2,0
9,9,0
2,5,3
3,3,0
3,3,0
2,2,0
2,4,2
3,5,2
2,4,2
3,3,0
14,17,3
2,2,0
2,4,2
82,82,0
2,2,0
3,5,2
2,4,2
2,4,2
10,10,0
2,2,0
11,11,0
2,2,0
2,2,0
3,3,0
2,2,0
2,2,0
1,1,0
1,23,22
3,3,0
2,2,0
2,7,5
1,1,0
2,2,0
2,5,3
4,6,2
2,2,0
6,6,0
3,5,2
2,2,0
2,8,6
9,9,0
101,101,0
20,21,1
2,2,0
3,3,0
3,8,5
2,2,0
2,2,0
2,2,0
2,2,0
2,2,0
0,0,0
4,4,0
2,2,0
2,4,2
3,3,0
1,1,0
2,4,2
14,14,0
1,4,3
60,121,61
8,8,0
10,13,3
8,8,0
2,2,0
1,25,24
3,3,0
3,3,0
2,2,0
2,2,0
3,9,6
3,6,3
2,2,0
3,3,0
2,4,2
2,2,0
2,2,0
2,2,0
3,3,0
3,5,2
1,1,0
3,5,2
3,3,0
3,3,0
0,0,0
2,2,0
3,7,4
3,3,0
3,3,0
1,1,0
2,2,0
2,22,20
3,3,0
3,5,2
3,7,4
1,1,0
2,2,0
3,3,0
2,2,0
2,5,3
2,2,0
2,7,5
2,2,0
2,20,18
3,4,1
3,16,13
2,2,0
2,2,0
8,8,0
3,3,0
3,7,4
100,100,0
8,161,153
3,3,0
2,2,0
2,2,0
2,2,0
3,3,0
2,2,0
2,2,0
2,2,0
2,2,0
0,0,0
3,5,2
2,2,0
2,3,1
1,2,1
2,2,0
1,2,1
2,2,0
2,7,5
3,3,0
1,2,1
1,22,21
52,156,104
1,4,3
8,8,0
2,2,0
1,3,2
1,2,1
2,2,0
3,29,26
3,3,0
1,1,0
3,3,0
3,5,2
1,4,3
5,5,0
2,2,0
3,3,0
2,2,0
2,2,0
22,25,3
2,2,0
10,10,0
4,4,0
3,7,4
2,4,2
2,2,0
2,2,0
3,5,2
79,79,0
3,3,0
3,3,0
2,2,0
2,2,0
2,9,7
3,6,3
3,5,2
1,1,0
1,1,0
9,9,0
2,4,2
79,79,0
2,2,0
8,8,0
2,3,1
1,1,0
2,2,0
2,2,0
3,3,0
1,3,2
2,2,0
2,2,0
0,0,0
2,2,0
2,2,0
2,2,0
2,4,2
2,7,5
2,2,0
2,4,2
3,3,0
3,3,0
2,2,0
2,2,0
11,11,0
2,2,0
51,51,0
3,3,0
2,2,0
3,3,0
2,2,0
3,3,0
2,2,0
2,2,0
3,9,6
6,6,0
2,2,0
13,18,5
3,14,11
2,2,0
1,2,1
3,3,0
8,8,0
3,9,6
2,40,38
2,2,0
2,2,0
1,1,0
3,3,0
3,3,0
3,3,0
2,5,3
3,5,2
2,6,4
2,4,2
0,0,0
2,2,0
3,9,6
1,2,1
2,4,2
2,2,0
2,6,4
2,2,0
1,1,0
8,8,0
1,2,1
2,2,0
2,4,2
2,2,0
0,0,0
2,2,0
2,3,1
2,2,0
2,2,0
2,2,0
2,5,3
8,8,0
3,3,0
2,4,2
3,3,0
2,6,4
8,8,0
0,0,0
3,5,2
3,3,0
2,2,0
2,2,0
2,8,6
9,9,0
3,3,0
4,4,0
2,2,0
2,2,0
2,2,0
0,0,0
12,12,0
3,5,2
3,7,4
2,2,0
1,5,4
37,37,0
2,2,0
2,2,0
2,2,0
2,2,0
8,8,0
26,36,10
1,2,1
14,14,0
2,2,0
2,4,2
20,21,1
24,35,11
2,2,0
3,3,0
3,3,0
2,2,0
3,9,6
6,6,0
3,3,0
1,1,0
2,2,0
2,2,0
3,11,8
2,2,0
1,1,0
2,2,0
1,1,0
3,5,2
2,3,1
3,5,2
3,7,4
2,3,1
100,106,6
2,2,0
2,2,0
3,3,0
2,2,0
20,20,0
1,1,0
0,0,0
1,2,1
2,2,0
74,136,62
1,3,2
3,3,0
1,1,0
2,2,0
2,3,1
100,100,0
1,1,0
1,105,104
3,3,0
1,2,1
2,2,0
1,3,2
8,8,0
1,28,27
2,2,0
3,3,0
2,2,0
2,2,0
11,11,0
3,5,2
2,2,0
2,3,1
3,79,76
2,2,0
3,6,3
3,3,0
2,2,0
3,20,17
2,2,0
10,12,2
1,1,0
2,2,0
2,2,0
7,7,0
3,6,3
2,2,0
2,2,0
2,8,6
2,2,0
2,2,0
2,7,5
2,2,0
1,1,0
1,1,0
2,2,0
2,2,0
2,2,0
2,16,14
6,6,0
1,5,4
2,8,6
3,5,2
1,1,0
2,3,1
2,4,2
8,8,0
3,5,2
3,3,0
3,3,0
15,20,5
2,2,0
2,2,0
11,11,0
12,12,0
1,79,78
3,6,3
3,5,2
2,2,0
3,83,80
3,5,2
2,2,0
2,2,0
3,3,0
10,10,0
2,7,5
2,2,0
3,83,80
2,8,6
11,11,0
1,5,4
2,2,0
2,3,1
3,6,3
3,3,0
15,15,0
1,1,0
2,2,0
2,3,1
2,2,0
11,11,0
1,3,2
2,2,0
2,2,0
9,9,0
2,2,0
3,3,0
1,2,1
3,7,4
2,2,0
1,1,0
3,3,0
2,2,0
1,2,1
3,6,3
2,2,0
2,2,0
3,3,0
1,6,5
2,2,0
10,17,7
2,8,6
2,2,0
22,22,0
2,45,43
9,9,0
2,2,0
2,2,0
2,2,0
100,100,0
2,2,0
2,2,0
4,4,0
1,2,1
3,3,0
3,3,0
2,2,0
3,5,2
2,2,0
3,3,0
2,2,0
2,4,2
2,2,0
2,2,0
68,68,0
2,6,4
2,4,2
3,3,0
2,2,0
3,5,2
2,2,0
4,4,0
0,0,0
2,6,4
2,27,25
3,5,2
2,2,0
3,5,2
0,0,0
2,2,0
4,4,0
2,2,0
2,2,0
3,3,0
3,3,0
3,3,0
2,4,2
5,5,0
2,2,0
2,2,0
3,3,0
3,5,2
9,20,11
1,45,44
3,3,0
2,2,0
2,2,0
2,2,0
1,2,1
2,10,8
8,8,0
2,4,2
2,9,7
3,3,0
2,2,0
2,4,2
3,9,6
9,9,0
2,2,0
2,3,1
2,7,5
2,2,0
2,2,0
2,4,2
2,2,0
3,5,2
2,2,0
3,7,4
1,1,0
2,2,0
3,3,0
2,13,11
2,4,2
12,12,0
2,2,0
2,2,0
3,5,2
3,5,2
3,3,0
2,2,0
3,27,24
2,6,4
2,2,0
2,2,0
9,52,43
2,5,3
10,10,0
2,2,0
2,2,0
2,3,1
1,22,21
1,1,0
1,1,0
2,28,26
12,13,1
8,8,0
2,3,1
2,3,1
93,96,3
1,2,1
3,3,0
2,3,1
1,2,1
2,2,0
2,2,0
1,2,1
1,1,0
22,22,0
2,2,0
8,8,0
0,0,0
44,44,0
4,6,2
2,2,0
11,11,0
3,3,0
3,6,3
2,2,0
2,4,2
1,7,6
3,4,1
2,2,0
1,2,1
20,20,0
13,15,2
2,2,0
11,11,0
3,3,0
3,3,0
2,2,0
3,5,2
2,2,0
2,2,0
3,3,0
2,24,22
2,2,0
1,2,1
2,2,0
1,1,0
11,11,0
5,5,0
2,17,15
2,2,0
3,6,3
2,2,0
3,3,0
3,3,0
4,6,2
10,18,8
1,1,0
2,2,0
24,34,10
7,7,0
3,6,3
9,80,71
2,3,1
2,3,1
3,3,0
75,83,8
9,9,0
2,82,80
2,2,0
2,2,0
2,2,0
3,3,0
3,9,6
1,2,1
2,2,0
1,1,0
2,2,0
2,2,0
1,1,0
2,10,8
4,5,1
2,2,0
2,2,0
3,3,0
8,16,8
2,2,0
2,80,78
2,9,7
3,5,2
1,74,73
2,2,0
3,4,1
3,5,2
2,2,0
2,2,0
2,4,2
2,2,0
3,3,0
2,4,2
3,8,5
3,3,0
1,2,1
2,3,1
3,5,2
9,9,0
6,6,0
2,4,2
3,15,12
3,3,0
2,2,0
1,2,1
2,2,0
3,6,3
50,50,0
1,2,1
2,2,0
1,1,0
2,3,1
2,2,0
9,9,0
2,2,0
3,7,4
10,10,0
2,4,2
3,3,0
3,3,0
3,3,0
3,3,0
3,49,46
9,9,0
2,2,0
15,15,0
2,2,0
1,3,2
2,2,0
3,3,0
2,2,0
2,2,0
2,2,0
99,192,93
3,3,0
2,93,91
2,2,0
3,3,0
0,0,0
5,5,0
37,39,2
2,2,0
2,2,0
2,6,4
3,9,6
2,2,0
3,6,3
3,10,7
3,5,2
3,5,2
2,2,0
1,26,25
1,2,1
9,9,0
4,4,0
1,2,1
3,5,2
3,6,3
1,1,0
16,16,0
2,3,1
4,4,0
3,7,4
4,4,0
1,1,0
2,2,0
2,2,0
3,5,2
3,3,0
4,4,0
3,3,0
10,10,0
1,20,19
2,2,0
2,2,0
2,2,0
2,6,4
3,3,0
3,4,1
2,2,0
2,2,0
2,2,0
1,2,1
7,7,0
3,3,0
2,3,1
2,2,0
32,34,2
2,3,1
2,2,0
2,2,0
3,3,0
2,2,0
56,79,23
2,2,0
1,3,2
2,2,0
8,8,0
2,4,2
4,4,0
2,4,2
3,3,0
3,14,11
4,4,0
3,5,2
2,2,0
3,3,0
2,2,0
2,2,0
8,8,0
18,18,0
3,9,6
2,4,2
5,5,0
1,1,0
2,2,0
2,6,4
5,5,0
4,6,2
8,8,0
3,3,0
2,2,0
9,9,0
2,2,0
3,6,3
3,3,0
2,13,11
4,4,0
2,15,13
2,2,0
0,0,0
3,5,2
1,2,1
3,85,82
3,3,0
2,2,0
12,18,6
3,9,6
2,2,0
3,3,0
3,3,0
2,2,0
0,0,0
1,1,0
3,4,1
29,29,0
2,80,78
3,3,0
8,8,0
1,2,1
2,2,0
2,8,6
2,2,0
0,0,0
3,3,0
51,53,2
3,6,3
12,12,0
1,1,0
9,18,9
6,22,16
0,0,0
2,2,0
3,3,0
6,6,0
1,202,201
3,3,0
8,8,0
100,100,0
2,2,0
3,3,0
2,2,0
1,1,0
3,5,2
2,6,4
3,3,0
22,26,4
3,3,0
3,27,24
3,3,0
3,5,2
2,2,0
2,2,0
2,2,0
2,2,0
3,3,0
2,2,0
1,3,2
3,8,5
2,2,0
3,3,0
2,2,0
2,5,3
20,20,0
3,5,2
3,3,0
38,61,23
2,2,0
2,11,9
2,141,139
0,0,0
8,8,0
2,4,2
3,3,0
3,7,4
3,13,10
6,6,0
1,5,4
3,3,0
2,2,0
8,8,0
2,2,0
9,9,0
1,25,24
84,84,0
2,2,0
3,7,4
2,2,0
2,16,14
2,24,22
2,2,0
2,2,0
2,2,0
2,2,0
3,3,0
1,2,1
4,4,0
3,3,0
6,12,6
3,7,4
3,5,2
4,4,0
2,2,0
2,2,0
2,2,0
16,32,16
3,3,0
47,47,0
2,3,1
25,26,1
2,2,0
1,24,23
3,5,2
9,9,0
51,51,0
2,2,0
4,4,0
2,2,0
0,0,0
2,2,0
3,3,0
8,8,0
2,2,0
0,0,0
2,9,7
3,5,2
1,2,1
1,1,0
2,2,0
3,3,0
2,2,0
55,55,0
7,7,0
2,2,0
0,0,0
8,8,0
2,2,0
3,8,5
2,2,0
2,48,46
3,3,0
3,3,0
1,5,4
3,7,4
3,3,0
36,36,0
1,1,0
2,2,0
2,2,0
2,3,1
1,1,0
2,2,0
100,100,0
2,2,0
2,2,0
0,0,0
1,1,0
51,51,0
2,2,0
1,1,0
3,3,0
1,1,0
2,2,0
1,2,1
3,3,0
2,2,0
3,3,0
2,2,0
2,12,10
2,2,0
3,3,0
1,1,0
2,2,0
3,3,0
2,4,2
2,2,0
2,20,18
3,5,2
2,3,1
6,6,0
18,86,68
9,9,0
4,4,0
2,4,2
2,2,0
8,8,0
2,2,0
100,100,0
3,3,0
3,5,2
2,2,0
2,2,0
3,3,0
3,3,0
2,2,0
10,11,1
10,10,0
2,2,0
2,2,0
2,2,0
2,73,71
3,5,2
2,2,0
2,2,0
1,1,0
1,3,2
8,8,0
3,3,0
15,15,0
2,4,2
2,2,0
100,100,0
1,21,20
3,3,0
2,2,0
2,2,0
3,3,0
3,3,0
11,25,14
2,2,0
2,2,0
37,39,2
2,2,0
2,2,0
21,21,0
2,2,0
2,3,1
2,2,0
1,3,2
2,2,0
1,2,1
2,2,0
4,4,0
2,19,17
2,2,0
2,2,0
3,5,2
9,9,0
3,3,0
1,4,3
8,8,0
2,2,0
3,3,0
2,2,0
68,68,0
2,4,2
2,3,1
2,3,1
2,2,0
2,2,0
3,3,0
2,51,49
2,2,0
52,52,0
2,2,0
2,4,2
1,1,0
3,3,0
2,2,0
2,11,9
2,2,0
2,2,0
2,2,0
3,3,0
2,4,2
2,2,0
2,2,0
9,9,0
3,6,3
2,2,0
2,2,0
9,9,0
2,3,1
6,6,0
2,4,2
2,2,0
18,18,0
9,11,2
2,2,0
3,3,0
2,2,0
1,2,1
3,3,0
2,2,0
2,2,0
2,2,0
2,2,0
2,2,0
3,3,0
3,3,0
3,3,0
3,5,2
9,9,0
9,9,0
2,2,0
1,1,0
4,4,0
2,27,25
9,9,0
2,4,2
4,72,68
1,2,1
2,2,0
3,3,0
18,18,0
2,2,0
4,27,23
51,51,0
10,12,2
2,2,0
2,19,17
2,2,0
2,82,80
2,2,0
9,9,0
2,4,2
9,9,0
2,2,0
3,7,4
2,4,2
2,2,0
2,7,5
2,14,12
2,2,0
2,2,0
2,3,1
8,8,0
10,10,0
2,2,0
3,3,0
3,3,0
3,3,0
1,1,0
2,4,2
3,7,4
1,27,26
2,2,0
3,5,2
3,3,0
2,2,0
3,5,2
100,100,0
2,2,0
3,7,4
3,3,0
2,4,2
2,3,1
13,13,0
3,3,0
2,2,0
2,2,0
1,28,27
1,1,0
2,2,0
3,3,0
2,2,0
1,2,1
2,4,2
3,6,3
3,3,0
3,4,1
23,23,0
1,1,0
2,2,0
8,8,0
2,2,0
0,0,0
2,2,0
8,8,0
0,0,0
3,26,23
2,2,0
3,3,0
3,3,0
1,2,1
3,3,0
3,3,0
9,9,0
1,2,1
1,10,9
2,2,0
2,2,0
2,2,0
85,86,1
2,2,0
1,5,4
0,0,0
100,100,0
3,3,0
3,9,6
2,2,0
8,8,0
2,2,0
2,2,0
2,2,0
1,2,1
100,100,0
3,3,0
1,1,0
11,13,2
1,24,23
1,1,0
5,5,0
1,1,0
1,1,0
1,1,0
1,1,0
2,2,0
1,3,2
1,2,1
2,2,0
2,4,2
2,4,2
3,3,0
9,9,0
2,2,0
2,2,0
2,2,0
0,0,0
2,2,0
5,5,0
1,10,9
5,5,0
1,1,0
10,10,0
2,2,0
1,8,7
2,80,78
2,2,0
2,2,0
2,10,8
2,4,2
2,2,0
3,9,6
3,3,0
3,5,2
4,4,0
2,2,0
2,2,0
9,9,0
8,8,0
2,3,1
2,2,0
1,2,1
2,2,0
9,52,43
2,5,3
2,2,0
2,4,2
2,8,6
2,2,0
2,2,0
2,2,0
2,2,0
100,100,0
1,1,0
3,8,5
2,4,2
2,2,0
2,2,0
2,4,2
2,10,8
2,2,0
3,3,0
6,6,0
2,2,0
2,2,0
2,2,0
4,5,1
3,11,8
2,2,0
2,2,0
3,3,0
2,2,0
3,3,0
1,2,1
1,1,0
3,5,2
3,3,0
0,0,0
3,7,4
2,2,0
2,2,0
3,3,0
2,13,11
3,3,0
3,3,0
3,3,0
1,11,10
10,10,0
3,11,8
3,3,0
2,4,2
2,10,8
2,2,0
2,2,0
3,32,29
3,3,0
3,9,6
3,3,0
2,2,0
3,3,0
2,4,2
3,9,6
1,10,9
3,12,9
9,9,0
2,4,2
1,2,1
1,2,1
3,5,2
3,3,0
3,4,1
5,6,1
3,3,0
3,3,0
1,29,28
2,2,0
12,13,1
1,1,0
3,11,8
2,2,0
3,9,6
3,4,1
3,6,3
3,3,0
2,2,0
8,8,0
3,11,8
2,5,3
2,2,0
9,9,0
3,5,2
9,9,0
3,3,0
1,1,0
2,2,0
1,2,1
10,15,5
2,2,0
2,2,0
16,16,0
2,4,2
2,2,0
9,9,0
2,2,0
2,4,2
2,2,0
2,4,2
100,100,0
4,7,3
3,3,0
8,8,0
1,10,9
1,2,1
2,2,0
2,2,0
1,1,0
3,11,8
2,2,0
3,8,5
2,2,0
3,10,7
2,10,8
2,3,1
2,10,8
3,3,0
1,21,20
3,6,3
34,34,0
8,8,0
2,2,0
5,8,3
2,2,0
26,28,2
2,2,0
2,12,10
51,51,0
6,6,0
3,3,0
2,2,0
2,2,0
2,2,0
2,2,0
1,1,0
2,2,0
2,2,0
2,2,0
8,8,0
2,3,1
3,3,0
2,2,0
2,2,0
2,23,21
6,6,0
2,4,2
2,2,0
2,7,5
9,9,0
44,44,0
22,22,0
2,2,0
3,3,0
2,2,0
2,8,6
10,10,0
2,21,19
2,2,0
3,3,0
2,2,0
17,17,0
12,12,0
2,5,3
2,2,0
2,2,0
2,2,0
1,62,61
2,4,2
2,2,0
2,2,0
2,2,0
2,2,0
0,0,0
3,3,0
2,2,0
8,8,0
2,2,0
1,1,0
51,51,0
2,2,0
2,4,2
3,3,0
2,2,0
2,7,5
3,4,1
11,11,0
3,5,2
2,4,2
2,2,0
1,1,0
3,5,2
0,0,0
0,0,0
8,8,0
1,1,0
2,2,0
1,1,0
1,1,0
3,5,2
10,10,0
2,5,3
2,2,0
2,2,0
2,2,0
3,3,0
2,2,0
2,2,0
2,2,0
2,2,0
3,4,1
4,4,0
8,12,4
2,3,1
3,3,0
2,2,0
3,3,0
3,3,0
8,8,0
2,2,0
2,4,2
25,51,26
0,0,0
3,3,0
2,4,2
9,9,0
2,2,0
3,3,0
2,2,0
2,2,0
2,2,0
2,2,0
3,7,4
3,3,0
3,3,0
8,9,1
2,2,0
2,4,2
1,2,1
1,1,0
3,3,0
0,0,0
1,20,19
2,2,0
2,4,2
3,3,0
3,3,0
2,2,0
3,3,0
3,3,0
2,2,0
2,2,0
2,6,4
2,2,0
1,3,2
3,5,2
2,2,0
1,3,2
2,2,0
6,6,0
2,4,2
2,2,0
2,2,0
2,19,17
2,2,0
2,4,2
3,3,0
3,3,0
1,2,1
2,2,0
9,9,0
2,3,1
3,3,0
8,8,0
1,7,6
2,10,8
2,2,0
2,6,4
12,12,0
3,5,2
2,2,0
3,3,0
1,46,45
1,1,0
3,3,0
123,123,0
9,9,0
2,2,0
2,47,45
100,100,0
1,1,0
3,8,5
9,9,0
1,57,56
2,2,0
2,2,0
2,3,1
3,3,0
2,2,0
2,18,16
3,3,0
3,5,2
3,11,8
2,2,0
0,0,0
3,5,2
3,3,0
90,90,0
3,20,17
2,2,0
3,7,4
1,2,1
2,2,0
3,3,0
2,2,0
2,4,2
20,20,0
3,7,4
1,2,1
1,1,0
3,5,2
4,4,0
2,2,0
2,2,0
2,2,0
3,3,0
4,72,68
2,40,38
1,42,41
2,8,6
3,16,13
0,0,0
3,3,0
2,4,2
5,5,0
1,1,0
2,13,11
1,2,1
2,77,75
1,1,0
3,3,0
2,2,0
45,45,0
1,4,3
2,6,4
2,2,0
2,2,0
9,15,6
2,14,12
8,8,0
2,2,0
2,4,2
1,1,0
2,2,0
2,2,0
2,2,0
1,1,0
2,2,0
2,13,11
6,6,0
4,4,0
2,2,0
3,3,0
3,11,8
9,9,0
0,0,0
2,2,0
3,5,2
9,9,0
2,6,4
3,7,4
2,4,2
3,3,0
3,3,0
3,3,0
1,2,1
2,2,0
75,76,1
3,10,7
0,0,0
1,3,2
3,3,0
2,4,2
3,22,19
2,2,0
2,4,2
4,6,2
1,21,20
3,5,2
3,3,0
30,30,0
3,5,2
1,3,2
2,2,0
3,3,0
3,3,0
2,2,0
3,6,3
11,11,0
3,3,0
3,6,3
2,2,0
8,8,0
8,8,0
0,0,0
3,3,0
2,2,0
2,2,0
2,2,0
3,7,4
2,80,78
9,9,0
2,2,0
9,9,0
1,3,2
2,2,0
1,2,1
8,8,0
3,3,0
2,2,0
2,2,0
3,3,0
3,10,7
9,9,0
2,4,2
1,1,0
10,27,17
2,2,0
2,12,10
2,2,0
2,2,0
5,7,2
2,4,2
3,10,7
98,98,0
3,5,2
3,3,0
2,2,0
3,5,2
3,3,0
3,5,2
3,5,2
2,2,0
2,2,0
3,5,2
2,2,0
1,3,2
8,8,0
3,3,0
2,2,0
2,6,4
3,3,0
3,5,2
51,51,0
4,11,7
2,2,0
11,11,0
2,2,0
2,9,7
3,3,0
2,2,0
2,2,0
2,2,0
2,2,0
2,5,3
2,2,0
2,2,0
130,130,0
2,2,0
3,3,0
1,1,0
0,0,0
4,4,0
11,49,38
3,8,5
2,2,0
2,2,0
2,2,0
1,1,0
2,4,2
20,20,0
2,2,0
0,0,0
2,2,0
2,2,0
2,2,0
2,2,0
2,4,2
2,4,2
2,10,8
3,3,0
0,0,0
2,2,0
1,2,1
1,21,20
3,3,0
2,2,0
3,16,13
2,2,0
2,4,2
3,5,2
1,24,23
2,80,78
3,6,3
2,2,0
2,2,0
2,2,0
3,8,5
3,5,2
3,3,0
4,48,44
2,2,0
0,0,0
2,3,1
2,2,0
2,39,37
3,5,2
2,2,0
4,4,0
20,20,0
0,0,0
2,8,6
1,14,13
2,7,5
1,2,1
2,2,0
2,2,0
2,2,0
2,2,0
3,3,0
3,3,0
2,5,3
2,2,0
2,2,0
3,5,2
6,6,0
3,5,2
2,19,17
2,2,0
3,8,5
26,31,5
100,101,1
6,6,0
0,0,0
2,2,0
2,2,0
2,6,4
15,15,0
2,2,0
2,2,0
3,3,0
2,2,0
2,2,0
3,5,2
2,2,0
12,12,0
2,6,4
6,15,9
2,7,5
3,3,0
2,2,0
1,22,21
2,2,0
1,1,0
5,5,0
2,4,2
3,7,4
1,2,1
2,2,0
2,2,0
58,86,28
3,3,0
2,16,14
2,2,0
2,4,2
51,51,0
1,7,6
22,22,0
1,1,0
2,2,0
2,7,5
3,5,2
3,3,0
10,10,0
3,5,2
2,2,0
2,2,0
1,25,24
1,7,6
1,1,0
1,2,1
2,3,1
3,5,2
3,3,0
2,2,0
3,3,0
2,2,0
0,0,0
5,5,0
2,4,2
2,2,0
3,10,7
3,8,5
2,2,0
0,0,0
2,4,2
8,16,8
100,100,0
3,3,0
2,2,0
2,3,1
2,2,0
2,2,0
2,4,2
2,2,0
2,2,0
3,3,0
2,2,0
9,9,0
2,4,2
1,1,0
4,7,3
125,125,0
2,4,2
3,5,2
2,2,0
2,2,0
3,3,0
3,3,0
2,5,3
2,3,1
1,1,0
2,4,2
2,2,0
1,1,0
2,2,0
2,2,0
22,22,0
8,8,0
2,2,0
1,1,0
2,2,0
9,9,0
2,2,0
2,2,0
9,32,23
2,2,0
2,2,0
2,2,0
3,3,0
1,1,0
2,2,0
56,163,107
2,3,1
13,13,0
2,2,0
2,2,0
2,6,4
2,2,0
2,82,80
3,3,0
8,11,3
1,7,6
2,2,0
3,3,0
2,2,0
2,2,0
8,8,0
2,2,0
3,3,0
1,4,3
2,2,0
3,4,1
2,2,0
10,10,0
2,2,0
2,2,0
3,5,2
1,17,16
2,2,0
16,96,80
2,3,1
10,10,0
2,2,0
0,0,0
2,2,0
0,0,0
2,6,4
2,2,0
3,5,2
0,0,0
3,3,0
2,4,2
2,2,0
2,2,0
2,24,22
3,3,0
2,8,6
2,2,0
2,5,3
2,4,2
0,0,0
2,2,0
3,3,0
0,0,0
2,2,0
2,2,0
2,2,0
1,3,2
10,10,0
2,2,0
2,2,0
6,8,2
11,11,0
2,2,0
2,6,4
2,127,125
1,3,2
2,2,0
3,5,2
3,21,18
7,7,0
2,100,98
2,2,0
1,23,22
2,2,0
10,10,0
2,2,0
2,2,0
5,8,3
2,2,0
1,1,0
2,4,2
2,2,0
2,2,0
1,1,0
2,2,0
2,2,0
2,4,2
2,2,0
3,3,0
3,5,2
3,3,0
1,1,0
5,5,0
3,3,0
3,3,0
2,2,0
0,0,0
10,10,0
3,5,2
2,6,4
2,3,1
2,3,1
2,2,0
2,3,1
2,28,26
4,4,0
2,2,0
2,2,0
3,3,0
4,4,0
24,70,46
8,8,0
2,4,2
1,5,4
1,1,0
2,3,1
2,5,3
3,5,2
6,6,0
2,2,0
3,25,22
21,23,2
3,17,14
2,2,0
45,45,0
1,13,12
1,3,2
2,2,0
3,3,0
2,2,0
2,33,31
2,2,0
26,33,7
9,9,0
8,8,0
3,3,0
2,3,1
1,1,0
1,2,1
51,51,0
22,22,0
2,2,0
2,2,0
4,4,0
1,1,0
2,2,0
3,3,0
2,2,0
2,2,0
1,11,10
50,52,2
1,1,0
2,8,6
1,6,5
2,2,0
7,7,0
2,2,0
3,3,0
8,8,0
2,2,0
3,3,0
1,1,0
2,2,0
8,8,0
9,9,0
3,3,0
1,1,0
2,9,7
2,2,0
1,5,4
2,2,0
1,1,0
2,2,0
18,18,0
2,3,1
12,12,0
3,3,0
2,2,0
15,15,0
4,6,2
9,9,0
3,3,0
2,2,0
2,7,5
1,13,12
2,4,2
3,3,0
2,2,0
3,3,0
3,3,0
1,21,20
2,2,0
20,20,0
0,0,0
2,2,0
3,5,2
2,2,0
3,5,2
2,2,0
3,3,0
2,2,0
2,4,2
2,2,0
1,2,1
3,6,3
1,1,0
6,6,0
1,1,0
3,6,3
3,6,3
2,107,105
8,8,0
3,3,0
3,3,0
3,11,8
2,2,0
3,3,0
1,28,27
3,3,0
29,29,0
2,2,0
2,4,2
2,2,0
2,2,0
2,2,0
3,3,0
2,2,0
1,3,2
2,16,14
1,3,2
2,28,26
3,3,0
2,2,0
2,4,2
7,7,0
0,0,0
3,3,0
1,8,7
2,2,0
2,4,2
3,5,2
1,2,1
3,9,6
1,2,1
2,2,0
2,2,0
2,2,0
2,2,0
8,11,3
3,5,2
2,2,0
2,2,0
2,5,3
3,7,4
4,4,0
3,4,1
3,5,2
2,4,2
1,1,0
3,3,0
9,9,0
2,2,0
1,1,0
3,3,0
2,7,5
4,4,0
9,9,0
3,7,4
2,2,0
3,3,0
2,2,0
2,2,0
2,2,0
2,2,0
2,2,0
2,2,0
1,1,0
2,2,0
2,6,4
2,2,0
2,2,0
2,6,4
2,2,0
2,2,0
4,4,0
2,3,1
10,10,0
3,3,0
2,7,5
3,6,3
2,2,0
3,3,0
2,2,0
2,4,2
6,34,28
3,3,0
2,8,6
2,2,0
2,2,0
2,2,0
2,3,1
2,2,0
3,10,7
4,4,0
9,9,0
2,4,2
2,2,0
19,28,9
3,6,3
3,5,2
2,2,0
0,0,0
2,3,1
9,9,0
2,2,0
2,2,0
7,8,1
2,5,3
2,2,0
2,6,4
3,3,0
4,4,0
9,9,0
9,9,0
3,3,0
2,9,7
2,2,0
6,8,2
129,129,0
3,3,0
2,82,80
6,6,0
1,20,19
2,2,0
3,3,0
2,2,0
2,2,0
2,80,78
3,3,0
2,2,0
3,11,8
3,3,0
2,2,0
3,3,0
1,1,0
5,5,0
3,3,0
2,2,0
2,9,7
2,4,2
4,4,0
3,7,4
10,12,2
9,9,0
2,2,0
2,87,85
0,0,0
10,15,5
2,4,2
3,8,5
2,2,0
1,13,12
1,1,0
9,9,0
3,9,6
3,7,4
3,6,3
3,5,2
3,13,10
1,8,7
76,116,40
3,3,0
3,3,0
2,4,2
28,28,0
2,2,0
3,3,0
2,4,2
2,2,0
2,2,0
2,2,0
3,6,3
2,2,0
2,3,1
1,1,0
2,3,1
3,5,2
8,27,19
2,2,0
2,2,0
2,2,0
3,3,0
3,6,3
2,10,8
2,2,0
3,3,0
2,2,0
2,2,0
2,2,0
1,2,1
2,2,0
2,2,0
2,2,0
2,5,3
1,3,2
1,2,1
2,2,0
3,3,0
2,8,6
1,2,1
2,2,0
3,7,4
11,11,0
5,7,2
2,3,1
7,9,2
3,6,3
2,2,0
4,5,1
9,9,0
2,2,0
22,22,0
2,4,2
22,25,3
8,8,0
1,26,25
2,2,0
3,3,0
2,2,0
2,4,2
2,2,0
4,12,8
2,2,0
2,2,0
20,34,14
3,9,6
2,2,0
2,2,0
1,1,0
3,3,0
3,17,14
2,2,0
20,20,0
3,3,0
2,2,0
40,43,3
2,2,0
3,4,1
1,1,0
2,2,0
24,24,0
1,3,2
2,2,0
2,3,1
4,4,0
2,6,4
1,1,0
2,2,0
38,38,0
2,2,0
2,14,12
3,5,2
2,15,13
1,1,0
2,4,2
2,2,0
20,34,14
3,5,2
2,2,0
2,2,0
3,7,4
3,5,2
3,3,0
3,3,0
3,6,3
2,6,4
9,9,0
3,3,0
3,12,9
3,3,0
1,2,1
11,11,0
1,2,1
0,0,0
2,2,0
1,1,0
3,5,2
2,2,0
2,2,0
9,9,0
0,0,0
2,2,0
3,46,43
0,0,0
2,2,0
2,2,0
1,2,1
2,2,0
2,2,0
0,0,0
11,11,0
3,5,2
2,2,0
2,2,0
3,9,6
4,7,3
2,2,0
2,2,0
2,2,0
2,2,0
2,2,0
12,12,0
2,2,0
1,1,0
2,2,0
22,22,0
2,2,0
200,449,249
100,100,0
2,2,0
2,2,0
2,2,0
2,2,0
3,6,3
2,2,0
3,3,0
1,2,1
3,4,1
8,8,0
3,5,2
3,5,2
2,2,0
2,2,0
2,2,0
62,230,168
1,1,0
3,3,0
3,3,0
3,15,12
6,6,0
36,38,2
2,2,0
2,2,0
2,4,2
0,0,0
1,22,21
80,84,4
3,3,0
4,4,0
2,2,0
3,3,0
0,0,0
2,2,0
46,52,6
2,12,10
2,10,8
2,2,0
2,2,0
2,2,0
1,1,0
0,0,0
2,2,0
2,2,0
1,80,79
2,2,0
2,2,0
0,0,0
2,2,0
1,2,1
2,2,0
8,8,0
3,3,0
3,3,0
11,11,0
3,3,0
3,6,3
8,8,0
8,8,0
2,2,0
2,2,0
2,2,0
2,2,0
3,5,2
2,2,0
3,5,2
2,2,0
2,2,0
2,4,2
9,9,0
2,2,0
6,24,18
3,5,2
3,3,0
2,2,0
3,3,0
2,2,0
3,6,3
3,3,0
3,3,0
20,20,0
3,5,2
3,3,0
2,2,0
11,11,0
2,2,0
8,8,0
1,1,0
41,42,1
8,8,0
2,2,0
1,2,1
2,6,4
3,4,1
3,5,2
2,2,0
2,2,0
2,2,0
0,0,0
2,2,0
3,3,0
1,2,1
2,17,15
2,4,2
2,4,2
3,5,2
0,0,0
3,3,0
1,10,9
8,18,10
3,3,0
2,2,0
2,2,0
4,47,43
3,3,0
0,0,0
3,3,0
1,1,0
2,4,2
0,0,0
2,2,0
2,2,0
3,3,0
3,3,0
3,5,2
1,3,2
17,23,6
1,2,1
3,3,0
3,5,2
2,2,0
2,2,0
2,2,0
2,2,0
2,2,0
8,8,0
51,52,1
177,177,0
1,1,0
2,2,0
2,2,0
3,6,3
3,3,0
3,3,0
2,2,0
2,2,0
19,19,0
9,9,0
3,5,2
3,4,1
2,2,0
2,2,0
10,10,0
3,5,2
4,4,0
2,2,0
10,10,0
2,2,0
1,11,10
2,2,0
3,3,0
3,3,0
2,2,0
2,2,0
3,3,0
5,5,0
8,8,0
2,2,0
3,11,8
2,18,16
3,5,2
9,9,0
3,10,7
2,3,1
3,7,4
2,2,0
4,101,97
2,7,5
1,1,0
2,2,0
2,2,0
2,2,0
2,2,0
2,2,0
2,2,0
3,7,4
3,7,4
2,3,1
2,7,5
2,2,0
8,16,8
1,2,1
3,8,5
5,5,0
3,8,5
2,6,4
0,0,0
1,4,3
21,21,0
3,3,0
1,1,0
2,2,0
2,4,2
2,19,17
2,2,0
2,2,0
2,2,0
3,28,25
2,4,2
6,8,2
3,8,5
3,3,0
2,2,0
1,2,1
75,75,0
3,13,10
2,2,0
2,2,0
3,3,0
2,2,0
3,9,6
2,7,5
2,2,0
5,9,4
2,2,0
9,9,0
1,7,6
2,2,0
2,4,2
134,134,0
3,3,0
2,2,0
2,2,0
3,3,0
2,2,0
5,5,0
3,76,73
50,50,0
1,1,0
2,2,0
3,3,0
2,2,0
2,3,1
8,8,0
6,6,0
1,6,5
2,6,4
9,9,0
2,86,84
2,2,0
2,2,0
1,1,0
3,10,7
2,2,0
2,2,0
3,3,0
8,8,0
1,25,24
2,2,0
3,7,4
1,1,0
3,77,74
2,2,0
3,7,4
2,4,2
2,2,0
9,9,0
2,4,2
3,7,4
2,2,0
2,2,0
97,97,0
5,5,0
100,100,0
2,2,0
9,26,17
3,5,2
4,4,0
1,19,18
1,1,0
3,3,0
2,2,0
2,4,2
3,3,0
2,2,0
8,8,0
2,2,0
2,2,0
2,7,5
8,8,0
2,6,4
2,12,10
2,4,2
0,0,0
2,2,0
2,2,0
21,21,0
3,3,0
3,3,0
2,2,0
1,3,2
1,1,0
3,3,0
10,10,0
2,2,0
2,2,0
2,16,14
8,25,17
2,2,0
2,2,0
3,5,2
2,2,0
1,2,1
2,2,0
3,3,0
1,2,1
2,2,0
6,8,2
1,1,0
1,58,57
2,2,0
4,4,0
2,2,0
8,8,0
2,2,0
3,6,3
3,3,0
2,2,0
2,2,0
3,6,3
2,6,4
3,3,0
2,3,1
4,4,0
3,3,0
2,20,18
2,4,2
2,2,0
2,6,4
2,2,0
9,14,5
3,3,0
4,73,69
2,2,0
2,2,0
8,8,0
2,2,0
2,2,0
2,2,0
2,47,45
9,9,0
2,2,0
20,20,0
10,10,0
2,4,2
2,2,0
1,12,11
2,11,9
2,2,0
2,4,2
3,6,3
2,3,1
11,11,0
10,10,0
3,7,4
2,2,0
8,8,0
0,0,0
4,4,0
8,8,0
3,3,0
8,8,0
2,2,0
2,12,10
2,2,0
2,2,0
10,10,0
2,2,0
8,8,0
2,2,0
44,45,1
2,2,0
2,2,0
2,2,0
2,2,0
2,2,0
9,9,0
6,6,0
2,2,0
10,10,0
2,6,4
3,20,17
2,2,0
2,2,0
100,104,4
0,0,0
2,2,0
1,1,0
2,2,0
3,3,0
3,34,31
2,2,0
3,5,2
2,8,6
2,2,0
2,2,0
3,47,44
2,2,0
2,2,0
2,45,43
2,2,0
3,3,0
2,2,0
3,3,0
2,15,13
2,2,0
0,0,0
3,3,0
3,10,7
9,9,0
1,26,25
2,5,3
2,2,0
2,2,0
2,6,4
2,2,0
3,3,0
3,5,2
1,1,0
3,7,4
3,3,0
2,6,4
2,2,0
2,2,0
2,2,0
2,2,0
3,3,0
1,115,114
70,79,9
1,23,22
8,8,0
23,23,0
2,2,0
2,2,0
2,2,0
2,2,0
2,2,0
2,2,0
11,11,0
2,2,0
3,3,0
1,1,0
3,3,0
2,4,2
2,2,0
2,2,0
2,2,0
1,22,21
2,4,2
2,2,0
2,82,80
3,3,0
24,24,0
2,2,0
3,3,0
2,2,0
3,5,2
2,2,0
2,2,0
1,2,1
8,8,0
2,2,0
3,3,0
3,3,0
2,2,0
2,2,0
1,3,2
2,5,3
2,20,18
2,2,0
3,4,1
3,3,0
2,2,0
91,91,0
3,3,0
1,1,0
20,20,0
7,7,0
2,3,1
10,14,4
6,6,0
3,3,0
2,10,8
2,2,0
1,1,0
0,0,0
3,3,0
2,2,0
2,5,3
2,2,0
3,3,0
3,3,0
3,3,0
2,11,9
2,4,2
1,1,0
1,2,1
3,15,12
2,2,0
12,12,0
7,7,0
2,4,2
11,11,0
2,4,2
1,3,2
2,4,2
3,3,0
2,2,0
7,14,7
2,5,3
2,2,0
1,13,12
0,0,0
2,2,0
1,2,1
3,35,32
2,2,0
12,12,0
2,2,0
3,3,0
8,8,0
1,23,22
3,3,0
2,2,0
2,2,0
3,5,2
2,7,5
5,5,0
3,7,4
2,3,1
3,18,15
2,2,0
3,5,2
4,6,2
3,6,3
2,2,0
2,4,2
2,2,0
2,2,0
1,6,5
2,6,4
7,7,0
100,104,4
3,5,2
1,21,20
2,20,18
2,2,0
3,3,0
6,6,0
3,4,1
1,64,63
17,17,0
2,2,0
20,46,26
2,30,28
2,2,0
3,3,0
2,2,0
2,4,2
3,3,0
9,9,0
2,8,6
3,5,2
1,1,0
3,5,2
3,7,4
2,7,5
1,3,2
3,3,0
2,4,2
2,2,0
3,3,0
2,4,2
3,3,0
3,3,0
3,8,5
2,2,0
3,3,0
3,5,2
3,3,0
2,2,0
1,4,3
2,2,0
2,2,0
2,2,0
40,61,21
2,3,1
2,2,0
2,2,0
8,13,5
2,2,0
1,63,62
2,2,0
2,2,0
3,3,0
2,2,0
3,8,5
2,3,1
2,2,0
2,2,0
88,101,13
2,2,0
3,3,0
2,6,4
2,3,1
2,2,0
2,11,9
15,15,0
2,5,3
8,11,3
2,2,0
2,2,0
34,34,0
2,2,0
2,2,0
2,2,0
3,6,3
51,75,24
3,3,0
2,2,0
2,2,0
2,4,2
1,1,0
3,3,0
7,7,0
2,2,0
2,2,0
2,4,2
2,2,0
9,9,0
3,3,0
3,3,0
2,3,1
2,2,0
3,7,4
3,3,0
3,5,2
2,2,0
3,5,2
3,6,3
2,2,0
3,3,0
3,5,2
2,2,0
2,2,0
0,0,0
2,2,0
1,2,1
2,2,0
2,2,0
2,4,2
1,14,13
2,2,0
2,2,0
3,6,3
2,2,0
3,9,6
1,1,0
9,9,0
2,11,9
3,3,0
1,2,1
2,2,0
2,2,0
8,10,2
0,0,0
2,2,0
2,2,0
8,8,0
2,9,7
3,3,0
2,2,0
2,2,0
3,7,4
3,12,9
2,6,4
2,2,0
22,22,0
3,3,0
2,6,4
3,7,4
2,2,0
2,2,0
1,1,0
2,4,2
1,74,73
6,10,4
2,3,1
2,2,0
3,5,2
3,7,4
2,2,0
1,1,0
3,3,0
2,2,0
2,2,0
5,35,30
2,4,2
3,3,0
2,2,0
2,2,0
3,8,5
3,13,10
3,3,0
0,0,0
6,6,0
3,3,0
13,13,0
1,6,5
2,2,0
2,2,0
22,23,1
1,1,0
2,69,67
2,2,0
6,15,9
3,5,2
2,2,0
2,2,0
2,2,0
2,80,78
3,3,0
3,3,0
0,0,0
0,0,0
2,2,0
2,2,0
2,2,0
3,9,6
0,0,0
3,7,4
100,100,0
3,7,4
2,8,6
1,3,2
1,2,1
3,7,4
23,34,11
9,9,0
2,2,0
3,5,2
2,2,0
11,13,2
3,3,0
10,16,6
52,108,56
3,3,0
8,8,0
2,2,0
1,52,51
10,10,0
4,4,0
2,2,0
3,5,2
0,0,0
2,2,0
3,6,3
2,6,4
0,0,0
3,3,0
2,2,0
2,2,0
2,7,5
2,2,0
2,2,0
4,4,0
9,9,0
3,11,8
1,8,7
8,8,0
2,2,0
2,2,0
2,2,0
2,2,0
2,2,0
5,5,0
2,2,0
100,100,0
2,2,0
3,3,0
7,7,0
3,3,0
3,5,2
2,25,23
3,3,0
0,0,0
20,20,0
2,2,0
1,1,0
2,2,0
2,2,0
3,8,5
1,10,9
2,2,0
1,1,0
2,6,4
1,1,0
1,3,2
9,9,0
2,2,0
11,11,0
2,2,0
2,2,0
2,4,2
3,3,0
36,36,0
69,69,0
1,2,1
1,2,1
38,38,0
16,16,0
8,8,0
2,2,0
1,5,4
1,2,1
35,47,12
2,2,0
2,2,0
2,2,0
2,2,0
2,2,0
1,1,0
3,10,7
100,100,0
2,4,2
2,2,0
2,2,0
24,24,0
2,2,0
2,2,0
2,2,0
2,2,0
2,2,0
7,7,0
4,4,0
2,2,0
3,5,2
2,2,0
2,2,0
3,7,4
2,2,0
7,7,0
1,2,1
6,6,0
2,2,0
2,2,0
2,2,0
9,9,0
2,2,0
1,1,0
0,0,0
2,2,0
2,22,20
2,2,0
2,2,0
3,5,2
3,3,0
2,2,0
0,0,0
2,4,2
2,6,4
2,2,0
2,2,0
3,3,0
2,2,0
2,3,1
3,7,4
3,3,0
3,3,0
2,2,0
2,3,1
1,2,1
8,8,0
3,3,0
2,2,0
10,10,0
2,4,2
1,1,0
3,3,0
2,2,0
3,3,0
2,14,12
3,7,4
8,8,0
2,2,0
32,32,0
2,2,0
3,5,2
2,2,0
2,2,0
2,4,2
8,8,0
62,62,0
8,8,0
2,2,0
8,8,0
2,4,2
2,2,0
2,2,0
2,2,0
2,4,2
5,19,14
3,3,0
2,9,7
2,2,0
3,3,0
2,2,0
1,2,1
1,4,3
3,12,9
5,5,0
1,2,1
2,2,0
2,2,0
2,2,0
2,2,0
3,9,6
2,10,8
2,6,4
2,3,1
3,3,0
2,2,0
4,4,0
2,2,0
2,2,0
3,3,0
2,5,3
1,2,1
7,13,6
3,3,0
2,2,0
3,3,0
9,9,0
1,1,0
2,2,0
2,2,0
9,9,0
2,2,0
3,3,0
2,28,26
13,13,0
0,0,0
2,2,0
2,2,0
2,2,0
3,9,6
2,2,0
1,20,19
2,4,2
3,6,3
3,5,2
2,2,0
10,10,0
2,2,0
1,3,2
11,33,22
3,3,0
2,2,0
0,0,0
2,2,0
3,3,0
123,123,0
2,4,2
2,2,0
3,3,0
2,2,0
2,2,0
0,0,0
3,9,6
3,7,4
3,3,0
1,2,1
1,1,0
2,2,0
8,9,1
2,2,0
2,2,0
2,2,0
10,48,38
1,1,0
3,5,2
3,3,0
8,8,0
3,4,1
2,8,6
2,2,0
2,12,10
2,12,10
3,10,7
23,23,0
2,2,0
2,6,4
2,2,0
2,2,0
3,5,2
17,17,0
3,7,4
1,6,5
2,2,0
2,2,0
10,10,0
3,5,2
2,2,0
1,1,0
2,6,4
3,3,0
2,15,13
3,7,4
9,9,0
2,2,0
3,5,2
3,3,0
1,4,3
1,2,1
2,2,0
2,2,0
8,16,8
8,8,0
100,100,0
3,5,2
1,5,4
2,3,1
51,51,0
8,8,0
2,2,0
2,18,16
3,3,0
2,2,0
2,4,2
1,1,0
1,2,1
1,4,3
2,2,0
2,2,0
2,7,5
2,2,0
3,6,3
2,6,4
80,80,0
6,8,2
1,6,5
2,5,3
2,2,0
2,8,6
3,3,0
2,2,0
2,2,0
2,2,0
2,28,26
2,4,2
2,2,0
3,3,0
3,4,1
9,11,2
3,3,0
3,3,0
2,2,0
3,28,25
8,8,0
42,42,0
51,74,23
2,3,1
100,100,0
4,16,12
2,2,0
3,3,0
2,2,0
3,5,2
3,4,1
2,2,0
2,4,2
3,5,2
2,5,3
18,18,0
2,2,0
100,109,9
3,3,0
2,2,0
2,2,0
51,101,50
2,2,0
4,22,18
2,10,8
2,2,0
3,3,0
3,25,22
29,45,16
2,2,0
15,15,0
2,5,3
1,1,0
2,2,0
10,10,0
30,30,0
2,4,2
3,3,0
8,8,0
3,3,0
2,2,0
2,2,0
2,2,0
0,0,0
20,28,8
3,3,0
2,2,0
2,2,0
2,2,0
8,8,0
1,23,22
2,80,78
3,5,2
2,118,116
9,9,0
1,1,0
2,4,2
1,2,1
3,3,0
2,2,0
3,7,4
3,3,0
3,4,1
2,4,2
3,7,4
2,2,0
2,5,3
38,38,0
6,37,31
3,10,7
2,2,0
3,3,0
3,7,4
3,9,6
1,22,21
2,2,0
10,10,0
2,2,0
8,8,0
2,3,1
3,9,6
3,5,2
1,22,21
1,5,4
2,2,0
3,9,6
1,1,0
2,2,0
2,3,1
1,2,1
3,20,17
2,2,0
3,3,0
3,3,0
2,2,0
2,2,0
7,7,0
3,3,0
2,2,0
3,4,1
2,3,1
8,8,0
3,11,8
3,5,2
2,2,0
2,13,11
2,4,2
3,3,0
2,2,0
8,8,0
2,4,2
8,8,0
9,9,0
3,3,0
2,2,0
3,3,0
2,2,0
3,7,4
8,16,8
1,3,2
2,2,0
3,3,0
44,53,9
2,6,4
4,4,0
2,2,0
8,8,0
2,2,0
3,11,8
1,2,1
1,6,5
3,3,0
2,2,0
0,0,0
2,2,0
43,45,2
1,1,0
2,47,45
2,4,2
3,3,0
2,4,2
1,2,1
3,3,0
3,3,0
3,3,0
3,3,0
2,4,2
9,9,0
3,3,0
2,2,0
2,2,0
2,2,0
2,2,0
0,0,0
3,3,0
15,15,0
3,3,0
37,37,0
3,3,0
2,2,0
0,0,0
2,2,0
2,2,0
3,3,0
3,8,5
2,2,0
3,6,3
3,5,2
2,4,2
1,3,2
9,9,0
8,8,0
114,114,0
3,8,5
2,2,0
2,2,0
119,119,0
2,2,0
2,5,3
8,8,0
8,8,0
2,2,0
1,1,0
2,2,0
9,9,0
2,8,6
3,5,2
4,4,0
2,2,0
2,2,0
2,2,0
2,4,2
1,2,1
1,1,0
2,2,0
2,6,4
82,82,0
2,2,0
9,9,0
3,12,9
2,2,0
3,5,2
3,3,0
3,3,0
0,0,0
1,3,2
2,2,0
2,2,0
2,2,0
2,2,0
5,5,0
3,3,0
8,8,0
3,3,0
1,1,0
2,2,0
6,10,4
2,2,0
2,2,0
2,2,0
0,0,0
2,2,0
8,8,0
2,2,0
3,8,5
3,3,0
3,3,0
2,2,0
2,2,0
3,3,0
2,2,0
2,4,2
3,3,0
2,6,4
2,2,0
3,11,8
5,5,0
3,3,0
2,2,0
2,2,0
2,2,0
37,38,1
4,4,0
20,20,0
3,3,0
2,2,0
3,3,0
3,5,2
2,2,0
19,19,0
9,9,0
2,2,0
3,5,2
2,9,7
2,2,0
2,2,0
2,3,1
1,2,1
8,8,0
2,2,0
3,6,3
2,7,5
2,2,0
1,5,4
1,94,93
3,3,0
9,9,0
2,2,0
2,2,0
2,2,0
3,5,2
1,1,0
6,6,0
2,5,3
2,4,2
2,2,0
1,1,0
3,3,0
2,16,14
2,2,0
3,11,8
2,2,0
3,4,1
1,26,25
3,5,2
2,7,5
1,1,0
2,2,0
100,200,100
3,3,0
0,0,0
1,1,0
2,2,0
2,3,1
3,9,6
2,2,0
3,8,5
2,2,0
2,2,0
13,13,0
8,18,10
2,2,0
3,3,0
2,2,0
2,2,0
2,4,2
5,5,0
2,2,0
20,31,11
3,3,0
2,87,85
1,9,8
3,3,0
0,0,0
1,2,1
2,4,2
3,3,0
2,2,0
9,9,0
11,11,0
6,12,6
9,9,0
2,2,0
3,3,0
3,3,0
3,3,0
2,7,5
2,2,0
8,8,0
3,3,0
2,2,0
2,6,4
3,3,0
1,5,4
2,2,0
2,2,0
2,2,0
2,2,0
2,2,0
3,5,2
10,10,0
1,1,0
2,2,0
2,2,0
2,2,0
0,0,0
3,3,0
1,3,2
1,1,0
2,2,0
2,2,0
3,5,2
3,5,2
1,1,0
2,2,0
12,12,0
1,1,0
3,3,0
2,2,0
2,4,2
1,2,1
2,2,0
2,2,0
2,2,0
4,4,0
7,7,0
2,2,0
3,3,0
3,3,0
2,2,0
3,3,0
2,2,0
3,3,0
3,3,0
1,5,4
3,3,0
2,2,0
2,2,0
2,2,0
2,2,0
2,2,0
3,3,0
3,3,0
14,14,0
2,2,0
3,3,0
2,4,2
3,6,3
3,3,0
3,3,0
2,6,4
2,2,0
3,3,0
14,14,0
2,2,0
11,11,0
2,2,0
3,7,4
2,2,0
3,5,2
2,2,0
2,4,2
2,80,78
11,11,0
2,2,0
2,2,0
2,9,7
11,11,0
2,2,0
2,2,0
1,1,0
2,2,0
3,3,0
4,19,15
2,3,1
2,9,7
2,3,1
2,2,0
2,2,0
11,11,0
2,2,0
2,2,0
8,8,0
2,2,0
3,3,0
3,3,0
3,6,3
2,2,0
3,3,0
2,2,0
2,2,0
2,12,10
2,80,78
2,2,0
3,3,0
9,13,4
25,25,0
3,3,0
1,25,24
1,1,0
9,9,0
2,9,7
1,3,2
2,2,0
3,3,0
3,9,6
1,1,0
3,5,2
2,2,0
2,2,0
10,10,0
2,2,0
3,3,0
6,6,0
2,2,0
1,1,0
3,5,2
3,8,5
2,2,0
11,11,0
3,5,2
10,21,11
3,4,1
4,5,1
2,4,2
1,1,0
2,2,0
3,9,6
2,2,0
3,11,8
3,5,2
2,4,2
2,2,0
2,2,0
2,2,0
3,3,0
4,4,0
9,9,0
3,8,5
0,0,0
3,3,0
12,12,0
3,5,2
1,1,0
3,5,2
2,2,0
8,8,0
5,5,0
0,0,0
1,1,0
3,6,3
6,9,3
2,2,0
2,2,0
1,3,2
3,3,0
2,2,0
2,2,0
2,2,0
2,2,0
4,4,0
3,20,17
19,19,0
3,3,0
19,21,2
15,15,0
2,4,2
56,83,27
2,2,0
3,3,0
2,3,1
9,9,0
2,2,0
1,2,1
2,2,0
8,8,0
2,2,0
2,2,0
1,1,0
2,2,0
4,4,0
4,4,0
0,0,0
2,2,0
3,5,2
3,11,8
3,6,3
2,2,0
2,109,107
2,112,110
2,3,1
3,5,2
2,2,0
2,4,2
49,49,0
8,8,0
3,3,0
9,9,0
3,5,2
2,3,1
2,2,0
2,2,0
2,2,0
2,2,0
2,2,0
3,5,2
2,2,0
1,4,3
3,8,5
2,2,0
3,8,5
6,8,2
1,10,9
3,5,2
4,4,0
81,81,0
9,9,0
2,2,0
2,4,2
1,2,1
2,2,0
2,4,2
3,7,4
2,2,0
2,4,2
0,0,0
2,4,2
1,6,5
2,4,2
2,2,0
2,2,0
2,2,0
2,11,9
2,2,0
3,3,0
1,2,1
1,1,0
2,4,2
3,3,0
6,10,4
5,5,0
2,2,0
2,8,6
2,2,0
2,2,0
1,1,0
3,5,2
3,9,6
20,21,1
2,2,0
2,2,0
8,8,0
3,14,11
2,2,0
3,3,0
2,2,0
1,20,19
1,11,10
2,5,3
12,12,0
2,2,0
1,2,1
2,2,0
2,2,0
2,2,0
2,2,0
3,31,28
1,2,1
10,19,9
3,6,3
2,2,0
1,25,24
3,7,4
3,6,3
2,2,0
3,3,0
0,0,0
2,2,0
5,5,0
2,16,14
0,0,0
2,2,0
5,5,0
2,2,0
2,2,0
2,2,0
26,28,2
2,2,0
4,24,20
9,9,0
2,2,0
2,2,0
1,16,15
2,2,0
1,12,11
1,6,5
3,4,1
3,7,4
4,4,0
0,0,0
2,4,2
2,2,0
2,2,0
100,100,0
2,4,2
3,5,2
1,20,19
14,23,9
2,2,0
1,28,27
9,9,0
1,7,6
1,2,1
3,5,2
2,2,0
2,2,0
9,9,0
2,4,2
4,4,0
5,6,1
2,2,0
2,2,0
1,3,2
1,1,0
3,4,1
3,17,14
2,2,0
3,3,0
2,2,0
2,3,1
2,2,0
1,1,0
2,2,0
2,2,0
3,3,0
3,3,0
2,2,0
9,9,0
2,2,0
2,2,0
2,4,2
3,7,4
1,1,0
2,2,0
2,3,1
8,16,8
2,2,0
2,2,0
2,2,0
3,3,0
3,5,2
3,53,50
4,4,0
2,2,0
7,7,0
2,13,11
2,5,3
2,4,2
1,3,2
4,4,0
1,1,0
14,14,0
2,4,2
3,24,21
2,2,0
29,115,86
8,10,2
3,3,0
3,3,0
7,7,0
1,1,0
3,5,2
2,2,0
2,8,6
2,7,5
9,9,0
2,2,0
3,5,2
3,3,0
2,2,0
8,10,2
1,3,2
2,2,0
14,14,0
1,2,1
3,5,2
1,28,27
2,2,0
2,2,0
2,2,0
0,0,0
3,4,1
2,2,0
2,2,0
2,2,0
2,4,2
0,0,0
2,3,1
2,2,0
3,3,0
2,3,1
7,7,0
59,59,0
0,0,0
1,2,1
3,3,0
18,21,3
3,3,0
2,4,2
6,6,0
2,2,0
22,23,1
2,2,0
1,2,1
2,2,0
3,3,0
2,2,0
2,2,0
3,5,2
2,2,0
3,3,0
1,1,0
9,9,0
3,7,4
2,2,0
88,167,79
19,23,4
3,3,0
2,2,0
2,2,0
3,3,0
2,6,4
5,5,0
3,3,0
2,3,1
5,5,0
3,7,4
2,2,0
2,3,1
2,2,0
3,5,2
2,15,13
1,1,0
2,2,0
3,7,4
3,3,0
2,5,3
3,5,2
1,1,0
3,3,0
2,2,0
2,3,1
55,55,0
2,2,0
0,0,0
12,15,3
2,14,12
2,2,0
2,2,0
2,2,0
2,2,0
2,2,0
2,2,0
3,3,0
1,20,19
2,4,2
2,12,10
1,4,3
3,3,0
2,2,0
3,4,1
3,3,0
2,2,0
2,2,0
2,2,0
7,9,2
2,2,0
10,10,0
3,9,6
2,2,0
3,35,32
3,7,4
3,20,17
23,23,0
3,3,0
2,2,0
2,2,0
2,4,2
8,8,0
3,3,0
0,0,0
3,3,0
0,0,0
6,6,0
1,6,5
3,3,0
2,2,0
9,9,0
3,3,0
2,4,2
2,3,1
2,2,0
6,9,3
2,2,0
2,2,0
3,3,0
3,3,0
2,2,0
1,13,12
8,8,0
3,3,0
60,121,61
58,67,9
2,2,0
2,13,11
3,3,0
1,1,0
3,3,0
2,2,0
3,8,5
1,31,30
3,7,4
3,3,0
3,8,5
8,8,0
2,2,0
3,3,0
2,2,0
1,1,0
2,7,5
3,7,4
2,4,2
12,12,0
3,5,2
2,2,0
4,4,0
2,2,0
2,2,0
0,0,0
2,9,7
3,9,6
2,2,0
2,2,0
2,5,3
2,3,1
1,4,3
12,12,0
81,81,0
3,8,5
3,3,0
2,12,10
8,8,0
81,95,14
2,2,0
3,5,2
6,6,0
3,3,0
2,2,0
1,2,1
2,2,0
3,3,0
2,9,7
3,8,5
1,1,0
2,5,3
3,3,0
2,4,2
2,2,0
2,2,0
4,13,9
2,80,78
3,3,0
3,22,19
3,3,0
2,2,0
39,39,0
11,11,0
2,2,0
9,10,1
2,8,6
97,98,1
3,9,6
1,3,2
2,2,0
2,2,0
3,5,2
2,2,0
4,4,0
3,5,2
1,96,95
1,2,1
2,2,0
9,9,0
2,4,2
6,6,0
120,242,122
2,80,78
2,82,80
1,2,1
2,2,0
1,1,0
8,8,0
20,20,0
3,15,12
3,3,0
2,4,2
2,2,0
2,4,2
2,2,0
100,100,0
1,2,1
3,4,1
1,1,0
2,2,0
3,5,2
8,16,8
3,3,0
2,2,0
2,2,0
1,4,3
8,8,0
2,2,0
2,2,0
11,11,0
3,6,3
1,2,1
1,1,0
2,4,2
2,84,82
1,1,0
2,2,0
1,1,0
3,4,1
1,4,3
2,5,3
3,3,0
1,161,160
4,4,0
3,3,0
2,2,0
2,2,0
4,4,0
2,2,0
2,3,1
1,1,0
2,4,2
2,2,0
15,24,9
2,4,2
2,2,0
2,2,0
1,2,1
98,98,0
2,2,0
2,2,0
6,6,0
0,0,0
2,2,0
3,7,4
2,2,0
2,2,0
1,2,1
6,6,0
2,82,80
2,7,5
3,3,0
2,2,0
8,8,0
66,70,4
3,11,8
3,3,0
1,1,0
2,2,0
26,26,0
90,90,0
2,2,0
0,0,0
3,3,0
3,3,0
2,3,1
1,6,5
2,2,0
15,15,0
2,2,0
2,2,0
2,7,5
2,2,0
11,25,14
9,9,0
1,1,0
2,2,0
6,6,0
1,3,2
3,7,4
2,2,0
2,2,0
2,2,0
2,2,0
2,2,0
2,2,0
8,8,0
8,8,0
7,7,0
1,7,6
2,82,80
2,2,0
8,16,8
1,2,1
2,4,2
2,3,1
3,3,0
2,2,0
3,5,2
2,2,0
3,7,4
2,2,0
2,17,15
2,2,0
2,2,0
1,2,1
3,6,3
9,9,0
3,3,0
3,3,0
2,2,0
2,2,0
44,44,0
56,126,70
2,2,0
2,22,20
3,3,0
2,2,0
3,3,0
1,1,0
2,2,0
3,3,0
1,1,0
8,8,0
7,7,0
2,2,0
1,2,1
3,3,0
3,5,2
3,9,6
2,2,0
3,3,0
2,2,0
51,51,0
2,2,0
3,3,0
2,82,80
3,3,0
2,2,0
1,3,2
0,0,0
2,2,0
8,8,0
1,2,1
3,8,5
2,2,0
4,4,0
11,11,0
2,3,1
2,2,0
2,2,0
2,4,2
1,2,1
2,80,78
6,36,30
3,3,0
2,2,0
2,2,0
2,2,0
3,4,1
1,2,1
8,8,0
2,2,0
2,4,2
2,2,0
8,8,0
8,8,0
6,6,0
2,2,0
1,4,3
3,3,0
2,2,0
2,2,0
2,2,0
18,26,8
2,12,10
2,2,0
2,2,0
3,3,0
3,5,2
2,2,0
2,2,0
2,3,1
1,1,0
2,2,0
2,2,0
2,2,0
2,2,0
2,2,0
3,3,0
1,1,0
20,20,0
2,2,0
3,3,0
18,18,0
2,5,3
2,2,0
3,3,0
1,2,1
2,2,0
3,11,8
2,2,0
1,4,3
1,1,0
2,2,0
1,7,6
2,2,0
2,2,0
9,9,0
1,25,24
2,2,0
3,3,0
16,32,16
0,0,0
2,2,0
2,2,0
2,2,0
9,9,0
3,6,3
51,51,0
1,3,2
3,3,0
1,2,1
1,4,3
2,2,0
22,22,0
8,8,0
3,3,0
2,3,1
3,5,2
3,5,2
3,4,1
2,2,0
6,35,29
2,2,0
1,1,0
2,2,0
2,2,0
2,8,6
2,6,4
1,1,0
3,3,0
2,2,0
4,6,2
4,4,0
2,2,0
3,3,0
2,2,0
3,8,5
9,9,0
3,3,0
2,2,0
17,20,3
8,8,0
22,22,0
0,0,0
2,2,0
2,2,0
2,2,0
2,2,0
2,13,11
2,2,0
3,7,4
3,6,3
3,3,0
3,7,4
2,2,0
2,2,0
8,8,0
3,3,0
2,2,0
2,2,0
0,0,0
3,11,8
4,4,0
4,5,1
2,2,0
2,6,4
2,3,1
1,2,1
1,20,19
2,4,2
3,3,0
2,2,0
3,3,0
2,5,3
2,2,0
3,5,2
3,3,0
2,4,2
8,8,0
2,4,2
3,5,2
2,2,0
2,2,0
2,2,0
1,2,1
2,2,0
1,2,1
2,2,0
2,2,0
3,5,2
10,10,0
7,7,0
100,104,4
2,2,0
2,4,2
2,4,2
3,3,0
2,2,0
2,82,80
2,2,0
3,5,2
2,6,4
2,2,0
2,2,0
3,3,0
2,2,0
100,100,0
1,2,1
2,3,1
3,8,5
2,2,0
2,2,0
3,13,10
1,1,0
2,2,0
2,2,0
9,9,0
2,4,2
3,3,0
2,2,0
2,2,0
2,2,0
2,2,0
0,0,0
2,16,14
2,26,24
1,1,0
1,3,2
2,2,0
51,51,0
5,5,0
3,3,0
2,5,3
2,2,0
2,2,0
3,9,6
2,6,4
3,3,0
2,2,0
2,16,14
2,2,0
2,2,0
33,78,45
2,2,0
2,2,0
2,7,5
82,82,0
2,4,2
8,8,0
0,0,0
9,9,0
36,36,0
3,6,3
2,2,0
2,2,0
2,2,0
2,8,6
2,2,0
2,15,13
3,4,1
2,2,0
2,2,0
2,4,2
2,2,0
32,35,3
21,21,0
2,2,0
3,3,0
2,2,0
2,2,0
2,2,0
0,0,0
1,7,6
3,7,4
0,0,0
1,5,4
3,3,0
1,25,24
2,5,3
1,24,23
0,0,0
8,8,0
1,2,1
2,2,0
3,3,0
3,7,4
0,0,0
3,3,0
5,5,0
2,2,0
2,4,2
0,0,0
2,6,4
2,9,7
2,4,2
0,0,0
11,11,0
3,3,0
2,14,12
33,33,0
1,2,1
3,3,0
10,10,0
0,0,0
2,6,4
2,2,0
1,1,0
3,5,2
1,1,0
3,3,0
2,2,0
1,2,1
2,31,29
2,2,0
4,4,0
2,2,0
2,4,2
3,5,2
2,2,0
1,1,0
6,9,3
100,100,0
2,6,4
31,91,60
1,1,0
3,3,0
2,2,0
3,5,2
5,5,0
2,4,2
2,2,0
2,11,9
3,14,11
3,6,3
2,4,2
2,2,0
1,1,0
2,2,0
3,9,6
2,2,0
8,8,0
2,2,0
3,3,0
116,116,0
3,3,0
1,2,1
2,2,0
2,2,0
2,2,0
20,20,0
2,2,0
3,3,0
2,3,1
3,4,1
41,41,0
2,3,1
2,2,0
10,10,0
2,2,0
1,2,1
1,4,3
18,18,0
3,5,2
2,4,2
2,2,0
64,115,51
2,2,0
3,6,3
65,65,0
3,3,0
2,2,0
5,5,0
3,3,0
3,6,3
2,2,0
12,12,0
2,2,0
2,6,4
2,2,0
2,2,0
8,8,0
1,1,0
2,2,0
2,4,2
2,2,0
2,2,0
6,6,0
3,7,4
2,2,0
148,151,3
0,0,0
2,4,2
1,1,0
3,3,0
2,3,1
3,6,3
9,9,0
2,17,15
2,3,1
2,4,2
2,4,2
2,3,1
20,20,0
3,3,0
1,2,1
2,2,0
6,6,0
3,3,0
3,3,0
2,4,2
1,1,0
2,2,0
3,3,0
2,2,0
2,2,0
2,4,2
2,2,0
1,3,2
2,2,0
2,2,0
3,3,0
2,2,0
3,7,4
3,7,4
2,2,0
9,9,0
88,88,0
2,2,0
3,3,0
2,4,2
3,3,0
3,3,0
4,4,0
2,2,0
3,5,2
2,2,0
3,4,1
2,2,0
2,2,0
2,3,1
3,7,4
2,2,0
2,2,0
2,2,0
2,2,0
2,3,1
2,4,2
3,7,4
3,3,0
442,442,0
2,2,0
2,5,3
3,3,0
2,2,0
1,2,1
2,2,0
2,7,5
2,2,0
3,3,0
3,3,0
1,1,0
3,3,0
2,4,2
1,2,1
2,2,0
2,11,9
3,3,0
5,25,20
2,2,0
2,2,0
8,8,0
1,1,0
2,2,0
1,6,5
3,11,8
3,3,0
2,2,0
2,2,0
1,1,0
2,2,0
3,7,4
2,4,2
2,2,0
3,5,2
2,4,2
2,6,4
2,2,0
2,2,0
2,2,0
2,2,0
2,4,2
2,2,0
2,2,0
3,3,0
2,2,0
2,2,0
1,1,0
1,62,61
16,17,1
2,2,0
2,2,0
40,44,4
2,2,0
3,3,0
9,9,0
3,3,0
3,3,0
2,2,0
2,2,0
2,20,18
0,0,0
2,13,11
1,23,22
1,4,3
3,14,11
3,3,0
2,4,2
2,30,28
3,5,2
3,5,2
2,2,0
2,48,46
2,2,0
2,2,0
2,2,0
3,3,0
3,3,0
1,3,2
2,46,44
2,2,0
9,9,0
3,3,0
2,2,0
9,17,8
3,3,0
2,2,0
2,2,0
2,2,0
2,4,2
6,19,13
2,4,2
2,2,0
2,2,0
3,5,2
3,5,2
2,4,2
7,9,2
2,2,0
14,14,0
3,7,4
1,1,0
2,2,0
3,3,0
2,2,0
2,2,0
1,2,1
2,2,0
3,3,0
6,8,2
6,8,2
2,2,0
3,8,5
4,4,0
2,2,0
2,3,1
2,11,9
2,2,0
2,6,4
3,5,2
3,3,0
90,90,0
0,0,0
1,1,0
4,4,0
2,2,0
2,2,0
2,47,45
9,9,0
3,7,4
2,2,0
5,5,0
1,1,0
8,8,0
2,4,2
3,3,0
2,2,0
1,1,0
2,2,0
3,3,0
2,4,2
8,8,0
59,59,0
3,3,0
3,4,1
2,2,0
2,4,2
3,5,2
9,9,0
3,3,0
9,9,0
6,6,0
3,3,0
3,3,0
6,6,0
1,1,0
2,2,0
2,2,0
3,3,0
2,5,3
2,2,0
132,132,0
2,4,2
2,2,0
3,11,8
3,3,0
2,4,2
1,33,32
2,4,2
2,2,0
2,2,0
28,28,0
2,2,0
2,2,0
2,2,0
0,0,0
0,0,0
3,3,0
0,0,0
10,10,0
2,28,26
3,5,2
2,2,0
1,6,5
2,2,0
2,4,2
1,2,1
3,3,0
2,2,0
6,6,0
2,2,0
3,5,2
2,2,0
2,2,0
2,3,1
3,5,2
3,5,2
3,3,0
2,3,1
3,5,2
3,8,5
1,1,0
2,14,12
2,2,0
2,2,0
3,3,0
1,2,1
3,3,0
13,13,0
2,2,0
2,2,0
2,15,13
3,3,0
9,10,1
12,12,0
2,2,0
2,2,0
2,2,0
2,2,0
1,21,20
2,2,0
2,4,2
1,5,4
94,101,7
2,2,0
6,8,2
3,3,0
2,4,2
2,2,0
2,4,2
3,5,2
2,5,3
2,3,1
2,2,0
3,5,2
2,5,3
3,3,0
2,2,0
2,2,0
3,3,0
1,2,1
2,2,0
3,3,0
8,8,0
1,2,1
8,8,0
2,8,6
1,4,3
136,136,0
15,16,1
3,5,2
2,2,0
2,2,0
8,8,0
3,4,1
3,5,2
8,8,0
3,3,0
2,2,0
3,70,67
3,3,0
2,7,5
2,2,0
1,1,0
10,10,0
2,2,0
2,2,0
2,2,0
2,2,0
16,16,0
1,2,1
2,2,0
2,5,3
1,1,0
2,2,0
3,7,4
2,4,2
3,7,4
2,2,0
3,5,2
3,3,0
1,22,21
2,2,0
1,3,2
3,3,0
2,2,0
3,5,2
2,2,0
3,5,2
5,7,2
2,2,0
1,2,1
5,5,0
2,2,0
2,2,0
6,9,3
0,0,0
2,2,0
2,2,0
2,2,0
2,2,0
2,2,0
2,2,0
3,3,0
2,46,44
3,3,0
3,8,5
2,2,0
2,2,0
3,3,0
2,2,0
2,4,2
20,20,0
3,3,0
6,9,3
2,80,78
2,2,0
3,3,0
2,9,7
2,4,2
3,6,3
9,17,8
3,3,0
3,7,4
1,1,0
1,1,0
4,4,0
0,0,0
2,5,3
0,0,0
2,8,6
1,1,0
2,2,0
2,2,0
2,2,0
3,3,0
4,4,0
8,8,0
2,2,0
2,2,0
10,10,0
76,76,0
2,2,0
2,2,0
1,4,3
2,2,0
2,2,0
1,1,0
2,2,0
2,2,0
2,2,0
10,10,0
0,0,0
100,200,100
5,5,0
3,4,1
3,3,0
8,10,2
2,80,78
8,8,0
1,1,0
2,4,2
5,7,2
3,5,2
0,0,0
3,3,0
6,8,2
1,3,2
2,80,78
2,2,0
3,5,2
2,2,0
8,8,0
2,2,0
3,5,2
5,7,2
1,1,0
2,2,0
2,80,78
2,4,2
14,14,0
8,8,0
2,4,2
2,5,3
2,44,42
43,43,0
2,2,0
5,5,0
2,4,2
6,6,0
0,0,0
3,3,0
5,5,0
2,2,0
2,3,1
2,2,0
2,2,0
2,2,0
2,6,4
2,7,5
0,0,0
2,2,0
28,28,0
2,2,0
0,0,0
3,3,0
2,4,2
2,6,4
2,5,3
2,2,0
4,5,1
3,14,11
2,2,0
3,3,0
1,1,0
1,1,0
3,3,0
2,2,0
3,3,0
2,80,78
2,2,0
2,2,0
3,3,0
3,5,2
9,9,0
93,93,0
2,4,2
1,4,3
3,3,0
1,23,22
2,2,0
2,4,2
1,1,0
2,4,2
3,5,2
2,6,4
3,3,0
3,4,1
9,12,3
2,3,1
1,1,0
2,2,0
2,4,2
2,2,0
2,2,0
2,2,0
2,2,0
4,4,0
2,2,0
2,2,0
3,3,0
2,7,5
2,2,0
2,4,2
2,16,14
3,3,0
2,4,2
1,4,3
1,75,74
2,6,4
2,2,0
2,2,0
2,3,1
13,13,0
1,2,1
0,0,0
2,2,0
3,3,0
3,6,3
100,100,0
2,2,0
2,21,19
2,2,0
2,2,0
1,2,1
54,56,2
2,2,0
3,8,5
2,2,0
2,2,0
18,103,85
1,2,1
1,2,1
1,20,19
2,80,78
6,6,0
120,242,122
1,3,2
4,4,0
2,2,0
2,2,0
1,1,0
2,6,4
124,124,0
2,2,0
29,29,0
2,2,0
2,10,8
2,2,0
2,2,0
3,9,6
9,9,0
3,5,2
3,7,4
3,7,4
2,2,0
2,2,0
3,11,8
0,0,0
3,5,2
10,10,0
3,5,2
3,18,15
2,3,1
3,3,0
2,2,0
2,2,0
3,5,2
2,2,0
2,2,0
3,5,2
1,4,3
9,9,0
3,10,7
1,2,1
0,0,0
1,4,3
2,2,0
9,9,0
2,4,2
2,2,0
2,3,1
9,9,0
2,2,0
2,2,0
20,24,4
2,2,0
2,2,0
1,1,0
3,5,2
7,7,0
3,7,4
3,5,2
1,10,9
3,9,6
1,4,3
1,3,2
2,2,0
3,5,2
2,2,0
2,2,0
6,6,0
1,7,6
3,15,12
2,2,0
2,2,0
2,2,0
2,4,2
2,2,0
2,2,0
2,8,6
1,7,6
1,10,9
3,3,0
1,2,1
2,2,0
4,4,0
11,40,29
2,45,43
2,2,0
2,2,0
3,3,0
2,2,0
2,8,6
2,2,0
2,2,0
2,4,2
8,8,0
3,3,0
8,8,0
3,5,2
3,6,3
2,4,2
1,1,0
11,11,0
3,6,3
1,2,1
2,2,0
2,2,0
2,2,0
3,3,0
2,2,0
3,8,5
3,3,0
1,9,8
2,8,6
161,161,0
2,6,4
10,10,0
3,3,0
2,6,4
2,5,3
3,3,0
2,7,5
1,3,2
2,2,0
1,1,0
8,8,0
2,2,0
3,3,0
3,3,0
4,12,8
1,1,0
3,3,0
5,5,0
3,3,0
3,3,0
2,2,0
2,5,3
2,2,0
1,2,1
3,5,2
2,2,0
9,9,0
8,14,6
3,3,0
1,2,1
2,2,0
8,8,0
3,11,8
10,10,0
3,3,0
2,2,0
0,0,0
3,3,0
2,4,2
3,12,9
2,2,0
2,2,0
3,5,2
4,5,1
6,6,0
2,2,0
3,3,0
2,6,4
2,2,0
2,2,0
3,3,0
3,3,0
2,2,0
2,3,1
2,4,2
5,6,1
0,0,0
2,2,0
2,2,0
3,3,0
2,47,45
2,4,2
2,2,0
2,7,5
8,8,0
11,11,0
3,7,4
2,2,0
8,8,0
3,7,4
3,3,0
8,8,0
9,20,11
2,2,0
2,2,0
3,3,0
2,2,0
2,13,11
3,5,2
3,3,0
2,2,0
3,3,0
8,8,0
4,4,0
2,9,7
2,2,0
2,2,0
2,2,0
3,3,0
12,12,0
2,2,0
14,14,0
2,4,2
2,2,0
3,3,0
2,5,3
15,15,0
2,2,0
66,66,0
9,9,0
2,15,13
3,9,6
11,11,0
3,5,2
4,6,2
10,10,0
3,11,8
2,27,25
6,6,0
3,3,0
1,2,1
3,5,2
1,1,0
2,2,0
3,3,0
8,8,0
2,4,2
1,1,0
0,0,0
20,20,0
1,6,5
2,4,2
2,2,0
2,2,0
6,6,0
8,8,0
8,8,0
3,10,7
1,1,0
2,2,0
9,9,0
3,4,1
2,2,0
1,1,0
3,4,1
2,29,27
2,2,0
2,2,0
2,2,0
8,8,0
2,2,0
2,4,2
2,2,0
10,20,10
1,1,0
2,2,0
3,7,4
5,5,0
2,21,19
22,22,0
2,2,0
1,8,7
3,3,0
2,47,45
3,4,1
1,1,0
2,2,0
2,4,2
1,4,3
10,10,0
2,2,0
3,11,8
2,2,0
3,4,1
8,8,0
3,3,0
1,2,1
2,2,0
0,0,0
11,11,0
2,2,0
3,3,0
2,4,2
2,23,21
3,7,4
3,5,2
0,0,0
3,3,0
3,3,0
8,8,0
1,3,2
2,2,0
5,5,0
9,9,0
3,8,5
2,2,0
1,2,1
26,34,8
2,2,0
3,11,8
3,3,0
2,2,0
3,4,1
9,9,0
3,7,4
2,2,0
2,4,2
2,8,6
8,8,0
1,7,6
3,3,0
2,2,0
2,2,0
2,2,0
0,0,0
9,9,0
2,11,9
2,2,0
2,2,0
2,2,0
2,2,0
2,2,0
2,2,0
3,8,5
22,22,0
1,10,9
1,2,1
3,3,0
2,7,5
2,2,0
3,7,4
2,85,83
2,2,0
3,5,2
2,5,3
2,3,1
1,2,1
7,7,0
2,2,0
2,2,0
2,2,0
22,22,0
8,8,0
3,3,0
1,2,1
2,3,1
100,100,0
2,2,0
3,23,20
2,2,0
1,3,2
2,4,2
3,4,1
2,2,0
0,0,0
2,2,0
3,5,2
1,1,0
2,2,0
3,9,6
4,8,4
2,2,0
2,2,0
3,3,0
2,2,0
2,2,0
2,4,2
2,2,0
2,2,0
2,4,2
2,2,0
2,2,0
3,7,4
3,5,2
3,3,0
1,20,19
2,2,0
3,5,2
2,2,0
3,12,9
2,4,2
2,2,0
3,9,6
1,3,2
2,19,17
2,5,3
1,3,2
2,2,0
13,14,1
22,24,2
2,2,0
2,2,0
1,1,0
2,4,2
2,2,0
9,9,0
1,3,2
9,9,0
3,7,4
2,2,0
1,3,2
2,2,0
18,24,6
2,3,1
3,3,0
3,3,0
1,2,1
2,2,0
2,2,0
3,3,0
12,12,0
2,2,0
2,2,0
2,4,2
4,9,5
2,3,1
2,2,0
3,9,6
0,0,0
3,3,0
2,6,4
9,9,0
3,5,2
2,2,0
41,44,3
1,1,0
2,2,0
100,100,0
2,2,0
37,37,0
2,2,0
2,2,0
2,2,0
3,3,0
3,3,0
2,3,1
3,5,2
2,6,4
0,0,0
2,2,0
3,8,5
10,18,8
2,2,0
2,2,0
1,24,23
2,2,0
2,2,0
2,2,0
3,6,3
2,2,0
2,2,0
2,2,0
3,5,2
1,7,6
0,0,0
2,2,0
2,11,9
1,9,8
3,6,3
9,9,0
2,2,0
0,0,0
3,3,0
2,2,0
2,2,0
3,23,20
104,104,0
3,5,2
9,9,0
2,2,0
0,0,0
2,2,0
10,10,0
2,3,1
2,2,0
2,2,0
3,3,0
1,20,19
2,2,0
2,2,0
2,2,0
2,2,0
2,2,0
3,3,0
3,12,9
2,2,0
2,4,2
3,3,0
3,3,0
2,2,0
2,2,0
2,2,0
11,11,0
2,2,0
2,2,0
6,6,0
0,0,0
0,0,0
3,3,0
2,2,0
2,26,24
0,0,0
1,2,1
2,2,0
2,6,4
2,2,0
2,3,1
11,11,0
2,2,0
8,8,0
2,2,0
2,2,0
2,2,0
2,4,2
10,10,0
1,27,26
2,9,7
2,4,2
2,3,1
2,2,0
1,77,76
3,5,2
4,6,2
3,3,0
2,2,0
3,5,2
3,7,4
3,3,0
2,5,3
2,2,0
3,3,0
1,2,1
7,10,3
2,2,0
9,9,0
2,2,0
2,2,0
2,16,14
3,3,0
2,2,0
2,2,0
2,2,0
2,2,0
2,2,0
2,2,0
0,0,0
2,2,0
2,2,0
22,22,0
3,7,4
2,2,0
2,2,0
2,2,0
3,4,1
20,21,1
2,2,0
3,3,0
9,9,0
3,7,4
2,2,0
2,2,0
2,2,0
2,4,2
2,5,3
3,5,2
3,5,2
0,0,0
2,2,0
100,100,0
2,2,0
2,27,25
1,1,0
2,2,0
3,3,0
2,2,0
0,0,0
3,5,2
2,2,0
3,7,4
2,20,18
8,8,0
8,8,0
2,2,0
3,3,0
3,3,0
2,2,0
0,0,0
2,2,0
2,2,0
3,3,0
2,2,0
2,14,12
9,9,0
3,5,2
8,8,0
2,2,0
1,1,0
2,2,0
2,2,0
2,2,0
2,8,6
2,2,0
3,7,4
2,2,0
2,2,0
3,7,4
2,2,0
11,11,0
2,2,0
2,4,2
0,0,0
2,2,0
2,2,0
2,3,1
10,10,0
2,2,0
9,27,18
3,3,0
4,5,1
0,0,0
1,1,0
3,3,0
2,4,2
3,3,0
2,4,2
3,5,2
2,2,0
2,2,0
3,5,2
3,5,2
2,2,0
1,46,45
1,1,0
9,9,0
2,2,0
1,1,0
6,55,49
3,3,0
3,5,2
1,2,1
2,2,0
3,8,5
3,3,0
100,197,97
2,2,0
3,7,4
2,2,0
2,2,0
9,9,0
2,2,0
3,3,0
2,16,14
3,5,2
6,6,0
2,2,0
2,2,0
2,2,0
2,12,10
2,6,4
2,2,0
2,2,0
2,3,1
46,46,0
2,2,0
2,3,1
100,104,4
2,2,0
0,0,0
1,1,0
1,23,22
3,3,0
2,2,0
8,8,0
3,9,6
3,3,0
2,2,0
2,4,2
3,7,4
1,1,0
1,4,3
4,4,0
3,3,0
2,2,0
1,7,6
2,2,0
8,52,44
0,0,0
2,82,80
2,4,2
2,2,0
17,17,0
3,3,0
2,2,0
1,20,19
8,8,0
2,2,0
2,2,0
2,4,2
3,3,0
2,2,0
2,2,0
2,2,0
2,2,0
3,3,0
2,4,2
5,6,1
2,3,1
28,28,0
2,2,0
3,3,0
2,2,0
2,2,0
2,2,0
2,2,0
2,2,0
2,2,0
2,2,0
2,2,0
3,3,0
1,2,1
2,2,0
8,8,0
2,2,0
20,20,0
2,2,0
1,1,0
2,2,0
0,0,0
3,8,5
2,7,5
2,4,2
3,5,2
4,5,1
0,0,0
2,2,0
3,6,3
2,50,48
1,2,1
0,0,0
2,2,0
2,2,0
98,102,4
3,3,0
16,16,0
26,28,2
2,3,1
8,8,0
1,51,50
2,2,0
23,26,3
2,2,0
3,3,0
2,2,0
3,3,0
1,2,1
2,6,4
1,1,0
2,6,4
2,2,0
2,2,0
0,0,0
3,6,3
2,4,2
2,2,0
2,2,0
2,2,0
8,8,0
3,3,0
0,0,0
2,2,0
33,33,0
4,8,4
4,4,0
4,19,15
2,2,0
1,1,0
2,2,0
2,2,0
2,4,2
0,0,0
2,6,4
2,2,0
2,2,0
3,4,1
2,6,4
6,6,0
96,96,0
1,4,3
2,4,2
2,2,0
2,4,2
2,2,0
2,2,0
2,2,0
2,2,0
1,2,1
3,3,0
2,2,0
2,4,2
8,8,0
2,2,0
2,2,0
2,2,0
3,3,0
2,2,0
3,9,6
2,2,0
2,4,2
1,1,0
3,4,1
2,2,0
4,18,14
3,5,2
2,3,1
2,2,0
2,6,4
13,13,0
1,7,6
1,1,0
0,0,0
0,0,0
2,2,0
3,3,0
2,2,0
2,2,0
8,8,0
2,4,2
1,8,7
2,2,0
2,2,0
3,3,0
0,0,0
0,0,0
1,2,1
3,16,13
2,2,0
3,6,3
3,5,2
2,2,0
4,4,0
3,23,20
1,27,26
1,1,0
2,2,0
3,5,2
1,1,0
3,3,0
0,0,0
2,2,0
2,2,0
2,5,3
2,2,0
1,2,1
2,2,0
3,3,0
10,10,0
3,10,7
1,2,1
2,2,0
3,5,2
3,5,2
29,29,0
3,3,0
3,7,4
0,0,0
2,2,0
2,6,4
2,2,0
2,4,2
4,4,0
60,121,61
2,2,0
2,2,0
3,7,4
0,0,0
6,6,0
2,6,4
0,0,0
1,1,0
3,7,4
2,6,4
3,9,6
3,3,0
9,9,0
0,0,0
3,9,6
2,2,0
3,3,0
72,72,0
1,1,0
5,5,0
3,5,2
2,4,2
1,2,1
3,6,3
2,2,0
4,4,0
2,2,0
2,2,0
81,205,124
3,3,0
2,28,26
5,6,1
1,24,23
2,2,0
2,2,0
2,2,0
3,3,0
6,7,1
1,1,0
2,2,0
2,2,0
2,6,4
2,2,0
2,2,0
1,1,0
3,8,5
1,2,1
2,2,0
11,11,0
2,2,0
3,7,4
2,2,0
2,4,2
2,2,0
3,3,0
0,0,0
2,2,0
1,20,19
2,2,0
0,0,0
2,4,2
7,33,26
2,2,0
3,3,0
3,5,2
1,2,1
2,6,4
8,8,0
2,20,18
4,4,0
5,5,0
6,6,0
8,8,0
2,4,2
2,2,0
0,0,0
2,2,0
315,513,198
2,2,0
8,16,8
2,2,0
2,2,0
1,1,0
18,18,0
8,8,0
1,2,1
2,2,0
2,3,1
2,2,0
8,8,0
2,2,0
3,5,2
1,1,0
3,3,0
91,93,2
9,9,0
2,23,21
2,4,2
2,2,0
2,2,0
1,1,0
4,7,3
0,0,0
3,25,22
3,5,2
1,1,0
3,7,4
1,1,0
2,5,3
6,6,0
2,2,0
2,2,0
1,2,1
9,9,0
1,1,0
2,2,0
2,2,0
3,29,26
3,9,6
8,8,0
2,2,0
2,45,43
2,3,1
2,2,0
2,3,1
6,6,0
3,5,2
2,2,0
2,2,0
10,12,2
0,0,0
3,3,0
6,6,0
8,8,0
2,2,0
2,2,0
3,3,0
2,24,22
48,48,0
2,2,0
2,2,0
2,2,0
3,61,58
2,2,0
18,18,0
3,7,4
3,3,0
2,2,0
2,2,0
1,2,1
2,2,0
2,2,0
2,7,5
0,0,0
9,9,0
0,0,0
2,2,0
2,2,0
3,5,2
2,4,2
3,3,0
2,2,0
3,3,0
2,3,1
59,59,0
2,4,2
3,3,0
2,16,14
2,2,0
3,3,0
1,2,1
3,17,14
2,2,0
2,2,0
2,2,0
2,2,0
2,2,0
83,83,0
2,2,0
3,3,0
9,9,0
3,3,0
3,5,2
0,0,0
3,3,0
2,2,0
8,8,0
0,0,0
3,3,0
8,24,16
1,5,4
4,4,0
3,3,0
1,7,6
3,3,0
3,5,2
2,2,0
1,2,1
3,14,11
17,17,0
3,5,2
45,45,0
2,2,0
2,2,0
1,1,0
2,12,10
2,41,39
24,24,0
0,0,0
2,2,0
100,100,0
1,2,1
2,2,0
2,2,0
2,2,0
3,3,0
10,10,0
3,3,0
2,2,0
3,10,7
2,4,2
3,3,0
3,3,0
3,5,2
1,1,0
6,10,4
9,9,0
3,3,0
3,5,2
2,2,0
3,3,0
2,3,1
2,2,0
5,49,44
1,1,0
2,2,0
8,8,0
3,9,6
2,2,0
1,4,3
0,0,0
6,6,0
1,1,0
1,7,6
1,1,0
2,2,0
2,2,0
2,2,0
2,4,2
100,100,0
3,3,0
11,11,0
2,2,0
3,3,0
8,8,0
2,2,0
11,11,0
11,11,0
2,2,0
1,2,1
6,17,11
20,20,0
3,3,0
24,24,0
1,5,4
1,1,0
6,6,0
2,2,0
2,2,0
2,2,0
2,2,0
2,2,0
4,4,0
4,4,0
2,2,0
2,2,0
1,5,4
2,2,0
2,2,0
2,2,0
3,3,0
3,3,0
3,8,5
1,2,1
2,4,2
2,3,1
3,3,0
2,4,2
90,90,0
2,2,0
3,5,2
2,12,10
9,9,0
2,2,0
25,34,9
2,2,0
2,6,4
3,5,2
2,2,0
2,6,4
3,11,8
3,3,0
2,6,4
3,7,4
2,11,9
2,2,0
1,2,1
2,2,0
3,3,0
5,5,0
2,3,1
2,2,0
1,56,55
2,2,0
3,3,0
2,4,2
1,2,1
12,22,10
8,12,4
2,2,0
3,3,0
3,7,4
2,2,0
2,2,0
16,16,0
2,2,0
2,2,0
9,9,0
2,2,0
2,4,2
8,8,0
3,3,0
2,2,0
3,3,0
2,4,2
2,4,2
3,5,2
2,2,0
3,3,0
1,2,1
2,10,8
3,3,0
2,2,0
1,1,0
2,4,2
4,4,0
3,5,2
10,10,0
2,2,0
1,14,13
3,3,0
3,3,0
3,3,0
2,2,0
2,2,0
2,2,0
2,2,0
3,3,0
8,8,0
2,2,0
2,2,0
2,2,0
1,2,1
3,3,0
3,3,0
2,2,0
2,2,0
2,2,0
2,2,0
9,9,0
2,2,0
2,2,0
3,10,7
2,2,0
3,3,0
9,9,0
2,2,0
1,2,1
3,3,0
3,3,0
2,2,0
3,5,2
2,16,14
2,3,1
2,2,0
3,20,17
2,2,0
2,3,1
2,2,0
8,8,0
1,1,0
9,11,2
36,36,0
2,2,0
3,11,8
1,2,1
2,2,0
3,5,2
1,21,20
1,2,1
7,16,9
2,4,2
5,5,0
2,2,0
2,2,0
2,2,0
2,2,0
2,2,0
3,3,0
2,2,0
2,2,0
2,2,0
1,4,3
2,2,0
2,2,0
3,3,0
13,16,3
10,10,0
1,1,0
1,5,4
2,2,0
1,2,1
2,4,2
2,8,6
2,2,0
1,8,7
3,3,0
1,1,0
3,5,2
3,5,2
2,2,0
3,5,2
7,7,0
1,1,0
2,2,0
3,3,0
2,10,8
2,3,1
1,1,0
2,2,0
20,20,0
1,3,2
2,2,0
3,5,2
3,10,7
2,2,0
8,8,0
8,8,0
2,2,0
2,2,0
12,12,0
1,1,0
2,11,9
2,2,0
2,2,0
2,2,0
8,8,0
2,2,0
2,2,0
3,3,0
0,0,0
1,1,0
3,11,8
3,3,0
2,8,6
9,9,0
2,2,0
3,10,7
2,2,0
2,8,6
0,0,0
1,29,28
2,2,0
3,3,0
2,2,0
2,2,0
2,2,0
2,3,1
2,2,0
2,2,0
2,2,0
9,9,0
4,16,12
2,2,0
2,4,2
10,10,0
2,2,0
3,5,2
1,1,0
2,2,0
2,27,25
9,9,0
60,60,0
3,5,2
2,2,0
0,0,0
4,4,0
2,2,0
1,2,1
3,5,2
1,3,2
6,6,0
0,0,0
2,3,1
3,3,0
3,5,2
2,2,0
2,4,2
0,0,0
0,0,0
2,2,0
1,1,0
1,31,30
1,3,2
2,2,0
2,4,2
2,43,41
1,1,0
3,9,6
2,2,0
3,3,0
2,4,2
0,0,0
2,3,1
0,0,0
2,2,0
2,2,0
2,2,0
50,52,2
1,2,1
2,2,0
2,2,0
3,5,2
2,4,2
3,5,2
1,3,2
2,3,1
3,7,4
2,2,0
3,3,0
2,2,0
4,4,0
0,0,0
2,2,0
8,8,0
2,2,0
1,23,22
2,2,0
3,3,0
100,100,0
0,0,0
2,2,0
2,3,1
125,125,0
1,37,36
6,6,0
9,34,25
6,12,6
6,6,0
1,1,0
0,0,0
2,4,2
2,2,0
46,46,0
6,81,75
2,2,0
3,9,6
2,2,0
10,10,0
5,5,0
2,2,0
3,3,0
2,2,0
1,24,23
1,2,1
4,4,0
3,3,0
4,4,0
2,3,1
100,100,0
2,2,0
2,2,0
3,3,0
1,23,22
2,2,0
1,7,6
2,4,2
2,2,0
2,2,0
13,13,0
0,0,0
2,4,2
2,2,0
2,4,2
1,9,8
9,9,0
1,1,0
4,4,0
2,2,0
2,4,2
1,1,0
2,6,4
2,2,0
8,8,0
9,9,0
2,2,0
3,3,0
2,2,0
2,2,0
2,2,0
3,3,0
3,5,2
2,2,0
9,116,107
2,2,0
2,4,2
3,27,24
10,16,6
3,3,0
3,3,0
15,17,2
2,2,0
6,6,0
2,2,0
2,2,0
2,2,0
2,2,0
1,21,20
2,82,80
20,20,0
3,3,0
3,9,6
2,2,0
2,3,1
7,15,8
2,2,0
2,2,0
2,2,0
2,2,0
100,100,0
3,3,0
3,3,0
9,9,0
2,4,2
3,3,0
1,1,0
3,7,4
2,2,0
2,2,0
2,2,0
3,3,0
2,2,0
100,100,0
5,5,0
3,3,0
2,2,0
1,9,8
2,2,0
173,173,0
2,4,2
3,3,0
1,1,0
3,5,2
2,2,0
2,2,0
3,3,0
2,2,0
2,2,0
2,6,4
4,4,0
3,5,2
2,2,0
11,13,2
3,104,101
3,5,2
9,9,0
2,2,0
3,5,2
1,3,2
2,12,10
3,3,0
2,3,1
2,2,0
2,2,0
3,5,2
3,3,0
10,10,0
2,4,2
3,3,0
2,2,0
2,2,0
52,167,115
2,2,0
2,2,0
9,9,0
2,3,1
1,2,1
2,2,0
3,14,11
3,3,0
3,5,2
9,11,2
2,2,0
3,14,11
2,10,8
12,12,0
3,5,2
3,12,9
1,6,5
2,6,4
2,2,0
2,2,0
2,2,0
2,2,0
3,3,0
2,2,0
0,0,0
1,1,0
2,4,2
2,2,0
6,6,0
3,10,7
2,2,0
2,2,0
2,2,0
3,3,0
2,2,0
2,2,0
1,2,1
3,3,0
3,11,8
2,4,2
29,29,0
9,9,0
2,15,13
9,9,0
2,2,0
2,2,0
8,248,240
1,4,3
2,2,0
3,5,2
3,3,0
3,3,0
2,2,0
1,3,2
30,31,1
2,2,0
3,3,0
3,21,18
19,143,124
8,8,0
1,1,0
1,2,1
3,13,10
2,2,0
3,3,0
8,17,9
2,2,0
2,2,0
2,3,1
1,2,1
2,4,2
3,5,2
3,5,2
1,20,19
3,5,2
3,8,5
9,9,0
2,6,4
2,2,0
8,8,0
1,2,1
2,4,2
3,3,0
2,2,0
2,2,0
3,3,0
3,3,0
1,1,0
13,13,0
2,2,0
1,2,1
3,24,21
3,5,2
2,2,0
2,2,0
2,2,0
2,3,1
2,2,0
2,2,0
2,2,0
1,2,1
3,15,12
2,2,0
1,2,1
0,0,0
8,8,0
1,1,0
95,95,0
58,60,2
3,5,2
1,2,1
2,2,0
2,2,0
2,2,0
8,8,0
3,6,3
2,4,2
3,5,2
2,2,0
2,4,2
2,2,0
2,5,3
3,5,2
3,3,0
3,3,0
2,2,0
3,3,0
2,2,0
2,4,2
3,8,5
2,2,0
3,3,0
3,3,0
8,8,0
8,8,0
0,0,0
9,9,0
2,2,0
2,2,0
2,4,2
2,2,0
1,2,1
2,12,10
2,3,1
2,2,0
2,2,0
3,11,8
2,8,6
12,12,0
3,3,0
2,2,0
2,2,0
3,3,0
0,0,0
1,5,4
3,3,0
2,2,0
1,2,1
2,40,38
2,4,2
2,2,0
3,3,0
2,2,0
8,8,0
0,0,0
3,23,20
2,6,4
2,2,0
62,62,0
3,8,5
1,2,1
3,5,2
8,8,0
2,2,0
2,4,2
9,9,0
2,2,0
2,2,0
3,3,0
44,46,2
2,2,0
3,5,2
36,37,1
2,2,0
2,4,2
2,4,2
2,2,0
2,2,0
2,2,0
1,1,0
1,7,6
0,0,0
9,9,0
8,8,0
5,5,0
3,7,4
8,8,0
2,2,0
3,5,2
3,3,0
12,12,0
56,56,0
2,2,0
2,4,2
2,2,0
2,2,0
51,74,23
2,3,1
2,80,78
3,7,4
8,8,0
2,4,2
2,2,0
3,5,2
8,8,0
2,2,0
10,10,0
3,5,2
2,2,0
2,2,0
56,65,9
2,3,1
3,3,0
1,1,0
1,2,1
2,2,0
2,2,0
2,2,0
1,1,0
1,2,1
5,5,0
2,2,0
1,1,0
3,5,2
2,2,0
2,41,39
1,13,12
9,9,0
2,2,0
3,5,2
2,2,0
2,3,1
2,2,0
2,2,0
3,7,4
3,7,4
2,2,0
3,10,7
3,3,0
3,9,6
3,5,2
50,52,2
3,3,0
3,9,6
2,4,2
2,4,2
2,2,0
100,100,0
2,4,2
0,0,0
2,2,0
2,6,4
4,4,0
2,2,0
3,5,2
2,3,1
4,4,0
0,0,0
3,3,0
1,3,2
2,2,0
2,80,78
3,3,0
1,1,0
1,3,2
4,4,0
2,2,0
8,8,0
2,2,0
3,7,4
2,2,0
2,4,2
2,4,2
2,2,0
3,3,0
2,2,0
3,3,0
2,2,0
2,2,0
2,2,0
2,2,0
2,5,3
3,3,0
2,2,0
1,5,4
2,3,1
2,2,0
1,5,4
3,3,0
3,3,0
94,103,9
1,2,1
4,4,0
3,23,20
3,5,2
2,2,0
1,1,0
2,2,0
9,9,0
7,7,0
2,2,0
2,2,0
3,9,6
2,2,0
2,14,12
3,3,0
3,3,0
8,8,0
2,6,4
0,0,0
2,2,0
1,5,4
2,2,0
1,2,1
2,2,0
8,8,0
20,20,0
2,4,2
3,3,0
2,2,0
2,2,0
2,6,4
3,3,0
2,2,0
2,2,0
3,7,4
6,6,0
7,7,0
2,2,0
31,31,0
3,6,3
2,2,0
2,4,2
22,28,6
2,2,0
2,2,0
3,3,0
2,2,0
1,8,7
3,3,0
3,3,0
8,18,10
2,4,2
2,4,2
3,3,0
2,2,0
4,4,0
1,1,0
9,19,10
3,7,4
2,3,1
3,4,1
3,9,6
3,3,0
10,10,0
2,2,0
2,4,2
3,4,1
2,3,1
12,12,0
2,7,5
2,2,0
1,7,6
2,2,0
2,2,0
1,1,0
2,2,0
0,0,0
6,6,0
1,21,20
0,0,0
2,4,2
3,3,0
3,9,6
4,5,1
2,2,0
3,3,0
3,3,0
80,80,0
2,12,10
1,1,0
3,3,0
2,2,0
4,4,0
3,6,3
3,9,6
1,1,0
1,3,2
8,8,0
4,11,7
68,68,0
2,2,0
2,4,2
8,8,0
2,2,0
2,5,3
2,2,0
1,1,0
2,2,0
3,3,0
2,2,0
2,2,0
2,4,2
3,7,4
2,2,0
34,34,0
3,3,0
2,2,0
4,21,17
2,3,1
10,10,0
1,10,9
3,3,0
2,2,0
0,0,0
9,9,0
2,10,8
3,7,4
2,2,0
1,1,0
2,2,0
2,2,0
3,21,18
2,4,2
2,4,2
3,3,0
5,30,25
8,8,0
1,22,21
3,6,3
3,26,23
3,25,22
2,2,0
9,9,0
2,2,0
1,24,23
2,2,0
4,4,0
1,3,2
0,0,0
3,3,0
8,8,0
3,3,0
2,2,0
9,9,0
2,2,0
0,0,0
24,50,26
2,2,0
2,4,2
3,5,2
3,5,2
1,58,57
3,9,6
2,5,3
0,0,0
0,0,0
2,5,3
8,8,0
3,3,0
28,30,2
2,2,0
1,1,0
2,2,0
43,43,0
1,1,0
2,2,0
2,2,0
3,5,2
2,2,0
1,1,0
2,2,0
100,100,0
2,12,10
3,3,0
2,2,0
2,2,0
1,2,1
3,5,2
2,2,0
14,22,8
3,3,0
6,6,0
1,1,0
2,2,0
1,1,0
1,1,0
3,3,0
0,0,0
9,17,8
1,8,7
2,2,0
4,4,0
3,3,0
3,7,4
8,8,0
4,4,0
3,3,0
3,46,43
2,2,0
1,1,0
10,10,0
2,2,0
2,6,4
2,2,0
1,5,4
2,2,0
3,3,0
91,91,0
2,2,0
3,9,6
1,1,0
3,3,0
3,3,0
2,2,0
2,2,0
1,3,2
3,5,2
1,1,0
3,4,1
2,2,0
1,1,0
1,2,1
15,86,71
3,3,0
2,4,2
2,2,0
2,4,2
3,5,2
1,1,0
2,2,0
2,2,0
28,28,0
0,0,0
8,8,0
2,2,0
5,5,0
3,5,2
0,0,0
5,5,0
9,9,0
2,4,2
3,3,0
12,12,0
2,2,0
3,3,0
5,5,0
2,2,0
3,5,2
1,1,0
0,0,0
2,2,0
11,33,22
6,6,0
9,9,0
3,5,2
2,2,0
2,2,0
2,2,0
9,9,0
41,46,5
2,80,78
4,10,6
3,5,2
1,3,2
3,3,0
2,11,9
3,3,0
2,7,5
3,3,0
8,8,0
3,5,2
2,2,0
2,2,0
2,2,0
1,2,1
3,6,3
2,3,1
9,9,0
2,2,0
2,2,0
2,2,0
9,9,0
1,3,2
3,7,4
2,2,0
2,2,0
3,5,2
2,2,0
4,7,3
2,2,0
2,2,0
2,6,4
1,8,7
3,5,2
3,3,0
5,5,0
1,1,0
3,5,2
3,9,6
9,9,0
3,3,0
1,2,1
1,2,1
2,4,2
6,8,2
2,2,0
2,2,0
0,0,0
2,2,0
1,1,0
2,2,0
10,10,0
3,7,4
2,3,1
8,8,0
2,3,1
2,2,0
3,10,7
4,20,16
14,14,0
2,14,12
2,2,0
2,2,0
0,0,0
30,30,0
1,2,1
1,4,3
1,1,0
1,20,19
3,3,0
3,5,2
2,4,2
3,3,0
3,3,0
3,7,4
3,7,4
23,120,97
2,2,0
2,2,0
2,2,0
18,18,0
2,2,0
3,25,22
3,3,0
20,20,0
1,1,0
1,1,0
3,3,0
2,2,0
2,2,0
3,6,3
2,2,0
2,2,0
2,2,0
1,4,3
1,1,0
2,2,0
1,1,0
2,8,6
0,0,0
2,4,2
2,2,0
2,2,0
3,3,0
5,35,30
3,6,3
2,2,0
3,3,0
2,2,0
2,2,0
20,22,2
92,92,0
2,2,0
10,10,0
7,7,0
2,2,0
1,1,0
2,2,0
2,4,2
5,6,1
2,7,5
2,2,0
2,2,0
3,5,2
2,2,0
3,5,2
49,59,10
2,2,0
1,2,1
5,5,0
3,3,0
2,4,2
2,4,2
2,2,0
10,10,0
35,36,1
2,2,0
2,2,0
0,0,0
2,2,0
2,2,0
9,9,0
9,9,0
1,1,0
2,2,0
1,2,1
2,2,0
3,3,0
2,2,0
3,3,0
3,3,0
3,3,0
2,7,5
3,5,2
2,2,0
2,2,0
2,2,0
2,2,0
1,23,22
2,2,0
1,3,2
3,3,0
3,5,2
2,2,0
2,2,0
3,5,2
3,5,2
3,3,0
3,3,0
2,2,0
2,2,0
2,2,0
2,2,0
2,2,0
2,6,4
2,9,7
3,5,2
3,3,0
2,80,78
1,22,21
3,5,2
11,89,78
1,2,1
2,2,0
2,5,3
2,2,0
3,3,0
1,3,2
2,2,0
3,3,0
0,0,0
2,2,0
2,2,0
2,2,0
8,8,0
3,6,3
1,2,1
2,3,1
1,1,0
3,3,0
2,8,6
2,2,0
2,81,79
6,10,4
2,2,0
2,2,0
5,5,0
2,2,0
3,3,0
0,0,0
3,5,2
2,2,0
1,1,0
2,2,0
2,2,0
2,2,0
2,2,0
10,14,4
2,6,4
2,2,0
3,4,1
2,2,0
2,2,0
7,7,0
3,15,12
2,2,0
1,1,0
5,6,1
0,0,0
2,2,0
3,3,0
8,8,0
2,2,0
2,2,0
2,2,0
4,6,2
2,2,0
2,2,0
12,12,0
2,2,0
1,1,0
3,3,0
3,3,0
1,2,1
3,3,0
2,2,0
2,2,0
3,4,1
3,3,0
2,2,0
3,3,0
2,2,0
3,10,7
1,5,4
3,3,0
2,2,0
4,11,7
2,2,0
2,2,0
2,2,0
3,7,4
2,2,0
8,8,0
2,4,2
2,2,0
2,2,0
3,3,0
2,2,0
107,203,96
2,2,0
3,3,0
14,14,0
1,7,6
2,10,8
2,2,0
2,2,0
3,6,3
10,10,0
2,2,0
3,7,4
3,3,0
3,5,2
2,3,1
84,84,0
1,1,0
2,4,2
2,2,0
3,5,2
15,15,0
2,2,0
3,3,0
3,3,0
1,2,1
0,0,0
1,2,1
2,2,0
2,5,3
2,5,3
3,6,3
2,2,0
2,2,0
1,2,1
3,3,0
3,3,0
2,2,0
2,3,1
40,40,0
2,2,0
3,9,6
4,4,0
0,0,0
3,3,0
2,2,0
8,8,0
2,2,0
11,11,0
1,1,0
2,2,0
2,2,0
2,2,0
1,1,0
1,25,24
0,0,0
2,2,0
2,2,0
2,2,0
3,9,6
9,9,0
0,0,0
7,8,1
2,2,0
2,2,0
0,0,0
3,9,6
1,1,0
1,1,0
2,2,0
2,2,0
2,2,0
9,9,0
2,4,2
2,4,2
2,2,0
2,4,2
2,2,0
2,4,2
2,2,0
10,10,0
56,56,0
1,7,6
4,4,0
2,4,2
3,3,0
2,2,0
3,7,4
2,2,0
8,21,13
3,3,0
1,1,0
3,5,2
3,3,0
1,1,0
2,4,2
0,0,0
2,2,0
3,3,0
1,1,0
2,2,0
2,2,0
2,2,0
3,3,0
26,26,0
2,2,0
3,5,2
2,6,4
2,2,0
3,3,0
2,2,0
8,8,0
10,19,9
2,2,0
2,4,2
2,2,0
3,3,0
3,5,2
3,4,1
9,9,0
2,20,18
3,3,0
4,7,3
14,16,2
1,8,7
3,3,0
18,18,0
4,4,0
2,2,0
3,3,0
3,6,3
2,2,0
9,9,0
2,2,0
2,2,0
2,2,0
8,8,0
2,2,0
2,4,2
1,1,0
3,3,0
3,7,4
2,4,2
1,4,3
2,2,0
2,2,0
2,17,15
3,3,0
2,2,0
1,3,2
2,2,0
3,10,7
3,3,0
3,3,0
2,10,8
2,4,2
6,6,0
2,2,0
2,5,3
3,7,4
2,2,0
2,2,0
3,3,0
1,1,0
2,2,0
2,2,0
2,2,0
2,2,0
2,2,0
11,11,0
10,10,0
2,2,0
2,5,3
2,2,0
2,2,0
2,2,0
2,2,0
2,2,0
2,2,0
2,2,0
2,2,0
3,5,2
3,3,0
2,2,0
3,3,0
3,81,78
35,35,0
2,2,0
3,3,0
9,9,0
8,8,0
2,2,0
8,8,0
16,16,0
11,11,0
2,2,0
0,0,0
2,2,0
2,2,0
2,23,21
2,2,0
3,3,0
2,8,6
2,2,0
3,9,6
2,2,0
100,104,4
0,0,0
22,22,0
2,6,4
60,121,61
2,33,31
2,5,3
2,2,0
9,9,0
3,3,0
2,2,0
2,2,0
2,2,0
2,2,0
2,2,0
2,2,0
2,2,0
2,2,0
1,1,0
2,2,0
1,4,3
3,63,60
3,3,0
4,6,2
2,2,0
1,1,0
8,29,21
2,4,2
9,9,0
3,3,0
2,18,16
2,2,0
3,3,0
3,3,0
2,2,0
8,8,0
2,2,0
6,6,0
1,75,74
10,14,4
2,7,5
3,15,12
1,1,0
2,2,0
1,2,1
2,2,0
2,5,3
1,4,3
3,5,2
2,2,0
2,2,0
2,2,0
2,8,6
3,5,2
2,2,0
2,2,0
2,2,0
3,9,6
3,5,2
3,8,5
3,3,0
1,1,0
3,3,0
2,10,8
3,5,2
88,118,30
3,3,0
3,3,0
3,3,0
1,14,13
3,3,0
2,2,0
2,2,0
22,22,0
2,2,0
2,4,2
2,2,0
3,11,8
0,0,0
2,2,0
3,12,9
2,2,0
2,2,0
3,3,0
3,4,1
1,1,0
3,3,0
4,15,11
2,2,0
3,3,0
4,6,2
2,80,78
2,2,0
8,8,0
2,2,0
25,25,0
2,6,4
2,2,0
2,2,0
3,3,0
3,5,2
2,3,1
2,2,0
1,37,36
3,3,0
3,5,2
3,5,2
3,15,12
3,3,0
8,8,0
0,0,0
0,0,0
2,2,0
2,16,14
51,53,2
3,7,4
2,2,0
2,2,0
2,16,14
2,4,2
5,5,0
3,3,0
3,5,2
2,2,0
3,5,2
9,9,0
2,2,0
2,2,0
2,2,0
2,2,0
6,8,2
56,58,2
3,7,4
2,6,4
3,5,2
2,2,0
3,5,2
2,5,3
2,2,0
3,6,3
8,10,2
3,3,0
2,2,0
1,1,0
2,3,1
2,2,0
2,4,2
11,15,4
3,5,2
0,0,0
2,2,0
2,4,2
2,60,58
3,5,2
2,2,0
3,10,7
5,5,0
3,5,2
2,2,0
3,3,0
3,7,4
2,2,0
9,9,0
2,2,0
3,3,0
2,2,0
3,3,0
1,2,1
2,2,0
2,2,0
8,8,0
3,3,0
8,8,0
2,2,0
9,9,0
3,3,0
2,2,0
2,7,5
3,3,0
2,4,2
33,33,0
2,2,0
1,20,19
2,2,0
2,2,0
3,3,0
2,4,2
3,5,2
2,5,3
2,4,2
2,2,0
2,2,0
8,8,0
3,3,0
3,5,2
2,2,0
22,22,0
3,3,0
2,2,0
3,7,4
2,2,0
2,2,0
2,3,1
3,3,0
0,0,0
2,2,0
2,82,80
2,4,2
2,2,0
2,2,0
9,9,0
8,8,0
2,2,0
2,2,0
2,4,2
2,8,6
1,2,1
0,0,0
50,85,35
12,12,0
3,5,2
2,2,0
2,2,0
3,7,4
3,3,0
3,3,0
135,135,0
3,3,0
1,2,1
10,12,2
1,1,0
2,5,3
15,15,0
2,4,2
2,2,0
48,48,0
14,14,0
1,29,28
2,27,25
2,4,2
2,2,0
2,2,0
8,8,0
2,6,4
3,5,2
2,11,9
3,3,0
2,2,0
3,5,2
2,2,0
2,2,0
61,61,0
1,3,2
2,2,0
0,0,0
3,16,13
3,6,3
2,4,2
3,4,1
2,2,0
3,5,2
2,8,6
2,2,0
9,9,0
2,2,0
2,2,0
2,15,13
2,2,0
12,12,0
2,3,1
2,2,0
20,20,0
2,2,0
2,2,0
2,2,0
3,14,11
3,3,0
2,2,0
2,2,0
3,3,0
2,2,0
8,8,0
2,2,0
2,2,0
2,2,0
4,4,0
2,2,0
10,10,0
2,14,12
2,2,0
2,4,2
3,3,0
2,2,0
2,2,0
66,66,0
2,6,4
1,1,0
9,9,0
2,2,0
2,2,0
2,2,0
26,27,1
1,3,2
2,2,0
2,2,0
3,3,0
8,8,0
9,9,0
1,70,69
1,1,0
2,2,0
6,6,0
6,6,0
3,3,0
2,2,0
6,6,0
3,3,0
1,4,3
2,2,0
0,0,0
1,2,1
3,3,0
2,2,0
2,2,0
3,6,3
2,2,0
2,2,0
3,7,4
2,4,2
3,5,2
2,2,0
1,7,6
1,6,5
0,0,0
2,2,0
1,6,5
2,13,11
2,2,0
3,5,2
3,6,3
2,5,3
2,4,2
9,10,1
3,28,25
2,2,0
9,9,0
2,2,0
3,22,19
1,7,6
2,2,0
2,2,0
0,0,0
3,4,1
9,9,0
4,4,0
2,2,0
2,2,0
12,12,0
2,2,0
1,2,1
2,2,0
0,0,0
8,8,0
2,5,3
3,3,0
2,2,0
2,4,2
2,45,43
2,2,0
8,8,0
3,3,0
2,2,0
56,56,0
2,2,0
1,24,23
12,12,0
1,79,78
8,8,0
2,2,0
2,2,0
1,2,1
2,2,0
51,51,0
2,4,2
2,15,13
2,4,2
9,9,0
3,3,0
8,10,2
2,6,4
2,80,78
2,5,3
5,5,0
3,3,0
2,4,2
0,0,0
2,2,0
2,2,0
1,27,26
1,2,1
3,11,8
2,9,7
3,3,0
2,2,0
2,65,63
1,10,9
11,11,0
2,2,0
2,3,1
6,6,0
3,3,0
2,2,0
8,8,0
2,2,0
16,16,0
2,2,0
2,2,0
3,3,0
2,2,0
3,7,4
5,9,4
3,5,2
2,2,0
3,3,0
0,0,0
8,9,1
2,2,0
2,2,0
3,3,0
2,2,0
2,2,0
3,5,2
2,2,0
2,2,0
2,25,23
50,75,25
8,8,0
6,6,0
51,51,0
2,2,0
3,3,0
3,5,2
4,11,7
12,12,0
10,10,0
2,11,9
8,24,16
0,0,0
8,8,0
2,2,0
3,7,4
2,4,2
2,2,0
3,3,0
2,2,0
2,2,0
1,1,0
10,10,0
2,2,0
2,2,0
3,3,0
2,2,0
2,2,0
2,2,0
1,1,0
1,1,0
3,3,0
2,2,0
8,12,4
1,2,1
1,1,0
16,16,0
2,2,0
2,2,0
3,5,2
2,2,0
3,5,2
2,2,0
3,3,0
3,3,0
3,3,0
2,2,0
3,5,2
2,8,6
0,0,0
6,6,0
2,2,0
2,2,0
3,15,12
2,2,0
2,7,5
2,2,0
0,0,0
2,2,0
1,1,0
1,3,2
2,4,2
3,3,0
3,7,4
1,1,0
3,4,1
2,2,0
3,4,1
3,6,3
1,2,1
2,3,1
3,5,2
2,3,1
2,12,10
2,51,49
0,0,0
2,2,0
6,6,0
8,8,0
2,2,0
2,2,0
3,8,5
1,2,1
3,5,2
2,5,3
2,2,0
2,4,2
74,74,0
3,12,9
2,4,2
100,100,0
2,2,0
2,2,0
2,26,24
2,2,0
1,1,0
3,5,2
1,2,1
2,6,4
4,5,1
2,2,0
3,3,0
2,8,6
5,14,9
2,2,0
0,0,0
4,90,86
51,53,2
3,6,3
3,3,0
3,3,0
2,71,69
12,12,0
10,10,0
2,2,0
6,6,0
1,1,0
2,2,0
2,2,0
1,4,3
2,2,0
6,6,0
1,1,0
3,3,0
8,27,19
2,2,0
1,1,0
3,3,0
2,2,0
3,3,0
2,2,0
2,2,0
5,32,27
0,0,0
4,8,4
2,2,0
7,9,2
2,2,0
5,5,0
2,2,0
3,3,0
2,4,2
2,4,2
3,3,0
3,3,0
2,2,0
2,2,0
3,3,0
8,8,0
1,2,1
9,9,0
5,5,0
8,8,0
1,2,1
2,2,0
2,2,0
2,2,0
9,11,2
3,3,0
1,4,3
2,2,0
2,2,0
2,2,0
3,9,6
4,5,1
3,5,2
2,2,0
0,0,0
2,2,0
1,1,0
2,9,7
3,3,0
3,6,3
4,7,3
2,2,0
11,43,32
1,6,5
1,1,0
2,2,0
1,1,0
1,2,1
3,5,2
20,20,0
2,2,0
4,4,0
44,123,79
135,135,0
4,4,0
2,2,0
3,3,0
2,2,0
2,2,0
1,2,1
2,70,68
2,2,0
2,2,0
2,2,0
6,6,0
1,1,0
2,6,4
2,2,0
11,11,0
4,6,2
2,2,0
11,11,0
2,2,0
3,5,2
2,9,7
3,9,6
2,4,2
1,4,3
1,1,0
1,2,1
2,5,3
2,2,0
3,24,21
2,2,0
3,5,2
1,22,21
100,100,0
2,2,0
2,2,0
16,18,2
2,2,0
2,2,0
11,11,0
3,21,18
2,2,0
2,2,0
3,5,2
2,2,0
4,4,0
0,0,0
2,2,0
3,5,2
7,7,0
9,9,0
2,2,0
4,4,0
1,1,0
3,5,2
2,2,0
3,5,2
8,8,0
2,2,0
0,0,0
2,2,0
3,7,4
1,1,0
2,2,0
3,3,0
2,2,0
2,5,3
9,9,0
2,7,5
1,6,5
1,3,2
3,4,1
3,3,0
3,3,0
51,110,59
4,4,0
2,2,0
1,3,2
1,34,33
1,4,3
3,3,0
11,11,0
2,2,0
3,3,0
19,19,0
2,4,2
2,4,2
2,2,0
3,3,0
2,2,0
2,2,0
2,8,6
1,1,0
3,3,0
2,2,0
2,2,0
2,2,0
2,2,0
2,3,1
3,3,0
2,4,2
2,2,0
4,5,1
11,11,0
2,2,0
3,3,0
3,3,0
3,3,0
1,1,0
8,8,0
1,1,0
3,8,5
2,2,0
3,7,4
0,0,0
2,2,0
2,2,0
2,2,0
4,4,0
21,21,0
2,2,0
3,3,0
2,2,0
2,2,0
2,2,0
1,1,0
6,6,0
2,2,0
3,3,0
2,5,3
2,6,4
3,3,0
3,4,1
16,16,0
2,2,0
1,1,0
16,16,0
3,3,0
4,4,0
8,8,0
2,2,0
2,2,0
2,28,26
3,3,0
12,12,0
3,5,2
2,2,0
2,2,0
3,3,0
2,2,0
2,2,0
3,3,0
8,16,8
2,2,0
10,10,0
1,1,0
2,2,0
2,2,0
3,7,4
2,6,4
3,3,0
2,2,0
2,25,23
2,2,0
2,2,0
2,2,0
2,3,1
3,3,0
3,3,0
3,5,2
2,2,0
3,14,11
2,2,0
2,7,5
3,3,0
2,11,9
2,2,0
2,2,0
1,52,51
2,2,0
1,2,1
2,2,0
2,2,0
1,2,1
2,6,4
1,4,3
50,50,0
2,2,0
2,2,0
3,3,0
1,26,25
8,8,0
1,1,0
1,1,0
1,1,0
3,5,2
127,127,0
30,30,0
5,72,67
10,10,0
1,1,0
3,7,4
4,4,0
0,0,0
2,2,0
2,2,0
4,7,3
2,2,0
2,2,0
1,2,1
2,2,0
3,3,0
3,4,1
2,2,0
2,2,0
2,2,0
3,6,3
12,12,0
2,2,0
2,2,0
2,2,0
85,86,1
4,4,0
3,3,0
1,22,21
2,4,2
3,3,0
1,41,40
2,2,0
2,2,0
3,5,2
2,2,0
3,3,0
2,2,0
3,3,0
4,18,14
1,23,22
8,8,0
1,1,0
2,4,2
2,12,10
2,3,1
2,3,1
2,4,2
1,1,0
2,2,0
2,2,0
2,3,1
3,3,0
3,3,0
3,3,0
3,12,9
3,3,0
8,8,0
1,6,5
2,2,0
2,2,0
2,2,0
2,2,0
2,2,0
3,14,11
1,6,5
2,2,0
2,4,2
0,0,0
2,2,0
3,5,2
2,2,0
3,3,0
0,0,0
2,2,0
2,80,78
3,13,10
6,6,0
3,5,2
2,2,0
2,100,98
2,2,0
1,2,1
2,4,2
3,3,0
2,2,0
3,3,0
2,2,0
8,8,0
4,9,5
2,2,0
5,14,9
2,2,0
2,7,5
9,9,0
2,2,0
2,2,0
3,3,0
2,2,0
1,1,0
2,2,0
10,10,0
1,2,1
1,4,3
3,5,2
9,9,0
1,1,0
2,2,0
2,2,0
2,2,0
3,3,0
9,9,0
1,3,2
1,2,1
1,2,1
2,2,0
2,2,0
2,2,0
3,3,0
15,16,1
2,2,0
2,2,0
2,8,6
1,2,1
2,2,0
3,3,0
3,13,10
2,2,0
9,9,0
8,8,0
3,3,0
2,2,0
3,3,0
2,12,10
2,27,25
2,2,0
6,6,0
8,15,7
2,2,0
2,2,0
1,1,0
2,2,0
2,2,0
3,3,0
9,9,0
2,2,0
3,3,0
3,3,0
1,1,0
3,3,0
1,6,5
2,3,1
3,27,24
3,3,0
3,3,0
3,3,0
2,2,0
3,7,4
9,9,0
2,2,0
0,0,0
2,2,0
3,16,13
2,24,22
2,2,0
2,2,0
2,2,0
18,20,2
2,2,0
2,2,0
3,5,2
2,2,0
3,3,0
2,2,0
2,3,1
2,6,4
3,3,0
2,2,0
0,0,0
11,11,0
1,4,3
2,8,6
2,2,0
2,2,0
3,3,0
2,2,0
2,2,0
1,21,20
3,5,2
2,19,17
2,2,0
3,3,0
0,0,0
2,2,0
2,2,0
2,2,0
3,3,0
8,8,0
2,2,0
1,1,0
2,2,0
2,2,0
1,15,14
1,1,0
3,9,6
2,5,3
2,3,1
3,3,0
2,2,0
3,3,0
3,3,0
2,13,11
1,28,27
3,3,0
2,2,0
2,2,0
2,2,0
2,7,5
20,20,0
3,5,2
3,5,2
2,2,0
3,3,0
2,2,0
2,2,0
3,3,0
3,3,0
3,5,2
3,3,0
2,5,3
9,9,0
2,3,1
3,9,6
0,0,0
1,6,5
9,9,0
9,9,0
2,2,0
2,2,0
3,3,0
2,82,80
3,8,5
1,6,5
71,71,0
1,1,0
3,3,0
1,44,43
2,2,0
2,2,0
2,3,1
3,3,0
2,8,6
2,2,0
8,8,0
1,2,1
2,4,2
3,5,2
2,6,4
2,2,0
3,3,0
2,2,0
3,3,0
9,46,37
1,5,4
3,3,0
2,2,0
9,9,0
8,8,0
2,3,1
10,12,2
2,2,0
2,2,0
1,1,0
2,2,0
3,3,0
1,23,22
2,4,2
2,4,2
8,8,0
2,2,0
2,2,0
3,4,1
2,11,9
2,2,0
11,11,0
3,3,0
2,2,0
3,8,5
2,4,2
2,80,78
2,2,0
6,6,0
2,4,2
2,2,0
3,5,2
3,6,3
0,0,0
3,25,22
2,8,6
3,3,0
2,2,0
1,4,3
2,4,2
50,50,0
3,5,2
0,0,0
3,3,0
2,3,1
9,9,0
3,3,0
2,2,0
3,3,0
2,2,0
2,2,0
2,46,44
2,2,0
1,1,0
3,3,0
3,5,2
1,2,1
1,1,0
2,6,4
3,5,2
3,5,2
3,3,0
2,2,0
2,3,1
23,23,0
3,5,2
1,2,1
2,2,0
0,0,0
3,8,5
3,3,0
2,45,43
2,2,0
1,2,1
3,25,22
8,8,0
3,5,2
2,2,0
3,5,2
1,1,0
1,3,2
1,1,0
2,12,10
2,8,6
7,7,0
1,1,0
0,0,0
2,80,78
2,13,11
4,53,49
3,3,0
2,2,0
1,21,20
1,2,1
2,22,20
2,2,0
1,3,2
1,4,3
5,31,26
2,2,0
2,2,0
1,23,22
2,2,0
3,10,7
3,8,5
26,28,2
3,3,0
2,4,2
2,2,0
2,2,0
3,8,5
4,4,0
2,4,2
1,1,0
3,5,2
1,2,1
2,2,0
2,2,0
1,36,35
3,8,5
1,29,28
2,4,2
3,5,2
2,3,1
3,6,3
1,1,0
16,16,0
2,2,0
11,13,2
2,3,1
2,2,0
1,2,1
1,4,3
2,4,2
2,6,4
45,45,0
1,1,0
1,1,0
2,2,0
1,21,20
0,0,0
2,2,0
3,3,0
1,1,0
2,2,0
2,46,44
8,8,0
1,1,0
2,2,0
1,2,1
1,7,6
3,17,14
1,1,0
2,2,0
2,80,78
3,7,4
3,8,5
0,0,0
5,5,0
3,4,1
2,8,6
8,8,0
2,3,1
3,3,0
1,2,1
3,3,0
3,3,0
3,3,0
2,2,0
2,2,0
2,2,0
2,2,0
2,2,0
8,8,0
1,2,1
0,0,0
5,6,1
8,8,0
1,1,0
2,2,0
3,3,0
2,2,0
2,2,0
6,8,2
1,2,1
10,10,0
2,2,0
3,3,0
1,2,1
8,8,0
2,2,0
2,2,0
3,3,0
3,13,10
2,4,2
2,2,0
1,1,0
10,18,8
3,5,2
1,1,0
2,2,0
2,2,0
3,7,4
0,0,0
3,7,4
3,3,0
2,2,0
2,2,0
48,50,2
1,2,1
3,4,1
2,2,0
2,2,0
3,5,2
9,9,0
1,32,31
8,8,0
4,4,0
9,9,0
2,2,0
2,2,0
3,3,0
2,2,0
3,6,3
3,4,1
1,1,0
3,3,0
2,2,0
2,2,0
2,2,0
2,5,3
2,2,0
3,3,0
2,2,0
20,20,0
2,2,0
2,2,0
2,80,78
3,3,0
3,5,2
2,2,0
2,2,0
1,2,1
2,2,0
2,4,2
3,5,2
2,9,7
3,4,1
2,2,0
3,3,0
2,4,2
6,8,2
9,13,4
2,2,0
3,6,3
51,51,0
2,2,0
2,2,0
1,1,0
5,5,0
3,11,8
2,2,0
2,2,0
3,3,0
10,10,0
4,10,6
2,2,0
3,5,2
2,4,2
3,5,2
2,3,1
9,9,0
2,2,0
29,65,36
22,22,0
3,10,7
3,3,0
10,10,0
2,9,7
26,64,38
1,2,1
2,2,0
2,2,0
13,13,0
10,10,0
3,3,0
2,2,0
47,49,2
3,3,0
2,2,0
1,4,3
2,2,0
2,2,0
3,4,1
5,5,0
1,27,26
2,65,63
8,8,0
1,1,0
3,17,14
3,5,2
3,7,4
3,11,8
2,2,0
0,0,0
2,2,0
3,23,20
10,10,0
1,1,0
3,11,8
3,5,2
2,2,0
2,14,12
2,2,0
2,2,0
3,3,0
2,2,0
2,2,0
2,2,0
7,7,0
3,5,2
9,9,0
2,2,0
2,11,9
1,6,5
3,3,0
6,6,0
3,7,4
68,70,2
89,89,0
2,2,0
1,2,1
10,18,8
2,2,0
3,3,0
9,9,0
5,5,0
100,100,0
2,2,0
2,2,0
2,8,6
2,2,0
2,2,0
0,0,0
2,4,2
2,4,2
22,22,0
2,2,0
2,2,0
2,2,0
9,9,0
1,1,0
28,28,0
3,5,2
2,2,0
0,0,0
1,2,1
3,6,3
8,8,0
2,2,0
1,1,0
2,3,1
3,9,6
9,9,0
9,9,0
10,19,9
2,2,0
2,2,0
2,2,0
5,9,4
2,2,0
3,4,1
1,2,1
2,2,0
2,2,0
6,9,3
3,3,0
2,2,0
2,2,0
8,8,0
12,12,0
2,25,23
5,5,0
3,3,0
5,5,0
2,11,9
2,35,33
3,5,2
2,2,0
1,1,0
48,48,0
0,0,0
20,20,0
2,2,0
2,3,1
8,8,0
2,19,17
3,7,4
2,25,23
2,2,0
2,2,0
11,11,0
1,2,1
2,2,0
2,2,0
2,4,2
9,9,0
2,8,6
2,27,25
2,2,0
3,3,0
2,2,0
2,2,0
2,5,3
3,7,4
3,3,0
3,3,0
2,2,0
2,2,0
2,2,0
2,3,1
3,5,2
2,15,13
2,2,0
3,3,0
2,4,2
0,0,0
3,5,2
2,2,0
3,9,6
3,3,0
2,6,4
3,3,0
2,2,0
2,2,0
6,6,0
2,2,0
2,2,0
36,38,2
9,9,0
3,23,20
3,6,3
3,5,2
3,3,0
3,3,0
10,10,0
2,97,95
2,21,19
3,3,0
3,3,0
2,2,0
2,2,0
2,13,11
1,1,0
3,3,0
9,9,0
2,5,3
2,5,3
2,2,0
1,2,1
1,2,1
3,3,0
0,0,0
2,2,0
6,6,0
51,51,0
3,3,0
2,2,0
2,2,0
1,2,1
0,0,0
2,2,0
1,1,0
4,5,1
2,5,3
2,2,0
2,9,7
2,2,0
2,2,0
1,2,1
2,4,2
5,17,12
8,8,0
3,5,2
3,3,0
0,0,0
2,3,1
51,51,0
2,2,0
96,96,0
2,2,0
1,2,1
0,0,0
2,4,2
36,37,1
2,2,0
2,2,0
3,6,3
2,17,15
2,4,2
2,2,0
3,3,0
2,4,2
2,2,0
3,5,2
9,11,2
2,2,0
3,3,0
2,2,0
2,2,0
2,2,0
2,2,0
2,82,80
2,2,0
100,100,0
2,2,0
33,33,0
2,9,7
2,2,0
0,0,0
2,2,0
1,23,22
2,2,0
1,3,2
2,2,0
3,3,0
2,2,0
11,33,22
2,2,0
2,2,0
8,8,0
2,2,0
3,5,2
2,2,0
2,2,0
2,2,0
2,2,0
4,4,0
3,9,6
88,123,35
2,4,2
1,2,1
2,8,6
2,2,0
2,4,2
3,25,22
1,10,9
2,2,0
2,2,0
5,5,0
2,4,2
2,2,0
3,3,0
3,3,0
3,5,2
2,2,0
2,3,1
6,6,0
1,1,0
3,3,0
2,2,0
2,6,4
3,5,2
2,2,0
4,4,0
3,7,4
0,0,0
2,10,8
62,62,0
3,5,2
1,3,2
2,4,2
2,2,0
22,22,0
2,20,18
3,3,0
2,2,0
9,15,6
2,10,8
2,2,0
2,2,0
2,2,0
2,2,0
2,69,67
1,3,2
2,2,0
2,3,1
1,2,1
7,7,0
3,5,2
2,2,0
2,2,0
2,2,0
1,1,0
31,31,0
2,2,0
5,5,0
1,1,0
2,4,2
3,4,1
3,3,0
2,2,0
9,9,0
3,3,0
4,4,0
1,1,0
18,18,0
2,32,30
2,2,0
6,6,0
2,2,0
3,3,0
14,14,0
3,7,4
4,4,0
2,2,0
2,2,0
2,2,0
40,40,0
1,12,11
1,24,23
2,4,2
2,2,0
2,2,0
2,2,0
2,2,0
2,2,0
2,3,1
52,52,0
2,7,5
2,8,6
3,6,3
3,3,0
2,2,0
2,2,0
3,3,0
3,4,1
2,4,2
1,11,10
1,11,10
2,2,0
2,2,0
2,2,0
2,2,0
6,6,0
51,74,23
4,10,6
1,1,0
0,0,0
2,2,0
2,2,0
4,6,2
2,2,0
3,12,9
2,2,0
2,2,0
2,2,0
2,2,0
2,2,0
100,100,0
3,3,0
2,2,0
3,5,2
3,6,3
2,5,3
1,4,3
2,2,0
2,3,1
2,2,0
1,1,0
3,3,0
2,2,0
2,2,0
2,2,0
3,18,15
2,2,0
3,5,2
4,4,0
2,2,0
2,2,0
8,11,3
2,2,0
1,1,0
2,2,0
8,16,8
2,2,0
2,10,8
9,9,0
3,3,0
0,0,0
3,16,13
2,2,0
2,4,2
1,1,0
3,3,0
3,5,2
3,9,6
2,4,2
3,3,0
3,9,6
3,5,2
2,2,0
2,2,0
2,2,0
2,4,2
2,2,0
2,4,2
1,2,1
2,2,0
3,5,2
23,23,0
2,2,0
3,5,2
2,11,9
2,4,2
2,2,0
9,9,0
5,5,0
1,1,0
2,3,1
2,4,2
2,2,0
3,3,0
1,1,0
2,4,2
8,8,0
2,2,0
1,20,19
2,21,19
5,5,0
2,2,0
3,3,0
1,3,2
2,2,0
2,2,0
2,2,0
2,2,0
3,3,0
2,16,14
2,2,0
2,2,0
6,6,0
2,4,2
3,6,3
2,2,0
3,3,0
2,2,0
2,2,0
2,2,0
2,11,9
2,2,0
1,1,0
3,3,0
9,9,0
3,3,0
2,2,0
29,29,0
9,9,0
2,2,0
2,2,0
2,2,0
38,38,0
10,10,0
2,4,2
2,2,0
1,21,20
1,2,1
2,2,0
3,5,2
2,10,8
100,104,4
30,33,3
2,2,0
3,3,0
13,13,0
1,5,4
2,2,0
3,3,0
3,3,0
2,5,3
2,14,12
0,0,0
2,2,0
3,3,0
3,3,0
3,3,0
9,9,0
1,22,21
1,21,20
3,3,0
2,8,6
2,45,43
4,6,2
2,2,0
6,6,0
2,4,2
5,5,0
2,7,5
2,4,2
2,3,1
2,3,1
2,2,0
2,2,0
2,3,1
2,6,4
2,2,0
2,2,0
8,8,0
2,2,0
2,2,0
2,2,0
10,10,0
2,2,0
3,3,0
2,2,0
8,8,0
3,5,2
1,1,0
2,2,0
8,8,0
3,9,6
2,2,0
1,1,0
2,4,2
2,22,20
2,12,10
2,4,2
2,6,4
3,8,5
2,4,2
2,6,4
2,2,0
1,30,29
2,2,0
2,2,0
9,9,0
2,2,0
8,8,0
2,2,0
0,0,0
1,7,6
2,2,0
8,8,0
2,5,3
8,8,0
2,2,0
1,23,22
3,5,2
3,3,0
0,0,0
2,2,0
2,2,0
2,3,1
3,6,3
2,2,0
3,3,0
2,4,2
2,2,0
3,3,0
2,4,2
43,44,1
2,2,0
2,2,0
3,7,4
9,9,0
3,3,0
3,5,2
2,2,0
3,6,3
6,6,0
13,13,0
3,3,0
3,5,2
1,1,0
2,2,0
2,2,0
2,2,0
2,2,0
2,4,2
2,2,0
2,2,0
3,3,0
2,2,0
2,2,0
2,2,0
2,2,0
3,6,3
2,2,0
2,4,2
2,2,0
4,4,0
2,2,0
2,2,0
2,2,0
9,9,0
5,6,1
3,3,0
2,2,0
2,2,0
1,64,63
3,3,0
3,5,2
2,2,0
4,73,69
2,2,0
2,2,0
100,100,0
3,48,45
4,4,0
2,80,78
2,2,0
3,12,9
2,2,0
10,12,2
3,3,0
2,2,0
3,4,1
3,3,0
3,3,0
24,24,0
2,6,4
2,2,0
3,5,2
8,8,0
1,12,11
3,5,2
3,3,0
2,2,0
6,6,0
2,2,0
2,7,5
4,4,0
3,3,0
2,2,0
2,2,0
3,6,3
3,15,12
8,8,0
2,2,0
3,5,2
3,3,0
2,12,10
10,10,0
2,2,0
2,3,1
1,20,19
3,3,0
3,5,2
3,4,1
3,3,0
3,12,9
2,2,0
3,6,3
1,2,1
3,4,1
2,12,10
12,12,0
2,2,0
2,2,0
3,3,0
1,2,1
0,0,0
2,2,0
18,61,43
3,3,0
2,6,4
1,2,1
1,1,0
2,4,2
2,2,0
1,3,2
2,2,0
2,4,2
2,2,0
2,2,0
2,2,0
2,2,0
2,2,0
2,2,0
2,2,0
3,5,2
3,11,8
10,10,0
1,1,0
1,31,30
2,2,0
10,10,0
2,18,16
2,2,0
3,7,4
2,35,33
2,2,0
1,2,1
1,1,0
3,3,0
1,1,0
1,2,1
1,22,21
9,9,0
2,2,0
2,2,0
3,3,0
2,2,0
2,2,0
1,5,4
3,5,2
2,2,0
3,5,2
9,9,0
26,26,0
10,12,2
2,4,2
2,2,0
2,2,0
2,2,0
31,129,98
1,1,0
2,2,0
2,2,0
2,2,0
2,4,2
2,2,0
2,2,0
2,2,0
2,2,0
2,2,0
2,2,0
2,2,0
1,22,21
2,4,2
3,11,8
3,5,2
3,3,0
5,5,0
3,7,4
2,2,0
56,56,0
2,4,2
3,3,0
2,3,1
2,4,2
3,5,2
2,53,51
3,3,0
2,2,0
2,2,0
2,49,47
4,4,0
2,2,0
49,72,23
3,8,5
1,4,3
2,3,1
2,2,0
60,121,61
3,5,2
3,4,1
2,3,1
2,2,0
3,3,0
1,9,8
2,3,1
2,2,0
2,2,0
2,8,6
2,2,0
2,2,0
2,2,0
2,10,8
2,2,0
0,0,0
2,2,0
2,2,0
1,2,1
2,3,1
2,2,0
3,13,10
3,5,2
6,6,0
2,6,4
1,1,0
17,17,0
9,41,32
3,3,0
1,1,0
1,3,2
1,2,1
2,2,0
3,5,2
3,7,4
8,8,0
6,6,0
1,25,24
2,2,0
3,3,0
2,2,0
3,5,2
2,13,11
2,2,0
2,2,0
1,1,0
3,5,2
2,9,7
3,5,2
2,6,4
2,2,0
4,4,0
9,9,0
3,3,0
2,2,0
8,8,0
2,2,0
1,1,0
2,2,0
2,2,0
3,3,0
1,1,0
13,13,0
2,5,3
0,0,0
8,8,0
3,3,0
3,5,2
2,2,0
2,4,2
8,8,0
2,2,0
2,2,0
2,2,0
14,16,2
30,30,0
2,4,2
2,2,0
3,3,0
7,7,0
1,3,2
2,10,8
2,9,7
2,25,23
2,2,0
9,9,0
2,2,0
1,1,0
2,2,0
1,24,23
0,0,0
2,2,0
100,104,4
3,5,2
2,2,0
2,4,2
3,3,0
2,80,78
14,14,0
3,3,0
78,78,0
2,2,0
3,3,0
10,10,0
2,2,0
1,2,1
3,10,7
2,2,0
1,1,0
3,5,2
2,2,0
2,2,0
2,2,0
3,3,0
8,8,0
8,8,0
2,2,0
2,10,8
2,2,0
2,2,0
2,2,0
1,1,0
2,2,0
2,2,0
3,3,0
8,8,0
0,0,0
8,8,0
2,2,0
3,3,0
2,6,4
3,7,4
2,2,0
2,2,0
2,2,0
0,0,0
2,2,0
3,3,0
11,28,17
3,3,0
20,20,0
2,6,4
3,3,0
2,2,0
51,51,0
1,2,1
3,6,3
7,7,0
2,2,0
3,3,0
3,8,5
7,7,0
2,2,0
2,29,27
3,5,2
2,4,2
2,2,0
2,2,0
2,2,0
3,3,0
2,2,0
3,5,2
8,8,0
2,2,0
2,2,0
3,3,0
0,0,0
3,3,0
2,3,1
5,5,0
10,10,0
3,3,0
3,3,0
2,2,0
2,16,14
7,7,0
2,6,4
2,2,0
2,2,0
3,5,2
1,1,0
2,2,0
2,2,0
0,0,0
1,1,0
5,5,0
2,2,0
8,8,0
2,2,0
2,4,2
3,3,0
5,5,0
2,2,0
61,61,0
71,77,6
3,3,0
2,2,0
51,51,0
17,17,0
1,5,4
1,2,1
2,4,2
2,2,0
2,2,0
2,2,0
8,8,0
1,4,3
2,2,0
3,3,0
2,2,0
2,12,10
3,3,0
1,1,0
3,3,0
2,2,0
0,0,0
4,6,2
5,5,0
3,4,1
3,5,2
2,2,0
3,5,2
9,9,0
2,2,0
2,8,6
7,7,0
3,3,0
2,2,0
3,5,2
6,6,0
2,2,0
2,82,80
2,2,0
1,4,3
2,2,0
2,2,0
3,5,2
42,81,39
24,40,16
2,5,3
8,8,0
2,2,0
3,5,2
2,17,15
190,190,0
9,9,0
2,2,0
2,2,0
9,9,0
2,15,13
3,5,2
2,2,0
1,24,23
2,2,0
3,4,1
1,2,1
2,13,11
0,0,0
2,2,0
2,4,2
3,3,0
2,2,0
3,3,0
3,3,0
2,2,0
3,7,4
2,3,1
2,6,4
1,2,1
2,4,2
2,3,1
4,4,0
3,3,0
1,1,0
20,21,1
2,5,3
3,3,0
2,4,2
1,55,54
3,7,4
1,1,0
3,3,0
2,2,0
0,0,0
1,1,0
2,2,0
1,1,0
2,2,0
2,13,11
2,4,2
75,89,14
2,15,13
3,8,5
1,1,0
2,14,12
1,1,0
2,2,0
2,2,0
19,19,0
2,2,0
2,3,1
3,3,0
8,8,0
3,12,9
1,7,6
3,3,0
2,2,0
3,4,1
13,56,43
2,4,2
3,3,0
3,3,0
3,9,6
2,2,0
2,4,2
3,3,0
2,4,2
1,5,4
2,5,3
0,0,0
2,6,4
0,0,0
3,3,0
8,8,0
2,2,0
2,2,0
2,2,0
4,4,0
2,2,0
1,6,5
1,1,0
2,2,0
3,5,2
3,3,0
2,2,0
2,5,3
3,3,0
3,3,0
60,73,13
2,5,3
2,2,0
7,28,21
1,12,11
2,2,0
2,2,0
3,3,0
3,3,0
2,2,0
3,5,2
2,2,0
2,2,0
194,194,0
2,2,0
2,2,0
2,2,0
2,2,0
2,2,0
2,2,0
2,47,45
2,2,0
2,2,0
2,2,0
3,4,1
2,7,5
3,3,0
2,2,0
2,2,0
2,2,0
9,9,0
2,4,2
2,4,2
3,3,0
2,2,0
14,14,0
2,2,0
8,8,0
1,6,5
1,1,0
3,5,2
2,4,2
2,2,0
0,0,0
2,4,2
2,2,0
2,17,15
2,2,0
2,2,0
2,11,9
0,0,0
1,5,4
2,2,0
3,3,0
11,11,0
8,8,0
2,2,0
2,16,14
2,2,0
3,4,1
2,2,0
8,8,0
9,9,0
2,4,2
3,3,0
10,10,0
2,5,3
0,0,0
2,2,0
3,3,0
2,3,1
2,2,0
2,2,0
2,2,0
2,2,0
72,72,0
2,2,0
60,121,61
3,3,0
1,2,1
1,3,2
2,2,0
1,2,1
2,2,0
3,5,2
2,2,0
2,4,2
3,4,1
0,0,0
3,3,0
1,1,0
2,2,0
0,0,0
2,2,0
3,3,0
1,2,1
2,2,0
12,12,0
2,2,0
2,2,0
3,5,2
2,2,0
26,126,100
2,4,2
2,2,0
2,9,7
2,2,0
2,4,2
2,2,0
3,5,2
5,21,16
2,2,0
3,3,0
2,31,29
2,29,27
3,3,0
62,73,11
1,2,1
2,2,0
0,0,0
3,4,1
2,2,0
3,3,0
2,16,14
3,8,5
1,2,1
8,8,0
2,2,0
2,2,0
2,2,0
2,2,0
2,2,0
2,2,0
2,8,6
2,2,0
2,2,0
3,5,2
3,3,0
2,2,0
3,3,0
3,3,0
2,2,0
8,8,0
3,3,0
3,3,0
3,4,1
1,8,7
34,34,0
2,51,49
2,2,0
1,1,0
8,8,0
2,2,0
1,1,0
2,2,0
3,7,4
2,2,0
2,4,2
6,6,0
3,3,0
2,2,0
8,8,0
4,6,2
3,5,2
2,2,0
2,2,0
6,10,4
3,3,0
2,2,0
3,5,2
2,2,0
2,2,0
6,6,0
2,5,3
2,2,0
2,3,1
2,14,12
2,2,0
3,10,7
2,2,0
1,1,0
2,11,9
3,8,5
3,3,0
2,2,0
23,25,2
2,2,0
2,2,0
2,2,0
1,3,2
2,2,0
2,2,0
9,9,0
9,9,0
2,2,0
3,7,4
8,8,0
6,6,0
2,2,0
1,20,19
3,3,0
2,6,4
2,4,2
1,3,2
3,3,0
2,2,0
3,9,6
49,49,0
72,74,2
0,0,0
3,9,6
32,32,0
2,2,0
1,3,2
2,2,0
12,12,0
2,4,2
2,2,0
1,20,19
2,2,0
2,2,0
3,11,8
2,2,0
1,2,1
9,11,2
2,2,0
1,3,2
3,3,0
1,3,2
30,30,0
2,2,0
2,4,2
3,11,8
1,2,1
3,3,0
1,1,0
2,2,0
2,2,0
5,5,0
24,36,12
2,2,0
129,129,0
2,3,1
3,3,0
0,0,0
3,3,0
8,8,0
7,7,0
2,2,0
3,5,2
0,0,0
1,23,22
2,2,0
2,7,5
3,3,0
1,1,0
2,2,0
1,2,1
3,7,4
3,3,0
8,8,0
2,4,2
2,3,1
3,3,0
3,3,0
3,6,3
1,60,59
1,1,0
20,20,0
2,2,0
2,2,0
2,2,0
30,32,2
3,3,0
2,2,0
1,1,0
2,82,80
2,2,0
2,2,0
10,10,0
3,9,6
3,9,6
3,3,0
2,4,2
1,1,0
2,2,0
3,3,0
24,76,52
46,48,2
11,12,1
2,2,0
2,8,6
2,2,0
6,6,0
2,4,2
3,5,2
2,2,0
2,2,0
3,8,5
2,2,0
2,2,0
4,12,8
10,10,0
3,7,4
2,2,0
3,4,1
1,2,1
2,2,0
3,3,0
2,2,0
2,2,0
7,7,0
2,2,0
2,2,0
1,1,0
2,2,0
2,82,80
3,6,3
2,2,0
6,6,0
2,2,0
3,3,0
2,2,0
2,2,0
2,2,0
2,2,0
2,2,0
2,2,0
2,2,0
2,2,0
3,72,69
2,2,0
1,2,1
3,7,4
2,2,0
2,11,9
8,8,0
2,2,0
3,3,0
10,10,0
3,3,0
1,1,0
2,2,0
3,5,2
3,3,0
3,5,2
8,8,0
2,2,0
3,3,0
3,3,0
1,31,30
1,1,0
0,0,0
1,1,0
8,8,0
1,2,1
2,4,2
2,4,2
2,4,2
3,3,0
1,1,0
2,2,0
3,3,0
3,3,0
20,20,0
6,6,0
10,10,0
8,8,0
84,84,0
2,2,0
9,9,0
3,6,3
3,6,3
2,10,8
100,104,4
3,10,7
2,2,0
23,23,0
3,3,0
1,1,0
1,1,0
2,2,0
3,3,0
2,2,0
6,6,0
1,2,1
3,3,0
2,2,0
8,8,0
2,6,4
2,2,0
0,0,0
3,5,2
3,5,2
1,24,23
3,6,3
19,19,0
2,6,4
3,5,2
5,5,0
2,2,0
2,2,0
2,2,0
2,2,0
9,9,0
2,2,0
16,27,11
9,11,2
9,9,0
2,2,0
10,10,0
2,2,0
2,2,0
1,4,3
2,2,0
6,10,4
3,3,0
3,3,0
2,6,4
2,2,0
11,35,24
2,2,0
3,3,0
1,2,1
51,74,23
3,3,0
2,2,0
2,2,0
2,2,0
0,0,0
3,9,6
2,2,0
12,12,0
3,3,0
3,7,4
2,2,0
3,9,6
20,20,0
3,5,2
3,5,2
1,2,1
2,2,0
2,2,0
2,2,0
3,3,0
2,4,2
2,4,2
26,27,1
3,3,0
3,5,2
2,2,0
2,4,2
36,36,0
20,20,0
3,10,7
2,2,0
99,99,0
35,35,0
2,2,0
2,2,0
3,5,2
2,2,0
10,24,14
3,7,4
0,0,0
2,4,2
2,2,0
2,2,0
9,9,0
2,2,0
2,2,0
2,2,0
3,3,0
1,1,0
2,2,0
2,6,4
2,2,0
51,51,0
2,8,6
8,8,0
8,8,0
2,4,2
1,2,1
9,11,2
39,39,0
3,3,0
3,3,0
2,8,6
58,66,8
2,4,2
9,9,0
2,2,0
2,2,0
2,2,0
2,2,0
3,3,0
2,5,3
2,7,5
2,2,0
3,3,0
2,2,0
2,2,0
3,10,7
2,2,0
6,6,0
2,13,11
2,2,0
2,2,0
2,4,2
109,109,0
8,8,0
5,5,0
3,5,2
2,4,2
2,2,0
3,5,2
2,2,0
2,13,11
1,1,0
3,3,0
0,0,0
2,2,0
2,9,7
1,35,34
2,2,0
1,1,0
2,2,0
1,22,21
1,1,0
0,0,0
10,10,0
2,2,0
2,2,0
3,6,3
4,4,0
1,1,0
9,9,0
2,2,0
3,7,4
2,2,0
2,4,2
3,3,0
2,2,0
2,2,0
2,2,0
2,4,2
2,2,0
24,24,0
16,20,4
2,40,38
2,4,2
2,2,0
2,8,6
2,7,5
3,3,0
3,5,2
2,2,0
6,7,1
2,4,2
5,7,2
2,2,0
2,5,3
2,13,11
1,3,2
6,6,0
3,9,6
51,51,0
2,2,0
2,2,0
1,6,5
2,2,0
4,9,5
2,2,0
3,3,0
1,2,1
2,2,0
2,3,1
12,12,0
2,2,0
2,4,2
1,7,6
3,17,14
2,2,0
2,2,0
3,3,0
2,2,0
2,2,0
3,5,2
3,3,0
0,0,0
31,31,0
8,8,0
3,9,6
9,9,0
1,1,0
3,6,3
2,6,4
3,8,5
3,3,0
3,3,0
1,2,1
6,6,0
12,12,0
10,10,0
2,7,5
2,2,0
2,2,0
3,6,3
2,6,4
3,4,1
2,2,0
3,5,2
68,68,0
2,2,0
1,4,3
3,5,2
3,5,2
2,7,5
2,2,0
2,2,0
0,0,0
3,3,0
0,0,0
4,5,1
9,9,0
2,2,0
99,99,0
3,3,0
2,2,0
2,2,0
2,2,0
2,3,1
3,9,6
2,2,0
2,21,19
10,10,0
11,11,0
1,2,1
3,3,0
0,0,0
2,2,0
2,41,39
2,2,0
2,4,2
2,2,0
2,2,0
3,6,3
3,3,0
3,6,3
2,2,0
3,3,0
2,2,0
2,2,0
2,2,0
2,2,0
2,2,0
3,12,9
133,133,0
1,1,0
2,2,0
3,7,4
4,4,0
2,2,0
0,0,0
2,80,78
9,9,0
2,4,2
3,3,0
2,2,0
0,0,0
2,2,0
3,3,0
3,3,0
3,3,0
8,8,0
3,6,3
3,3,0
2,4,2
2,6,4
1,1,0
1,1,0
17,17,0
100,100,0
2,8,6
2,2,0
3,3,0
12,12,0
2,2,0
3,3,0
2,2,0
3,5,2
3,7,4
2,2,0
2,7,5
9,9,0
3,5,2
3,4,1
2,2,0
2,2,0
2,2,0
3,6,3
1,4,3
2,2,0
2,2,0
3,3,0
3,4,1
2,2,0
83,83,0
3,3,0
35,36,1
118,119,1
3,3,0
2,2,0
20,20,0
2,2,0
1,1,0
3,5,2
1,2,1
20,20,0
2,4,2
2,2,0
3,3,0
3,3,0
5,5,0
5,5,0
2,4,2
2,2,0
2,2,0
3,3,0
2,2,0
1,1,0
54,54,0
3,3,0
2,4,2
1,4,3
2,2,0
3,9,6
3,3,0
3,3,0
2,46,44
3,3,0
1,1,0
2,2,0
3,3,0
2,40,38
2,2,0
3,5,2
2,2,0
4,11,7
2,4,2
2,2,0
1,3,2
2,2,0
2,3,1
2,2,0
2,2,0
2,11,9
2,2,0
2,4,2
8,8,0
9,9,0
3,5,2
2,2,0
2,2,0
2,2,0
0,0,0
6,6,0
2,2,0
1,27,26
0,0,0
2,2,0
3,7,4
0,0,0
4,4,0
3,6,3
9,9,0
8,8,0
3,3,0
2,2,0
44,45,1
3,14,11
2,2,0
2,2,0
2,2,0
3,3,0
1,4,3
3,5,2
1,1,0
6,35,29
2,2,0
1,22,21
2,2,0
1,1,0
4,8,4
1,24,23
2,2,0
2,4,2
10,10,0
2,2,0
1,1,0
0,0,0
2,2,0
2,2,0
3,7,4
2,2,0
3,9,6
100,106,6
3,7,4
3,3,0
2,2,0
3,3,0
2,4,2
3,23,20
3,3,0
98,98,0
47,105,58
1,28,27
2,5,3
0,0,0
2,2,0
3,5,2
2,2,0
10,10,0
2,2,0
3,5,2
2,2,0
4,4,0
2,2,0
1,14,13
2,4,2
7,12,5
51,124,73
3,5,2
22,22,0
2,2,0
10,10,0
3,8,5
8,8,0
2,4,2
2,4,2
3,3,0
2,4,2
3,7,4
8,8,0
13,13,0
3,3,0
3,6,3
2,4,2
2,2,0
2,4,2
2,4,2
2,2,0
2,2,0
2,3,1
5,5,0
2,2,0
3,3,0
2,2,0
8,16,8
2,6,4
3,6,3
2,12,10
2,3,1
3,13,10
3,3,0
6,6,0
2,2,0
1,1,0
2,2,0
2,2,0
3,4,1
2,2,0
2,2,0
2,2,0
9,9,0
1,2,1
2,2,0
8,24,16
2,2,0
3,5,2
2,4,2
3,4,1
2,4,2
3,3,0
2,2,0
2,2,0
2,10,8
2,4,2
2,2,0
3,3,0
2,2,0
2,2,0
1,4,3
3,3,0
0,0,0
3,3,0
1,2,1
2,2,0
2,2,0
2,2,0
3,3,0
2,2,0
3,5,2
2,2,0
1,2,1
2,4,2
3,4,1
8,8,0
3,11,8
2,2,0
3,3,0
2,2,0
3,14,11
2,10,8
2,2,0
2,4,2
2,2,0
2,2,0
30,66,36
5,17,12
1,2,1
0,0,0
2,2,0
9,9,0
8,8,0
48,73,25
2,2,0
2,2,0
7,7,0
3,5,2
2,2,0
3,3,0
3,5,2
8,8,0
6,6,0
2,2,0
2,8,6
2,4,2
1,1,0
2,2,0
3,5,2
3,3,0
3,8,5
3,3,0
2,2,0
3,6,3
1,1,0
2,2,0
3,5,2
3,3,0
2,3,1
1,2,1
2,2,0
3,3,0
0,0,0
2,2,0
2,2,0
4,5,1
1,1,0
5,5,0
2,9,7
2,2,0
4,4,0
2,2,0
4,4,0
2,2,0
1,4,3
2,2,0
3,5,2
50,50,0
2,5,3
2,2,0
20,20,0
3,22,19
3,9,6
1,6,5
2,2,0
3,3,0
8,8,0
1,6,5
1,1,0
2,2,0
2,2,0
0,0,0
1,4,3
2,2,0
3,3,0
2,2,0
2,2,0
4,4,0
8,8,0
2,2,0
100,109,9
40,43,3
2,2,0
1,6,5
3,5,2
10,10,0
2,2,0
2,2,0
2,2,0
2,2,0
2,4,2
2,2,0
2,2,0
2,2,0
2,7,5
3,3,0
2,2,0
14,14,0
3,6,3
2,2,0
0,0,0
3,6,3
2,4,2
2,2,0
2,2,0
2,6,4
13,15,2
3,3,0
2,2,0
84,98,14
0,0,0
4,4,0
2,4,2
2,2,0
4,6,2
14,14,0
3,5,2
2,2,0
2,2,0
0,0,0
2,2,0
3,5,2
1,1,0
1,2,1
0,0,0
4,4,0
1,1,0
3,8,5
3,9,6
2,4,2
9,9,0
2,2,0
2,2,0
2,4,2
2,2,0
3,3,0
2,2,0
3,5,2
3,3,0
3,3,0
1,1,0
2,2,0
1,1,0
100,100,0
3,6,3
3,22,19
10,10,0
10,10,0
2,2,0
2,2,0
1,3,2
2,2,0
2,6,4
3,7,4
2,5,3
2,2,0
2,2,0
2,2,0
2,20,18
141,141,0
20,20,0
3,8,5
1,1,0
2,3,1
2,6,4
4,4,0
3,9,6
8,8,0
10,10,0
6,6,0
2,2,0
2,2,0
2,45,43
100,100,0
3,3,0
2,2,0
1,1,0
4,4,0
2,4,2
2,2,0
3,3,0
8,8,0
1,2,1
2,2,0
2,2,0
2,168,166
3,3,0
3,3,0
1,1,0
2,2,0
2,7,5
46,108,62
2,2,0
2,2,0
11,11,0
16,16,0
3,4,1
2,3,1
0,0,0
3,8,5
2,7,5
2,2,0
4,4,0
1,9,8
2,2,0
2,2,0
0,0,0
41,41,0
6,6,0
2,4,2
2,2,0
8,8,0
2,2,0
3,5,2
3,3,0
2,17,15
2,2,0
6,49,43
8,8,0
0,0,0
2,2,0
6,6,0
3,3,0
3,5,2
2,2,0
2,4,2
2,2,0
2,2,0
3,3,0
2,2,0
2,2,0
9,9,0
2,28,26
3,5,2
2,2,0
2,4,2
2,2,0
2,2,0
2,3,1
1,1,0
8,8,0
1,1,0
0,0,0
3,7,4
2,2,0
1,1,0
2,2,0
2,2,0
2,64,62
1,9,8
8,8,0
2,2,0
2,4,2
2,4,2
2,2,0
0,0,0
2,2,0
3,9,6
2,2,0
20,22,2
2,2,0
2,2,0
6,6,0
2,5,3
2,10,8
2,2,0
8,8,0
2,2,0
2,2,0
2,2,0
2,10,8
1,2,1
2,2,0
2,2,0
2,2,0
0,0,0
3,7,4
2,2,0
3,3,0
2,2,0
2,2,0
1,1,0
6,6,0
2,2,0
1,4,3
2,2,0
2,2,0
100,100,0
3,26,23
2,12,10
2,4,2
3,3,0
1,1,0
2,3,1
2,2,0
0,0,0
2,2,0
3,3,0
3,9,6
2,2,0
3,3,0
1,1,0
3,3,0
3,6,3
2,2,0
3,5,2
0,0,0
3,15,12
0,0,0
2,2,0
3,15,12
2,2,0
2,4,2
8,8,0
3,3,0
3,3,0
2,2,0
2,2,0
0,0,0
2,2,0
2,2,0
3,5,2
2,2,0
2,2,0
1,21,20
20,20,0
2,2,0
51,98,47
8,8,0
1,1,0
0,0,0
2,6,4
1,5,4
2,2,0
2,2,0
2,2,0
2,2,0
2,2,0
2,6,4
2,2,0
2,45,43
2,2,0
3,10,7
3,3,0
0,0,0
2,2,0
2,6,4
3,5,2
2,2,0
2,2,0
3,6,3
0,0,0
3,5,2
1,8,7
2,4,2
2,4,2
1,1,0
2,2,0
2,2,0
10,10,0
2,2,0
8,8,0
4,4,0
2,13,11
1,1,0
2,2,0
2,15,13
2,2,0
3,5,2
3,3,0
10,18,8
2,2,0
22,22,0
2,2,0
9,9,0
2,5,3
2,2,0
2,2,0
1,1,0
60,60,0
3,43,40
2,2,0
4,8,4
2,2,0
3,14,11
2,2,0
3,7,4
3,4,1
2,6,4
2,4,2
2,2,0
3,35,32
43,77,34
16,16,0
2,2,0
2,11,9
2,2,0
8,8,0
2,4,2
2,80,78
2,2,0
1,1,0
2,2,0
2,3,1
98,98,0
9,9,0
3,3,0
8,8,0
2,2,0
2,3,1
2,2,0
3,29,26
14,14,0
2,2,0
2,2,0
3,7,4
1,1,0
1,14,13
2,5,3
3,11,8
1,76,75
2,5,3
3,3,0
2,2,0
2,2,0
2,2,0
8,8,0
2,2,0
8,8,0
3,3,0
2,2,0
3,3,0
2,2,0
2,2,0
2,4,2
1,4,3
8,8,0
3,3,0
1,1,0
2,2,0
1,2,1
2,2,0
3,7,4
1,27,26
2,2,0
2,2,0
2,2,0
90,267,177
2,2,0
2,2,0
2,2,0
2,2,0
3,15,12
1,1,0
2,2,0
2,3,1
2,2,0
3,3,0
2,2,0
2,2,0
2,2,0
2,2,0
2,2,0
5,5,0
2,2,0
3,3,0
2,2,0
2,2,0
2,2,0
2,2,0
1,1,0
2,45,43
4,4,0
2,2,0
2,2,0
4,4,0
8,8,0
2,6,4
2,2,0
1,1,0
2,8,6
2,2,0
3,6,3
1,1,0
2,5,3
1,25,24
4,4,0
2,2,0
2,2,0
8,10,2
0,0,0
3,8,5
2,2,0
2,2,0
2,2,0
1,21,20
2,2,0
48,48,0
2,2,0
2,2,0
2,2,0
2,2,0
3,3,0
3,20,17
88,88,0
2,2,0
1,1,0
2,2,0
2,2,0
2,11,9
2,2,0
2,3,1
2,2,0
3,3,0
2,2,0
8,8,0
2,80,78
2,2,0
4,4,0
1,1,0
100,100,0
2,3,1
3,3,0
2,2,0
3,5,2
2,2,0
3,3,0
2,9,7
2,4,2
2,2,0
2,4,2
2,2,0
3,7,4
2,4,2
1,2,1
2,2,0
0,0,0
1,1,0
3,3,0
3,10,7
2,2,0
2,7,5
1,1,0
4,4,0
1,1,0
3,3,0
4,4,0
6,6,0
3,5,2
3,3,0
2,45,43
2,2,0
2,2,0
2,2,0
8,9,1
9,9,0
1,2,1
2,2,0
2,8,6
2,2,0
22,22,0
3,6,3
2,2,0
3,3,0
3,5,2
3,3,0
3,3,0
2,4,2
3,3,0
4,7,3
2,2,0
2,2,0
3,3,0
23,23,0
10,10,0
2,2,0
1,11,10
1,2,1
3,3,0
2,82,80
0,0,0
8,8,0
2,2,0
1,22,21
2,2,0
96,98,2
2,2,0
2,2,0
3,3,0
2,2,0
2,2,0
6,6,0
2,2,0
2,2,0
8,8,0
2,2,0
1,2,1
2,2,0
3,3,0
6,7,1
3,3,0
2,2,0
3,3,0
1,2,1
3,7,4
2,2,0
1,21,20
3,7,4
3,3,0
7,7,0
5,7,2
2,2,0
2,2,0
6,14,8
3,3,0
9,9,0
2,3,1
2,4,2
1,1,0
2,2,0
3,3,0
2,2,0
2,21,19
3,5,2
4,4,0
3,3,0
3,14,11
2,2,0
2,9,7
1,6,5
20,20,0
3,3,0
8,10,2
0,0,0
3,3,0
40,40,0
2,2,0
1,2,1
2,2,0
2,2,0
1,1,0
2,2,0
2,2,0
2,22,20
2,7,5
3,3,0
2,10,8
2,2,0
6,6,0
2,6,4
4,4,0
3,3,0
2,2,0
2,4,2
3,8,5
2,2,0
1,3,2
2,2,0
2,4,2
1,1,0
3,3,0
2,2,0
2,3,1
3,3,0
0,0,0
0,0,0
22,22,0
154,154,0
2,16,14
4,4,0
2,2,0
2,2,0
2,2,0
9,9,0
1,1,0
1,3,2
1,1,0
2,2,0
137,137,0
2,2,0
2,4,2
2,2,0
2,2,0
3,4,1
9,9,0
2,2,0
2,4,2
2,2,0
3,3,0
2,4,2
2,2,0
2,2,0
2,2,0
3,3,0
3,5,2
2,2,0
2,2,0
2,3,1
2,3,1
2,2,0
3,5,2
1,14,13
2,3,1
2,2,0
2,2,0
2,2,0
1,1,0
3,3,0
3,7,4
6,6,0
0,0,0
3,3,0
2,2,0
2,4,2
9,9,0
2,2,0
2,3,1
2,2,0
2,113,111
3,7,4
3,5,2
2,2,0
2,2,0
2,2,0
8,8,0
3,3,0
2,3,1
34,36,2
3,3,0
1,74,73
2,2,0
2,2,0
2,2,0
3,17,14
3,9,6
3,6,3
2,2,0
2,2,0
6,7,1
1,1,0
3,3,0
3,7,4
2,18,16
1,1,0
2,2,0
8,8,0
2,2,0
3,3,0
11,11,0
2,2,0
2,2,0
2,4,2
4,4,0
3,5,2
9,13,4
2,2,0
3,3,0
4,4,0
2,3,1
2,2,0
3,5,2
3,3,0
3,7,4
2,2,0
2,5,3
2,8,6
3,3,0
2,4,2
1,1,0
3,11,8
3,3,0
2,2,0
2,2,0
3,5,2
3,3,0
12,12,0
2,2,0
2,2,0
2,2,0
2,2,0
2,2,0
11,11,0
2,2,0
3,6,3
1,8,7
2,6,4
4,4,0
3,5,2
2,4,2
2,2,0
3,3,0
3,7,4
2,2,0
2,2,0
2,20,18
2,2,0
2,4,2
3,5,2
24,28,4
2,2,0
3,6,3
1,1,0
2,2,0
3,5,2
2,2,0
3,3,0
83,119,36
2,7,5
8,8,0
3,6,3
2,2,0
2,2,0
0,0,0
2,2,0
9,9,0
0,0,0
31,31,0
1,1,0
3,5,2
2,2,0
6,6,0
2,2,0
2,2,0
2,2,0
2,2,0
3,3,0
2,2,0
9,9,0
2,2,0
5,24,19
0,0,0
3,5,2
2,2,0
2,2,0
2,4,2
2,5,3
1,4,3
2,2,0
90,90,0
3,3,0
3,3,0
2,2,0
2,47,45
2,2,0
3,5,2
3,14,11
1,2,1
2,2,0
2,3,1
9,9,0
2,2,0
3,3,0
2,2,0
2,2,0
2,2,0
2,6,4
3,4,1
3,8,5
2,24,22
3,7,4
2,3,1
3,3,0
6,6,0
3,3,0
3,3,0
3,22,19
60,121,61
2,2,0
2,6,4
2,2,0
5,5,0
3,3,0
2,2,0
1,19,18
3,7,4
2,2,0
2,2,0
1,1,0
2,2,0
11,11,0
1,1,0
2,2,0
3,5,2
1,5,4
2,2,0
8,8,0
1,2,1
2,10,8
1,2,1
1,2,1
3,3,0
3,3,0
2,2,0
3,3,0
3,3,0
2,2,0
6,6,0
2,2,0
9,9,0
3,3,0
2,2,0
3,3,0
2,4,2
3,3,0
8,8,0
1,1,0
1,2,1
9,57,48
2,14,12
3,11,8
2,2,0
3,5,2
3,3,0
3,11,8
3,3,0
1,3,2
3,3,0
8,8,0
3,5,2
3,7,4
2,2,0
2,2,0
2,2,0
3,3,0
9,9,0
3,3,0
1,7,6
3,5,2
3,9,6
10,10,0
3,5,2
2,2,0
3,6,3
3,3,0
2,2,0
2,2,0
3,12,9
2,2,0
2,2,0
2,2,0
6,6,0
3,6,3
1,15,14
4,19,15
2,2,0
1,1,0
0,0,0
2,2,0
8,8,0
2,2,0
2,2,0
2,4,2
42,42,0
1,2,1
2,2,0
0,0,0
2,4,2
1,7,6
0,0,0
4,4,0
3,5,2
1,1,0
0,0,0
0,0,0
2,13,11
3,7,4
2,3,1
51,51,0
2,2,0
13,15,2
2,2,0
25,25,0
4,5,1
4,4,0
11,11,0
0,0,0
15,16,1
3,5,2
89,89,0
3,8,5
2,2,0
2,2,0
4,4,0
3,5,2
2,2,0
2,2,0
2,2,0
60,60,0
2,2,0
2,2,0
3,6,3
2,2,0
2,4,2
1,5,4
2,2,0
6,6,0
2,2,0
2,2,0
3,5,2
2,3,1
2,4,2
2,2,0
3,3,0
1,1,0
3,3,0
8,10,2
3,3,0
20,20,0
100,200,100
2,2,0
13,13,0
0,0,0
3,5,2
2,2,0
12,12,0
3,3,0
2,80,78
9,9,0
0,0,0
2,2,0
4,4,0
3,3,0
4,4,0
3,3,0
2,2,0
2,2,0
3,3,0
3,5,2
2,2,0
2,4,2
3,3,0
1,60,59
2,2,0
2,2,0
2,2,0
1,1,0
2,39,37
8,8,0
2,3,1
0,0,0
3,3,0
2,5,3
6,31,25
1,3,2
1,1,0
3,3,0
2,2,0
3,12,9
2,39,37
11,11,0
3,5,2
100,100,0
2,2,0
0,0,0
1,11,10
3,3,0
8,8,0
3,3,0
1,2,1
4,4,0
2,2,0
3,3,0
2,2,0
2,2,0
1,1,0
3,3,0
2,2,0
2,3,1
3,3,0
21,22,1
2,2,0
2,2,0
2,2,0
3,10,7
2,4,2
3,8,5
2,2,0
11,11,0
3,11,8
2,2,0
3,5,2
2,2,0
2,4,2
2,2,0
2,4,2
1,2,1
2,2,0
3,3,0
2,2,0
2,2,0
1,3,2
212,212,0
0,0,0
2,2,0
9,9,0
3,4,1
3,3,0
3,7,4
3,3,0
2,2,0
3,3,0
3,3,0
3,3,0
3,5,2
72,109,37
3,5,2
1,2,1
9,9,0
2,6,4
3,3,0
1,2,1
2,3,1
3,9,6
2,4,2
2,4,2
3,5,2
1,1,0
2,2,0
3,3,0
2,2,0
8,8,0
2,6,4
2,2,0
3,3,0
2,2,0
2,2,0
8,8,0
2,2,0
3,3,0
56,56,0
20,20,0
0,0,0
2,2,0
100,106,6
2,2,0
2,2,0
3,3,0
2,2,0
3,3,0
2,2,0
1,1,0
2,2,0
2,2,0
2,2,0
3,3,0
2,2,0
2,2,0
3,20,17
2,2,0
2,2,0
0,0,0
7,7,0
3,3,0
2,2,0
3,5,2
20,24,4
6,6,0
3,3,0
2,2,0
2,2,0
1,1,0
3,3,0
2,82,80
1,1,0
3,3,0
2,5,3
3,15,12
3,3,0
2,2,0
3,5,2
2,2,0
6,6,0
2,2,0
2,4,2
2,10,8
51,51,0
20,20,0
0,0,0
2,2,0
3,3,0
2,2,0
2,2,0
2,2,0
73,77,4
8,8,0
3,9,6
2,2,0
3,28,25
2,3,1
3,3,0
1,5,4
3,6,3
3,3,0
3,5,2
2,2,0
3,3,0
3,3,0
3,3,0
2,2,0
2,2,0
2,2,0
13,71,58
3,4,1
100,104,4
2,3,1
3,7,4
3,7,4
37,37,0
3,3,0
12,12,0
2,2,0
0,0,0
2,4,2
2,3,1
2,4,2
2,4,2
1,1,0
3,3,0
4,4,0
3,3,0
6,8,2
8,8,0
163,167,4
2,3,1
10,10,0
1,26,25
1,1,0
1,1,0
3,3,0
1,1,0
3,3,0
2,2,0
2,2,0
3,3,0
2,2,0
3,3,0
3,5,2
2,2,0
3,3,0
2,2,0
8,8,0
3,9,6
2,2,0
3,7,4
10,219,209
22,22,0
0,0,0
1,1,0
3,3,0
3,3,0
3,3,0
2,2,0
5,5,0
2,3,1
2,2,0
0,0,0
2,4,2
2,2,0
1,2,1
1,28,27
3,3,0
2,2,0
2,53,51
2,4,2
2,2,0
9,9,0
2,2,0
3,6,3
3,3,0
2,2,0
1,1,0
8,26,18
0,0,0
1,2,1
8,8,0
2,9,7
2,2,0
8,8,0
2,2,0
2,2,0
19,19,0
3,3,0
2,3,1
3,10,7
2,2,0
9,9,0
0,0,0
1,2,1
2,2,0
1,1,0
1,22,21
2,2,0
2,2,0
2,2,0
2,2,0
2,2,0
71,71,0
16,16,0
11,11,0
1,8,7
3,3,0
3,3,0
3,3,0
57,75,18
3,3,0
1,25,24
1,7,6
2,2,0
1,3,2
2,4,2
2,2,0
2,2,0
0,0,0
3,4,1
2,2,0
2,2,0
3,13,10
9,9,0
2,2,0
2,2,0
2,2,0
1,1,0
2,2,0
2,2,0
11,11,0
3,3,0
2,2,0
2,2,0
2,10,8
2,2,0
2,2,0
3,5,2
2,2,0
2,14,12
2,2,0
1,2,1
2,4,2
2,2,0
11,11,0
48,50,2
22,22,0
2,2,0
2,2,0
3,3,0
3,3,0
3,3,0
0,0,0
3,3,0
186,186,0
3,3,0
2,16,14
2,6,4
2,2,0
3,6,3
2,2,0
3,3,0
7,11,4
2,2,0
2,2,0
1,6,5
2,2,0
3,4,1
3,3,0
2,2,0
2,2,0
51,51,0
9,9,0
11,11,0
1,1,0
2,2,0
2,2,0
1,1,0
1,7,6
1,3,2
2,2,0
3,7,4
2,2,0
16,36,20
10,10,0
2,2,0
2,2,0
2,6,4
2,3,1
1,1,0
3,3,0
4,4,0
97,97,0
3,3,0
7,7,0
2,4,2
0,0,0
0,0,0
8,8,0
3,8,5
1,1,0
3,7,4
3,5,2
2,4,2
3,3,0
8,8,0
1,1,0
3,3,0
2,2,0
0,0,0
1,15,14
2,2,0
2,10,8
2,2,0
9,9,0
2,2,0
2,2,0
20,20,0
2,2,0
3,7,4
3,5,2
2,2,0
3,3,0
1,1,0
2,2,0
9,9,0
3,3,0
2,5,3
2,4,2
1,26,25
3,4,1
2,170,168
2,2,0
2,2,0
3,3,0
27,27,0
18,18,0
1,5,4
2,2,0
2,4,2
2,2,0
3,3,0
3,3,0
2,2,0
1,29,28
2,2,0
3,3,0
9,9,0
6,6,0
9,9,0
2,4,2
3,3,0
2,2,0
2,2,0
1,2,1
3,3,0
2,2,0
2,2,0
1,24,23
0,0,0
3,3,0
1,23,22
0,0,0
3,5,2
1,47,46
0,0,0
2,2,0
3,8,5
6,6,0
8,8,0
2,4,2
3,3,0
98,98,0
9,9,0
2,17,15
2,4,2
1,12,11
23,23,0
2,3,1
14,14,0
3,28,25
3,3,0
2,21,19
3,3,0
1,7,6
1,2,1
2,9,7
3,3,0
2,5,3
2,2,0
3,3,0
3,8,5
2,2,0
6,6,0
8,8,0
0,0,0
9,9,0
2,2,0
1,2,1
2,2,0
8,8,0
4,4,0
2,2,0
2,3,1
2,2,0
2,2,0
100,101,1
3,7,4
2,3,1
1,7,6
2,2,0
9,9,0
2,2,0
2,3,1
0,0,0
2,2,0
2,2,0
3,3,0
2,2,0
2,2,0
8,8,0
2,2,0
3,3,0
2,2,0
3,7,4
2,6,4
3,3,0
4,4,0
1,2,1
3,3,0
3,3,0
2,3,1
2,96,94
2,6,4
0,0,0
2,2,0
1,8,7
8,8,0
8,16,8
19,19,0
2,2,0
2,2,0
4,4,0
1,3,2
4,6,2
3,3,0
2,8,6
2,4,2
2,2,0
2,2,0
2,4,2
2,2,0
3,5,2
2,5,3
2,13,11
9,9,0
1,3,2
3,5,2
3,3,0
1,1,0
3,7,4
2,2,0
2,2,0
9,9,0
2,2,0
2,2,0
7,7,0
8,8,0
2,3,1
2,19,17
3,9,6
3,7,4
2,4,2
3,13,10
3,5,2
2,2,0
9,11,2
0,0,0
2,2,0
2,2,0
1,2,1
3,5,2
2,2,0
0,0,0
2,2,0
7,7,0
13,13,0
3,3,0
1,8,7
2,2,0
2,2,0
3,4,1
2,2,0
3,3,0
8,8,0
3,3,0
3,3,0
2,2,0
2,7,5
1,1,0
4,4,0
0,0,0
2,4,2
2,2,0
2,2,0
3,3,0
2,4,2
1,2,1
3,29,26
2,2,0
2,13,11
3,3,0
10,10,0
5,5,0
3,4,1
9,9,0
3,5,2
3,3,0
0,0,0
2,6,4
3,3,0
4,5,1
3,3,0
3,3,0
1,26,25
2,3,1
2,2,0
1,7,6
2,14,12
2,6,4
2,2,0
2,57,55
10,10,0
2,2,0
3,7,4
2,2,0
0,0,0
8,8,0
0,0,0
1,4,3
2,5,3
2,2,0
2,4,2
1,6,5
1,1,0
3,5,2
3,3,0
2,4,2
2,2,0
1,1,0
9,9,0
1,1,0
2,2,0
2,2,0
2,2,0
2,2,0
2,2,0
12,12,0
3,5,2
1,26,25
2,2,0
2,25,23
3,3,0
2,6,4
2,2,0
8,8,0
3,3,0
2,2,0
2,2,0
2,2,0
2,5,3
2,6,4
2,5,3
2,4,2
3,3,0
2,2,0
10,10,0
2,2,0
2,2,0
2,3,1
2,2,0
1,7,6
47,49,2
0,0,0
10,10,0
9,9,0
2,2,0
2,2,0
3,5,2
2,2,0
2,2,0
9,9,0
2,2,0
3,5,2
2,2,0
9,9,0
3,3,0
1,3,2
2,4,2
3,7,4
3,3,0
2,2,0
2,2,0
6,95,89
2,12,10
0,0,0
2,2,0
3,3,0
2,2,0
0,0,0
2,2,0
2,2,0
2,2,0
3,9,6
1,1,0
2,2,0
2,2,0
3,3,0
1,1,0
2,2,0
4,4,0
135,135,0
3,3,0
3,8,5
3,3,0
3,3,0
2,2,0
10,11,1
2,2,0
2,2,0
3,5,2
2,2,0
1,2,1
3,3,0
2,2,0
8,8,0
3,7,4
2,2,0
0,0,0
10,16,6
1,1,0
3,3,0
3,3,0
3,3,0
1,22,21
3,3,0
3,5,2
36,36,0
2,2,0
3,3,0
2,4,2
2,2,0
2,2,0
1,6,5
3,3,0
2,2,0
2,8,6
2,2,0
2,2,0
2,4,2
3,21,18
2,2,0
2,2,0
3,3,0
2,10,8
3,3,0
3,3,0
3,3,0
3,7,4
2,6,4
14,14,0
2,2,0
3,3,0
3,3,0
3,5,2
2,2,0
3,3,0
3,7,4
1,1,0
3,3,0
2,2,0
2,3,1
2,2,0
2,2,0
88,168,80
1,75,74
0,0,0
3,3,0
1,2,1
100,100,0
1,42,41
2,2,0
1,1,0
2,2,0
2,2,0
3,5,2
2,4,2
2,4,2
2,2,0
2,2,0
2,4,2
2,2,0
2,2,0
8,8,0
3,3,0
5,5,0
3,3,0
1,26,25
1,1,0
2,2,0
2,5,3
3,3,0
2,2,0
2,2,0
2,2,0
2,2,0
2,2,0
2,2,0
2,2,0
2,2,0
1,4,3
2,3,1
0,0,0
2,4,2
2,2,0
0,0,0
3,6,3
3,3,0
2,2,0
3,3,0
9,9,0
100,104,4
98,98,0
2,2,0
2,6,4
3,7,4
3,7,4
3,3,0
8,8,0
51,101,50
2,2,0
12,12,0
46,46,0
2,2,0
2,2,0
2,2,0
3,3,0
0,0,0
2,2,0
5,5,0
9,9,0
349,455,106
2,2,0
2,4,2
2,6,4
1,2,1
2,2,0
88,101,13
3,3,0
2,43,41
2,2,0
6,6,0
2,4,2
1,1,0
2,2,0
2,3,1
90,157,67
2,2,0
2,2,0
1,92,91
2,2,0
2,2,0
3,3,0
92,92,0
2,2,0
2,4,2
1,6,5
2,2,0
22,22,0
2,2,0
2,2,0
2,2,0
11,11,0
2,2,0
2,2,0
2,21,19
2,2,0
2,2,0
127,127,0
2,3,1
2,6,4
100,100,0
3,5,2
3,3,0
9,9,0
2,4,2
8,60,52
2,2,0
0,0,0
1,1,0
2,2,0
2,2,0
19,36,17
3,7,4
3,19,16
2,2,0
0,0,0
2,7,5
2,2,0
8,8,0
2,2,0
8,8,0
1,9,8
5,5,0
0,0,0
1,1,0
2,2,0
4,9,5
2,8,6
3,6,3
2,29,27
2,2,0
7,7,0
2,2,0
2,2,0
2,2,0
3,3,0
2,2,0
2,2,0
1,3,2
1,1,0
3,11,8
2,2,0
3,3,0
51,101,50
2,2,0
2,2,0
3,3,0
6,6,0
3,3,0
3,7,4
2,2,0
3,17,14
3,7,4
2,2,0
1,2,1
9,9,0
8,8,0
11,54,43
2,9,7
2,4,2
3,5,2
2,2,0
3,5,2
2,2,0
3,3,0
5,23,18
3,7,4
2,2,0
22,24,2
2,2,0
8,8,0
2,4,2
2,2,0
1,2,1
3,3,0
2,2,0
9,29,20
3,8,5
2,2,0
2,9,7
2,7,5
3,3,0
22,22,0
9,9,0
2,2,0
3,4,1
2,45,43
2,2,0
2,2,0
1,2,1
8,8,0
3,9,6
3,3,0
7,8,1
2,2,0
2,2,0
4,5,1
2,2,0
3,3,0
5,5,0
8,8,0
2,2,0
2,4,2
5,5,0
2,2,0
2,2,0
1,2,1
0,0,0
2,11,9
3,3,0
3,3,0
3,3,0
2,2,0
2,2,0
3,3,0
1,1,0
33,37,4
0,0,0
3,3,0
86,86,0
1,4,3
3,3,0
2,4,2
3,3,0
3,3,0
3,16,13
10,13,3
2,2,0
2,3,1
3,6,3
3,4,1
8,8,0
3,3,0
3,3,0
3,6,3
0,0,0
3,3,0
3,3,0
1,1,0
3,11,8
5,41,36
3,6,3
1,2,1
3,5,2
100,100,0
9,9,0
1,1,0
2,12,10
2,2,0
3,5,2
2,2,0
0,0,0
3,3,0
2,2,0
9,9,0
2,2,0
2,4,2
2,2,0
12,12,0
2,2,0
5,9,4
1,40,39
2,2,0
11,11,0
2,2,0
98,98,0
8,8,0
3,3,0
5,5,0
3,3,0
2,2,0
3,5,2
2,3,1
3,5,2
3,3,0
2,4,2
2,20,18
3,7,4
1,8,7
3,3,0
2,2,0
2,2,0
2,2,0
3,11,8
9,9,0
2,2,0
15,15,0
8,8,0
3,6,3
3,5,2
3,8,5
1,1,0
66,66,0
3,4,1
2,2,0
3,5,2
2,2,0
2,2,0
3,3,0
6,8,2
2,8,6
2,4,2
2,2,0
2,2,0
2,12,10
8,8,0
2,12,10
51,51,0
2,2,0
2,4,2
5,5,0
4,7,3
3,5,2
51,51,0
2,86,84
30,30,0
0,0,0
2,2,0
3,3,0
2,2,0
2,6,4
2,2,0
3,5,2
2,5,3
2,2,0
3,3,0
2,2,0
20,20,0
2,2,0
2,2,0
1,1,0
2,3,1
2,2,0
2,4,2
8,8,0
3,3,0
2,2,0
2,2,0
3,3,0
2,2,0
2,2,0
2,9,7
4,4,0
2,4,2
0,0,0
2,2,0
2,2,0
2,2,0
2,2,0
1,1,0
2,2,0
1,1,0
5,5,0
9,9,0
2,2,0
2,2,0
2,4,2
1,1,0
1,1,0
2,2,0
1,1,0
2,2,0
3,5,2
2,4,2
2,4,2
2,2,0
3,5,2
1,10,9
2,2,0
2,2,0
2,2,0
2,4,2
2,2,0
2,5,3
2,2,0
2,2,0
1,1,0
3,3,0
3,4,1
3,7,4
2,2,0
3,3,0
3,5,2
2,6,4
7,10,3
30,30,0
3,3,0
2,2,0
3,3,0
9,15,6
1,1,0
3,7,4
1,1,0
2,2,0
2,2,0
2,2,0
9,9,0
3,4,1
2,2,0
3,5,2
2,5,3
3,4,1
3,3,0
2,2,0
4,13,9
2,5,3
0,0,0
2,2,0
2,2,0
2,2,0
28,28,0
8,8,0
2,2,0
0,0,0
2,4,2
0,0,0
314,314,0
2,2,0
2,2,0
0,0,0
2,2,0
2,2,0
2,2,0
2,2,0
2,6,4
2,2,0
2,2,0
22,22,0
22,22,0
2,3,1
100,100,0
0,0,0
3,3,0
2,2,0
2,4,2
2,2,0
8,8,0
2,16,14
60,121,61
3,3,0
2,2,0
2,2,0
3,9,6
2,2,0
2,2,0
1,3,2
2,2,0
2,4,2
3,3,0
2,2,0
2,2,0
2,2,0
1,2,1
3,3,0
3,5,2
2,2,0
3,3,0
30,30,0
2,2,0
0,0,0
4,4,0
3,3,0
1,1,0
9,9,0
2,2,0
3,3,0
0,0,0
2,6,4
2,2,0
1,1,0
3,3,0
2,2,0
2,2,0
192,192,0
4,4,0
6,6,0
1,1,0
0,0,0
4,6,2
3,7,4
2,2,0
2,2,0
2,2,0
3,3,0
1,2,1
2,2,0
3,7,4
100,100,0
3,3,0
2,2,0
3,4,1
2,2,0
2,2,0
2,2,0
2,2,0
20,20,0
3,8,5
2,5,3
1,2,1
12,12,0
2,2,0
3,5,2
1,66,65
60,121,61
2,2,0
2,2,0
9,9,0
16,16,0
2,2,0
3,4,1
2,2,0
2,2,0
2,2,0
3,4,1
3,3,0
2,2,0
2,4,2
2,2,0
9,9,0
3,3,0
5,7,2
4,4,0
8,26,18
2,2,0
3,23,20
16,17,1
2,6,4
18,68,50
9,9,0
2,2,0
2,2,0
2,2,0
2,2,0
2,2,0
2,4,2
0,0,0
2,2,0
2,2,0
3,3,0
3,7,4
2,3,1
6,9,3
3,3,0
3,3,0
2,6,4
2,2,0
2,6,4
50,115,65
2,4,2
6,6,0
3,3,0
0,0,0
3,9,6
11,11,0
2,2,0
3,3,0
2,6,4
3,5,2
0,0,0
3,3,0
2,2,0
9,9,0
100,104,4
3,3,0
2,3,1
2,5,3
3,5,2
2,2,0
0,0,0
3,11,8
3,8,5
3,7,4
3,3,0
1,1,0
2,2,0
3,3,0
3,27,24
2,2,0
1,4,3
8,8,0
2,2,0
2,2,0
8,8,0
2,2,0
2,2,0
3,5,2
2,2,0
2,2,0
3,3,0
2,2,0
2,2,0
2,2,0
2,2,0
3,3,0
3,3,0
2,2,0
10,10,0
2,2,0
1,4,3
2,4,2
3,5,2
0,0,0
2,82,80
3,3,0
5,5,0
2,2,0
3,3,0
3,3,0
3,7,4
2,4,2
2,4,2
4,28,24
2,2,0
8,8,0
14,14,0
3,3,0
11,11,0
2,139,137
2,3,1
2,2,0
1,1,0
6,6,0
2,2,0
2,2,0
9,9,0
2,2,0
1,6,5
2,82,80
3,3,0
0,0,0
2,4,2
3,3,0
5,5,0
6,6,0
2,2,0
2,80,78
2,2,0
3,11,8
2,2,0
1,4,3
2,4,2
97,98,1
2,2,0
10,10,0
3,3,0
3,3,0
2,2,0
2,2,0
1,4,3
1,1,0
2,9,7
2,2,0
2,2,0
3,7,4
2,2,0
2,2,0
3,3,0
2,2,0
2,2,0
9,9,0
2,4,2
8,8,0
2,2,0
2,5,3
2,4,2
2,4,2
3,3,0
3,5,2
3,3,0
3,3,0
2,4,2
16,16,0
2,2,0
2,2,0
6,15,9
3,6,3
4,4,0
3,10,7
1,1,0
1,2,1
20,20,0
1,2,1
3,9,6
2,2,0
3,21,18
1,26,25
2,4,2
2,2,0
11,11,0
2,2,0
2,2,0
3,3,0
8,8,0
2,2,0
2,2,0
3,3,0
2,2,0
4,4,0
2,2,0
2,2,0
2,2,0
2,2,0
13,13,0
2,2,0
2,4,2
3,5,2
2,4,2
6,6,0
50,50,0
2,4,2
3,10,7
3,3,0
3,3,0
2,2,0
3,3,0
2,6,4
1,74,73
1,1,0
2,2,0
3,3,0
16,16,0
1,1,0
2,2,0
2,2,0
2,2,0
8,8,0
3,3,0
2,2,0
3,9,6
1,1,0
1,2,1
3,6,3
3,9,6
3,3,0
2,3,1
2,2,0
9,9,0
3,3,0
2,2,0
2,2,0
1,2,1
2,2,0
3,3,0
4,4,0
2,2,0
3,9,6
2,2,0
1,1,0
3,6,3
2,15,13
2,2,0
8,8,0
87,94,7
2,2,0
2,2,0
2,2,0
2,6,4
2,2,0
2,2,0
3,5,2
2,2,0
1,1,0
2,2,0
2,2,0
2,2,0
12,13,1
2,2,0
2,2,0
3,7,4
3,3,0
14,14,0
2,2,0
2,2,0
20,20,0
2,2,0
3,3,0
2,2,0
8,8,0
2,4,2
2,2,0
2,2,0
2,2,0
2,2,0
18,21,3
2,2,0
2,3,1
2,4,2
3,3,0
2,2,0
1,1,0
0,0,0
8,8,0
1,3,2
2,2,0
2,2,0
2,2,0
2,2,0
5,5,0
84,105,21
2,3,1
3,5,2
3,3,0
2,6,4
3,5,2
2,2,0
2,2,0
2,2,0
5,5,0
2,2,0
5,5,0
2,2,0
2,2,0
3,9,6
1,2,1
4,6,2
38,39,1
2,6,4
1,1,0
2,2,0
2,2,0
2,4,2
1,60,59
1,4,3
2,2,0
1,2,1
4,12,8
1,3,2
2,2,0
2,13,11
2,2,0
1,29,28
2,2,0
100,100,0
1,1,0
3,6,3
2,2,0
2,4,2
2,4,2
2,2,0
6,8,2
3,5,2
9,9,0
1,6,5
2,2,0
1,2,1
2,4,2
8,8,0
2,2,0
12,14,2
2,2,0
2,2,0
129,129,0
2,3,1
2,3,1
8,8,0
3,5,2
2,2,0
2,2,0
2,2,0
3,5,2
3,8,5
17,17,0
4,7,3
2,2,0
3,11,8
2,2,0
2,2,0
2,2,0
3,4,1
2,4,2
12,12,0
3,3,0
2,2,0
3,7,4
1,22,21
3,5,2
1,5,4
3,5,2
3,3,0
2,2,0
3,3,0
2,4,2
2,2,0
1,2,1
3,6,3
2,4,2
2,2,0
2,2,0
3,3,0
0,0,0
0,0,0
3,3,0
1,6,5
6,6,0
2,6,4
3,5,2
1,1,0
3,8,5
3,10,7
3,5,2
13,14,1
3,3,0
2,2,0
4,5,1
2,4,2
2,2,0
2,2,0
1,3,2
3,5,2
20,23,3
3,5,2
2,2,0
6,6,0
3,7,4
2,2,0
3,3,0
2,2,0
3,3,0
2,2,0
2,2,0
1,1,0
1,11,10
1,3,2
3,3,0
2,4,2
5,8,3
2,2,0
4,4,0
3,3,0
6,19,13
16,16,0
3,3,0
2,5,3
2,5,3
2,2,0
2,2,0
2,2,0
2,2,0
2,80,78
3,5,2
2,18,16
3,3,0
1,1,0
3,3,0
3,5,2
2,80,78
1,23,22
2,2,0
2,4,2
5,5,0
2,2,0
2,2,0
0,0,0
3,7,4
2,2,0
9,13,4
51,51,0
1,5,4
12,13,1
10,10,0
3,8,5
1,1,0
2,2,0
3,5,2
2,2,0
2,2,0
3,3,0
2,5,3
2,10,8
2,2,0
2,2,0
3,5,2
9,11,2
1,4,3
2,2,0
2,2,0
2,2,0
2,2,0
9,9,0
3,3,0
2,57,55
2,2,0
3,3,0
1,1,0
2,2,0
2,2,0
3,4,1
9,9,0
1,4,3
2,3,1
3,3,0
2,2,0
0,0,0
2,3,1
2,2,0
2,2,0
3,5,2
6,6,0
2,8,6
2,2,0
1,1,0
0,0,0
2,5,3
3,3,0
2,2,0
8,12,4
2,2,0
2,2,0
9,9,0
0,0,0
2,2,0
3,9,6
3,3,0
3,3,0
3,20,17
81,81,0
5,5,0
2,6,4
1,5,4
2,2,0
3,3,0
1,3,2
3,3,0
3,5,2
2,4,2
3,3,0
2,42,40
2,2,0
1,2,1
3,3,0
2,2,0
2,2,0
2,2,0
1,1,0
2,2,0
3,3,0
3,3,0
1,3,2
2,2,0
3,8,5
4,4,0
2,2,0
3,3,0
3,9,6
2,2,0
3,3,0
2,8,6
3,3,0
100,104,4
0,0,0
1,2,1
36,38,2
3,3,0
0,0,0
2,2,0
9,9,0
3,10,7
2,2,0
1,1,0
3,10,7
23,23,0
3,3,0
2,172,170
3,3,0
9,9,0
2,4,2
2,2,0
2,2,0
4,4,0
3,3,0
2,2,0
6,8,2
1,2,1
2,2,0
2,2,0
3,7,4
2,3,1
3,9,6
2,5,3
3,3,0
1,4,3
2,2,0
2,9,7
6,7,1
3,5,2
8,8,0
2,2,0
2,2,0
2,2,0
1,1,0
35,37,2
3,5,2
0,0,0
3,5,2
2,2,0
4,4,0
2,3,1
2,2,0
3,12,9
2,2,0
2,2,0
2,2,0
3,9,6
11,13,2
2,2,0
2,2,0
4,4,0
2,2,0
2,2,0
3,8,5
2,2,0
2,2,0
3,5,2
2,2,0
2,2,0
2,4,2
2,2,0
1,4,3
2,2,0
2,2,0
2,2,0
10,10,0
2,2,0
2,2,0
2,2,0
2,4,2
3,6,3
3,3,0
2,2,0
3,3,0
2,2,0
2,2,0
3,15,12
2,2,0
2,4,2
4,4,0
3,7,4
2,4,2
11,11,0
1,1,0
2,2,0
1,3,2
3,3,0
4,4,0
2,17,15
3,3,0
2,49,47
11,11,0
9,10,1
3,3,0
2,2,0
12,15,3
2,2,0
2,2,0
2,2,0
1,2,1
2,2,0
0,0,0
3,3,0
3,4,1
3,3,0
3,3,0
2,7,5
3,3,0
2,2,0
3,3,0
2,2,0
2,2,0
2,2,0
2,2,0
3,21,18
2,2,0
1,10,9
99,99,0
5,5,0
2,2,0
2,2,0
2,2,0
1000,1000,0
2,2,0
8,8,0
2,2,0
2,2,0
2,2,0
4,4,0
2,2,0
3,3,0
3,7,4
58,58,0
10,10,0
2,2,0
9,9,0
2,2,0
2,2,0
2,2,0
1,1,0
3,18,15
3,5,2
2,2,0
1,1,0
9,9,0
1,3,2
1,2,1
2,2,0
8,8,0
1,1,0
2,3,1
3,3,0
0,0,0
3,11,8
2,2,0
3,3,0
2,2,0
8,8,0
0,0,0
3,3,0
3,3,0
2,2,0
2,2,0
2,2,0
2,2,0
2,4,2
2,2,0
84,84,0
3,3,0
2,4,2
2,2,0
2,4,2
2,2,0
2,2,0
2,2,0
2,2,0
2,4,2
3,7,4
1,77,76
2,7,5
3,3,0
3,3,0
2,2,0
3,9,6
10,12,2
2,3,1
2,4,2
3,3,0
2,64,62
2,6,4
5,5,0
2,2,0
3,3,0
3,97,94
2,4,2
2,2,0
2,2,0
2,2,0
2,2,0
3,5,2
2,2,0
2,2,0
3,3,0
3,3,0
88,88,0
3,3,0
2,2,0
3,5,2
1,2,1
2,2,0
2,8,6
8,8,0
3,5,2
2,2,0
3,3,0
2,2,0
2,4,2
3,5,2
1,15,14
3,3,0
3,3,0
2,2,0
49,49,0
5,5,0
3,6,3
2,4,2
2,2,0
1,1,0
2,2,0
3,3,0
2,2,0
2,2,0
1,21,20
2,2,0
2,4,2
3,3,0
18,22,4
3,8,5
3,9,6
2,2,0
1,6,5
2,2,0
3,3,0
2,2,0
2,2,0
12,12,0
3,5,2
2,2,0
9,9,0
2,2,0
2,5,3
3,5,2
2,3,1
2,2,0
4,4,0
2,2,0
2,2,0
2,2,0
1,28,27
2,4,2
8,8,0
2,2,0
3,8,5
10,23,13
1,1,0
3,3,0
8,8,0
3,3,0
2,2,0
2,5,3
3,3,0
2,2,0
2,2,0
2,2,0
9,16,7
5,5,0
2,4,2
8,8,0
2,2,0
2,2,0
2,2,0
8,8,0
2,2,0
2,6,4
2,2,0
2,2,0
3,3,0
3,5,2
3,3,0
2,2,0
2,2,0
1,1,0
8,8,0
11,17,6
2,8,6
2,3,1
1,32,31
1,1,0
2,2,0
3,3,0
2,7,5
2,2,0
3,3,0
57,73,16
3,3,0
0,0,0
2,2,0
3,3,0
2,10,8
8,8,0
2,4,2
2,16,14
3,17,14
2,2,0
2,4,2
11,11,0
8,8,0
3,9,6
2,2,0
8,8,0
2,2,0
2,2,0
12,14,2
2,2,0
44,44,0
3,5,2
3,7,4
1,2,1
2,2,0
3,3,0
0,0,0
1,2,1
2,4,2
3,5,2
9,9,0
1,1,0
3,5,2
0,0,0
2,2,0
2,2,0
3,3,0
2,2,0
2,2,0
4,4,0
3,3,0
1,3,2
0,0,0
3,3,0
4,4,0
3,5,2
139,216,77
1,2,1
1,1,0
3,3,0
3,3,0
2,2,0
3,3,0
1,1,0
1,3,2
2,2,0
21,21,0
2,2,0
10,10,0
2,2,0
3,3,0
2,2,0
6,6,0
3,3,0
0,0,0
89,89,0
2,2,0
9,9,0
2,2,0
2,2,0
2,2,0
2,4,2
3,7,4
2,2,0
3,3,0
2,2,0
3,3,0
0,0,0
3,5,2
2,2,0
3,10,7
2,2,0
2,2,0
2,2,0
2,2,0
1,4,3
98,98,0
7,7,0
1,1,0
3,4,1
3,3,0
2,2,0
2,2,0
3,5,2
3,3,0
1,1,0
1,1,0
2,2,0
2,2,0
2,3,1
51,74,23
3,5,2
2,2,0
2,4,2
4,5,1
3,3,0
2,5,3
3,3,0
3,3,0
1,1,0
3,3,0
2,6,4
2,2,0
3,3,0
3,3,0
2,2,0
2,2,0
3,14,11
4,4,0
4,8,4
1,75,74
2,2,0
2,2,0
3,5,2
3,3,0
3,9,6
2,2,0
2,2,0
3,18,15
19,19,0
2,2,0
2,3,1
2,2,0
2,2,0
2,2,0
2,2,0
1,1,0
3,6,3
2,2,0
8,8,0
2,2,0
3,5,2
2,3,1
3,3,0
0,0,0
2,2,0
2,2,0
2,2,0
1,1,0
1,1,0
3,3,0
2,11,9
3,3,0
2,4,2
2,2,0
2,16,14
3,3,0
2,80,78
2,2,0
2,6,4
1,6,5
2,3,1
2,2,0
3,3,0
3,3,0
2,2,0
2,2,0
2,2,0
13,13,0
3,3,0
2,3,1
2,2,0
9,9,0
3,7,4
3,4,1
2,9,7
2,6,4
1,10,9
1,9,8
3,3,0
3,5,2
3,3,0
8,8,0
2,2,0
5,5,0
2,2,0
2,6,4
30,30,0
2,2,0
3,3,0
92,94,2
2,2,0
2,2,0
2,2,0
2,3,1
3,3,0
8,8,0
2,5,3
2,4,2
2,4,2
2,2,0
0,0,0
3,3,0
2,2,0
2,2,0
3,3,0
5,7,2
2,2,0
1,2,1
33,33,0
2,4,2
0,0,0
6,6,0
3,3,0
1,2,1
7,7,0
3,3,0
2,2,0
0,0,0
2,2,0
3,3,0
3,5,2
2,8,6
2,2,0
3,5,2
2,2,0
8,11,3
3,3,0
9,9,0
3,7,4
2,2,0
3,5,2
0,0,0
1,6,5
3,5,2
1,1,0
0,0,0
4,4,0
3,3,0
6,6,0
114,118,4
2,2,0
3,3,0
2,2,0
2,5,3
3,3,0
9,9,0
2,2,0
3,5,2
2,2,0
92,92,0
2,2,0
3,3,0
2,3,1
2,2,0
1,1,0
2,2,0
2,2,0
3,5,2
2,4,2
2,2,0
153,153,0
2,2,0
45,45,0
1,1,0
1,3,2
3,3,0
2,2,0
1,1,0
3,5,2
8,8,0
9,9,0
3,3,0
2,2,0
2,2,0
3,5,2
4,4,0
2,9,7
2,6,4
3,3,0
2,4,2
2,2,0
2,2,0
2,2,0
0,0,0
9,9,0
2,2,0
2,2,0
8,8,0
1,8,7
2,2,0
4,4,0
2,2,0
2,2,0
2,2,0
2,2,0
3,3,0
3,3,0
2,4,2
2,62,60
2,2,0
2,2,0
3,7,4
3,3,0
2,9,7
2,2,0
3,5,2
2,12,10
1,3,2
8,8,0
1,2,1
3,3,0
2,2,0
3,3,0
9,9,0
2,2,0
0,0,0
3,9,6
3,9,6
2,2,0
3,5,2
3,7,4
2,5,3
2,16,14
3,16,13
16,18,2
8,8,0
1,10,9
5,5,0
52,52,0
11,11,0
3,3,0
3,12,9
3,5,2
2,2,0
6,6,0
2,2,0
3,3,0
9,9,0
2,2,0
2,2,0
3,3,0
1,1,0
2,4,2
1,2,1
2,2,0
2,2,0
3,5,2
2,2,0
3,3,0
2,2,0
2,6,4
3,3,0
3,4,1
1,26,25
2,2,0
6,6,0
2,2,0
3,3,0
3,3,0
2,2,0
2,21,19
55,56,1
2,2,0
2,2,0
2,5,3
3,3,0
1,1,0
2,6,4
2,2,0
2,2,0
2,2,0
3,9,6
3,5,2
14,14,0
3,3,0
2,6,4
3,3,0
2,4,2
3,5,2
2,2,0
3,10,7
2,4,2
2,6,4
2,2,0
0,0,0
1,3,2
3,5,2
2,2,0
2,4,2
3,3,0
3,5,2
2,2,0
3,3,0
2,4,2
2,2,0
3,7,4
2,2,0
2,2,0
3,5,2
2,2,0
2,2,0
1,2,1
2,2,0
2,2,0
3,3,0
14,14,0
2,2,0
2,2,0
2,2,0
2,4,2
3,12,9
3,3,0
3,4,1
1,1,0
2,8,6
5,5,0
2,2,0
8,8,0
1,1,0
8,8,0
1,1,0
2,6,4
5,5,0
2,2,0
24,24,0
3,3,0
2,4,2
2,2,0
2,2,0
4,4,0
2,2,0
2,2,0
3,12,9
3,8,5
3,3,0
3,3,0
3,38,35
1,2,1
2,2,0
1,1,0
3,9,6
0,0,0
2,2,0
3,3,0
2,2,0
2,2,0
3,6,3
0,0,0
3,3,0
9,9,0
3,3,0
4,4,0
2,2,0
2,12,10
3,5,2
8,8,0
2,2,0
2,10,8
2,2,0
2,2,0
2,2,0
2,3,1
1,1,0
0,0,0
3,3,0
100,106,6
1,1,0
3,4,1
0,0,0
2,3,1
2,4,2
3,9,6
3,3,0
2,4,2
3,8,5
1,1,0
1,2,1
7,7,0
1,2,1
2,4,2
2,2,0
0,0,0
3,7,4
2,2,0
2,2,0
134,230,96
0,0,0
8,8,0
2,2,0
2,8,6
2,2,0
9,21,12
2,4,2
1,4,3
3,3,0
7,7,0
2,2,0
2,2,0
11,11,0
8,8,0
4,4,0
9,9,0
2,2,0
2,2,0
2,2,0
2,2,0
15,15,0
3,8,5
2,2,0
2,2,0
2,2,0
3,3,0
2,2,0
22,22,0
2,2,0
2,2,0
3,3,0
2,2,0
3,5,2
2,4,2
2,2,0
2,5,3
8,8,0
2,4,2
3,3,0
1,2,1
2,2,0
2,2,0
5,5,0
3,6,3
1,2,1
2,4,2
10,10,0
4,4,0
3,3,0
2,3,1
1,12,11
2,2,0
2,2,0
2,2,0
1,2,1
1,1,0
2,4,2
2,2,0
2,2,0
1,7,6
3,3,0
2,4,2
1,4,3
2,2,0
1,2,1
1,5,4
2,2,0
2,4,2
3,3,0
9,9,0
40,43,3
10,10,0
3,3,0
4,4,0
2,2,0
2,2,0
3,7,4
2,12,10
3,3,0
1,1,0
3,3,0
2,2,0
2,2,0
2,2,0
29,36,7
2,2,0
3,3,0
1,2,1
2,3,1
3,3,0
24,26,2
4,4,0
2,2,0
2,4,2
3,3,0
2,6,4
2,2,0
3,5,2
3,11,8
4,4,0
2,2,0
2,3,1
2,2,0
2,4,2
1,3,2
2,2,0
0,0,0
2,2,0
3,5,2
3,3,0
8,8,0
2,26,24
2,2,0
3,4,1
2,2,0
2,3,1
3,3,0
2,2,0
2,2,0
2,2,0
1,2,1
2,3,1
3,3,0
2,2,0
1,1,0
3,11,8
2,2,0
2,2,0
3,3,0
21,23,2
2,4,2
2,7,5
2,2,0
2,2,0
2,4,2
2,4,2
1,1,0
3,3,0
2,2,0
3,3,0
2,2,0
2,2,0
3,4,1
2,2,0
1,2,1
2,2,0
3,3,0
1,2,1
2,7,5
2,2,0
2,2,0
2,10,8
1,1,0
2,4,2
2,4,2
15,25,10
2,3,1
2,2,0
2,2,0
3,14,11
2,2,0
2,2,0
2,2,0
1,1,0
2,3,1
2,3,1
2,2,0
2,2,0
3,3,0
2,7,5
3,3,0
2,2,0
1,3,2
2,2,0
2,27,25
2,2,0
2,4,2
0,0,0
2,16,14
9,9,0
2,2,0
2,6,4
2,4,2
2,11,9
1,1,0
3,7,4
2,7,5
2,4,2
2,4,2
3,3,0
2,4,2
2,2,0
4,9,5
3,3,0
3,39,36
14,14,0
2,2,0
2,2,0
3,9,6
2,2,0
4,4,0
2,2,0
3,3,0
2,2,0
2,4,2
6,6,0
2,2,0
2,2,0
3,3,0
1,2,1
2,84,82
2,2,0
4,4,0
2,2,0
3,3,0
2,2,0
2,2,0
2,26,24
6,27,21
2,2,0
2,2,0
1,28,27
99,99,0
2,2,0
2,2,0
3,3,0
2,3,1
1,2,1
1,1,0
8,8,0
3,4,1
2,2,0
9,9,0
2,2,0
4,4,0
2,2,0
3,7,4
2,2,0
2,2,0
2,2,0
2,11,9
3,3,0
3,3,0
2,2,0
1,1,0
2,2,0
3,3,0
2,4,2
2,2,0
2,2,0
2,6,4
2,2,0
2,2,0
9,9,0
2,2,0
7,7,0
3,3,0
1,1,0
2,2,0
2,5,3
3,5,2
2,2,0
2,2,0
3,3,0
32,32,0
0,0,0
3,4,1
2,2,0
22,22,0
3,9,6
4,7,3
2,2,0
2,2,0
9,9,0
2,2,0
2,2,0
2,2,0
5,11,6
3,8,5
3,3,0
3,5,2
2,2,0
10,10,0
3,5,2
1,2,1
32,36,4
2,2,0
2,2,0
1,5,4
10,11,1
3,7,4
2,2,0
3,3,0
3,3,0
2,2,0
9,13,4
1,1,0
83,83,0
8,8,0
2,2,0
3,3,0
1,2,1
2,2,0
2,8,6
0,0,0
2,2,0
2,2,0
2,4,2
1,2,1
3,5,2
56,58,2
3,5,2
1,25,24
3,3,0
8,8,0
2,4,2
3,3,0
2,2,0
2,2,0
2,2,0
25,25,0
2,22,20
3,3,0
8,8,0
2,2,0
2,4,2
0,0,0
3,3,0
2,2,0
2,2,0
2,2,0
2,2,0
2,2,0
3,3,0
2,2,0
2,2,0
2,2,0
24,24,0
2,2,0
100,100,0
2,2,0
2,2,0
3,3,0
17,17,0
3,3,0
6,6,0
2,80,78
0,0,0
3,7,4
1,1,0
1,1,0
4,73,69
1,2,1
2,2,0
2,3,1
23,23,0
1,23,22
3,3,0
3,25,22
2,2,0
1,3,2
3,3,0
0,0,0
3,3,0
1,1,0
3,3,0
2,2,0
2,2,0
100,153,53
1,1,0
2,8,6
2,2,0
2,2,0
2,2,0
2,2,0
1,2,1
2,4,2
2,25,23
2,2,0
1,1,0
1,1,0
2,2,0
18,22,4
3,3,0
2,3,1
2,2,0
4,6,2
2,4,2
2,2,0
4,7,3
2,5,3
1,1,0
2,2,0
8,8,0
12,12,0
4,4,0
2,2,0
3,3,0
3,6,3
2,2,0
3,5,2
22,23,1
1,2,1
0,0,0
1,1,0
4,5,1
1,22,21
2,2,0
3,3,0
2,2,0
3,5,2
3,5,2
3,7,4
6,11,5
3,3,0
2,8,6
2,17,15
6,6,0
0,0,0
2,2,0
2,2,0
3,3,0
2,2,0
2,8,6
2,2,0
20,20,0
2,2,0
1,1,0
2,2,0
2,2,0
2,2,0
3,3,0
2,80,78
2,2,0
2,2,0
17,17,0
2,2,0
2,6,4
3,3,0
3,3,0
8,8,0
3,7,4
1,22,21
20,20,0
3,5,2
2,2,0
2,2,0
2,2,0
3,5,2
2,3,1
2,2,0
2,2,0
3,9,6
2,2,0
3,10,7
3,7,4
3,9,6
2,4,2
2,32,30
1,23,22
3,7,4
2,4,2
2,2,0
2,2,0
3,3,0
3,8,5
2,2,0
0,0,0
2,2,0
3,3,0
100,200,100
2,2,0
31,34,3
2,2,0
10,12,2
2,2,0
2,2,0
3,3,0
3,9,6
3,3,0
3,3,0
3,3,0
8,8,0
2,2,0
2,5,3
9,9,0
1,2,1
0,0,0
1,21,20
1,1,0
2,36,34
2,2,0
3,3,0
0,0,0
2,2,0
2,2,0
2,2,0
3,15,12
3,5,2
2,2,0
6,6,0
2,2,0
3,7,4
1,1,0
3,3,0
14,14,0
3,12,9
3,13,10
8,8,0
2,3,1
2,2,0
3,7,4
20,20,0
2,2,0
2,2,0
2,2,0
3,3,0
4,4,0
1,2,1
2,2,0
3,4,1
2,4,2
9,9,0
3,3,0
2,2,0
2,2,0
2,2,0
1,1,0
2,2,0
1,14,13
2,80,78
1,3,2
6,8,2
3,3,0
8,198,190
3,4,1
2,2,0
2,2,0
3,3,0
2,3,1
8,8,0
2,2,0
2,2,0
81,81,0
2,3,1
9,9,0
2,3,1
3,12,9
2,2,0
3,7,4
2,2,0
1,3,2
3,3,0
2,2,0
2,2,0
2,2,0
2,2,0
7,7,0
2,2,0
2,7,5
2,2,0
0,0,0
2,6,4
2,2,0
3,4,1
4,4,0
8,8,0
2,2,0
5,5,0
2,3,1
22,22,0
2,3,1
3,3,0
2,2,0
3,3,0
1,1,0
3,9,6
1,1,0
2,2,0
2,2,0
20,20,0
2,3,1
8,8,0
2,4,2
3,5,2
3,6,3
2,2,0
1,3,2
1,27,26
3,4,1
2,2,0
2,4,2
2,2,0
2,16,14
2,2,0
2,2,0
1,2,1
2,2,0
2,3,1
3,12,9
2,2,0
2,2,0
2,2,0
3,5,2
4,4,0
2,2,0
2,23,21
3,5,2
100,100,0
1,1,0
3,3,0
2,2,0
3,4,1
8,8,0
2,4,2
0,0,0
2,6,4
2,8,6
2,2,0
1,2,1
1,1,0
1,1,0
2,13,11
2,2,0
2,2,0
2,4,2
2,2,0
3,7,4
2,2,0
2,2,0
3,8,5
2,2,0
3,3,0
3,3,0
1,58,57
2,2,0
5,15,10
3,3,0
51,52,1
3,3,0
2,2,0
2,4,2
1,2,1
3,3,0
2,2,0
2,7,5
2,4,2
2,2,0
2,67,65
2,6,4
2,2,0
1,1,0
3,5,2
2,2,0
2,2,0
2,8,6
2,16,14
10,10,0
2,2,0
3,3,0
1,3,2
97,99,2
2,2,0
2,2,0
2,2,0
5,5,0
2,2,0
8,8,0
1,20,19
3,7,4
2,4,2
2,2,0
2,3,1
2,28,26
2,32,30
1,6,5
5,5,0
3,7,4
1,1,0
1,1,0
3,5,2
2,2,0
1,4,3
1,6,5
2,2,0
3,5,2
2,2,0
2,4,2
2,2,0
9,9,0
3,5,2
1,1,0
7,8,1
2,6,4
1,2,1
1,2,1
3,7,4
3,5,2
2,2,0
2,3,1
1,1,0
2,2,0
1,1,0
2,54,52
2,2,0
8,8,0
1,1,0
3,8,5
2,2,0
2,2,0
9,9,0
2,4,2
0,0,0
2,2,0
2,10,8
3,3,0
10,30,20
2,2,0
0,0,0
4,7,3
2,4,2
2,2,0
3,5,2
3,3,0
2,8,6
2,2,0
18,18,0
2,4,2
3,3,0
4,43,39
3,5,2
2,3,1
2,8,6
3,7,4
9,9,0
4,8,4
2,2,0
2,16,14
3,3,0
2,2,0
0,0,0
2,4,2
2,2,0
2,2,0
92,95,3
3,6,3
3,3,0
1,26,25
2,2,0
1,22,21
2,2,0
2,3,1
3,3,0
3,3,0
3,5,2
2,4,2
2,2,0
3,3,0
69,96,27
9,9,0
3,3,0
3,3,0
2,2,0
2,4,2
60,60,0
1,1,0
11,11,0
3,3,0
2,95,93
11,11,0
2,2,0
3,3,0
2,3,1
2,16,14
3,5,2
2,2,0
1,24,23
2,3,1
2,2,0
2,2,0
3,13,10
2,7,5
9,9,0
0,0,0
2,2,0
2,2,0
3,3,0
2,3,1
2,2,0
2,2,0
0,0,0
4,4,0
0,0,0
3,9,6
3,3,0
2,2,0
2,2,0
2,2,0
2,2,0
1,14,13
3,3,0
2,2,0
1,22,21
2,2,0
3,3,0
2,2,0
8,8,0
2,2,0
3,3,0
1,2,1
3,3,0
2,82,80
3,5,2
2,2,0
2,2,0
3,3,0
0,0,0
3,3,0
2,6,4
2,3,1
2,6,4
2,2,0
1,1,0
2,2,0
2,4,2
8,8,0
2,2,0
3,3,0
2,4,2
2,2,0
2,5,3
9,9,0
16,16,0
2,2,0
2,2,0
3,4,1
3,3,0
66,67,1
4,4,0
3,7,4
2,2,0
19,19,0
2,23,21
2,2,0
8,8,0
8,24,16
2,74,72
2,2,0
2,8,6
9,9,0
1,1,0
2,4,2
2,3,1
100,100,0
2,2,0
7,7,0
2,2,0
2,2,0
2,9,7
3,3,0
3,5,2
1,2,1
2,2,0
3,4,1
2,2,0
9,9,0
3,3,0
2,2,0
3,3,0
2,2,0
1,3,2
3,5,2
8,8,0
1,2,1
3,10,7
3,3,0
2,2,0
2,2,0
2,2,0
4,6,2
2,2,0
0,0,0
1,1,0
2,2,0
3,7,4
12,12,0
2,2,0
2,2,0
9,9,0
2,2,0
3,9,6
2,5,3
1,1,0
3,7,4
22,42,20
4,4,0
2,2,0
2,2,0
3,7,4
3,6,3
2,2,0
2,3,1
1,3,2
2,38,36
3,4,1
10,10,0
3,4,1
2,2,0
3,3,0
2,45,43
2,2,0
6,57,51
2,2,0
1,2,1
2,4,2
0,0,0
2,4,2
2,2,0
1,4,3
3,3,0
2,2,0
3,5,2
3,12,9
3,3,0
2,2,0
1,1,0
2,2,0
2,4,2
2,2,0
8,18,10
1,1,0
10,11,1
2,16,14
87,87,0
1,48,47
2,2,0
3,3,0
2,2,0
3,23,20
3,3,0
2,6,4
2,4,2
3,3,0
3,3,0
2,4,2
2,5,3
1,1,0
3,3,0
2,2,0
0,0,0
3,5,2
3,3,0
27,29,2
2,4,2
2,2,0
3,3,0
2,4,2
2,2,0
3,3,0
3,3,0
2,2,0
2,2,0
50,100,50
2,12,10
3,3,0
1,6,5
11,11,0
2,2,0
2,2,0
1,11,10
3,3,0
2,9,7
2,2,0
2,11,9
2,2,0
10,22,12
1,1,0
5,8,3
1,9,8
3,3,0
2,2,0
2,6,4
1,138,137
0,0,0
0,0,0
3,3,0
3,13,10
3,3,0
3,7,4
0,0,0
2,2,0
2,2,0
2,2,0
0,0,0
3,12,9
9,9,0
2,3,1
1,1,0
3,3,0
2,2,0
2,2,0
2,2,0
9,9,0
1,2,1
2,2,0
2,2,0
1,23,22
4,4,0
2,3,1
2,2,0
2,2,0
2,2,0
2,2,0
2,2,0
20,20,0
2,6,4
2,2,0
3,5,2
2,2,0
3,5,2
2,5,3
3,12,9
2,2,0
1,2,1
2,2,0
10,10,0
2,6,4
23,23,0
2,2,0
3,3,0
3,5,2
2,8,6
3,3,0
3,7,4
2,2,0
3,3,0
2,2,0
3,3,0
3,3,0
3,3,0
3,11,8
2,2,0
1,1,0
2,2,0
2,2,0
3,7,4
15,15,0
1,24,23
2,3,1
2,3,1
2,2,0
3,3,0
2,2,0
47,47,0
3,5,2
2,4,2
2,2,0
2,4,2
3,11,8
1,2,1
1,1,0
11,11,0
2,2,0
2,8,6
2,2,0
2,2,0
2,2,0
98,100,2
2,2,0
3,5,2
3,9,6
1,1,0
2,2,0
1,5,4
4,4,0
2,2,0
2,2,0
3,3,0
3,3,0
3,3,0
2,2,0
2,5,3
0,0,0
3,5,2
3,3,0
1,1,0
3,3,0
4,4,0
1,36,35
9,9,0
9,9,0
3,8,5
2,2,0
2,2,0
2,2,0
1,12,11
2,2,0
2,2,0
3,3,0
3,3,0
2,2,0
8,8,0
2,19,17
2,2,0
1,1,0
3,10,7
51,51,0
21,21,0
2,8,6
2,2,0
1,22,21
3,5,2
2,4,2
2,13,11
2,2,0
3,3,0
3,5,2
2,2,0
0,0,0
3,3,0
2,4,2
2,2,0
2,2,0
2,2,0
3,7,4
5,5,0
10,10,0
3,3,0
1,1,0
2,2,0
4,4,0
1,2,1
100,100,0
2,2,0
2,4,2
3,3,0
2,2,0
3,5,2
1,1,0
3,5,2
1,1,0
1,1,0
2,2,0
2,2,0
2,2,0
2,2,0
3,3,0
2,2,0
9,9,0
2,2,0
3,3,0
1,2,1
8,8,0
2,2,0
1,2,1
2,2,0
82,90,8
3,19,16
2,5,3
3,5,2
2,2,0
2,2,0
2,4,2
1,1,0
2,2,0
2,2,0
2,2,0
2,2,0
3,5,2
2,2,0
2,2,0
2,4,2
2,2,0
3,6,3
2,3,1
2,3,1
2,82,80
1,25,24
2,2,0
1,6,5
5,26,21
1,2,1
3,7,4
2,6,4
2,4,2
3,5,2
2,2,0
2,8,6
22,22,0
9,13,4
2,2,0
2,2,0
3,7,4
5,5,0
13,13,0
2,2,0
3,3,0
2,2,0
1,3,2
1,2,1
3,3,0
28,28,0
5,5,0
3,3,0
3,5,2
3,3,0
3,3,0
2,2,0
1,1,0
5,5,0
6,6,0
2,2,0
10,10,0
2,6,4
2,2,0
1,1,0
2,2,0
2,7,5
2,2,0
1,1,0
1,1,0
87,88,1
4,6,2
2,4,2
2,2,0
2,2,0
2,2,0
2,2,0
2,2,0
2,2,0
3,3,0
2,2,0
3,3,0
2,4,2
5,16,11
3,3,0
2,20,18
2,6,4
4,4,0
2,2,0
2,2,0
2,2,0
3,3,0
2,2,0
1,21,20
2,2,0
2,2,0
2,2,0
3,3,0
3,7,4
3,3,0
2,4,2
2,2,0
0,0,0
17,17,0
3,5,2
2,2,0
3,3,0
2,2,0
2,2,0
3,3,0
2,2,0
2,2,0
2,2,0
1,4,3
1,2,1
3,8,5
15,15,0
2,2,0
2,2,0
2,2,0
2,2,0
2,2,0
2,4,2
3,6,3
6,8,2
6,7,1
3,9,6
8,8,0
8,8,0
3,4,1
2,2,0
2,2,0
1,1,0
2,2,0
2,6,4
1,12,11
2,3,1
2,2,0
2,5,3
3,3,0
4,4,0
2,2,0
1,79,78
8,13,5
2,2,0
56,56,0
2,2,0
2,2,0
9,9,0
3,3,0
3,3,0
2,2,0
3,10,7
3,8,5
2,4,2
3,3,0
3,3,0
8,8,0
2,28,26
1,8,7
2,2,0
1,1,0
2,2,0
1,1,0
2,2,0
4,7,3
2,2,0
2,2,0
10,10,0
3,5,2
3,7,4
3,5,2
8,8,0
1,23,22
248,248,0
1,1,0
3,3,0
2,2,0
2,2,0
3,5,2
4,30,26
7,9,2
2,13,11
3,7,4
6,6,0
9,9,0
2,2,0
2,2,0
6,6,0
1,2,1
1,1,0
2,2,0
2,18,16
3,7,4
3,5,2
3,5,2
2,2,0
2,2,0
2,4,2
9,9,0
2,2,0
2,2,0
51,51,0
3,6,3
2,2,0
2,2,0
100,201,101
2,3,1
2,2,0
3,5,2
2,5,3
3,3,0
2,3,1
2,2,0
1,1,0
2,2,0
2,2,0
2,2,0
2,2,0
3,3,0
3,3,0
2,2,0
3,5,2
2,2,0
3,7,4
2,12,10
2,2,0
4,4,0
2,2,0
2,2,0
2,2,0
2,2,0
1,7,6
3,5,2
2,3,1
3,6,3
1,6,5
3,3,0
2,4,2
3,3,0
10,12,2
2,2,0
2,2,0
1,2,1
2,2,0
3,5,2
1,6,5
51,51,0
29,115,86
2,11,9
2,4,2
3,7,4
2,2,0
2,2,0
2,4,2
8,8,0
2,2,0
3,3,0
2,2,0
3,3,0
2,10,8
12,12,0
3,3,0
2,7,5
3,3,0
2,13,11
6,11,5
2,2,0
2,2,0
3,5,2
1,16,15
6,6,0
8,42,34
2,2,0
2,4,2
8,8,0
3,3,0
6,7,1
2,2,0
2,2,0
2,2,0
2,2,0
3,3,0
2,2,0
3,4,1
3,4,1
2,2,0
1,1,0
1,2,1
2,2,0
2,2,0
3,3,0
4,4,0
3,7,4
3,4,1
2,5,3
3,3,0
18,18,0
3,3,0
1,6,5
3,5,2
2,6,4
2,2,0
2,2,0
2,2,0
5,5,0
2,6,4
3,3,0
2,2,0
3,3,0
1,2,1
1,3,2
3,7,4
2,2,0
2,4,2
2,2,0
2,2,0
2,4,2
85,85,0
2,2,0
3,3,0
3,3,0
2,2,0
2,2,0
2,4,2
1,3,2
2,2,0
1,21,20
3,14,11
3,3,0
1,1,0
2,2,0
1,1,0
3,4,1
2,71,69
2,2,0
2,2,0
2,2,0
3,3,0
1,1,0
2,2,0
2,2,0
2,2,0
4,4,0
1,1,0
3,3,0
3,5,2
1,5,4
3,5,2
2,2,0
3,3,0
2,7,5
3,4,1
2,2,0
2,2,0
6,6,0
2,2,0
2,2,0
1,17,16
2,17,15
0,0,0
1,25,24
2,4,2
3,4,1
2,3,1
76,119,43
100,200,100
2,13,11
9,9,0
2,2,0
1,24,23
2,4,2
8,8,0
8,8,0
8,8,0
3,3,0
3,3,0
0,0,0
2,2,0
3,5,2
11,15,4
2,2,0
3,3,0
2,3,1
1,8,7
3,7,4
2,2,0
3,5,2
3,3,0
2,19,17
10,10,0
2,4,2
2,2,0
2,4,2
24,24,0
4,4,0
1,2,1
3,3,0
2,6,4
2,4,2
2,8,6
2,2,0
2,20,18
2,2,0
1,2,1
3,3,0
2,2,0
2,2,0
2,2,0
1,1,0
3,7,4
1,2,1
3,7,4
3,11,8
3,5,2
2,2,0
2,2,0
11,11,0
2,2,0
2,6,4
2,2,0
3,19,16
3,3,0
2,6,4
2,4,2
18,78,60
2,2,0
1,7,6
2,2,0
2,2,0
2,2,0
3,5,2
8,8,0
10,10,0
2,6,4
2,4,2
3,7,4
3,3,0
2,8,6
8,8,0
3,3,0
0,0,0
2,11,9
3,6,3
2,26,24
9,9,0
2,4,2
3,5,2
2,2,0
2,2,0
6,6,0
3,3,0
11,11,0
3,10,7
8,8,0
3,8,5
2,2,0
2,2,0
2,2,0
1,2,1
2,2,0
2,2,0
4,4,0
1,1,0
1,1,0
2,2,0
33,45,12
3,3,0
2,4,2
2,2,0
2,7,5
2,6,4
2,2,0
2,2,0
2,5,3
127,127,0
2,2,0
3,8,5
2,2,0
59,59,0
2,2,0
3,3,0
2,2,0
3,3,0
3,3,0
2,2,0
1,2,1
2,2,0
3,5,2
2,2,0
2,6,4
3,10,7
2,2,0
8,8,0
3,5,2
2,3,1
3,3,0
3,5,2
3,3,0
1,1,0
3,7,4
3,4,1
2,2,0
2,2,0
2,4,2
1,2,1
2,6,4
2,2,0
3,3,0
2,2,0
6,6,0
2,2,0
0,0,0
2,2,0
2,9,7
2,2,0
2,2,0
2,80,78
4,4,0
2,2,0
2,6,4
2,10,8
2,2,0
1,5,4
2,2,0
2,3,1
2,2,0
2,2,0
9,9,0
8,8,0
2,2,0
5,5,0
1,3,2
2,2,0
2,3,1
3,5,2
1,1,0
2,2,0
3,17,14
11,11,0
3,3,0
3,3,0
2,2,0
3,3,0
2,2,0
3,5,2
2,2,0
2,2,0
7,7,0
9,9,0
2,2,0
2,26,24
2,2,0
3,3,0
3,9,6
2,2,0
1,2,1
2,2,0
2,7,5
2,2,0
2,2,0
3,3,0
2,2,0
4,4,0
10,12,2
4,4,0
2,2,0
3,3,0
3,7,4
3,5,2
2,80,78
0,0,0
3,3,0
3,9,6
2,2,0
10,10,0
2,2,0
3,5,2
2,4,2
2,2,0
2,2,0
2,2,0
4,4,0
0,0,0
23,23,0
3,10,7
1,1,0
1,1,0
2,2,0
2,2,0
2,2,0
3,3,0
1,2,1
2,2,0
2,2,0
1,1,0
2,2,0
8,8,0
3,3,0
2,2,0
1,9,8
2,2,0
2,2,0
2,2,0
2,2,0
2,2,0
2,2,0
1,79,78
2,2,0
2,2,0
3,3,0
3,3,0
2,2,0
3,3,0
1,23,22
2,2,0
70,70,0
2,6,4
3,3,0
4,73,69
1,1,0
2,2,0
2,2,0
3,3,0
2,2,0
141,141,0
2,2,0
8,40,32
2,2,0
9,9,0
54,54,0
11,11,0
2,7,5
8,8,0
3,5,2
2,2,0
1,2,1
2,2,0
3,3,0
2,2,0
2,8,6
253,485,232
4,6,2
80,80,0
3,3,0
2,2,0
2,2,0
2,3,1
10,10,0
2,2,0
2,4,2
3,3,0
2,2,0
2,2,0
1,45,44
26,26,0
3,5,2
2,3,1
3,3,0
1,2,1
2,2,0
8,8,0
0,0,0
2,2,0
8,8,0
50,50,0
2,2,0
2,4,2
2,4,2
3,5,2
2,2,0
3,3,0
1,1,0
2,2,0
1,4,3
2,2,0
10,10,0
2,6,4
2,2,0
3,5,2
2,2,0
2,2,0
2,2,0
2,2,0
2,2,0
11,11,0
2,2,0
1,4,3
2,2,0
3,7,4
1,1,0
2,10,8
2,4,2
2,2,0
3,3,0
2,6,4
2,2,0
3,3,0
2,3,1
6,9,3
0,0,0
2,2,0
0,0,0
3,5,2
3,7,4
1,1,0
1,2,1
1,3,2
5,6,1
20,20,0
26,26,0
2,3,1
3,3,0
2,40,38
3,5,2
3,3,0
2,3,1
1,6,5
3,3,0
0,0,0
2,2,0
3,7,4
2,2,0
2,2,0
2,2,0
2,2,0
2,2,0
3,4,1
9,9,0
1,1,0
2,10,8
5,5,0
3,7,4
3,3,0
4,72,68
2,2,0
2,2,0
3,3,0
3,8,5
3,3,0
100,102,2
2,2,0
3,5,2
2,4,2
3,4,1
3,3,0
2,2,0
3,3,0
2,2,0
6,6,0
2,2,0
1,22,21
3,3,0
14,14,0
1,11,10
2,2,0
22,22,0
3,7,4
3,3,0
2,2,0
3,3,0
2,2,0
3,3,0
3,3,0
2,2,0
3,3,0
2,2,0
1,1,0
3,3,0
1,74,73
2,2,0
23,96,73
2,2,0
2,2,0
2,2,0
1,1,0
2,2,0
1,1,0
2,2,0
0,0,0
3,5,2
2,2,0
51,51,0
2,2,0
2,2,0
2,14,12
3,8,5
8,8,0
3,5,2
2,4,2
2,4,2
4,4,0
3,3,0
2,2,0
8,8,0
2,5,3
2,2,0
2,4,2
2,2,0
165,165,0
2,2,0
2,2,0
1,26,25
20,20,0
2,2,0
109,109,0
3,3,0
2,2,0
2,2,0
6,6,0
3,3,0
2,2,0
3,7,4
2,2,0
3,3,0
42,42,0
2,2,0
3,5,2
3,3,0
31,34,3
0,0,0
2,3,1
2,3,1
3,3,0
3,5,2
2,2,0
3,3,0
2,4,2
1,6,5
3,3,0
2,4,2
2,2,0
2,2,0
1,2,1
9,9,0
1,24,23
3,8,5
2,2,0
3,6,3
3,7,4
2,2,0
1,1,0
2,21,19
3,5,2
2,2,0
3,8,5
2,2,0
2,2,0
2,2,0
2,2,0
3,9,6
2,2,0
2,4,2
8,8,0
2,2,0
8,8,0
2,5,3
50,52,2
3,3,0
3,3,0
2,2,0
5,6,1
2,2,0
2,2,0
1,2,1
9,9,0
2,4,2
1,1,0
3,10,7
16,24,8
2,2,0
2,2,0
3,3,0
2,2,0
2,15,13
4,4,0
1,29,28
2,4,2
3,3,0
2,2,0
2,2,0
12,12,0
2,80,78
8,8,0
2,4,2
13,13,0
3,3,0
1,1,0
2,2,0
3,3,0
1,1,0
1,2,1
2,2,0
2,4,2
2,2,0
2,4,2
3,3,0
1,9,8
5,5,0
18,24,6
3,27,24
4,8,4
2,4,2
1,2,1
3,3,0
4,4,0
7,8,1
1,1,0
8,8,0
2,2,0
2,2,0
2,6,4
2,4,2
2,2,0
3,3,0
1,1,0
6,6,0
2,2,0
2,2,0
1,2,1
2,2,0
2,2,0
11,11,0
3,7,4
21,21,0
2,2,0
1,27,26
3,3,0
2,2,0
16,60,44
3,3,0
2,2,0
2,2,0
11,34,23
3,4,1
8,8,0
2,2,0
2,2,0
16,18,2
2,2,0
2,2,0
2,2,0
3,3,0
2,3,1
3,3,0
1,1,0
2,2,0
1,1,0
2,2,0
3,8,5
2,2,0
1,3,2
3,3,0
1,2,1
22,22,0
2,2,0
8,16,8
1,2,1
3,10,7
3,9,6
2,2,0
9,9,0
2,2,0
2,2,0
2,2,0
2,2,0
2,2,0
2,30,28
1,1,0
2,3,1
3,5,2
2,2,0
2,2,0
3,3,0
0,0,0
39,44,5
24,25,1
2,2,0
2,2,0
2,3,1
2,25,23
3,3,0
1,23,22
3,5,2
2,2,0
2,2,0
2,2,0
2,6,4
1,1,0
2,2,0
22,29,7
2,2,0
27,27,0
0,0,0
11,93,82
3,5,2
3,3,0
51,62,11
2,12,10
2,2,0
2,2,0
2,2,0
2,81,79
3,5,2
2,2,0
2,2,0
1,3,2
2,2,0
8,8,0
3,7,4
0,0,0
2,2,0
6,12,6
2,6,4
1,2,1
2,2,0
2,2,0
8,8,0
12,15,3
3,3,0
2,2,0
3,5,2
8,8,0
3,3,0
1,1,0
3,3,0
1,2,1
2,2,0
3,6,3
2,2,0
2,2,0
2,2,0
2,46,44
3,3,0
2,2,0
3,4,1
2,4,2
26,26,0
100,100,0
2,2,0
2,6,4
2,7,5
9,9,0
7,7,0
2,2,0
3,7,4
10,10,0
3,5,2
2,2,0
2,2,0
2,2,0
2,2,0
2,2,0
8,8,0
3,3,0
3,11,8
2,2,0
3,8,5
3,5,2
3,9,6
2,2,0
2,2,0
2,2,0
2,2,0
3,7,4
2,2,0
2,4,2
9,9,0
0,0,0
3,7,4
2,2,0
1,2,1
2,2,0
3,3,0
2,2,0
2,2,0
2,2,0
2,15,13
9,9,0
3,3,0
2,2,0
3,3,0
3,3,0
2,2,0
2,2,0
3,3,0
2,4,2
3,3,0
2,2,0
6,6,0
1,1,0
3,3,0
3,7,4
2,2,0
2,82,80
1,1,0
2,2,0
2,5,3
2,2,0
3,5,2
2,2,0
2,2,0
2,2,0
3,3,0
2,8,6
2,2,0
2,2,0
2,2,0
1,1,0
3,3,0
2,11,9
1,1,0
1,2,1
3,3,0
1,1,0
2,2,0
50,80,30
2,2,0
3,3,0
4,4,0
2,2,0
3,5,2
2,2,0
0,0,0
1,2,1
3,3,0
2,2,0
4,5,1
2,82,80
2,2,0
3,3,0
1,1,0
8,8,0
1,5,4
2,2,0
2,4,2
2,2,0
2,2,0
3,3,0
3,10,7
2,2,0
1,1,0
0,0,0
2,9,7
8,8,0
2,2,0
98,98,0
2,2,0
6,6,0
2,4,2
6,6,0
1,2,1
28,30,2
3,3,0
3,7,4
4,4,0
2,2,0
3,8,5
23,23,0
93,94,1
2,2,0
2,6,4
17,17,0
2,2,0
3,6,3
3,72,69
2,2,0
2,4,2
3,3,0
2,7,5
1,3,2
0,0,0
2,2,0
3,13,10
2,3,1
39,39,0
0,0,0
11,13,2
97,144,47
2,2,0
2,2,0
3,3,0
6,6,0
9,9,0
2,170,168
3,7,4
2,2,0
2,2,0
2,2,0
3,3,0
9,9,0
0,0,0
0,0,0
8,8,0
8,8,0
3,3,0
3,3,0
1,1,0
3,3,0
2,2,0
0,0,0
3,3,0
1,1,0
2,8,6
2,2,0
2,2,0
3,3,0
4,4,0
3,10,7
2,2,0
0,0,0
2,2,0
9,9,0
1,2,1
4,15,11
1,27,26
0,0,0
8,8,0
1,21,20
3,3,0
2,3,1
2,2,0
135,135,0
8,8,0
2,2,0
2,8,6
2,3,1
2,2,0
2,2,0
3,3,0
3,3,0
3,4,1
2,2,0
3,3,0
3,3,0
2,6,4
2,2,0
3,7,4
1,1,0
2,2,0
2,4,2
1,23,22
3,3,0
3,3,0
1,3,2
2,2,0
2,2,0
3,8,5
2,2,0
3,3,0
2,2,0
1,1,0
2,2,0
406,417,11
2,3,1
2,2,0
2,2,0
3,3,0
3,7,4
2,4,2
4,6,2
2,2,0
64,64,0
2,2,0
2,2,0
1,8,7
8,8,0
2,4,2
3,3,0
0,0,0
3,9,6
2,2,0
3,5,2
1,2,1
3,9,6
3,3,0
3,4,1
2,2,0
8,8,0
3,3,0
5,5,0
2,4,2
3,10,7
3,3,0
11,11,0
2,2,0
2,2,0
2,2,0
2,2,0
1,9,8
0,0,0
2,5,3
2,2,0
2,2,0
2,4,2
2,9,7
1,3,2
2,2,0
2,6,4
2,2,0
27,27,0
2,2,0
1,8,7
3,3,0
3,3,0
2,2,0
3,8,5
2,2,0
2,2,0
3,3,0
2,2,0
3,5,2
2,2,0
1,3,2
1,1,0
2,2,0
2,2,0
3,5,2
2,2,0
3,3,0
2,2,0
3,3,0
2,2,0
2,2,0
2,2,0
3,5,2
3,5,2
9,9,0
1,5,4
8,9,1
2,2,0
2,2,0
2,2,0
3,3,0
1,7,6
2,2,0
3,3,0
2,5,3
3,5,2
2,2,0
3,3,0
8,8,0
2,2,0
0,0,0
3,3,0
3,7,4
2,13,11
3,3,0
2,2,0
2,2,0
1,4,3
3,4,1
2,2,0
1,24,23
2,2,0
3,3,0
2,2,0
2,2,0
2,2,0
2,6,4
1,1,0
3,7,4
2,2,0
3,3,0
3,3,0
9,10,1
2,6,4
0,0,0
2,4,2
2,2,0
2,4,2
3,3,0
3,3,0
3,4,1
1,1,0
0,0,0
1,1,0
30,30,0
2,2,0
4,5,1
1,9,8
2,2,0
1,2,1
2,2,0
3,3,0
2,2,0
1,6,5
2,2,0
2,2,0
1,3,2
3,4,1
3,7,4
2,4,2
0,0,0
3,3,0
2,2,0
1,2,1
1,2,1
2,2,0
3,5,2
2,2,0
3,3,0
1,4,3
2,2,0
2,5,3
3,5,2
3,13,10
2,5,3
1,1,0
2,2,0
3,8,5
2,2,0
5,5,0
2,3,1
2,23,21
2,2,0
2,6,4
6,6,0
90,186,96
3,3,0
4,4,0
2,2,0
51,51,0
2,4,2
2,2,0
3,3,0
3,3,0
2,2,0
3,3,0
2,2,0
3,7,4
2,2,0
3,3,0
2,8,6
2,6,4
2,2,0
11,11,0
2,4,2
2,8,6
1,2,1
2,7,5
9,9,0
2,2,0
2,2,0
1,23,22
2,2,0
1,1,0
1,1,0
3,5,2
54,54,0
50,52,2
1,2,1
11,58,47
3,3,0
2,2,0
2,4,2
17,17,0
1,2,1
5,5,0
9,9,0
2,19,17
6,6,0
1,1,0
28,28,0
2,2,0
22,25,3
8,8,0
2,22,20
8,8,0
3,5,2
3,5,2
2,2,0
3,3,0
2,2,0
3,5,2
8,8,0
2,2,0
2,2,0
4,73,69
2,2,0
3,3,0
2,4,2
2,2,0
9,9,0
1,3,2
2,2,0
1,9,8
3,6,3
0,0,0
8,8,0
1,1,0
2,8,6
2,2,0
2,2,0
6,6,0
4,56,52
1,2,1
2,2,0
1,2,1
2,2,0
2,2,0
2,3,1
2,82,80
2,2,0
3,3,0
2,8,6
3,3,0
3,9,6
3,3,0
2,2,0
2,2,0
3,3,0
2,2,0
1,2,1
2,2,0
2,2,0
2,2,0
3,6,3
2,2,0
3,3,0
1,2,1
2,2,0
2,2,0
3,8,5
2,4,2
2,2,0
3,3,0
8,8,0
2,2,0
36,38,2
1,2,1
5,5,0
3,3,0
3,3,0
3,8,5
3,7,4
1,3,2
1,3,2
2,6,4
0,0,0
2,2,0
2,2,0
3,4,1
2,2,0
3,3,0
3,3,0
2,2,0
4,6,2
27,55,28
2,3,1
3,3,0
2,2,0
3,5,2
2,2,0
2,2,0
3,18,15
2,2,0
9,9,0
2,11,9
2,2,0
4,4,0
2,4,2
2,2,0
8,8,0
3,3,0
6,12,6
2,2,0
3,3,0
3,10,7
2,2,0
5,5,0
1,1,0
3,3,0
8,8,0
2,2,0
6,8,2
3,5,2
2,248,246
2,2,0
2,11,9
4,4,0
3,3,0
2,2,0
1,4,3
1,21,20
6,6,0
3,7,4
2,17,15
2,4,2
1,5,4
2,80,78
2,2,0
0,0,0
3,3,0
14,14,0
0,0,0
1,1,0
3,3,0
2,2,0
2,2,0
0,0,0
2,2,0
2,5,3
3,3,0
2,2,0
2,2,0
3,3,0
3,5,2
10,12,2
3,5,2
2,4,2
0,0,0
3,3,0
2,2,0
2,4,2
3,3,0
3,3,0
2,2,0
2,2,0
2,2,0
2,2,0
2,9,7
2,2,0
0,0,0
0,0,0
2,2,0
8,8,0
3,3,0
2,4,2
2,2,0
9,9,0
2,3,1
2,2,0
4,4,0
3,3,0
1,2,1
2,2,0
2,2,0
2,2,0
3,3,0
2,2,0
2,2,0
3,11,8
2,2,0
2,2,0
3,5,2
6,6,0
2,2,0
2,4,2
2,2,0
6,6,0
3,3,0
3,3,0
2,2,0
2,6,4
1,2,1
2,3,1
3,3,0
3,3,0
3,3,0
2,2,0
2,2,0
2,11,9
3,3,0
3,3,0
2,2,0
8,8,0
2,3,1
1,2,1
1,1,0
2,2,0
2,2,0
2,2,0
2,2,0
0,0,0
3,3,0
3,3,0
3,3,0
9,17,8
2,2,0
3,3,0
8,8,0
3,3,0
2,2,0
2,2,0
3,5,2
6,6,0
1,2,1
9,9,0
3,9,6
3,9,6
2,2,0
2,2,0
3,6,3
3,3,0
1,1,0
2,2,0
5,7,2
81,95,14
2,2,0
2,2,0
2,2,0
2,28,26
2,2,0
1,1,0
10,10,0
4,10,6
100,100,0
2,2,0
2,2,0
0,0,0
8,15,7
2,2,0
1,2,1
2,2,0
0,0,0
1,2,1
2,2,0
2,4,2
2,4,2
135,135,0
2,80,78
2,2,0
2,2,0
2,2,0
1,1,0
41,42,1
8,8,0
13,13,0
3,3,0
10,14,4
4,4,0
2,2,0
2,2,0
2,6,4
2,2,0
2,2,0
2,4,2
3,3,0
3,9,6
2,2,0
2,4,2
3,22,19
2,2,0
2,2,0
1,12,11
91,96,5
2,3,1
2,2,0
6,6,0
8,8,0
2,2,0
2,5,3
3,9,6
2,2,0
4,5,1
3,3,0
3,3,0
8,8,0
6,35,29
0,0,0
11,15,4
3,3,0
4,4,0
3,3,0
2,4,2
3,3,0
3,5,2
1,2,1
2,2,0
1,2,1
2,2,0
3,5,2
3,3,0
2,2,0
2,2,0
2,2,0
2,2,0
8,8,0
1,24,23
8,8,0
2,2,0
2,4,2
2,2,0
2,2,0
1,2,1
3,3,0
2,3,1
8,8,0
2,2,0
2,2,0
1,1,0
2,2,0
3,3,0
2,2,0
1,2,1
2,2,0
2,2,0
4,4,0
1,2,1
2,4,2
3,7,4
2,23,21
2,22,20
3,5,2
8,16,8
3,5,2
2,2,0
28,30,2
3,3,0
3,3,0
4,4,0
2,2,0
2,6,4
2,6,4
1,3,2
3,3,0
1,2,1
2,2,0
3,3,0
2,2,0
2,42,40
2,4,2
2,2,0
1,1,0
2,2,0
3,7,4
3,5,2
0,0,0
3,5,2
1,27,26
3,3,0
94,96,2
3,10,7
68,69,1
2,2,0
2,2,0
12,12,0
2,2,0
2,4,2
2,2,0
2,2,0
2,2,0
2,2,0
2,2,0
2,2,0
2,2,0
2,3,1
2,47,45
2,2,0
2,2,0
2,2,0
3,3,0
1,21,20
18,110,92
1,1,0
2,2,0
2,2,0
1,1,0
1,2,1
2,2,0
2,2,0
8,8,0
47,47,0
2,2,0
2,2,0
9,9,0
1,3,2
9,9,0
8,8,0
3,3,0
2,4,2
2,4,2
3,3,0
3,5,2
2,6,4
2,2,0
3,3,0
2,82,80
2,2,0
3,13,10
2,3,1
3,3,0
3,7,4
45,45,0
2,6,4
2,2,0
100,272,172
2,2,0
2,2,0
2,2,0
3,3,0
55,55,0
9,29,20
11,11,0
2,2,0
3,6,3
2,2,0
3,5,2
2,2,0
2,2,0
9,9,0
3,5,2
3,3,0
9,9,0
2,2,0
2,2,0
16,16,0
1,1,0
2,2,0
3,5,2
14,17,3
8,10,2
2,8,6
3,3,0
2,2,0
5,5,0
2,2,0
11,11,0
2,4,2
3,3,0
2,2,0
2,4,2
3,7,4
2,2,0
1,1,0
3,5,2
10,10,0
2,2,0
2,2,0
2,2,0
3,5,2
3,3,0
3,4,1
3,5,2
2,2,0
2,2,0
3,7,4
9,9,0
2,4,2
3,7,4
1,2,1
3,3,0
2,2,0
2,3,1
2,8,6
5,5,0
3,7,4
3,8,5
1,1,0
8,8,0
3,23,20
1,98,97
2,2,0
2,9,7
1,7,6
9,9,0
8,8,0
0,0,0
3,3,0
3,3,0
2,2,0
2,2,0
3,3,0
9,9,0
3,3,0
2,2,0
4,4,0
2,2,0
2,2,0
3,4,1
3,7,4
2,2,0
2,2,0
2,4,2
3,3,0
6,6,0
13,13,0
2,2,0
2,2,0
2,2,0
2,2,0
3,3,0
100,297,197
12,12,0
3,17,14
3,3,0
2,2,0
2,2,0
2,2,0
2,2,0
3,3,0
1,1,0
2,15,13
2,2,0
3,3,0
2,2,0
2,2,0
3,3,0
2,2,0
1,23,22
29,29,0
1,1,0
3,7,4
7,7,0
2,2,0
2,2,0
2,2,0
2,2,0
3,3,0
2,2,0
2,4,2
2,2,0
2,4,2
2,2,0
9,9,0
2,2,0
2,2,0
13,13,0
2,2,0
2,2,0
3,3,0
10,10,0
8,8,0
2,2,0
2,3,1
2,2,0
8,8,0
1,2,1
2,3,1
1,2,1
5,5,0
5,8,3
2,2,0
15,15,0
2,2,0
3,12,9
2,2,0
1,4,3
100,200,100
3,3,0
3,8,5
3,3,0
2,2,0
1,7,6
10,18,8
2,2,0
4,4,0
14,14,0
2,2,0
2,2,0
6,6,0
3,3,0
2,2,0
2,2,0
3,3,0
2,4,2
4,4,0
2,2,0
2,4,2
2,2,0
4,4,0
3,3,0
2,6,4
2,2,0
2,2,0
3,7,4
3,3,0
2,2,0
3,5,2
3,3,0
2,2,0
0,0,0
12,12,0
2,2,0
2,2,0
2,2,0
2,2,0
0,0,0
2,2,0
3,3,0
80,85,5
1,6,5
2,2,0
0,0,0
2,2,0
2,2,0
2,2,0
8,8,0
2,2,0
2,9,7
1,61,60
3,3,0
10,10,0
3,5,2
3,7,4
4,4,0
2,2,0
2,2,0
1,2,1
2,2,0
2,2,0
3,7,4
3,10,7
1,22,21
3,3,0
2,2,0
0,0,0
2,2,0
5,5,0
4,6,2
2,2,0
2,6,4
2,2,0
2,5,3
1,1,0
2,2,0
2,2,0
3,5,2
2,2,0
3,6,3
2,2,0
1,3,2
2,2,0
32,32,0
2,2,0
3,3,0
3,5,2
2,2,0
1,25,24
2,2,0
51,129,78
2,2,0
51,74,23
2,2,0
3,8,5
8,8,0
2,2,0
1,1,0
6,6,0
7,7,0
1,1,0
3,5,2
3,3,0
1,2,1
1,1,0
2,2,0
2,8,6
2,2,0
3,5,2
1,1,0
9,9,0
2,2,0
1,1,0
2,4,2
2,2,0
2,2,0
2,2,0
3,3,0
3,3,0
2,2,0
3,3,0
3,3,0
2,2,0
2,2,0
2,17,15
2,2,0
3,9,6
2,4,2
2,2,0
2,4,2
3,3,0
3,3,0
3,3,0
3,3,0
2,2,0
3,3,0
11,11,0
1,1,0
3,14,11
3,11,8
0,0,0
6,6,0
2,2,0
62,62,0
4,9,5
2,2,0
2,2,0
3,5,2
1,3,2
3,3,0
2,2,0
0,0,0
2,2,0
3,3,0
1,2,1
1,10,9
2,2,0
2,2,0
2,8,6
2,2,0
8,8,0
3,11,8
1,1,0
3,3,0
2,2,0
2,4,2
3,3,0
3,3,0
3,3,0
2,2,0
2,2,0
3,5,2
2,2,0
2,5,3
2,4,2
1,3,2
3,5,2
3,3,0
2,2,0
2,2,0
1,4,3
1,2,1
2,2,0
1,1,0
2,2,0
2,3,1
2,2,0
2,2,0
2,2,0
7,7,0
2,2,0
2,4,2
3,3,0
2,3,1
1,6,5
1,2,1
6,12,6
3,3,0
2,3,1
2,2,0
2,2,0
2,4,2
2,2,0
2,4,2
2,2,0
12,12,0
2,8,6
1,6,5
11,11,0
2,4,2
2,4,2
1,1,0
0,0,0
8,8,0
2,2,0
3,3,0
2,47,45
3,12,9
8,8,0
2,2,0
5,5,0
2,2,0
3,12,9
2,2,0
2,10,8
2,9,7
2,2,0
2,2,0
2,2,0
2,2,0
2,7,5
8,8,0
1,2,1
2,13,11
4,4,0
2,7,5
3,10,7
87,94,7
3,4,1
9,9,0
3,5,2
3,5,2
3,5,2
1,3,2
1,1,0
3,3,0
4,4,0
3,3,0
1,1,0
2,26,24
3,3,0
3,3,0
3,3,0
2,4,2
1,2,1
3,4,1
2,2,0
2,2,0
2,2,0
3,5,2
100,100,0
3,3,0
2,6,4
1,1,0
3,3,0
2,2,0
3,3,0
2,2,0
9,9,0
2,2,0
2,2,0
1,1,0
8,9,1
2,2,0
3,3,0
2,2,0
0,0,0
3,8,5
19,20,1
2,2,0
2,2,0
2,2,0
2,2,0
2,6,4
1,2,1
1,4,3
2,2,0
4,4,0
3,7,4
3,3,0
2,8,6
2,2,0
1,1,0
2,2,0
2,2,0
2,5,3
4,4,0
2,2,0
1,1,0
2,2,0
8,8,0
2,2,0
3,5,2
3,3,0
2,2,0
3,5,2
2,4,2
1,24,23
3,3,0
3,4,1
2,2,0
2,2,0
1,2,1
2,2,0
2,2,0
9,9,0
0,0,0
1,1,0
1,2,1
2,15,13
2,2,0
1,1,0
7,7,0
2,2,0
3,7,4
2,2,0
3,5,2
3,11,8
0,0,0
2,22,20
2,2,0
20,20,0
2,8,6
2,2,0
3,9,6
2,4,2
3,3,0
3,3,0
2,4,2
2,2,0
2,2,0
0,0,0
8,8,0
3,7,4
3,3,0
1,2,1
3,4,1
2,2,0
1,1,0
3,6,3
0,0,0
2,2,0
2,2,0
2,2,0
2,2,0
2,2,0
3,7,4
3,3,0
2,2,0
2,6,4
2,2,0
5,5,0
3,8,5
9,9,0
2,2,0
2,80,78
0,0,0
1,1,0
3,3,0
2,2,0
2,4,2
8,8,0
6,6,0
2,2,0
1,1,0
6,22,16
2,2,0
2,2,0
4,4,0
6,38,32
3,3,0
2,9,7
2,2,0
3,3,0
0,0,0
3,5,2
2,7,5
1,3,2
2,2,0
2,2,0
3,3,0
2,2,0
2,2,0
4,29,25
86,92,6
2,2,0
3,7,4
3,7,4
2,2,0
2,4,2
3,3,0
2,2,0
2,4,2
3,3,0
2,2,0
2,4,2
11,11,0
3,3,0
9,9,0
2,5,3
109,109,0
2,2,0
2,2,0
2,2,0
2,80,78
2,2,0
3,3,0
3,3,0
1,4,3
2,4,2
3,5,2
3,3,0
3,3,0
29,29,0
54,54,0
2,4,2
8,8,0
2,2,0
3,3,0
2,2,0
1,1,0
2,6,4
2,4,2
2,2,0
2,2,0
4,4,0
3,3,0
16,76,60
3,3,0
2,2,0
2,2,0
3,3,0
2,2,0
1,1,0
16,16,0
123,159,36
2,2,0
2,2,0
2,2,0
2,4,2
2,2,0
2,2,0
9,12,3
2,2,0
1,1,0
3,7,4
2,2,0
2,2,0
1,1,0
11,11,0
2,4,2
2,2,0
2,37,35
2,2,0
1,9,8
2,2,0
2,13,11
51,51,0
2,2,0
2,2,0
0,0,0
3,3,0
3,4,1
3,3,0
8,8,0
3,29,26
32,33,1
0,0,0
4,6,2
2,2,0
3,3,0
2,2,0
4,4,0
0,0,0
8,8,0
22,42,20
2,2,0
2,4,2
2,6,4
2,2,0
2,2,0
1,2,1
1,1,0
8,8,0
9,9,0
2,2,0
11,11,0
3,3,0
0,0,0
18,18,0
2,8,6
10,10,0
1,1,0
2,2,0
2,2,0
2,4,2
2,2,0
2,4,2
8,8,0
2,8,6
2,4,2
9,9,0
2,4,2
2,4,2
0,0,0
2,2,0
1,3,2
3,3,0
1,1,0
2,2,0
1,3,2
0,0,0
2,2,0
2,2,0
8,8,0
14,16,2
2,2,0
5,5,0
1,5,4
2,2,0
1,1,0
2,2,0
51,51,0
22,23,1
2,2,0
2,2,0
3,3,0
3,7,4
2,2,0
3,3,0
2,3,1
2,2,0
2,4,2
2,8,6
2,2,0
5,5,0
2,4,2
2,2,0
2,2,0
9,9,0
2,2,0
2,2,0
5,10,5
2,2,0
3,7,4
0,0,0
6,6,0
2,2,0
2,2,0
119,119,0
3,5,2
2,5,3
2,10,8
2,4,2
2,8,6
3,3,0
2,2,0
96,96,0
2,2,0
2,2,0
2,2,0
2,2,0
2,2,0
2,2,0
2,2,0
6,6,0
3,8,5
2,10,8
3,3,0
2,2,0
2,2,0
1,1,0
2,3,1
2,7,5
2,2,0
2,2,0
2,4,2
1,2,1
3,3,0
0,0,0
3,3,0
185,283,98
1,2,1
4,6,2
2,2,0
2,2,0
3,8,5
2,2,0
2,2,0
2,2,0
3,3,0
1,2,1
1,57,56
3,3,0
12,51,39
2,45,43
2,2,0
3,3,0
2,2,0
2,2,0
2,5,3
2,2,0
1,2,1
2,2,0
3,3,0
2,2,0
3,5,2
2,2,0
2,2,0
5,5,0
32,32,0
2,2,0
3,5,2
1,2,1
2,2,0
2,2,0
1,4,3
2,14,12
1,2,1
2,2,0
9,9,0
2,2,0
2,2,0
2,2,0
1,2,1
1,1,0
2,2,0
2,5,3
2,2,0
0,0,0
8,8,0
2,2,0
2,2,0
9,9,0
1,2,1
2,2,0
2,2,0
2,2,0
2,2,0
2,2,0
2,2,0
3,5,2
2,21,19
2,2,0
3,3,0
2,2,0
2,4,2
3,3,0
1,1,0
2,2,0
1,3,2
116,116,0
0,0,0
80,80,0
1,1,0
2,2,0
2,5,3
2,3,1
2,2,0
3,3,0
7,7,0
10,10,0
2,2,0
2,2,0
1,1,0
17,17,0
2,2,0
10,10,0
2,2,0
1,4,3
2,2,0
3,5,2
2,2,0
2,82,80
12,12,0
9,9,0
2,2,0
2,2,0
3,3,0
3,5,2
3,5,2
9,9,0
2,2,0
1,2,1
2,2,0
3,3,0
4,4,0
9,9,0
3,7,4
26,26,0
3,3,0
29,29,0
9,9,0
2,4,2
1,2,1
2,4,2
2,2,0
9,9,0
2,4,2
100,100,0
3,3,0
1,4,3
2,2,0
2,4,2
3,3,0
2,2,0
0,0,0
2,2,0
106,106,0
2,5,3
2,2,0
9,9,0
2,2,0
2,3,1
2,2,0
1,4,3
96,96,0
37,37,0
1,1,0
2,2,0
12,12,0
2,2,0
2,4,2
2,10,8
2,2,0
0,0,0
3,3,0
2,2,0
1,2,1
2,2,0
0,0,0
194,194,0
2,2,0
2,22,20
2,6,4
1,2,1
9,10,1
2,2,0
3,3,0
2,2,0
3,3,0
3,7,4
2,2,0
8,8,0
2,2,0
2,2,0
2,2,0
2,2,0
3,11,8
1,2,1
11,11,0
2,5,3
3,3,0
2,47,45
2,2,0
2,4,2
2,2,0
2,2,0
5,5,0
3,3,0
28,28,0
2,2,0
8,8,0
2,16,14
9,9,0
2,2,0
2,15,13
2,2,0
1,2,1
2,2,0
2,6,4
3,3,0
1,4,3
3,3,0
3,3,0
1,1,0
8,16,8
2,2,0
3,5,2
3,5,2
2,2,0
1,1,0
0,0,0
5,5,0
3,6,3
1,8,7
2,16,14
2,2,0
3,7,4
8,8,0
8,8,0
2,2,0
1,3,2
3,7,4
3,3,0
2,2,0
2,2,0
2,16,14
5,130,125
2,2,0
2,2,0
51,74,23
2,2,0
6,11,5
2,6,4
2,2,0
1,1,0
3,6,3
11,11,0
2,4,2
2,2,0
2,2,0
2,4,2
3,3,0
2,2,0
4,4,0
2,4,2
1,66,65
3,3,0
3,11,8
1,2,1
3,3,0
3,9,6
2,2,0
2,4,2
2,4,2
2,2,0
3,3,0
2,2,0
2,2,0
2,2,0
11,11,0
2,2,0
1,4,3
2,2,0
3,3,0
1,5,4
3,3,0
3,3,0
3,3,0
6,6,0
2,4,2
2,2,0
2,6,4
3,5,2
2,4,2
2,6,4
2,2,0
2,15,13
8,8,0
8,8,0
2,2,0
16,16,0
3,6,3
2,2,0
2,2,0
2,2,0
2,80,78
2,2,0
8,52,44
2,4,2
2,11,9
2,3,1
1,2,1
2,2,0
1,2,1
3,5,2
2,6,4
0,0,0
2,2,0
3,11,8
5,5,0
1,3,2
0,0,0
1,2,1
2,2,0
1,1,0
8,8,0
3,7,4
3,3,0
3,5,2
9,9,0
3,3,0
3,3,0
3,3,0
2,2,0
4,4,0
3,3,0
2,6,4
2,2,0
2,2,0
2,2,0
3,8,5
2,2,0
6,7,1
2,19,17
3,5,2
3,5,2
2,2,0
2,2,0
2,2,0
3,3,0
1,1,0
1,1,0
100,104,4
1,2,1
2,2,0
1,1,0
3,6,3
2,4,2
2,8,6
5,5,0
2,2,0
2,2,0
4,73,69
12,12,0
0,0,0
2,4,2
1,3,2
2,5,3
2,2,0
3,3,0
1,1,0
1,1,0
3,5,2
2,4,2
2,2,0
1,1,0
2,2,0
3,11,8
3,3,0
2,2,0
2,2,0
2,2,0
2,2,0
98,98,0
1,3,2
2,2,0
2,4,2
2,2,0
2,2,0
2,2,0
2,3,1
1,2,1
0,0,0
3,14,11
3,3,0
5,23,18
2,2,0
3,3,0
2,2,0
2,2,0
3,3,0
2,2,0
3,3,0
2,3,1
2,4,2
1,1,0
2,2,0
51,51,0
5,5,0
2,2,0
1,7,6
3,3,0
0,0,0
1,2,1
3,3,0
2,2,0
2,2,0
2,2,0
2,6,4
8,8,0
3,4,1
2,2,0
3,3,0
2,2,0
3,3,0
2,2,0
1,2,1
2,2,0
2,15,13
3,7,4
11,11,0
2,2,0
0,0,0
2,2,0
3,3,0
2,2,0
3,3,0
1,1,0
2,2,0
2,82,80
11,16,5
2,3,1
11,11,0
3,3,0
3,7,4
3,5,2
2,2,0
2,3,1
2,2,0
3,3,0
0,0,0
3,5,2
1,2,1
4,4,0
8,8,0
2,2,0
20,20,0
17,19,2
3,5,2
2,2,0
3,3,0
8,8,0
3,3,0
3,3,0
3,3,0
3,5,2
1,2,1
3,5,2
2,7,5
2,4,2
2,2,0
1,24,23
2,53,51
0,0,0
100,104,4
18,110,92
9,9,0
3,3,0
2,2,0
2,5,3
3,3,0
2,4,2
1,1,0
2,2,0
2,4,2
2,2,0
3,3,0
2,4,2
2,2,0
2,2,0
3,3,0
100,169,69
2,2,0
2,2,0
2,5,3
2,8,6
2,4,2
8,8,0
1,3,2
2,4,2
1,2,1
4,4,0
60,121,61
2,3,1
30,30,0
2,8,6
2,2,0
2,2,0
1,1,0
3,3,0
0,0,0
2,5,3
3,3,0
8,10,2
14,14,0
3,15,12
1,1,0
0,0,0
1,1,0
2,2,0
2,21,19
2,3,1
2,12,10
2,2,0
3,5,2
2,7,5
2,2,0
2,2,0
2,2,0
3,7,4
3,5,2
9,9,0
9,9,0
2,4,2
14,14,0
0,0,0
3,3,0
2,2,0
8,8,0
2,9,7
1,1,0
2,2,0
0,0,0
2,2,0
3,3,0
3,5,2
2,2,0
2,2,0
2,2,0
9,9,0
6,21,15
18,18,0
1,4,3
2,3,1
2,4,2
1,2,1
3,3,0
2,2,0
8,8,0
11,11,0
1,1,0
1,2,1
2,2,0
1,2,1
3,3,0
3,7,4
2,4,2
2,4,2
3,3,0
2,2,0
3,3,0
2,2,0
3,5,2
3,3,0
1,2,1
1,5,4
2,2,0
2,8,6
3,3,0
2,2,0
2,2,0
1,1,0
1,24,23
3,5,2
2,3,1
1,6,5
3,12,9
4,4,0
2,2,0
2,2,0
2,2,0
10,53,43
2,11,9
24,26,2
24,24,0
2,2,0
2,14,12
1,1,0
3,3,0
4,4,0
2,2,0
2,2,0
2,2,0
4,4,0
2,2,0
3,5,2
2,2,0
2,2,0
36,36,0
1,24,23
1,1,0
2,6,4
3,3,0
2,8,6
2,4,2
2,2,0
4,5,1
2,4,2
2,2,0
2,2,0
1,28,27
2,2,0
2,3,1
1,2,1
2,2,0
2,2,0
8,8,0
0,0,0
2,2,0
3,5,2
3,9,6
2,2,0
2,2,0
2,2,0
2,2,0
2,2,0
100,200,100
2,2,0
0,0,0
3,3,0
2,14,12
2,2,0
2,3,1
3,6,3
2,4,2
2,2,0
1,26,25
4,4,0
3,3,0
0,0,0
2,2,0
2,80,78
2,2,0
3,3,0
3,3,0
3,9,6
2,2,0
1,1,0
3,3,0
2,4,2
2,8,6
3,3,0
2,2,0
0,0,0
2,2,0
3,3,0
4,4,0
1,1,0
2,2,0
8,8,0
2,2,0
2,2,0
3,3,0
3,3,0
2,2,0
2,2,0
2,2,0
2,2,0
3,3,0
2,16,14
2,2,0
2,2,0
2,2,0
3,7,4
3,3,0
2,2,0
2,2,0
2,4,2
15,17,2
3,5,2
2,2,0
13,13,0
2,2,0
10,18,8
2,2,0
3,4,1
98,98,0
3,5,2
2,2,0
2,2,0
2,2,0
9,9,0
3,3,0
2,2,0
1,2,1
1,26,25
2,11,9
33,33,0
2,4,2
2,4,2
2,4,2
1,3,2
2,2,0
3,3,0
2,2,0
2,80,78
13,13,0
9,9,0
2,4,2
2,28,26
2,2,0
3,5,2
2,6,4
2,2,0
20,22,2
8,8,0
8,8,0
2,2,0
100,100,0
3,77,74
2,5,3
2,2,0
2,2,0
2,2,0
2,2,0
4,5,1
0,0,0
19,43,24
50,50,0
1,1,0
2,2,0
1,3,2
3,3,0
2,2,0
2,2,0
2,2,0
2,2,0
2,2,0
2,2,0
3,3,0
2,2,0
2,2,0
2,2,0
51,51,0
3,7,4
2,2,0
6,6,0
2,2,0
1,1,0
2,2,0
2,2,0
2,2,0
3,3,0
2,4,2
2,10,8
3,3,0
3,3,0
2,3,1
2,3,1
2,4,2
6,17,11
3,3,0
2,2,0
2,2,0
3,7,4
2,2,0
24,24,0
3,3,0
1,1,0
51,51,0
0,0,0
2,4,2
3,5,2
4,4,0
2,4,2
4,4,0
4,28,24
3,9,6
3,3,0
0,0,0
3,5,2
3,3,0
3,5,2
2,2,0
2,2,0
3,5,2
3,3,0
2,2,0
3,3,0
2,2,0
2,2,0
2,2,0
13,13,0
2,2,0
1,1,0
2,4,2
2,2,0
2,2,0
3,5,2
2,2,0
1,15,14
2,2,0
17,47,30
1,2,1
22,22,0
2,47,45
3,3,0
1,4,3
2,2,0
2,2,0
2,2,0
2,2,0
2,6,4
2,2,0
36,143,107
2,2,0
1,5,4
5,5,0
2,4,2
1,5,4
2,2,0
2,2,0
3,8,5
3,3,0
2,2,0
3,5,2
3,5,2
2,2,0
2,2,0
4,4,0
2,2,0
2,2,0
5,49,44
2,2,0
2,2,0
2,3,1
3,5,2
16,16,0
2,2,0
2,2,0
3,4,1
8,8,0
3,4,1
3,3,0
3,5,2
2,2,0
3,3,0
3,3,0
3,19,16
2,4,2
2,9,7
3,3,0
3,4,1
2,2,0
0,0,0
2,2,0
2,2,0
1,1,0
2,2,0
2,2,0
2,2,0
2,2,0
1,1,0
2,2,0
2,2,0
1,1,0
2,5,3
1,1,0
2,84,82
5,5,0
46,49,3
2,2,0
4,4,0
0,0,0
3,3,0
3,3,0
8,8,0
1,2,1
2,2,0
2,2,0
2,2,0
3,3,0
2,2,0
1,2,1
2,2,0
16,16,0
100,100,0
2,2,0
2,13,11
3,7,4
1,1,0
2,3,1
1,7,6
3,7,4
8,8,0
3,3,0
2,2,0
2,2,0
2,2,0
3,3,0
3,3,0
2,2,0
42,42,0
3,5,2
2,2,0
3,10,7
3,3,0
3,3,0
0,0,0
3,3,0
3,3,0
1,2,1
2,2,0
3,8,5
6,6,0
2,15,13
3,7,4
3,8,5
2,2,0
3,4,1
1,2,1
2,2,0
3,3,0
2,2,0
8,8,0
2,2,0
2,2,0
3,3,0
2,4,2
9,9,0
14,14,0
3,3,0
3,3,0
2,2,0
4,71,67
3,3,0
2,2,0
10,10,0
3,3,0
2,8,6
2,2,0
4,12,8
3,3,0
3,5,2
3,9,6
1,3,2
3,3,0
2,2,0
2,2,0
1,1,0
3,5,2
3,3,0
3,3,0
2,6,4
1,1,0
47,49,2
2,11,9
2,82,80
2,9,7
1,7,6
2,2,0
2,4,2
3,3,0
2,2,0
2,2,0
2,2,0
2,2,0
3,3,0
2,2,0
2,2,0
2,2,0
2,2,0
0,0,0
3,3,0
2,2,0
2,2,0
2,2,0
2,2,0
3,3,0
3,3,0
2,4,2
1,76,75
2,2,0
1,4,3
1,1,0
8,8,0
2,4,2
3,3,0
3,5,2
2,2,0
3,7,4
1,2,1
2,2,0
3,10,7
2,2,0
3,3,0
3,3,0
7,7,0
3,9,6
22,22,0
3,3,0
3,3,0
3,3,0
2,3,1
4,4,0
2,2,0
3,4,1
6,6,0
2,2,0
3,3,0
2,2,0
2,2,0
2,3,1
2,2,0
3,3,0
3,3,0
3,3,0
2,4,2
1,2,1
2,2,0
2,2,0
3,6,3
2,2,0
2,2,0
3,3,0
3,3,0
3,3,0
2,6,4
3,3,0
2,2,0
2,6,4
2,2,0
2,2,0
8,8,0
1,2,1
2,2,0
100,266,166
2,4,2
2,2,0
2,4,2
3,3,0
52,52,0
3,3,0
3,3,0
1,3,2
2,2,0
2,2,0
2,2,0
3,5,2
3,6,3
3,7,4
2,2,0
2,2,0
9,9,0
2,2,0
0,0,0
2,2,0
2,2,0
3,3,0
2,2,0
2,4,2
1,1,0
2,15,13
1,1,0
2,2,0
3,5,2
61,64,3
2,2,0
6,6,0
2,2,0
2,2,0
8,8,0
2,2,0
1,3,2
2,4,2
2,2,0
2,2,0
3,3,0
147,147,0
2,2,0
1,3,2
3,3,0
3,3,0
11,11,0
2,2,0
8,8,0
2,4,2
1,1,0
2,8,6
2,2,0
2,2,0
0,0,0
2,2,0
3,5,2
3,5,2
3,3,0
2,2,0
0,0,0
3,3,0
2,9,7
2,2,0
1,4,3
6,8,2
2,2,0
2,4,2
8,8,0
10,10,0
1,1,0
3,3,0
2,4,2
8,8,0
14,18,4
3,3,0
2,2,0
3,3,0
2,5,3
14,14,0
3,11,8
2,2,0
2,2,0
1,1,0
2,2,0
10,10,0
2,2,0
2,2,0
1,3,2
2,2,0
3,3,0
8,8,0
3,13,10
2,2,0
3,3,0
8,27,19
2,2,0
3,5,2
3,9,6
3,3,0
3,4,1
2,4,2
4,73,69
1,3,2
2,2,0
2,127,125
1,2,1
1,1,0
3,5,2
3,5,2
2,2,0
2,2,0
2,2,0
1,5,4
2,2,0
2,2,0
2,2,0
2,2,0
18,18,0
2,2,0
2,2,0
1,1,0
2,2,0
2,2,0
2,3,1
1,1,0
2,5,3
2,2,0
3,5,2
8,24,16
137,137,0
2,2,0
52,156,104
3,3,0
2,59,57
1,2,1
1,2,1
3,45,42
2,2,0
6,7,1
20,20,0
2,2,0
3,7,4
3,3,0
8,8,0
3,3,0
0,0,0
3,5,2
3,5,2
2,2,0
2,2,0
16,19,3
3,23,20
2,4,2
2,47,45
8,8,0
8,8,0
2,2,0
2,2,0
3,3,0
9,9,0
8,8,0
6,17,11
11,11,0
2,2,0
3,3,0
1,2,1
3,9,6
2,11,9
3,5,2
1,1,0
2,2,0
2,2,0
10,12,2
15,15,0
3,5,2
1,8,7
2,2,0
3,5,2
1,1,0
2,2,0
3,7,4
2,2,0
2,2,0
1,1,0
4,9,5
2,2,0
2,2,0
2,2,0
3,3,0
9,9,0
2,2,0
2,2,0
2,2,0
3,3,0
2,2,0
2,2,0
2,4,2
8,8,0
2,11,9
3,5,2
4,4,0
2,2,0
3,5,2
94,98,4
8,8,0
3,5,2
4,4,0
1,4,3
3,4,1
3,3,0
9,9,0
3,3,0
18,26,8
98,98,0
2,4,2
2,2,0
3,3,0
8,8,0
2,9,7
2,2,0
2,2,0
2,2,0
2,4,2
2,6,4
2,2,0
3,3,0
2,2,0
2,8,6
3,9,6
2,2,0
156,156,0
4,4,0
1,25,24
3,4,1
47,47,0
2,2,0
2,30,28
0,0,0
3,3,0
11,11,0
3,5,2
13,56,43
2,2,0
6,8,2
1,8,7
1,2,1
31,35,4
49,49,0
2,2,0
2,2,0
2,3,1
1,28,27
4,4,0
2,2,0
3,3,0
2,3,1
2,2,0
8,8,0
2,2,0
1,4,3
3,3,0
3,3,0
87,88,1
2,4,2
3,3,0
2,80,78
5,5,0
2,2,0
2,5,3
1,2,1
57,57,0
2,2,0
2,4,2
3,3,0
2,12,10
2,2,0
1,1,0
22,23,1
0,0,0
8,8,0
2,5,3
3,5,2
3,5,2
1,1,0
2,84,82
1,1,0
3,3,0
9,9,0
2,14,12
1,1,0
2,2,0
74,74,0
2,4,2
3,3,0
2,2,0
2,2,0
2,3,1
2,2,0
3,3,0
2,2,0
6,6,0
1,1,0
10,12,2
11,11,0
6,7,1
2,2,0
3,9,6
1,1,0
2,2,0
3,3,0
1,1,0
3,3,0
3,3,0
2,2,0
3,3,0
4,4,0
19,21,2
2,2,0
2,2,0
2,2,0
3,3,0
2,2,0
2,2,0
3,3,0
3,8,5
2,2,0
2,2,0
2,2,0
3,5,2
3,3,0
2,2,0
2,5,3
2,2,0
7,9,2
3,4,1
2,5,3
10,10,0
1,1,0
11,11,0
2,2,0
4,7,3
9,9,0
2,10,8
2,3,1
3,5,2
2,2,0
1,1,0
4,4,0
3,5,2
3,5,2
2,2,0
1,1,0
139,139,0
8,8,0
2,2,0
4,4,0
3,3,0
3,3,0
2,2,0
2,2,0
3,3,0
2,2,0
2,5,3
8,8,0
3,3,0
2,2,0
2,2,0
2,2,0
2,2,0
3,3,0
1,1,0
2,2,0
4,5,1
3,4,1
2,5,3
2,4,2
0,0,0
2,61,59
97,144,47
3,5,2
3,3,0
8,8,0
2,26,24
2,4,2
1,2,1
2,3,1
3,5,2
1,1,0
3,3,0
2,2,0
2,2,0
2,2,0
1,1,0
2,3,1
2,3,1
2,3,1
2,3,1
4,4,0
2,2,0
2,2,0
2,2,0
1,20,19
2,2,0
2,2,0
2,2,0
3,8,5
2,2,0
2,2,0
2,3,1
4,4,0
1,2,1
1,29,28
2,5,3
1,1,0
2,2,0
2,2,0
2,2,0
10,18,8
2,6,4
2,4,2
2,2,0
2,2,0
2,2,0
8,8,0
23,37,14
2,2,0
2,2,0
1,1,0
1,2,1
8,8,0
2,2,0
2,2,0
2,4,2
11,11,0
1,1,0
2,2,0
2,2,0
3,3,0
4,14,10
2,2,0
3,11,8
2,4,2
51,53,2
3,3,0
3,3,0
3,3,0
2,2,0
3,19,16
2,45,43
3,5,2
3,3,0
3,6,3
2,2,0
1,3,2
1,1,0
3,8,5
2,2,0
9,9,0
10,10,0
2,2,0
3,3,0
3,3,0
3,5,2
2,2,0
2,13,11
2,2,0
3,3,0
1,1,0
2,2,0
3,10,7
2,10,8
2,2,0
2,2,0
2,80,78
2,3,1
1,1,0
2,2,0
0,0,0
2,2,0
2,4,2
1,24,23
2,2,0
14,14,0
9,52,43
3,3,0
3,3,0
3,5,2
8,8,0
12,12,0
2,2,0
2,2,0
2,2,0
2,2,0
2,2,0
0,0,0
2,2,0
3,10,7
2,3,1
3,3,0
3,3,0
1,1,0
2,69,67
2,2,0
2,6,4
2,6,4
2,2,0
3,3,0
1,1,0
0,0,0
2,2,0
2,2,0
2,2,0
2,2,0
2,4,2
2,2,0
2,2,0
2,49,47
2,2,0
0,0,0
2,4,2
3,9,6
2,2,0
2,2,0
2,2,0
2,2,0
2,2,0
2,4,2
2,2,0
1,1,0
8,8,0
3,7,4
2,2,0
2,2,0
1,2,1
2,2,0
2,2,0
3,7,4
11,11,0
2,2,0
1,2,1
3,7,4
9,9,0
26,26,0
1,1,0
1,4,3
2,2,0
2,2,0
1,2,1
3,7,4
8,8,0
4,4,0
3,3,0
2,2,0
2,80,78
2,3,1
3,5,2
0,0,0
1,1,0
3,3,0
2,2,0
3,13,10
1,2,1
2,2,0
2,2,0
2,2,0
9,9,0
2,2,0
1,1,0
1,2,1
2,84,82
2,2,0
18,18,0
2,3,1
4,6,2
1,22,21
1,5,4
3,3,0
2,2,0
2,6,4
2,3,1
3,3,0
1,1,0
2,4,2
2,2,0
2,2,0
0,0,0
13,35,22
10,11,1
2,2,0
14,14,0
2,2,0
2,2,0
2,4,2
2,2,0
2,2,0
29,29,0
2,4,2
2,2,0
3,3,0
3,3,0
3,3,0
3,5,2
2,2,0
1,1,0
2,5,3
4,4,0
3,3,0
2,2,0
3,6,3
4,5,1
1,1,0
2,2,0
4,4,0
2,3,1
2,2,0
3,3,0
5,18,13
2,11,9
2,2,0
2,2,0
10,130,120
2,2,0
3,3,0
2,12,10
34,36,2
2,4,2
10,10,0
3,11,8
2,2,0
2,2,0
3,5,2
2,4,2
93,187,94
3,3,0
4,76,72
4,4,0
5,5,0
8,8,0
2,5,3
3,3,0
2,2,0
0,0,0
1,6,5
3,3,0
1,1,0
3,3,0
3,8,5
2,4,2
65,65,0
2,2,0
8,8,0
8,8,0
2,8,6
3,3,0
2,2,0
2,2,0
2,6,4
2,4,2
2,2,0
2,2,0
3,5,2
1,2,1
2,2,0
43,43,0
2,4,2
2,2,0
2,2,0
2,4,2
3,3,0
0,0,0
2,4,2
2,2,0
2,2,0
2,4,2
1,1,0
3,11,8
2,2,0
2,2,0
14,14,0
2,4,2
2,2,0
3,3,0
2,2,0
1,1,0
1,1,0
3,3,0
2,2,0
1,1,0
9,9,0
2,3,1
51,51,0
2,2,0
3,5,2
2,2,0
2,2,0
2,4,2
49,49,0
3,4,1
3,3,0
2,2,0
3,3,0
2,2,0
119,122,3
3,3,0
3,3,0
2,2,0
8,8,0
1,1,0
2,2,0
2,2,0
2,2,0
2,2,0
2,2,0
2,2,0
10,10,0
2,6,4
3,6,3
2,2,0
2,4,2
1,1,0
0,0,0
1,2,1
2,2,0
2,2,0
1,2,1
9,9,0
2,2,0
1,8,7
3,5,2
11,12,1
9,9,0
2,2,0
2,2,0
2,2,0
2,2,0
4,4,0
2,16,14
3,3,0
2,2,0
3,7,4
2,2,0
1,2,1
2,2,0
3,6,3
2,2,0
3,7,4
2,2,0
2,16,14
3,3,0
2,2,0
2,2,0
2,3,1
2,2,0
2,2,0
43,43,0
6,6,0
3,3,0
2,2,0
1,6,5
2,2,0
20,20,0
2,2,0
3,13,10
3,3,0
8,8,0
0,0,0
2,2,0
9,9,0
3,3,0
3,3,0
406,506,100
3,3,0
3,3,0
3,9,6
2,2,0
9,9,0
23,41,18
1,2,1
0,0,0
2,3,1
2,2,0
2,2,0
8,8,0
3,5,2
2,2,0
2,2,0
2,2,0
2,2,0
2,2,0
3,5,2
4,4,0
2,2,0
3,8,5
2,2,0
1,20,19
1,22,21
3,5,2
2,2,0
2,2,0
3,11,8
3,3,0
3,3,0
1,2,1
2,2,0
1,56,55
2,2,0
10,18,8
50,50,0
1,3,2
2,3,1
3,10,7
9,11,2
1,7,6
20,20,0
2,2,0
3,3,0
3,3,0
3,7,4
2,2,0
3,6,3
2,2,0
1,3,2
2,2,0
50,73,23
2,2,0
9,9,0
2,3,1
3,7,4
2,2,0
2,8,6
1,1,0
2,2,0
1,1,0
2,2,0
2,5,3
45,53,8
2,2,0
2,3,1
2,4,2
3,7,4
3,3,0
2,2,0
3,7,4
3,8,5
3,5,2
3,3,0
2,2,0
2,2,0
3,3,0
1,4,3
2,5,3
1,1,0
2,2,0
2,2,0
8,8,0
2,2,0
2,2,0
2,2,0
4,4,0
2,2,0
3,5,2
2,2,0
3,3,0
2,2,0
2,2,0
3,7,4
2,2,0
0,0,0
2,2,0
3,3,0
2,2,0
10,10,0
2,2,0
3,3,0
1,1,0
3,5,2
1,1,0
3,3,0
1,25,24
14,14,0
1,1,0
3,3,0
2,2,0
2,2,0
24,37,13
5,5,0
3,5,2
1,1,0
0,0,0
3,6,3
2,2,0
3,7,4
2,2,0
3,10,7
3,9,6
2,2,0
9,9,0
2,4,2
2,2,0
1,2,1
3,8,5
2,2,0
0,0,0
3,5,2
3,3,0
5,7,2
30,30,0
10,10,0
0,0,0
2,2,0
3,5,2
1,1,0
2,2,0
8,8,0
2,2,0
18,18,0
100,104,4
2,2,0
2,4,2
9,9,0
1,1,0
0,0,0
2,8,6
0,0,0
2,2,0
3,3,0
3,3,0
3,3,0
1,21,20
2,2,0
2,5,3
2,2,0
2,2,0
2,3,1
3,3,0
3,3,0
2,37,35
2,2,0
3,3,0
3,5,2
1,2,1
6,22,16
2,2,0
11,11,0
2,2,0
60,121,61
2,2,0
3,5,2
2,2,0
2,2,0
1,1,0
2,2,0
2,6,4
1,2,1
1,1,0
1,1,0
2,2,0
2,2,0
2,3,1
3,3,0
2,2,0
3,3,0
1,2,1
9,9,0
2,4,2
3,7,4
8,8,0
2,2,0
1,1,0
1,3,2
2,2,0
3,3,0
2,27,25
3,3,0
1,24,23
4,72,68
3,3,0
3,12,9
3,3,0
3,9,6
7,7,0
9,9,0
7,7,0
2,2,0
3,5,2
2,2,0
3,3,0
2,2,0
2,2,0
3,3,0
3,3,0
2,2,0
3,9,6
2,2,0
2,2,0
3,3,0
14,14,0
2,6,4
2,2,0
2,2,0
2,2,0
4,4,0
3,7,4
2,2,0
3,8,5
3,3,0
2,2,0
2,3,1
2,2,0
2,2,0
11,25,14
3,3,0
2,2,0
2,2,0
9,9,0
2,5,3
2,2,0
3,11,8
2,2,0
1,2,1
1,1,0
2,2,0
20,96,76
3,3,0
3,3,0
6,6,0
2,2,0
0,0,0
44,44,0
3,7,4
3,3,0
2,17,15
3,3,0
51,166,115
3,3,0
2,2,0
2,2,0
2,2,0
1,2,1
81,94,13
10,12,2
1,6,5
2,2,0
3,3,0
5,5,0
4,8,4
3,3,0
2,2,0
3,3,0
6,34,28
1,1,0
35,35,0
3,5,2
3,9,6
3,9,6
2,2,0
2,3,1
2,4,2
1,22,21
2,2,0
2,2,0
2,2,0
3,3,0
2,2,0
2,5,3
2,2,0
2,6,4
2,2,0
3,3,0
3,12,9
2,2,0
2,2,0
2,3,1
2,2,0
2,2,0
2,2,0
8,8,0
2,2,0
2,2,0
2,7,5
2,2,0
3,3,0
1,1,0
2,2,0
3,3,0
4,6,2
3,5,2
2,2,0
2,2,0
2,2,0
3,4,1
2,6,4
2,13,11
1,3,2
3,3,0
2,2,0
3,3,0
71,72,1
1,1,0
3,5,2
2,3,1
2,2,0
3,12,9
1,1,0
3,7,4
8,8,0
2,2,0
2,3,1
3,3,0
3,5,2
3,7,4
2,2,0
2,2,0
2,2,0
23,23,0
2,2,0
8,8,0
4,12,8
2,2,0
2,2,0
10,10,0
3,3,0
2,2,0
2,2,0
2,94,92
3,3,0
2,2,0
7,7,0
2,2,0
2,2,0
2,2,0
2,2,0
1,22,21
3,3,0
1,7,6
3,3,0
2,2,0
2,2,0
9,9,0
3,3,0
0,0,0
2,5,3
3,5,2
2,3,1
2,2,0
3,3,0
3,3,0
3,8,5
10,10,0
3,3,0
5,5,0
2,2,0
3,3,0
3,4,1
2,15,13
2,2,0
1,4,3
2,2,0
2,2,0
3,5,2
2,2,0
6,6,0
10,10,0
2,2,0
2,7,5
2,4,2
1,5,4
0,0,0
3,6,3
3,3,0
8,8,0
8,8,0
2,4,2
3,3,0
2,2,0
3,5,2
2,2,0
8,8,0
3,3,0
3,3,0
1,4,3
8,8,0
2,2,0
2,2,0
1,2,1
3,5,2
8,8,0
3,7,4
3,3,0
3,3,0
0,0,0
3,3,0
98,98,0
1,1,0
2,2,0
2,2,0
4,5,1
3,3,0
3,3,0
2,2,0
2,2,0
23,23,0
2,2,0
3,3,0
1,4,3
2,2,0
4,4,0
3,3,0
1,4,3
2,2,0
2,17,15
1,2,1
36,38,2
3,3,0
2,2,0
3,5,2
2,2,0
0,0,0
2,2,0
3,3,0
4,4,0
2,2,0
2,2,0
3,3,0
2,3,1
2,2,0
2,4,2
2,2,0
5,9,4
1,3,2
2,2,0
1,1,0
3,5,2
1,91,90
3,3,0
2,4,2
3,3,0
2,3,1
9,9,0
1,1,0
2,2,0
3,5,2
2,2,0
2,2,0
2,11,9
3,5,2
1,2,1
8,8,0
3,3,0
2,2,0
2,2,0
1,3,2
2,2,0
50,50,0
9,9,0
2,2,0
100,100,0
2,8,6
2,2,0
3,3,0
3,3,0
2,2,0
3,8,5
3,6,3
2,3,1
3,3,0
3,3,0
2,2,0
8,8,0
1,2,1
3,6,3
2,3,1
2,61,59
3,9,6
2,2,0
2,2,0
2,2,0
50,59,9
2,2,0
7,12,5
8,8,0
3,3,0
3,5,2
1,6,5
8,8,0
3,3,0
3,5,2
2,2,0
2,2,0
9,9,0
2,4,2
2,5,3
2,4,2
2,2,0
2,2,0
80,84,4
2,5,3
2,2,0
1,1,0
1,1,0
2,2,0
12,55,43
2,2,0
6,6,0
4,72,68
2,2,0
1,1,0
2,2,0
2,2,0
2,2,0
6,6,0
7,8,1
2,2,0
9,9,0
3,3,0
2,4,2
12,12,0
2,6,4
3,3,0
2,2,0
3,5,2
2,6,4
2,2,0
2,2,0
2,2,0
3,3,0
2,2,0
4,4,0
2,3,1
2,2,0
3,3,0
2,2,0
1,3,2
3,3,0
8,8,0
1,1,0
2,2,0
2,6,4
2,2,0
10,10,0
2,2,0
1,25,24
1,1,0
10,10,0
1,61,60
3,35,32
2,2,0
2,2,0
8,8,0
2,2,0
2,2,0
3,3,0
3,3,0
1,7,6
1,21,20
2,8,6
3,3,0
4,4,0
1,1,0
111,111,0
2,18,16
9,9,0
2,2,0
9,9,0
3,3,0
3,3,0
3,3,0
2,2,0
2,2,0
2,3,1
4,101,97
0,0,0
3,5,2
16,16,0
3,7,4
2,2,0
3,5,2
22,22,0
2,2,0
2,2,0
2,2,0
97,97,0
1,1,0
2,2,0
3,5,2
2,4,2
3,3,0
2,2,0
2,2,0
8,8,0
2,2,0
2,9,7
2,2,0
9,9,0
3,3,0
2,6,4
3,8,5
4,4,0
2,95,93
3,10,7
2,2,0
1,2,1
12,12,0
3,3,0
3,6,3
2,2,0
3,9,6
2,2,0
2,12,10
5,5,0
3,3,0
2,2,0
2,2,0
8,8,0
2,4,2
15,29,14
8,8,0
1,1,0
3,5,2
1,2,1
3,9,6
2,2,0
3,9,6
2,3,1
2,2,0
315,513,198
2,4,2
3,3,0
2,2,0
2,2,0
3,3,0
2,3,1
2,29,27
3,7,4
3,5,2
2,2,0
2,2,0
3,3,0
2,7,5
3,5,2
3,3,0
2,2,0
3,3,0
21,25,4
2,4,2
2,2,0
2,2,0
3,3,0
1,2,1
2,2,0
20,21,1
2,2,0
4,4,0
3,3,0
20,20,0
2,11,9
3,9,6
2,2,0
3,5,2
2,4,2
2,2,0
2,18,16
3,4,1
3,51,48
1,1,0
2,2,0
2,2,0
2,2,0
2,6,4
2,2,0
1,1,0
1,1,0
8,8,0
2,2,0
0,0,0
2,2,0
2,2,0
3,3,0
4,4,0
2,2,0
3,3,0
2,2,0
2,2,0
10,10,0
1,4,3
2,2,0
3,3,0
0,0,0
2,2,0
2,7,5
0,0,0
2,2,0
3,3,0
1,2,1
2,2,0
0,0,0
2,4,2
3,5,2
1,1,0
2,13,11
8,8,0
1,1,0
2,2,0
1,2,1
1,1,0
2,4,2
3,5,2
3,5,2
8,8,0
2,2,0
2,2,0
8,21,13
2,2,0
9,9,0
2,3,1
10,10,0
2,2,0
2,2,0
1,2,1
2,5,3
9,9,0
3,3,0
2,2,0
3,3,0
3,3,0
1,2,1
3,7,4
2,9,7
9,9,0
3,3,0
3,5,2
2,2,0
2,4,2
2,2,0
3,7,4
2,2,0
2,2,0
118,136,18
2,2,0
0,0,0
3,3,0
2,2,0
1,3,2
1,4,3
3,21,18
2,2,0
2,2,0
2,2,0
1,6,5
1,2,1
1,1,0
3,7,4
4,4,0
2,35,33
17,22,5
2,2,0
9,9,0
54,54,0
9,9,0
2,2,0
2,2,0
1,6,5
2,3,1
2,2,0
3,3,0
2,2,0
3,7,4
17,17,0
2,2,0
5,5,0
3,3,0
100,104,4
2,13,11
0,0,0
3,6,3
2,2,0
1,17,16
3,3,0
0,0,0
2,14,12
3,9,6
3,3,0
2,4,2
6,6,0
3,3,0
2,2,0
2,2,0
9,9,0
2,2,0
2,2,0
2,2,0
2,8,6
2,2,0
2,2,0
156,156,0
2,5,3
3,3,0
6,13,7
3,3,0
2,2,0
3,3,0
1,1,0
3,3,0
2,2,0
3,4,1
2,2,0
1,2,1
2,10,8
0,0,0
2,2,0
3,3,0
2,2,0
19,20,1
2,2,0
2,2,0
3,15,12
1,1,0
3,4,1
2,20,18
3,7,4
3,5,2
8,8,0
0,0,0
2,2,0
3,3,0
2,2,0
2,9,7
2,7,5
2,14,12
19,19,0
1,2,1
2,2,0
1,1,0
2,4,2
1,2,1
1,1,0
2,2,0
2,2,0
2,2,0
2,2,0
1,2,1
2,2,0
9,9,0
2,2,0
18,18,0
3,3,0
2,2,0
3,75,72
3,3,0
2,2,0
2,4,2
2,4,2
1,1,0
7,7,0
2,2,0
3,8,5
2,2,0
2,2,0
3,10,7
5,5,0
10,10,0
3,3,0
9,9,0
0,0,0
2,2,0
3,4,1
0,0,0
2,2,0
3,3,0
9,9,0
1,1,0
2,2,0
3,5,2
3,3,0
2,3,1
17,19,2
2,2,0
5,7,2
3,3,0
2,4,2
20,20,0
8,13,5
1,1,0
3,3,0
81,81,0
2,2,0
2,2,0
2,2,0
2,2,0
3,9,6
3,3,0
2,2,0
8,8,0
0,0,0
9,9,0
2,2,0
3,3,0
2,2,0
7,7,0
2,6,4
35,35,0
9,9,0
1,1,0
3,5,2
2,2,0
2,2,0
2,2,0
8,8,0
8,10,2
1,75,74
9,9,0
13,14,1
2,2,0
2,2,0
2,2,0
11,55,44
9,19,10
6,6,0
56,56,0
1,24,23
2,5,3
0,0,0
3,9,6
3,4,1
8,8,0
3,5,2
1,1,0
3,3,0
2,2,0
2,8,6
2,3,1
2,12,10
4,4,0
2,2,0
24,24,0
3,9,6
2,2,0
1,2,1
3,3,0
1,1,0
3,3,0
3,3,0
2,10,8
20,20,0
3,9,6
4,6,2
13,13,0
2,11,9
1,8,7
12,21,9
2,2,0
2,2,0
2,7,5
2,9,7
3,3,0
0,0,0
20,20,0
3,7,4
100,100,0
6,6,0
2,2,0
1,1,0
2,14,12
2,4,2
3,3,0
1,4,3
3,3,0
3,4,1
2,2,0
0,0,0
2,8,6
1,7,6
2,2,0
2,2,0
3,3,0
1,2,1
3,7,4
2,2,0
2,6,4
6,6,0
4,4,0
2,2,0
2,2,0
1,1,0
2,2,0
3,3,0
2,5,3
2,9,7
63,65,2
3,5,2
11,11,0
2,2,0
2,2,0
23,58,35
8,8,0
3,3,0
3,7,4
2,2,0
0,0,0
2,2,0
2,2,0
2,2,0
2,2,0
2,2,0
2,3,1
2,2,0
2,15,13
2,2,0
3,7,4
1,1,0
3,4,1
2,2,0
1,1,0
2,5,3
2,2,0
3,8,5
1,1,0
2,3,1
18,18,0
0,0,0
2,2,0
2,2,0
2,2,0
3,3,0
2,2,0
16,16,0
2,2,0
1,27,26
6,6,0
2,2,0
2,2,0
2,4,2
8,8,0
2,2,0
2,2,0
2,2,0
8,10,2
2,2,0
2,2,0
2,80,78
2,9,7
1,2,1
2,2,0
3,10,7
2,2,0
10,10,0
2,2,0
2,2,0
2,8,6
1,1,0
2,2,0
2,2,0
2,7,5
4,4,0
2,2,0
2,2,0
51,51,0
2,2,0
2,2,0
2,2,0
2,2,0
2,2,0
1,2,1
3,8,5
2,2,0
2,6,4
7,7,0
2,4,2
2,2,0
2,2,0
1,1,0
2,2,0
1,10,9
0,0,0
3,3,0
2,80,78
3,5,2
2,2,0
3,3,0
2,2,0
2,5,3
2,2,0
2,4,2
3,3,0
3,5,2
2,2,0
2,2,0
3,3,0
3,5,2
3,7,4
1,22,21
5,5,0
2,9,7
2,4,2
2,2,0
3,3,0
3,3,0
14,14,0
9,9,0
2,2,0
2,4,2
3,3,0
3,6,3
2,18,16
2,2,0
0,0,0
3,3,0
2,2,0
9,9,0
3,3,0
3,5,2
24,24,0
2,2,0
1,1,0
2,2,0
3,5,2
2,2,0
100,100,0
3,3,0
2,2,0
2,2,0
3,3,0
2,2,0
2,8,6
3,3,0
2,2,0
2,2,0
1,1,0
2,2,0
0,0,0
3,3,0
1,1,0
12,12,0
2,2,0
0,0,0
3,3,0
2,2,0
2,2,0
2,2,0
2,14,12
2,2,0
18,18,0
11,11,0
1,2,1
1,1,0
2,10,8
2,2,0
2,2,0
6,6,0
3,3,0
5,6,1
2,2,0
2,2,0
2,4,2
3,3,0
2,2,0
8,8,0
3,4,1
2,8,6
3,4,1
2,2,0
1,5,4
3,5,2
0,0,0
2,2,0
1,1,0
2,2,0
2,2,0
2,9,7
2,2,0
2,2,0
3,3,0
3,3,0
2,45,43
3,5,2
2,5,3
2,2,0
2,2,0
1,2,1
9,9,0
2,2,0
0,0,0
14,14,0
2,2,0
1,43,42
2,2,0
8,8,0
2,2,0
2,2,0
2,2,0
4,11,7
2,2,0
3,3,0
2,2,0
2,2,0
10,18,8
3,27,24
8,8,0
2,2,0
2,2,0
1,1,0
3,3,0
2,2,0
2,2,0
2,6,4
3,3,0
3,3,0
2,2,0
3,3,0
3,3,0
2,2,0
2,5,3
1,1,0
0,0,0
3,3,0
16,16,0
3,3,0
2,2,0
0,0,0
2,2,0
3,3,0
3,3,0
1,3,2
2,3,1
3,3,0
1,2,1
1,3,2
2,2,0
2,2,0
2,2,0
2,2,0
9,9,0
1,10,9
1,2,1
2,2,0
9,9,0
3,8,5
5,6,1
2,4,2
2,8,6
1,24,23
4,6,2
2,2,0
2,2,0
3,14,11
2,2,0
2,2,0
8,8,0
8,8,0
2,2,0
8,8,0
3,26,23
2,3,1
3,5,2
2,4,2
9,10,1
100,100,0
2,4,2
1,1,0
2,2,0
3,3,0
2,2,0
9,9,0
1,1,0
2,2,0
2,2,0
1,2,1
3,5,2
2,2,0
3,3,0
4,4,0
2,2,0
3,4,1
3,3,0
2,2,0
2,2,0
4,71,67
2,4,2
2,2,0
2,2,0
2,2,0
2,2,0
11,11,0
3,5,2
3,3,0
3,3,0
2,4,2
1,2,1
2,2,0
2,2,0
2,9,7
2,2,0
2,2,0
1,2,1
2,2,0
3,3,0
2,3,1
2,2,0
2,2,0
2,2,0
8,8,0
2,6,4
3,3,0
3,3,0
0,0,0
2,2,0
1,47,46
80,80,0
8,16,8
3,5,2
2,5,3
94,130,36
3,3,0
2,4,2
3,3,0
2,2,0
3,7,4
2,2,0
2,5,3
28,28,0
119,119,0
1,2,1
2,2,0
8,10,2
8,8,0
3,11,8
2,2,0
2,2,0
2,16,14
3,28,25
3,5,2
2,4,2
3,3,0
2,2,0
3,3,0
2,2,0
20,20,0
2,4,2
2,2,0
2,12,10
1,4,3
2,4,2
2,8,6
2,80,78
2,2,0
2,2,0
3,11,8
0,0,0
2,2,0
1,2,1
6,6,0
2,2,0
2,7,5
3,3,0
2,2,0
1,3,2
2,2,0
2,2,0
2,2,0
100,106,6
3,4,1
6,6,0
100,200,100
3,5,2
2,2,0
24,24,0
9,29,20
2,2,0
2,2,0
2,2,0
1,1,0
1,1,0
3,7,4
55,57,2
4,4,0
2,2,0
1,32,31
3,3,0
2,3,1
1,1,0
8,8,0
3,4,1
2,25,23
2,2,0
3,7,4
2,2,0
2,5,3
2,2,0
1,1,0
3,3,0
3,3,0
8,8,0
2,5,3
2,2,0
24,24,0
2,7,5
3,5,2
2,2,0
3,8,5
3,5,2
7,9,2
3,5,2
2,2,0
3,13,10
2,2,0
8,17,9
38,38,0
1,2,1
2,2,0
2,2,0
2,10,8
2,2,0
3,5,2
2,4,2
3,3,0
3,5,2
2,2,0
1,2,1
3,3,0
2,2,0
3,12,9
8,8,0
2,4,2
2,2,0
9,9,0
1,3,2
2,2,0
2,2,0
3,3,0
2,2,0
2,8,6
2,5,3
2,2,0
3,3,0
3,7,4
3,8,5
3,9,6
3,7,4
3,3,0
2,2,0
2,5,3
8,8,0
5,6,1
2,3,1
2,2,0
2,2,0
2,2,0
2,2,0
1,1,0
19,19,0
2,82,80
3,3,0
2,2,0
2,2,0
22,33,11
2,4,2
0,0,0
1,1,0
2,2,0
3,19,16
3,6,3
1,2,1
2,2,0
2,2,0
3,3,0
2,2,0
3,8,5
2,2,0
3,3,0
2,2,0
9,9,0
2,4,2
9,9,0
2,2,0
2,2,0
2,2,0
2,12,10
3,3,0
2,2,0
2,2,0
1,1,0
2,3,1
2,2,0
3,3,0
4,10,6
2,2,0
5,7,2
2,8,6
1,3,2
1,1,0
3,3,0
1,2,1
0,0,0
2,2,0
3,3,0
8,8,0
3,3,0
1,25,24
2,2,0
2,5,3
3,6,3
3,6,3
2,2,0
2,2,0
2,4,2
2,2,0
9,9,0
9,9,0
2,2,0
2,2,0
2,2,0
1,1,0
1,1,0
3,3,0
2,2,0
2,2,0
3,5,2
3,4,1
0,0,0
2,4,2
50,78,28
3,3,0
2,2,0
1,1,0
3,3,0
1,1,0
3,7,4
2,2,0
12,13,1
3,7,4
1,4,3
2,3,1
0,0,0
2,2,0
2,2,0
0,0,0
3,3,0
2,2,0
1,23,22
2,9,7
1,1,0
3,5,2
2,2,0
2,2,0
2,96,94
1,1,0
2,2,0
2,2,0
3,6,3
3,22,19
13,13,0
2,2,0
2,2,0
2,2,0
2,2,0
2,2,0
22,22,0
2,2,0
2,2,0
2,2,0
2,2,0
6,6,0
2,2,0
3,3,0
11,11,0
2,17,15
2,3,1
1,1,0
2,2,0
2,9,7
1,1,0
2,6,4
1,4,3
2,4,2
4,4,0
9,9,0
3,3,0
93,110,17
2,2,0
2,2,0
1,3,2
3,3,0
2,2,0
2,2,0
3,4,1
3,9,6
2,2,0
3,3,0
5,26,21
3,5,2
2,2,0
2,2,0
3,5,2
13,13,0
2,2,0
1,1,0
3,3,0
2,4,2
0,0,0
0,0,0
2,2,0
2,2,0
3,9,6
1,1,0
3,3,0
3,7,4
3,9,6
3,3,0
2,19,17
2,2,0
2,2,0
3,8,5
1,1,0
2,2,0
2,6,4
2,13,11
1,1,0
8,8,0
2,2,0
2,2,0
2,4,2
0,0,0
3,3,0
2,4,2
2,2,0
2,2,0
2,2,0
2,10,8
1,1,0
2,22,20
96,102,6
2,4,2
14,40,26
8,8,0
2,2,0
8,8,0
2,2,0
2,6,4
2,5,3
2,2,0
2,2,0
28,30,2
3,3,0
2,2,0
2,2,0
2,2,0
2,2,0
3,5,2
2,2,0
2,4,2
2,3,1
9,9,0
1,24,23
3,7,4
0,0,0
2,2,0
2,8,6
3,3,0
4,4,0
1,1,0
2,3,1
8,8,0
2,2,0
2,2,0
1,51,50
3,5,2
20,20,0
2,8,6
0,0,0
6,6,0
2,2,0
2,2,0
1,4,3
6,6,0
3,23,20
1,2,1
3,3,0
2,2,0
2,4,2
2,2,0
2,4,2
9,9,0
9,9,0
7,7,0
2,4,2
2,2,0
3,3,0
1,24,23
2,2,0
9,10,1
8,8,0
2,2,0
2,6,4
9,9,0
3,3,0
1,1,0
39,39,0
3,3,0
1,1,0
1,3,2
3,3,0
1,1,0
2,49,47
0,0,0
2,2,0
2,4,2
2,2,0
2,2,0
2,2,0
8,10,2
1,1,0
2,2,0
3,3,0
2,2,0
2,2,0
1,1,0
3,7,4
2,2,0
2,24,22
2,2,0
3,5,2
3,3,0
3,5,2
2,3,1
3,3,0
3,8,5
36,36,0
2,4,2
3,7,4
3,3,0
2,27,25
3,3,0
3,10,7
2,16,14
2,2,0
10,10,0
10,53,43
3,7,4
9,9,0
3,26,23
139,139,0
2,3,1
3,3,0
2,2,0
2,2,0
3,3,0
1,2,1
64,65,1
1,1,0
3,3,0
2,4,2
5,5,0
2,2,0
2,4,2
3,3,0
2,4,2
2,10,8
3,4,1
2,4,2
2,2,0
3,3,0
0,0,0
3,11,8
2,2,0
3,3,0
3,3,0
2,2,0
9,48,39
2,4,2
2,2,0
1,26,25
2,8,6
3,3,0
11,11,0
2,4,2
2,2,0
5,5,0
0,0,0
2,2,0
8,8,0
3,3,0
2,2,0
2,3,1
10,10,0
2,2,0
3,3,0
2,2,0
3,3,0
0,0,0
2,2,0
11,11,0
2,2,0
50,50,0
2,4,2
3,9,6
2,2,0
2,2,0
2,2,0
1,1,0
4,4,0
2,2,0
1,1,0
5,5,0
12,12,0
2,8,6
2,2,0
6,6,0
3,3,0
1,21,20
2,2,0
2,2,0
2,2,0
8,8,0
2,2,0
1,2,1
3,12,9
3,3,0
2,2,0
3,3,0
2,2,0
2,4,2
2,2,0
7,7,0
1,2,1
3,5,2
2,2,0
2,2,0
3,5,2
2,8,6
2,2,0
1,1,0
3,3,0
1,44,43
2,2,0
4,20,16
2,2,0
49,49,0
2,2,0
1,2,1
2,2,0
2,2,0
2,2,0
8,8,0
3,3,0
3,3,0
1,2,1
0,0,0
2,2,0
3,5,2
2,2,0
2,2,0
2,2,0
3,6,3
100,100,0
3,3,0
2,2,0
1,8,7
2,2,0
3,3,0
2,4,2
1,4,3
3,3,0
1,2,1
2,2,0
2,2,0
8,8,0
2,2,0
2,2,0
1,2,1
2,2,0
1,2,1
2,47,45
2,4,2
2,2,0
2,2,0
1,2,1
2,2,0
12,12,0
2,11,9
3,4,1
2,11,9
10,10,0
3,3,0
9,9,0
30,30,0
3,23,20
2,2,0
23,23,0
2,2,0
2,2,0
2,2,0
2,2,0
2,6,4
2,2,0
2,22,20
3,3,0
2,2,0
2,2,0
3,3,0
3,3,0
1,2,1
2,2,0
4,4,0
3,3,0
2,2,0
9,15,6
2,2,0
2,2,0
2,6,4
2,2,0
2,6,4
2,2,0
2,2,0
3,12,9
3,3,0
2,3,1
4,52,48
6,6,0
1,1,0
2,2,0
1,2,1
12,16,4
3,3,0
3,7,4
0,0,0
3,3,0
2,18,16
2,2,0
3,3,0
3,7,4
2,2,0
2,2,0
2,2,0
2,2,0
2,2,0
2,7,5
2,4,2
17,38,21
8,8,0
9,9,0
3,3,0
2,12,10
0,0,0
2,2,0
4,4,0
8,8,0
2,2,0
0,0,0
2,2,0
3,5,2
4,4,0
3,5,2
3,7,4
2,2,0
3,3,0
3,11,8
1,74,73
3,4,1
0,0,0
1,2,1
2,2,0
4,4,0
3,3,0
3,3,0
10,10,0
2,4,2
3,5,2
2,2,0
1,2,1
2,9,7
1,2,1
1,46,45
2,18,16
3,3,0
1,1,0
2,4,2
3,8,5
9,9,0
2,2,0
2,3,1
1,2,1
7,7,0
2,2,0
3,3,0
2,45,43
3,3,0
4,6,2
7,7,0
3,3,0
0,0,0
0,0,0
3,3,0
2,4,2
2,2,0
1,1,0
2,2,0
2,4,2
8,8,0
2,2,0
2,2,0
3,3,0
2,2,0
3,12,9
3,5,2
1,1,0
2,4,2
3,3,0
3,8,5
2,2,0
2,2,0
1,2,1
6,6,0
1,1,0
2,45,43
2,2,0
2,5,3
3,3,0
3,9,6
2,2,0
43,43,0
2,4,2
8,8,0
2,2,0
2,2,0
2,2,0
2,2,0
9,9,0
1,3,2
1,2,1
2,4,2
2,8,6
1,1,0
2,2,0
2,2,0
8,20,12
2,2,0
14,14,0
3,3,0
1,1,0
2,6,4
2,12,10
3,3,0
3,19,16
2,2,0
1,2,1
2,2,0
3,6,3
2,2,0
2,2,0
1,1,0
0,0,0
8,8,0
3,3,0
2,2,0
21,21,0
3,3,0
2,6,4
3,6,3
2,2,0
1,1,0
2,13,11
3,7,4
3,3,0
3,7,4
2,2,0
1,3,2
2,2,0
0,0,0
3,9,6
2,5,3
1,1,0
3,5,2
2,2,0
3,25,22
3,5,2
2,2,0
1,1,0
2,2,0
1,1,0
2,2,0
9,9,0
2,2,0
0,0,0
2,2,0
2,2,0
2,2,0
16,19,3
1,1,0
3,3,0
1,1,0
6,10,4
2,2,0
2,2,0
2,6,4
2,2,0
8,8,0
1,5,4
3,3,0
2,20,18
2,2,0
3,3,0
3,3,0
2,8,6
2,2,0
3,3,0
0,0,0
9,9,0
2,2,0
3,3,0
2,2,0
1,1,0
2,2,0
2,2,0
3,3,0
3,5,2
3,5,2
2,2,0
2,2,0
2,7,5
3,3,0
1,1,0
3,3,0
8,8,0
2,2,0
4,4,0
1,1,0
0,0,0
2,2,0
1,2,1
16,18,2
3,5,2
3,5,2
1,1,0
3,5,2
3,11,8
3,4,1
2,2,0
1,1,0
2,8,6
9,9,0
2,2,0
2,2,0
2,2,0
3,5,2
3,5,2
3,3,0
0,0,0
2,5,3
3,3,0
2,2,0
2,2,0
2,2,0
2,2,0
9,9,0
2,2,0
3,8,5
2,2,0
3,3,0
2,119,117
2,2,0
3,3,0
9,9,0
2,2,0
2,7,5
2,2,0
9,9,0
3,10,7
2,4,2
37,37,0
2,2,0
3,3,0
2,2,0
2,2,0
3,3,0
2,2,0
3,3,0
9,54,45
3,16,13
2,2,0
1,62,61
1,1,0
2,4,2
0,0,0
2,2,0
2,2,0
2,2,0
2,2,0
3,3,0
2,2,0
2,2,0
2,2,0
3,11,8
2,4,2
13,13,0
3,3,0
3,3,0
10,10,0
2,2,0
3,3,0
7,10,3
2,2,0
2,2,0
3,3,0
2,2,0
54,109,55
2,3,1
1,1,0
2,2,0
2,4,2
3,17,14
3,5,2
3,15,12
130,130,0
3,3,0
1,3,2
10,10,0
2,2,0
18,20,2
3,8,5
2,2,0
3,3,0
1,5,4
24,24,0
1,1,0
1,1,0
2,2,0
2,6,4
1,2,1
1,1,0
8,8,0
7,20,13
4,4,0
0,0,0
2,2,0
0,0,0
2,3,1
9,9,0
16,74,58
3,5,2
20,20,0
13,13,0
3,11,8
154,154,0
9,60,51
6,35,29
8,8,0
2,2,0
1,2,1
1,1,0
5,5,0
1,25,24
3,3,0
2,2,0
2,4,2
2,2,0
1,1,0
11,11,0
3,6,3
1,8,7
3,4,1
2,2,0
2,2,0
3,3,0
2,2,0
3,3,0
3,3,0
2,2,0
2,2,0
8,8,0
3,5,2
2,3,1
2,2,0
2,2,0
3,4,1
3,7,4
2,4,2
3,5,2
2,4,2
1,2,1
3,3,0
2,2,0
3,3,0
2,2,0
2,12,10
2,2,0
3,3,0
2,2,0
2,2,0
3,3,0
1,1,0
8,8,0
3,3,0
0,0,0
2,2,0
2,2,0
2,2,0
9,9,0
6,75,69
3,5,2
2,2,0
9,10,1
1,3,2
2,2,0
2,4,2
8,8,0
8,8,0
2,3,1
8,8,0
18,18,0
3,3,0
2,2,0
2,2,0
2,2,0
2,2,0
2,2,0
2,2,0
2,2,0
0,0,0
2,2,0
1,1,0
0,0,0
3,3,0
2,2,0
2,2,0
0,0,0
2,4,2
0,0,0
3,5,2
2,2,0
2,2,0
2,3,1
8,8,0
2,2,0
9,9,0
2,2,0
3,3,0
1,6,5
2,2,0
2,4,2
9,9,0
2,2,0
2,2,0
3,9,6
1,1,0
2,2,0
1,22,21
3,5,2
1,2,1
2,4,2
2,4,2
3,3,0
100,131,31
4,5,1
3,3,0
3,3,0
2,2,0
150,150,0
7,7,0
2,2,0
0,0,0
2,2,0
3,3,0
2,2,0
2,2,0
1,2,1
2,4,2
8,8,0
0,0,0
5,5,0
2,2,0
23,23,0
3,5,2
3,5,2
2,2,0
31,31,0
3,3,0
2,2,0
2,2,0
2,2,0
2,2,0
1,2,1
3,6,3
9,9,0
2,2,0
2,2,0
2,2,0
2,2,0
1,13,12
0,0,0
2,5,3
4,4,0
5,5,0
10,10,0
2,2,0
2,2,0
2,2,0
4,4,0
1,1,0
4,6,2
12,12,0
2,2,0
2,4,2
2,2,0
3,3,0
2,4,2
58,58,0
2,3,1
2,2,0
1,4,3
2,2,0
1,2,1
3,7,4
3,3,0
2,6,4
8,8,0
2,4,2
2,2,0
2,2,0
2,5,3
1,1,0
2,2,0
1,9,8
2,2,0
2,2,0
2,2,0
1,13,12
3,3,0
2,2,0
9,9,0
3,3,0
2,2,0
2,2,0
2,2,0
2,3,1
2,3,1
1,1,0
2,4,2
2,2,0
1,5,4
2,2,0
2,4,2
1,3,2
3,3,0
51,51,0
1,6,5
2,4,2
51,51,0
4,4,0
3,3,0
1,12,11
2,2,0
1,2,1
2,2,0
3,3,0
2,2,0
2,2,0
2,47,45
2,2,0
3,3,0
3,3,0
9,9,0
2,6,4
2,3,1
2,2,0
3,3,0
2,2,0
2,4,2
3,3,0
6,46,40
2,4,2
0,0,0
2,2,0
1,5,4
2,2,0
3,3,0
22,22,0
8,8,0
2,2,0
3,4,1
1,1,0
2,2,0
8,8,0
3,9,6
0,0,0
3,17,14
3,5,2
2,4,2
2,2,0
2,2,0
2,2,0
3,5,2
3,3,0
1,2,1
9,9,0
2,2,0
2,4,2
2,2,0
3,9,6
12,12,0
3,3,0
2,14,12
2,2,0
2,2,0
2,2,0
2,2,0
3,8,5
2,2,0
8,8,0
2,2,0
2,2,0
2,4,2
3,8,5
11,11,0
4,4,0
3,5,2
0,0,0
2,3,1
7,7,0
1,1,0
5,5,0
3,18,15
2,2,0
1,1,0
2,2,0
9,9,0
6,6,0
8,8,0
3,5,2
2,4,2
2,2,0
2,2,0
2,2,0
3,15,12
0,0,0
3,3,0
3,3,0
2,2,0
3,5,2
2,2,0
2,32,30
1,2,1
2,90,88
9,9,0
2,2,0
2,2,0
3,7,4
1,1,0
3,3,0
11,11,0
2,2,0
2,2,0
2,2,0
1,1,0
18,45,27
2,2,0
2,2,0
3,5,2
3,3,0
3,17,14
3,3,0
46,56,10
3,3,0
9,9,0
3,3,0
1,2,1
6,6,0
3,3,0
2,6,4
0,0,0
2,15,13
1,1,0
3,7,4
3,3,0
2,2,0
8,8,0
9,9,0
4,4,0
1,1,0
5,5,0
1,1,0
0,0,0
3,7,4
11,22,11
1,1,0
2,2,0
3,3,0
3,14,11
2,6,4
3,22,19
2,3,1
24,24,0
2,77,75
2,27,25
3,3,0
2,3,1
23,23,0
8,8,0
2,4,2
2,2,0
1,3,2
5,5,0
3,6,3
3,7,4
2,2,0
3,9,6
2,2,0
0,0,0
3,3,0
3,3,0
1,1,0
3,10,7
3,4,1
2,2,0
2,82,80
3,3,0
35,37,2
2,2,0
2,4,2
9,9,0
2,2,0
2,4,2
2,2,0
2,4,2
9,9,0
16,21,5
1,5,4
3,3,0
2,2,0
2,2,0
2,2,0
2,2,0
9,9,0
2,2,0
3,5,2
2,2,0
51,51,0
6,6,0
1,1,0
3,3,0
3,6,3
156,156,0
8,8,0
2,4,2
2,2,0
2,2,0
4,4,0
12,12,0
2,2,0
4,4,0
2,4,2
7,43,36
1,30,29
2,2,0
3,9,6
11,11,0
2,2,0
2,8,6
1,3,2
2,2,0
1,2,1
9,9,0
3,6,3
37,39,2
3,3,0
5,5,0
2,2,0
4,4,0
20,20,0
2,2,0
2,2,0
2,2,0
11,11,0
3,5,2
2,2,0
2,2,0
1,3,2
2,2,0
3,5,2
3,10,7
1,1,0
2,2,0
2,6,4
2,2,0
9,9,0
2,4,2
1,2,1
1,1,0
1,2,1
3,5,2
2,2,0
2,2,0
3,3,0
2,2,0
75,108,33
8,8,0
3,3,0
1,2,1
8,8,0
2,4,2
3,6,3
1,1,0
3,5,2
3,11,8
3,3,0
3,3,0
2,2,0
2,2,0
6,6,0
2,2,0
2,2,0
3,7,4
9,9,0
11,11,0
3,3,0
2,2,0
2,2,0
2,30,28
2,6,4
8,8,0
3,3,0
2,4,2
3,3,0
2,2,0
0,0,0
3,5,2
3,3,0
3,10,7
0,0,0
4,4,0
2,2,0
60,121,61
2,2,0
2,3,1
2,2,0
2,2,0
13,17,4
2,2,0
2,4,2
2,2,0
1,4,3
2,2,0
6,6,0
7,7,0
2,2,0
3,5,2
20,20,0
25,43,18
2,2,0
3,3,0
3,3,0
8,14,6
2,2,0
2,2,0
0,0,0
3,5,2
2,2,0
2,2,0
1,3,2
2,2,0
2,2,0
2,2,0
2,20,18
2,2,0
2,6,4
3,3,0
2,2,0
2,2,0
8,8,0
2,2,0
2,2,0
3,3,0
0,0,0
1,4,3
3,3,0
0,0,0
3,9,6
3,3,0
3,7,4
2,6,4
1,2,1
2,2,0
3,7,4
2,2,0
1,3,2
2,2,0
56,56,0
4,4,0
3,5,2
2,2,0
6,9,3
2,2,0
0,0,0
1,7,6
3,3,0
3,3,0
3,3,0
3,3,0
2,4,2
1,3,2
6,6,0
2,2,0
2,2,0
3,3,0
2,80,78
2,9,7
2,2,0
4,4,0
2,2,0
3,3,0
20,20,0
2,2,0
0,0,0
2,15,13
3,3,0
2,2,0
1,2,1
2,6,4
9,9,0
2,2,0
2,2,0
3,3,0
2,2,0
2,6,4
2,2,0
2,2,0
90,90,0
4,7,3
3,3,0
2,2,0
2,4,2
2,2,0
3,3,0
2,4,2
1,2,1
2,2,0
3,3,0
1,5,4
2,2,0
2,2,0
1,27,26
2,2,0
2,2,0
2,2,0
2,2,0
3,3,0
1,1,0
3,6,3
2,2,0
10,10,0
2,2,0
2,2,0
2,2,0
3,4,1
2,2,0
1,1,0
2,2,0
3,3,0
3,5,2
1,1,0
3,11,8
8,16,8
3,8,5
3,3,0
1,2,1
2,2,0
2,45,43
1,1,0
2,2,0
2,2,0
2,2,0
9,9,0
3,3,0
3,3,0
3,3,0
2,4,2
3,3,0
8,8,0
8,8,0
0,0,0
2,2,0
13,13,0
2,2,0
2,2,0
2,4,2
2,2,0
3,5,2
2,2,0
2,2,0
3,6,3
2,2,0
2,7,5
2,2,0
2,2,0
1,1,0
2,13,11
8,8,0
2,2,0
2,2,0
2,4,2
3,5,2
2,2,0
1,2,1
3,3,0
6,9,3
0,0,0
1,1,0
3,3,0
3,4,1
3,4,1
3,3,0
2,2,0
2,2,0
3,5,2
3,7,4
2,2,0
2,2,0
2,2,0
2,2,0
0,0,0
8,8,0
1,1,0
3,3,0
2,2,0
3,9,6
3,3,0
1,3,2
4,4,0
2,4,2
2,4,2
6,37,31
5,5,0
0,0,0
3,5,2
2,6,4
2,22,20
2,2,0
2,2,0
2,4,2
8,8,0
2,2,0
3,17,14
2,2,0
3,7,4
3,5,2
3,3,0
2,2,0
3,3,0
10,12,2
1,1,0
1,2,1
2,21,19
2,2,0
3,5,2
3,5,2
3,11,8
2,2,0
1,1,0
1,1,0
3,3,0
3,3,0
2,2,0
7,7,0
2,2,0
0,0,0
3,3,0
36,36,0
100,100,0
9,9,0
1,2,1
3,4,1
2,18,16
2,3,1
2,2,0
9,9,0
22,22,0
2,2,0
3,3,0
3,5,2
2,2,0
0,0,0
3,4,1
8,8,0
2,2,0
2,2,0
10,17,7
1,2,1
2,2,0
2,2,0
2,2,0
3,3,0
3,3,0
8,8,0
1,3,2
1,1,0
2,2,0
2,2,0
2,2,0
3,5,2
2,2,0
0,0,0
2,4,2
2,2,0
1,7,6
3,3,0
23,23,0
2,2,0
3,3,0
2,2,0
2,2,0
3,3,0
8,8,0
3,3,0
10,10,0
2,17,15
9,9,0
3,7,4
2,2,0
10,10,0
2,2,0
2,2,0
2,39,37
3,4,1
2,4,2
2,2,0
3,3,0
8,8,0
3,5,2
2,2,0
3,9,6
1,28,27
2,2,0
2,4,2
4,7,3
1,2,1
0,0,0
2,4,2
3,5,2
3,12,9
9,48,39
2,2,0
2,2,0
3,3,0
3,3,0
3,3,0
2,2,0
22,22,0
1,1,0
2,2,0
2,7,5
2,2,0
2,4,2
3,5,2
43,43,0
2,2,0
2,2,0
2,2,0
1,4,3
100,100,0
2,2,0
2,10,8
4,5,1
3,3,0
4,4,0
2,2,0
3,3,0
9,9,0
2,2,0
1,28,27
2,2,0
2,2,0
8,15,7
2,2,0
2,4,2
3,5,2
2,2,0
2,2,0
2,4,2
2,2,0
2,4,2
2,9,7
2,2,0
3,3,0
3,5,2
2,2,0
3,3,0
3,3,0
3,4,1
100,104,4
2,2,0
2,2,0
3,6,3
2,2,0
9,9,0
2,2,0
3,3,0
2,2,0
1,3,2
1,22,21
3,3,0
2,2,0
154,154,0
2,2,0
1,2,1
14,14,0
3,5,2
9,9,0
9,9,0
2,2,0
1,20,19
3,3,0
1,4,3
5,10,5
4,4,0
1,5,4
2,37,35
0,0,0
3,3,0
3,80,77
2,2,0
1,1,0
3,3,0
2,3,1
7,9,2
2,2,0
2,4,2
2,2,0
2,2,0
1,5,4
51,51,0
2,2,0
2,2,0
2,3,1
1,1,0
3,3,0
2,2,0
4,4,0
0,0,0
2,2,0
3,3,0
2,2,0
21,21,0
2,2,0
66,70,4
3,24,21
3,3,0
2,6,4
3,7,4
2,2,0
2,2,0
2,2,0
1,23,22
3,3,0
3,5,2
3,3,0
2,10,8
11,12,1
8,8,0
3,5,2
3,3,0
2,2,0
1,15,14
2,2,0
2,2,0
3,3,0
3,17,14
1,3,2
2,2,0
2,8,6
2,2,0
2,3,1
4,4,0
3,9,6
0,0,0
2,4,2
3,5,2
2,4,2
2,2,0
8,17,9
2,6,4
3,3,0
1,56,55
2,2,0
2,4,2
9,9,0
3,3,0
3,3,0
2,2,0
2,3,1
2,2,0
2,2,0
1,2,1
3,5,2
3,3,0
2,2,0
3,5,2
5,6,1
0,0,0
2,2,0
0,0,0
3,3,0
3,3,0
2,2,0
2,13,11
2,3,1
3,5,2
3,3,0
9,9,0
0,0,0
5,5,0
2,2,0
2,12,10
2,2,0
1,1,0
2,2,0
8,8,0
2,2,0
7,7,0
1,1,0
3,7,4
0,0,0
3,3,0
11,11,0
3,3,0
2,13,11
1,1,0
2,2,0
0,0,0
2,2,0
2,2,0
2,10,8
1,23,22
3,5,2
3,4,1
2,2,0
2,4,2
1,3,2
1,3,2
8,8,0
0,0,0
2,2,0
3,7,4
3,3,0
2,6,4
3,6,3
2,5,3
2,2,0
2,2,0
2,2,0
2,29,27
2,2,0
3,3,0
1,2,1
77,79,2
2,2,0
2,2,0
9,20,11
38,41,3
2,2,0
2,2,0
2,2,0
1,2,1
2,2,0
2,2,0
1,23,22
2,2,0
1,2,1
8,8,0
3,4,1
2,8,6
3,3,0
2,11,9
1,8,7
2,2,0
3,3,0
1,1,0
2,2,0
3,7,4
9,9,0
2,2,0
1,2,1
4,4,0
0,0,0
3,3,0
8,8,0
2,2,0
2,17,15
2,3,1
2,2,0
3,18,15
3,5,2
3,3,0
1,2,1
2,2,0
2,99,97
6,6,0
3,12,9
3,5,2
2,2,0
3,5,2
2,2,0
2,2,0
2,2,0
3,3,0
1,1,0
2,2,0
2,3,1
2,2,0
120,242,122
3,5,2
2,2,0
6,6,0
3,5,2
2,2,0
2,2,0
2,2,0
8,8,0
3,3,0
3,3,0
2,4,2
2,2,0
14,14,0
2,4,2
2,2,0
1,5,4
2,2,0
2,4,2
2,2,0
2,2,0
2,2,0
2,4,2
2,2,0
6,6,0
3,5,2
3,3,0
2,2,0
3,3,0
2,2,0
17,17,0
3,4,1
3,3,0
1,1,0
2,9,7
0,0,0
8,16,8
100,104,4
2,2,0
2,7,5
3,7,4
2,2,0
3,3,0
2,2,0
2,2,0
2,2,0
4,4,0
2,2,0
2,6,4
1,1,0
2,2,0
3,4,1
2,2,0
3,5,2
3,3,0
1,2,1
2,2,0
0,0,0
2,2,0
51,51,0
2,3,1
2,2,0
2,2,0
3,7,4
2,2,0
2,5,3
3,3,0
3,3,0
2,4,2
2,2,0
2,7,5
2,2,0
2,2,0
3,3,0
3,10,7
1,1,0
2,2,0
1,20,19
0,0,0
2,2,0
2,5,3
3,3,0
2,2,0
8,8,0
2,2,0
2,13,11
2,5,3
2,2,0
3,6,3
9,9,0
9,9,0
2,2,0
8,8,0
3,3,0
2,2,0
6,6,0
9,9,0
3,5,2
1,1,0
2,2,0
2,2,0
3,3,0
9,9,0
0,0,0
1,1,0
3,3,0
2,2,0
3,3,0
2,4,2
16,16,0
2,2,0
2,76,74
2,3,1
2,4,2
2,6,4
3,3,0
2,2,0
3,7,4
3,3,0
2,2,0
3,27,24
2,2,0
3,3,0
2,2,0
1,1,0
2,2,0
2,18,16
2,7,5
0,0,0
9,9,0
51,51,0
2,2,0
2,2,0
1,1,0
3,7,4
2,2,0
1,1,0
3,3,0
2,14,12
16,16,0
0,0,0
2,4,2
2,2,0
1,6,5
3,6,3
2,2,0
2,2,0
0,0,0
2,8,6
3,3,0
9,9,0
3,3,0
2,2,0
3,8,5
2,2,0
8,34,26
3,3,0
2,2,0
8,8,0
2,2,0
0,0,0
2,4,2
3,7,4
2,2,0
2,9,7
3,3,0
1,4,3
3,5,2
2,2,0
2,2,0
8,8,0
0,0,0
3,5,2
1,1,0
2,2,0
2,3,1
8,8,0
3,7,4
3,5,2
9,9,0
2,2,0
3,5,2
2,2,0
12,27,15
3,3,0
2,3,1
2,82,80
30,32,2
2,2,0
0,0,0
2,4,2
1,1,0
2,2,0
3,19,16
9,9,0
4,10,6
8,8,0
2,35,33
3,3,0
2,2,0
13,37,24
3,5,2
2,4,2
2,4,2
2,5,3
4,5,1
25,25,0
3,3,0
3,3,0
3,7,4
2,8,6
0,0,0
2,2,0
3,7,4
3,3,0
5,6,1
2,2,0
1,3,2
3,3,0
3,5,2
2,2,0
3,3,0
3,8,5
2,2,0
10,12,2
21,21,0
9,9,0
2,2,0
2,3,1
3,4,1
3,5,2
2,2,0
2,2,0
3,5,2
9,9,0
4,4,0
3,3,0
3,4,1
1,92,91
349,399,50
11,11,0
2,2,0
2,2,0
3,3,0
9,9,0
2,2,0
2,6,4
3,3,0
100,100,0
98,98,0
2,2,0
2,2,0
2,13,11
99,103,4
2,2,0
100,100,0
2,2,0
2,4,2
2,8,6
3,3,0
2,2,0
2,2,0
3,20,17
2,2,0
2,2,0
2,2,0
3,3,0
2,2,0
1,1,0
2,2,0
2,12,10
2,2,0
2,16,14
2,2,0
3,5,2
2,67,65
23,24,1
3,3,0
20,23,3
3,5,2
2,2,0
20,20,0
3,3,0
8,8,0
2,3,1
51,51,0
2,2,0
3,5,2
2,62,60
2,2,0
2,6,4
2,2,0
0,0,0
3,4,1
2,2,0
2,4,2
3,4,1
2,2,0
1,1,0
9,9,0
2,2,0
2,2,0
3,5,2
2,2,0
4,4,0
2,2,0
5,5,0
3,3,0
2,2,0
2,3,1
2,2,0
4,4,0
3,4,1
2,5,3
11,12,1
3,3,0
2,2,0
3,5,2
1,20,19
1,4,3
2,2,0
3,5,2
0,0,0
3,3,0
2,3,1
2,2,0
1,1,0
2,2,0
3,3,0
4,4,0
2,2,0
3,3,0
9,9,0
2,2,0
1,9,8
3,5,2
1,2,1
2,2,0
2,2,0
3,6,3
2,4,2
1,1,0
2,6,4
5,5,0
2,5,3
2,2,0
1,24,23
2,4,2
4,4,0
2,2,0
2,2,0
6,6,0
5,7,2
3,15,12
3,3,0
7,9,2
3,3,0
3,3,0
3,5,2
2,2,0
3,4,1
1,1,0
2,2,0
2,8,6
3,5,2
2,2,0
9,9,0
2,2,0
8,8,0
2,2,0
2,3,1
2,2,0
3,3,0
2,2,0
2,2,0
20,20,0
2,7,5
2,4,2
1,79,78
2,2,0
1,1,0
2,2,0
2,2,0
10,10,0
3,10,7
9,9,0
2,2,0
3,3,0
1,3,2
22,22,0
2,2,0
9,9,0
2,2,0
2,3,1
0,0,0
2,2,0
3,4,1
9,9,0
1,1,0
2,2,0
3,11,8
2,2,0
3,5,2
1,1,0
3,5,2
2,16,14
8,8,0
10,10,0
8,8,0
2,2,0
3,6,3
0,0,0
3,5,2
3,3,0
2,201,199
1,71,70
2,2,0
3,3,0
3,3,0
1,2,1
2,2,0
2,2,0
7,7,0
10,10,0
3,3,0
3,3,0
0,0,0
2,2,0
3,3,0
3,8,5
3,5,2
2,10,8
2,2,0
5,5,0
2,6,4
8,8,0
8,8,0
3,3,0
2,2,0
3,3,0
3,7,4
8,8,0
2,2,0
9,9,0
40,40,0
3,3,0
3,3,0
2,2,0
3,5,2
2,24,22
2,2,0
3,3,0
2,4,2
2,2,0
100,100,0
1,28,27
4,5,1
3,7,4
23,23,0
1,2,1
0,0,0
3,5,2
92,92,0
2,2,0
2,2,0
1,1,0
2,2,0
29,29,0
1,2,1
8,8,0
9,9,0
3,3,0
2,2,0
8,8,0
2,2,0
2,5,3
2,2,0
2,2,0
3,5,2
0,0,0
3,3,0
1,25,24
1,10,9
1,2,1
2,2,0
0,0,0
1,2,1
3,6,3
3,3,0
3,3,0
100,104,4
0,0,0
2,2,0
2,2,0
11,11,0
2,3,1
11,11,0
2,2,0
3,3,0
9,9,0
3,5,2
3,3,0
3,3,0
6,11,5
2,4,2
22,22,0
2,10,8
3,7,4
2,2,0
1,9,8
2,2,0
2,2,0
2,2,0
1,5,4
2,2,0
2,2,0
2,3,1
10,10,0
1,22,21
3,3,0
3,3,0
1,9,8
2,2,0
3,3,0
1,1,0
2,2,0
4,6,2
1,1,0
26,31,5
2,97,95
3,4,1
2,2,0
22,25,3
4,14,10
1,2,1
2,2,0
3,4,1
2,2,0
2,2,0
2,2,0
1,3,2
2,2,0
9,9,0
2,2,0
51,51,0
3,3,0
51,51,0
1,2,1
3,3,0
2,2,0
3,5,2
3,3,0
9,9,0
3,7,4
4,4,0
2,7,5
49,49,0
3,3,0
3,3,0
2,2,0
3,5,2
11,11,0
1,1,0
2,2,0
4,10,6
2,3,1
2,6,4
3,3,0
20,20,0
9,9,0
2,2,0
3,5,2
9,9,0
2,2,0
2,2,0
6,117,111
2,2,0
14,14,0
2,2,0
2,2,0
2,45,43
0,0,0
5,5,0
32,32,0
8,8,0
5,5,0
2,2,0
3,3,0
3,6,3
2,2,0
1,2,1
2,4,2
2,2,0
0,0,0
2,2,0
3,7,4
2,3,1
1,2,1
2,10,8
9,9,0
3,3,0
3,5,2
1,5,4
3,3,0
1,72,71
3,3,0
2,4,2
2,2,0
2,2,0
3,5,2
8,8,0
2,16,14
3,9,6
2,2,0
4,7,3
2,2,0
3,3,0
2,2,0
2,2,0
8,8,0
3,9,6
2,2,0
1,1,0
1,1,0
0,0,0
3,3,0
10,10,0
3,3,0
2,2,0
3,3,0
3,5,2
2,11,9
2,2,0
4,4,0
2,2,0
3,7,4
17,17,0
1,1,0
12,12,0
1,1,0
3,3,0
2,2,0
9,9,0
0,0,0
3,3,0
8,8,0
2,2,0
3,3,0
0,0,0
10,10,0
3,3,0
2,2,0
3,3,0
3,7,4
2,2,0
2,2,0
2,2,0
2,2,0
2,2,0
2,2,0
6,6,0
2,3,1
0,0,0
2,2,0
2,2,0
8,35,27
2,3,1
2,2,0
2,2,0
2,4,2
10,10,0
2,4,2
1,3,2
4,5,1
2,3,1
3,3,0
2,6,4
2,2,0
2,2,0
2,2,0
3,3,0
1,1,0
1,22,21
8,8,0
5,5,0
19,19,0
2,2,0
2,4,2
2,4,2
2,2,0
2,4,2
4,8,4
2,6,4
3,13,10
2,2,0
2,2,0
2,12,10
2,2,0
1,1,0
2,4,2
3,5,2
2,2,0
2,2,0
1,2,1
2,4,2
3,8,5
2,4,2
2,2,0
3,3,0
2,2,0
13,13,0
2,2,0
3,3,0
2,2,0
9,9,0
2,2,0
8,8,0
3,3,0
2,4,2
2,2,0
4,4,0
3,3,0
17,17,0
3,3,0
2,2,0
2,2,0
2,2,0
3,5,2
3,3,0
1,9,8
2,19,17
3,3,0
0,0,0
2,2,0
2,99,97
2,2,0
1,1,0
1,2,1
2,2,0
1,1,0
1,23,22
2,2,0
3,21,18
2,2,0
55,55,0
3,3,0
2,2,0
1,1,0
8,8,0
9,9,0
2,2,0
3,3,0
2,4,2
3,3,0
2,4,2
2,2,0
3,3,0
2,2,0
1,1,0
2,2,0
2,2,0
0,0,0
2,2,0
2,2,0
3,3,0
3,3,0
9,9,0
1,7,6
3,5,2
1,3,2
2,4,2
1,1,0
2,2,0
9,9,0
120,242,122
2,2,0
2,6,4
3,3,0
2,4,2
1,2,1
2,2,0
2,2,0
2,2,0
1,21,20
0,0,0
9,9,0
1,1,0
2,5,3
5,7,2
1,1,0
1,25,24
7,7,0
3,3,0
3,20,17
3,10,7
1,27,26
2,2,0
2,2,0
2,2,0
2,2,0
3,3,0
2,2,0
2,3,1
1,2,1
2,2,0
1,4,3
2,2,0
1,3,2
51,51,0
2,2,0
8,11,3
3,3,0
3,3,0
2,2,0
64,64,0
1,1,0
3,3,0
2,2,0
3,3,0
1,1,0
2,5,3
2,3,1
1,1,0
2,2,0
2,2,0
3,5,2
2,16,14
3,5,2
3,3,0
1,1,0
2,87,85
10,10,0
8,16,8
2,2,0
1,2,1
3,5,2
1,1,0
10,10,0
2,4,2
1,2,1
2,2,0
8,8,0
4,4,0
2,2,0
2,2,0
2,2,0
3,5,2
12,12,0
5,5,0
9,9,0
3,7,4
3,3,0
51,51,0
3,3,0
25,123,98
4,5,1
3,3,0
2,2,0
1,1,0
2,2,0
2,2,0
3,3,0
2,2,0
7,7,0
3,9,6
3,7,4
3,3,0
3,3,0
9,9,0
2,10,8
2,4,2
2,2,0
2,2,0
6,14,8
2,2,0
2,2,0
98,98,0
3,3,0
3,5,2
2,2,0
2,2,0
1,1,0
3,3,0
3,19,16
2,6,4
1,21,20
22,22,0
1,2,1
2,2,0
8,8,0
3,6,3
3,3,0
2,6,4
8,8,0
0,0,0
3,5,2
2,2,0
3,5,2
1,4,3
1,2,1
2,3,1
1,1,0
2,2,0
2,5,3
2,5,3
3,3,0
10,10,0
2,2,0
0,0,0
2,2,0
2,2,0
9,9,0
2,2,0
2,2,0
2,2,0
2,2,0
2,2,0
2,4,2
2,4,2
4,47,43
3,3,0
3,3,0
2,2,0
2,2,0
2,2,0
2,2,0
4,4,0
3,5,2
1,2,1
2,2,0
2,2,0
2,2,0
1,23,22
2,5,3
3,3,0
3,3,0
2,2,0
3,5,2
2,2,0
2,2,0
2,2,0
2,2,0
74,74,0
1,10,9
2,2,0
2,2,0
2,2,0
7,7,0
3,3,0
3,3,0
2,3,1
2,7,5
10,10,0
2,2,0
2,2,0
1,6,5
2,2,0
3,3,0
2,2,0
2,4,2
3,5,2
1,1,0
2,2,0
2,4,2
1,1,0
3,3,0
2,2,0
1,1,0
2,2,0
2,2,0
2,4,2
2,2,0
1,3,2
3,3,0
2,2,0
8,8,0
2,4,2
2,2,0
3,3,0
8,8,0
2,2,0
2,2,0
8,8,0
2,5,3
2,8,6
8,8,0
3,3,0
3,3,0
2,2,0
9,9,0
5,5,0
2,2,0
2,2,0
14,37,23
3,3,0
2,10,8
1,1,0
2,2,0
3,5,2
2,2,0
3,8,5
0,0,0
1,15,14
1,1,0
1,3,2
2,8,6
0,0,0
3,10,7
2,9,7
2,4,2
2,6,4
2,2,0
3,3,0
2,2,0
2,3,1
2,2,0
1,23,22
9,9,0
2,2,0
3,3,0
2,4,2
1,10,9
2,3,1
2,2,0
2,2,0
2,4,2
9,9,0
3,3,0
2,2,0
2,2,0
10,20,10
5,5,0
3,3,0
3,3,0
2,2,0
2,4,2
1,1,0
2,2,0
24,24,0
2,2,0
2,8,6
2,2,0
0,0,0
3,3,0
2,2,0
2,4,2
3,4,1
1,1,0
2,2,0
9,9,0
13,28,15
2,2,0
2,27,25
2,2,0
1,91,90
100,100,0
2,3,1
3,5,2
2,3,1
2,6,4
1,4,3
2,2,0
3,6,3
1,1,0
2,8,6
2,2,0
3,8,5
2,2,0
3,7,4
11,11,0
3,3,0
2,8,6
3,10,7
1,10,9
3,3,0
9,9,0
2,2,0
9,9,0
2,2,0
2,2,0
64,72,8
5,5,0
3,3,0
2,2,0
90,90,0
3,3,0
8,10,2
6,6,0
6,6,0
11,69,58
2,2,0
1,2,1
2,2,0
2,17,15
2,2,0
3,3,0
3,3,0
9,9,0
15,15,0
2,5,3
3,8,5
3,3,0
10,10,0
2,2,0
2,6,4
2,2,0
1,1,0
2,2,0
2,8,6
8,8,0
2,5,3
2,2,0
2,2,0
12,13,1
3,7,4
60,121,61
8,8,0
2,2,0
2,2,0
3,5,2
2,2,0
5,5,0
2,2,0
3,7,4
1,2,1
10,11,1
2,20,18
1,1,0
2,2,0
2,5,3
0,0,0
3,3,0
2,3,1
2,2,0
2,4,2
1,1,0
3,3,0
3,3,0
4,5,1
2,2,0
1,2,1
10,10,0
2,2,0
26,26,0
9,9,0
0,0,0
2,4,2
3,3,0
2,2,0
1,1,0
3,3,0
3,4,1
2,2,0
0,0,0
0,0,0
2,2,0
1,2,1
2,5,3
8,10,2
3,10,7
2,2,0
2,3,1
12,12,0
1,2,1
7,7,0
2,2,0
100,100,0
3,3,0
5,5,0
3,3,0
1,6,5
1,3,2
4,4,0
2,2,0
6,6,0
3,3,0
2,2,0
3,9,6
2,2,0
2,2,0
2,4,2
2,2,0
2,2,0
3,6,3
2,86,84
2,2,0
2,2,0
8,8,0
1,74,73
1,2,1
2,47,45
49,49,0
2,123,121
3,3,0
4,4,0
2,4,2
3,14,11
3,3,0
3,7,4
2,16,14
2,2,0
6,6,0
2,6,4
3,7,4
3,3,0
2,6,4
3,4,1
3,3,0
2,4,2
8,8,0
3,6,3
2,2,0
3,3,0
3,3,0
2,2,0
3,3,0
2,4,2
3,3,0
9,9,0
2,3,1
11,11,0
1,1,0
2,8,6
38,38,0
2,2,0
5,5,0
2,2,0
2,6,4
2,2,0
3,3,0
20,20,0
2,3,1
2,4,2
2,2,0
25,81,56
2,2,0
2,2,0
3,8,5
0,0,0
2,4,2
4,4,0
3,3,0
2,2,0
2,2,0
2,2,0
3,3,0
12,12,0
2,2,0
2,2,0
3,11,8
2,2,0
1,10,9
2,2,0
2,2,0
2,2,0
3,3,0
1,1,0
2,2,0
1,3,2
9,9,0
8,8,0
2,7,5
2,2,0
11,31,20
2,2,0
1,2,1
2,3,1
3,12,9
2,2,0
1,1,0
2,3,1
3,7,4
2,5,3
2,2,0
1,3,2
5,5,0
3,3,0
3,3,0
2,2,0
2,2,0
2,2,0
7,7,0
3,6,3
8,8,0
2,2,0
2,2,0
2,2,0
2,2,0
1,1,0
2,2,0
2,2,0
0,0,0
2,2,0
1,2,1
3,5,2
2,2,0
9,9,0
11,11,0
2,2,0
2,2,0
2,2,0
3,8,5
3,3,0
3,7,4
11,11,0
2,2,0
3,3,0
2,5,3
2,2,0
2,2,0
2,6,4
2,2,0
5,5,0
2,6,4
2,2,0
1,11,10
2,80,78
2,2,0
2,2,0
1,3,2
2,2,0
2,2,0
2,4,2
6,6,0
2,3,1
2,2,0
2,7,5
51,98,47
3,10,7
1,1,0
9,9,0
2,2,0
2,2,0
18,18,0
2,2,0
3,3,0
2,99,97
0,0,0
9,9,0
2,2,0
2,4,2
2,2,0
20,20,0
0,0,0
3,3,0
1,2,1
2,2,0
2,2,0
2,2,0
2,2,0
3,3,0
2,4,2
3,7,4
1,2,1
1,1,0
9,9,0
2,2,0
0,0,0
2,2,0
1,3,2
3,3,0
57,57,0
3,3,0
6,6,0
8,8,0
3,3,0
1,1,0
1,6,5
2,2,0
2,2,0
1,1,0
3,3,0
2,2,0
2,2,0
2,2,0
2,2,0
2,4,2
2,5,3
3,5,2
2,5,3
2,2,0
2,2,0
8,8,0
3,13,10
3,3,0
3,5,2
2,2,0
2,2,0
3,3,0
4,4,0
2,2,0
20,24,4
3,3,0
2,2,0
2,2,0
3,3,0
3,12,9
2,2,0
1,1,0
2,11,9
2,2,0
3,11,8
2,2,0
2,2,0
6,7,1
8,10,2
2,2,0
7,7,0
2,2,0
2,3,1
2,80,78
0,0,0
2,2,0
2,2,0
1,1,0
3,3,0
2,2,0
2,2,0
2,2,0
3,6,3
2,2,0
2,2,0
3,3,0
1,3,2
1,2,1
2,2,0
100,104,4
2,2,0
2,16,14
0,0,0
1,8,7
2,2,0
16,16,0
16,16,0
1,2,1
2,2,0
8,10,2
51,51,0
3,6,3
3,3,0
4,4,0
2,2,0
1,28,27
6,6,0
3,3,0
0,0,0
2,11,9
3,4,1
3,3,0
1,4,3
0,0,0
1,3,2
2,4,2
3,5,2
3,3,0
2,4,2
3,3,0
2,2,0
8,8,0
2,4,2
3,4,1
0,0,0
1,31,30
2,2,0
98,195,97
1,1,0
2,2,0
6,6,0
3,5,2
3,3,0
1,2,1
2,2,0
3,3,0
8,8,0
2,3,1
2,4,2
0,0,0
2,10,8
1,1,0
1,26,25
24,24,0
2,6,4
3,3,0
2,8,6
3,3,0
8,8,0
2,2,0
2,2,0
3,3,0
2,2,0
2,2,0
2,2,0
1,1,0
3,3,0
3,3,0
8,11,3
2,2,0
3,3,0
2,2,0
0,0,0
4,5,1
1,2,1
3,3,0
8,8,0
0,0,0
7,7,0
1,2,1
2,2,0
8,8,0
11,11,0
1,1,0
3,5,2
2,2,0
2,2,0
2,2,0
2,10,8
1,3,2
2,10,8
2,4,2
2,2,0
2,2,0
4,8,4
2,2,0
2,2,0
3,3,0
1,2,1
2,11,9
2,5,3
2,2,0
3,5,2
12,12,0
3,3,0
2,2,0
2,2,0
1,3,2
2,2,0
2,5,3
3,6,3
1,1,0
2,2,0
2,2,0
1,4,3
2,2,0
2,10,8
1,21,20
0,0,0
9,9,0
2,2,0
2,2,0
1,21,20
3,3,0
2,2,0
0,0,0
2,2,0
3,3,0
2,2,0
2,2,0
2,2,0
2,2,0
2,2,0
2,2,0
3,5,2
2,2,0
3,3,0
2,2,0
2,2,0
2,2,0
2,2,0
31,31,0
2,2,0
2,2,0
3,3,0
9,9,0
3,5,2
2,2,0
1,1,0
2,2,0
2,10,8
2,5,3
3,3,0
8,8,0
2,5,3
3,4,1
1,1,0
4,4,0
3,3,0
3,5,2
1,2,1
3,16,13
2,2,0
1,2,1
2,2,0
2,2,0
11,13,2
8,8,0
2,2,0
18,18,0
2,4,2
2,2,0
2,3,1
15,15,0
2,2,0
9,9,0
1,4,3
1,1,0
2,2,0
3,6,3
2,3,1
2,2,0
2,2,0
8,8,0
2,2,0
2,3,1
1,15,14
9,17,8
0,0,0
2,2,0
2,2,0
3,5,2
4,4,0
81,82,1
3,5,2
2,2,0
3,3,0
2,3,1
2,2,0
2,2,0
2,2,0
2,2,0
3,5,2
1,24,23
2,2,0
4,6,2
1,2,1
2,2,0
5,133,128
3,5,2
1,3,2
99,99,0
3,17,14
8,8,0
5,27,22
3,3,0
16,17,1
3,8,5
3,3,0
1,2,1
3,9,6
3,3,0
2,2,0
4,6,2
1,21,20
3,5,2
3,3,0
2,8,6
2,4,2
14,14,0
2,2,0
2,2,0
3,8,5
2,3,1
2,2,0
9,9,0
3,3,0
2,2,0
2,2,0
3,7,4
3,5,2
3,5,2
2,2,0
0,0,0
2,2,0
2,3,1
2,2,0
2,2,0
1,26,25
40,48,8
2,2,0
1,5,4
2,2,0
2,9,7
2,2,0
2,2,0
2,2,0
2,2,0
2,2,0
8,8,0
5,14,9
1,1,0
2,4,2
3,3,0
2,2,0
2,2,0
3,3,0
2,2,0
3,5,2
4,4,0
2,2,0
2,3,1
3,3,0
2,15,13
1,1,0
4,6,2
2,11,9
2,2,0
3,5,2
3,7,4
3,3,0
1,3,2
2,2,0
2,2,0
3,7,4
3,3,0
2,2,0
3,3,0
8,8,0
3,5,2
2,2,0
2,4,2
3,3,0
2,11,9
3,3,0
3,7,4
9,9,0
3,5,2
2,2,0
3,7,4
10,10,0
9,21,12
2,2,0
13,13,0
3,3,0
2,2,0
2,2,0
2,2,0
2,6,4
3,3,0
4,4,0
3,13,10
3,3,0
2,2,0
2,3,1
3,3,0
78,158,80
2,2,0
3,5,2
9,9,0
3,5,2
3,3,0
3,5,2
3,3,0
2,4,2
4,4,0
2,2,0
14,14,0
2,2,0
0,0,0
2,2,0
0,0,0
2,2,0
2,2,0
0,0,0
2,4,2
2,2,0
3,5,2
1,7,6
2,2,0
2,2,0
2,2,0
6,6,0
2,6,4
2,2,0
3,13,10
8,9,1
2,2,0
45,45,0
2,2,0
2,2,0
21,21,0
1,25,24
0,0,0
2,2,0
2,7,5
3,3,0
11,58,47
1,75,74
1,8,7
2,2,0
3,7,4
10,21,11
2,2,0
2,2,0
9,9,0
3,3,0
2,2,0
3,5,2
1,1,0
2,2,0
1,2,1
29,63,34
2,6,4
33,34,1
1,26,25
2,2,0
9,9,0
2,2,0
3,3,0
2,2,0
2,2,0
3,6,3
0,0,0
3,3,0
2,2,0
1,22,21
11,11,0
2,2,0
2,2,0
2,2,0
3,3,0
9,9,0
2,2,0
2,2,0
3,5,2
2,8,6
2,2,0
3,15,12
3,22,19
0,0,0
2,10,8
2,2,0
22,22,0
2,2,0
2,4,2
3,5,2
3,3,0
8,24,16
3,3,0
2,2,0
2,2,0
2,3,1
2,2,0
2,2,0
3,9,6
2,2,0
3,3,0
1,1,0
3,6,3
3,5,2
9,9,0
2,4,2
3,3,0
1,3,2
2,2,0
96,96,0
34,35,1
10,10,0
2,4,2
1,1,0
2,2,0
2,4,2
2,2,0
2,2,0
53,53,0
2,2,0
2,2,0
0,0,0
25,25,0
8,8,0
6,7,1
0,0,0
2,12,10
1,2,1
3,3,0
3,5,2
1,1,0
2,2,0
2,2,0
2,2,0
5,5,0
2,2,0
2,2,0
0,0,0
2,2,0
10,10,0
2,2,0
3,83,80
2,4,2
2,6,4
2,3,1
2,2,0
2,2,0
2,82,80
3,5,2
1,2,1
1,2,1
2,2,0
3,4,1
2,2,0
2,2,0
1,2,1
2,4,2
2,2,0
3,3,0
9,9,0
11,11,0
100,100,0
2,4,2
20,26,6
2,2,0
3,3,0
1,1,0
2,15,13
0,0,0
2,2,0
2,2,0
2,7,5
1,1,0
3,3,0
14,14,0
2,2,0
2,2,0
26,41,15
2,2,0
0,0,0
3,3,0
0,0,0
2,2,0
2,2,0
2,2,0
2,2,0
6,6,0
4,4,0
9,15,6
2,2,0
2,4,2
2,2,0
1,1,0
11,11,0
3,8,5
2,2,0
2,2,0
2,3,1
11,11,0
5,5,0
2,2,0
1,2,1
2,2,0
10,22,12
1,1,0
10,10,0
11,11,0
2,2,0
9,9,0
1,3,2
1,2,1
4,4,0
1,11,10
2,2,0
1,21,20
9,9,0
2,2,0
3,3,0
8,8,0
1,1,0
2,13,11
1,18,17
3,7,4
3,3,0
20,20,0
3,6,3
2,2,0
3,4,1
3,3,0
8,8,0
2,2,0
2,2,0
1,6,5
2,2,0
3,3,0
2,2,0
5,5,0
3,4,1
2,2,0
3,5,2
3,14,11
2,2,0
1,1,0
9,9,0
4,6,2
3,3,0
2,2,0
3,3,0
1,1,0
3,3,0
2,2,0
2,2,0
10,10,0
3,3,0
154,154,0
2,2,0
0,0,0
2,2,0
2,2,0
2,2,0
2,2,0
3,7,4
2,2,0
4,8,4
1,1,0
2,2,0
3,6,3
2,2,0
3,3,0
2,2,0
1,16,15
2,2,0
6,6,0
3,3,0
2,2,0
22,22,0
3,5,2
3,3,0
2,14,12
3,8,5
2,2,0
2,2,0
8,8,0
2,10,8
11,11,0
2,2,0
2,2,0
4,4,0
2,3,1
4,4,0
3,9,6
2,2,0
3,3,0
2,2,0
3,3,0
49,100,51
2,2,0
4,5,1
2,3,1
3,5,2
1,1,0
4,57,53
3,3,0
2,2,0
2,2,0
1,3,2
2,2,0
1,24,23
2,2,0
1,3,2
11,11,0
1,3,2
1,7,6
3,5,2
2,2,0
1,3,2
2,2,0
2,2,0
4,9,5
2,2,0
2,2,0
8,8,0
2,8,6
4,4,0
2,2,0
2,5,3
10,10,0
3,3,0
2,2,0
8,8,0
3,3,0
1,3,2
3,9,6
9,9,0
8,8,0
2,2,0
2,2,0
9,9,0
3,3,0
42,48,6
1,2,1
2,2,0
2,2,0
3,5,2
2,2,0
2,2,0
1,1,0
2,2,0
2,2,0
2,4,2
47,47,0
3,3,0
2,2,0
1,2,1
2,4,2
2,2,0
2,2,0
2,4,2
3,4,1
9,9,0
2,8,6
3,3,0
2,2,0
2,2,0
1,44,43
2,2,0
2,2,0
3,3,0
3,6,3
8,8,0
2,6,4
2,2,0
2,2,0
2,2,0
0,0,0
9,9,0
1,4,3
9,9,0
3,5,2
2,2,0
1,1,0
70,72,2
3,3,0
12,12,0
2,2,0
2,6,4
1,8,7
2,2,0
3,3,0
5,5,0
1,5,4
2,2,0
2,4,2
3,11,8
6,22,16
2,6,4
10,10,0
3,28,25
2,2,0
2,2,0
3,3,0
2,2,0
2,2,0
1,1,0
1,2,1
4,4,0
2,18,16
3,3,0
3,5,2
2,7,5
3,8,5
1,3,2
2,2,0
3,3,0
3,6,3
2,2,0
3,3,0
2,2,0
3,3,0
2,2,0
3,4,1
50,52,2
3,6,3
9,9,0
0,0,0
12,12,0
2,3,1
1,1,0
2,2,0
3,5,2
3,3,0
2,2,0
3,3,0
1,2,1
1,1,0
8,9,1
2,2,0
2,2,0
2,2,0
1,6,5
2,3,1
2,2,0
3,7,4
2,2,0
2,2,0
2,80,78
2,2,0
1,2,1
2,3,1
0,0,0
82,82,0
2,2,0
3,3,0
1,10,9
2,2,0
1,1,0
3,3,0
3,3,0
1,1,0
1,1,0
22,22,0
1,5,4
1,61,60
3,3,0
2,2,0
3,3,0
1,3,2
4,4,0
2,2,0
3,5,2
2,2,0
2,3,1
3,3,0
1,26,25
0,0,0
2,2,0
2,2,0
2,2,0
2,2,0
2,2,0
2,19,17
10,10,0
9,9,0
1,29,28
2,7,5
2,2,0
2,2,0
2,2,0
1,1,0
3,3,0
2,3,1
51,51,0
1,2,1
2,2,0
2,2,0
6,6,0
1,62,61
2,2,0
2,8,6
2,3,1
2,2,0
2,2,0
0,0,0
1,1,0
2,8,6
2,4,2
2,4,2
2,82,80
3,7,4
2,2,0
2,4,2
3,3,0
2,2,0
4,4,0
0,0,0
3,4,1
2,2,0
2,3,1
2,2,0
2,2,0
19,19,0
26,27,1
1,2,1
3,8,5
2,2,0
1,1,0
2,2,0
1,20,19
3,3,0
2,2,0
0,0,0
3,5,2
1,1,0
2,4,2
3,3,0
3,5,2
3,10,7
2,2,0
2,2,0
2,2,0
2,2,0
12,17,5
8,8,0
8,8,0
3,3,0
20,63,43
2,2,0
10,20,10
2,2,0
3,3,0
2,2,0
28,45,17
2,2,0
4,4,0
1,24,23
2,2,0
3,3,0
5,5,0
3,3,0
2,2,0
2,2,0
2,2,0
1,8,7
5,7,2
2,2,0
3,3,0
2,4,2
100,100,0
4,4,0
2,4,2
2,2,0
3,3,0
2,4,2
235,427,192
8,11,3
0,0,0
2,2,0
2,2,0
2,16,14
1,1,0
2,2,0
1,4,3
3,9,6
2,2,0
2,4,2
2,4,2
4,47,43
2,2,0
2,2,0
0,0,0
2,2,0
9,9,0
3,9,6
2,2,0
2,2,0
3,3,0
3,3,0
2,2,0
1,46,45
2,2,0
3,3,0
2,2,0
1,1,0
2,2,0
20,20,0
3,12,9
8,8,0
3,8,5
2,2,0
2,2,0
3,3,0
2,2,0
3,5,2
1,4,3
3,6,3
38,38,0
8,16,8
2,2,0
2,4,2
1,2,1
8,8,0
2,2,0
2,2,0
3,7,4
2,2,0
2,2,0
3,3,0
3,3,0
2,2,0
2,2,0
2,6,4
3,3,0
3,3,0
12,12,0
2,2,0
3,8,5
1,5,4
8,8,0
2,2,0
2,2,0
2,2,0
2,3,1
3,7,4
3,5,2
3,10,7
51,51,0
2,2,0
2,2,0
8,8,0
1,13,12
1,21,20
3,3,0
1,3,2
9,9,0
2,2,0
9,9,0
3,3,0
2,2,0
10,11,1
2,2,0
3,3,0
3,5,2
29,40,11
1,1,0
8,63,55
9,9,0
2,2,0
1,1,0
3,5,2
3,3,0
2,2,0
2,3,1
3,9,6
3,7,4
2,2,0
3,5,2
1,2,1
2,2,0
0,0,0
9,9,0
3,6,3
1,1,0
3,8,5
3,35,32
2,2,0
2,3,1
2,2,0
1,2,1
0,0,0
2,4,2
1,2,1
9,9,0
2,2,0
2,6,4
6,6,0
2,2,0
3,7,4
2,2,0
2,2,0
3,3,0
1,1,0
0,0,0
4,6,2
9,9,0
2,2,0
2,2,0
3,3,0
2,2,0
2,2,0
4,4,0
2,2,0
16,32,16
1,1,0
2,2,0
2,5,3
3,3,0
1,2,1
2,2,0
1,3,2
2,2,0
2,2,0
3,3,0
2,15,13
2,2,0
2,6,4
74,74,0
2,2,0
1,22,21
2,8,6
2,2,0
2,45,43
2,5,3
20,20,0
2,2,0
9,9,0
3,3,0
0,0,0
10,10,0
2,2,0
2,2,0
2,4,2
2,11,9
1,1,0
2,2,0
2,2,0
3,3,0
3,5,2
2,2,0
2,2,0
3,3,0
2,2,0
3,3,0
2,99,97
9,10,1
3,20,17
2,4,2
2,2,0
2,2,0
1,2,1
2,6,4
10,10,0
1,2,1
2,2,0
2,2,0
2,2,0
2,2,0
1,1,0
3,3,0
2,8,6
20,20,0
3,3,0
2,2,0
2,9,7
3,7,4
47,47,0
2,2,0
3,5,2
2,2,0
4,4,0
2,2,0
2,7,5
26,27,1
2,118,116
1,4,3
57,57,0
2,2,0
2,12,10
1,2,1
2,2,0
1,1,0
3,5,2
1,2,1
3,3,0
2,2,0
1,1,0
3,8,5
2,4,2
154,154,0
2,2,0
3,3,0
2,2,0
4,4,0
2,17,15
2,4,2
2,2,0
1,2,1
2,2,0
2,3,1
3,5,2
3,4,1
0,0,0
3,3,0
2,2,0
3,3,0
1,23,22
2,2,0
2,2,0
1,1,0
2,2,0
1,1,0
2,16,14
2,2,0
3,5,2
2,4,2
3,3,0
3,3,0
2,2,0
1,22,21
3,5,2
2,2,0
1,1,0
1,25,24
2,2,0
2,8,6
2,2,0
1,2,1
3,3,0
2,2,0
2,2,0
2,2,0
7,21,14
3,5,2
2,2,0
2,2,0
1,1,0
2,23,21
100,100,0
1,1,0
2,2,0
3,3,0
4,4,0
26,26,0
3,12,9
1,22,21
3,3,0
2,2,0
0,0,0
2,2,0
3,7,4
3,5,2
0,0,0
10,10,0
2,2,0
2,2,0
2,4,2
2,5,3
2,13,11
3,3,0
3,8,5
2,2,0
2,2,0
2,5,3
2,2,0
2,2,0
11,11,0
2,2,0
14,14,0
75,75,0
0,0,0
2,2,0
2,82,80
2,4,2
2,2,0
2,4,2
3,3,0
2,2,0
1,1,0
2,12,10
2,2,0
2,2,0
3,14,11
2,4,2
2,2,0
4,4,0
2,2,0
2,2,0
2,12,10
4,4,0
43,43,0
11,11,0
2,5,3
3,5,2
2,2,0
2,2,0
2,2,0
3,3,0
2,80,78
3,11,8
2,2,0
3,7,4
2,2,0
3,3,0
2,2,0
2,4,2
1,3,2
3,3,0
8,8,0
36,36,0
1,2,1
141,141,0
3,3,0
2,2,0
3,3,0
3,3,0
8,8,0
2,2,0
2,5,3
2,4,2
2,2,0
12,12,0
2,6,4
2,2,0
2,2,0
7,9,2
2,2,0
2,4,2
3,4,1
2,2,0
2,5,3
3,3,0
3,5,2
8,8,0
2,2,0
1,21,20
2,12,10
2,2,0
3,5,2
1,4,3
1,2,1
1,6,5
3,3,0
2,2,0
3,6,3
2,2,0
3,3,0
2,2,0
2,2,0
1,1,0
2,4,2
2,4,2
3,7,4
3,3,0
2,3,1
2,2,0
3,8,5
3,5,2
3,3,0
2,2,0
11,11,0
2,12,10
4,4,0
22,22,0
2,2,0
2,6,4
2,2,0
2,2,0
9,9,0
2,4,2
2,2,0
2,2,0
1,1,0
4,6,2
2,2,0
3,3,0
2,2,0
2,2,0
2,2,0
1,4,3
0,0,0
6,6,0
1,2,1
2,2,0
3,3,0
2,2,0
2,2,0
1,1,0
0,0,0
3,4,1
2,2,0
1,32,31
2,2,0
2,2,0
9,11,2
4,4,0
2,4,2
2,2,0
2,2,0
0,0,0
2,4,2
3,13,10
1,3,2
3,6,3
3,3,0
9,9,0
1,2,1
2,8,6
2,4,2
8,8,0
2,2,0
3,3,0
0,0,0
0,0,0
10,10,0
8,8,0
1,2,1
2,3,1
28,29,1
8,8,0
2,2,0
2,2,0
2,2,0
10,10,0
0,0,0
2,2,0
8,46,38
2,2,0
0,0,0
2,2,0
2,2,0
2,2,0
3,3,0
2,2,0
2,11,9
2,2,0
2,2,0
2,2,0
1,3,2
1,24,23
2,12,10
2,2,0
3,9,6
2,2,0
2,2,0
2,2,0
3,5,2
3,3,0
2,2,0
3,3,0
2,2,0
2,2,0
2,2,0
3,5,2
2,12,10
5,5,0
2,6,4
2,2,0
3,47,44
2,2,0
2,2,0
2,2,0
2,2,0
2,2,0
2,2,0
1,2,1
3,3,0
1,2,1
2,6,4
62,62,0
2,2,0
9,9,0
2,2,0
3,3,0
2,4,2
2,2,0
2,12,10
2,2,0
3,5,2
60,114,54
8,8,0
0,0,0
0,0,0
2,4,2
1,1,0
3,5,2
2,2,0
2,2,0
1,3,2
2,2,0
2,2,0
3,3,0
2,2,0
2,3,1
2,2,0
7,7,0
2,2,0
2,2,0
2,2,0
2,2,0
3,3,0
1,83,82
2,2,0
1,2,1
8,8,0
3,3,0
1,1,0
2,2,0
2,2,0
3,3,0
2,2,0
1,3,2
2,2,0
2,2,0
2,4,2
2,2,0
3,3,0
2,2,0
3,7,4
3,3,0
3,3,0
2,2,0
3,5,2
2,2,0
3,7,4
3,3,0
3,8,5
1,2,1
0,0,0
60,121,61
2,3,1
1,3,2
0,0,0
2,2,0
2,2,0
2,2,0
2,2,0
2,2,0
2,2,0
1,1,0
100,100,0
2,2,0
3,3,0
2,5,3
3,7,4
1,1,0
2,2,0
4,47,43
2,6,4
2,6,4
2,34,32
0,0,0
0,0,0
2,2,0
2,2,0
2,2,0
3,7,4
36,36,0
3,3,0
3,3,0
9,9,0
2,8,6
3,3,0
3,3,0
2,4,2
2,3,1
3,13,10
10,10,0
2,2,0
140,140,0
3,6,3
3,3,0
9,9,0
2,19,17
2,2,0
7,7,0
2,2,0
2,2,0
0,0,0
9,23,14
3,3,0
8,8,0
1,2,1
2,2,0
1,1,0
1,57,56
2,2,0
2,2,0
10,10,0
2,2,0
2,4,2
1,1,0
147,147,0
3,5,2
3,13,10
3,5,2
2,2,0
2,2,0
3,3,0
5,5,0
3,3,0
2,2,0
3,3,0
2,4,2
3,5,2
3,3,0
2,2,0
2,6,4
3,3,0
2,4,2
3,7,4
2,2,0
2,2,0
2,2,0
0,0,0
2,2,0
2,2,0
42,44,2
2,2,0
1,2,1
3,6,3
6,10,4
2,2,0
3,3,0
3,5,2
2,2,0
2,20,18
9,9,0
3,3,0
3,3,0
16,16,0
2,3,1
2,2,0
2,4,2
2,4,2
2,2,0
81,138,57
3,8,5
3,8,5
3,5,2
2,13,11
1,2,1
9,9,0
2,2,0
2,3,1
9,9,0
2,2,0
3,5,2
3,5,2
1,5,4
2,4,2
2,2,0
9,9,0
66,68,2
2,2,0
2,3,1
1,79,78
0,0,0
2,45,43
2,7,5
3,3,0
1,2,1
2,4,2
2,2,0
2,2,0
40,40,0
2,4,2
2,2,0
1,1,0
2,2,0
2,6,4
3,8,5
3,3,0
4,11,7
2,2,0
2,2,0
2,2,0
2,2,0
2,2,0
9,9,0
2,2,0
2,2,0
2,2,0
3,3,0
8,8,0
18,18,0
2,2,0
2,2,0
1,14,13
2,17,15
3,3,0
4,4,0
3,5,2
3,5,2
2,2,0
3,9,6
8,8,0
1,1,0
2,2,0
2,3,1
6,6,0
2,2,0
2,4,2
2,2,0
28,29,1
2,10,8
2,2,0
2,2,0
2,2,0
2,2,0
2,2,0
2,2,0
2,2,0
3,3,0
3,11,8
2,2,0
2,2,0
68,68,0
2,4,2
1,1,0
1,2,1
2,2,0
9,9,0
6,6,0
1,21,20
2,2,0
3,5,2
1,1,0
2,8,6
1,2,1
2,2,0
1,26,25
3,3,0
2,2,0
8,8,0
2,2,0
10,10,0
8,52,44
2,2,0
1,5,4
2,2,0
2,4,2
3,22,19
2,4,2
1,2,1
1,1,0
51,51,0
2,16,14
7,8,1
2,2,0
2,2,0
1,3,2
2,2,0
3,3,0
3,5,2
3,3,0
2,2,0
2,2,0
3,3,0
3,3,0
2,35,33
2,2,0
2,2,0
1,2,1
3,8,5
3,9,6
2,2,0
2,2,0
2,2,0
3,5,2
9,9,0
2,4,2
1,2,1
2,2,0
2,4,2
3,3,0
2,2,0
3,5,2
1,2,1
2,2,0
2,2,0
3,6,3
2,2,0
2,2,0
2,2,0
2,4,2
2,2,0
2,2,0
1,2,1
1,2,1
1,2,1
1,2,1
2,2,0
3,8,5
3,5,2
3,18,15
2,5,3
2,2,0
3,3,0
1,3,2
1,3,2
3,6,3
2,2,0
3,11,8
1,2,1
2,2,0
2,2,0
6,6,0
2,2,0
21,21,0
2,4,2
2,2,0
2,2,0
3,5,2
3,13,10
2,2,0
0,0,0
1,3,2
8,8,0
4,4,0
3,3,0
2,8,6
2,2,0
3,5,2
1,2,1
1,1,0
3,3,0
2,2,0
8,8,0
2,2,0
2,7,5
0,0,0
2,2,0
3,5,2
2,2,0
2,2,0
2,2,0
3,9,6
2,2,0
2,2,0
3,5,2
3,5,2
2,4,2
2,2,0
3,3,0
3,11,8
2,2,0
1,1,0
2,4,2
2,2,0
1,2,1
8,8,0
2,2,0
2,2,0
2,10,8
3,3,0
2,2,0
2,2,0
3,5,2
3,7,4
2,2,0
3,3,0
3,6,3
3,3,0
2,2,0
2,2,0
2,2,0
2,2,0
2,13,11
1,1,0
14,16,2
4,7,3
3,6,3
2,2,0
0,0,0
2,2,0
2,2,0
10,10,0
1,2,1
11,11,0
2,2,0
2,2,0
2,2,0
97,116,19
0,0,0
3,6,3
2,2,0
2,4,2
2,3,1
2,4,2
133,229,96
3,3,0
2,2,0
2,2,0
2,6,4
2,2,0
6,6,0
2,4,2
2,2,0
2,2,0
2,2,0
2,2,0
3,10,7
2,4,2
1,2,1
2,2,0
2,2,0
2,18,16
2,2,0
0,0,0
2,2,0
4,6,2
2,2,0
60,121,61
1,3,2
3,5,2
3,3,0
3,4,1
2,2,0
2,2,0
3,3,0
2,2,0
3,3,0
2,4,2
4,4,0
2,2,0
3,7,4
3,5,2
1,23,22
3,5,2
2,47,45
0,0,0
2,2,0
2,2,0
2,2,0
3,5,2
3,3,0
2,2,0
1,1,0
2,4,2
2,2,0
1,2,1
3,7,4
10,37,27
1,1,0
2,4,2
2,6,4
3,5,2
2,2,0
60,121,61
2,2,0
1,1,0
4,4,0
2,6,4
1,1,0
3,3,0
2,5,3
2,11,9
2,2,0
3,3,0
2,2,0
4,4,0
2,6,4
1,6,5
3,3,0
2,2,0
2,2,0
3,3,0
1,2,1
24,24,0
2,5,3
2,4,2
2,2,0
2,2,0
1,1,0
2,2,0
2,2,0
2,2,0
3,3,0
2,2,0
2,2,0
1,1,0
3,5,2
2,6,4
2,2,0
48,48,0
4,4,0
1,1,0
1,2,1
2,2,0
6,35,29
3,7,4
2,2,0
2,2,0
3,5,2
2,2,0
2,2,0
2,7,5
10,10,0
2,2,0
2,2,0
6,6,0
11,13,2
2,2,0
1,1,0
0,0,0
2,2,0
2,2,0
2,2,0
2,2,0
2,2,0
2,2,0
2,2,0
2,2,0
2,2,0
3,3,0
3,3,0
1,1,0
3,3,0
1,1,0
6,7,1
10,10,0
3,3,0
2,2,0
3,3,0
9,9,0
16,16,0
2,4,2
3,3,0
3,3,0
2,2,0
3,3,0
1,1,0
2,2,0
9,18,9
2,2,0
51,51,0
2,2,0
2,2,0
14,14,0
2,4,2
1,1,0
3,6,3
3,9,6
3,5,2
3,3,0
2,2,0
3,5,2
3,3,0
3,3,0
3,5,2
3,3,0
4,4,0
17,22,5
3,7,4
2,4,2
3,3,0
1,4,3
100,100,0
2,2,0
0,0,0
3,3,0
2,2,0
8,8,0
2,2,0
2,2,0
2,2,0
23,23,0
2,2,0
3,3,0
2,15,13
3,5,2
2,2,0
2,2,0
8,8,0
3,7,4
8,15,7
3,3,0
3,5,2
3,5,2
2,2,0
9,9,0
3,5,2
1,3,2
3,5,2
1,14,13
2,3,1
8,8,0
106,106,0
2,18,16
2,2,0
3,3,0
3,3,0
3,3,0
1,2,1
2,2,0
2,7,5
2,2,0
1,2,1
2,5,3
2,2,0
1,6,5
2,2,0
2,2,0
1,5,4
1,1,0
3,5,2
59,59,0
1,2,1
2,2,0
0,0,0
1,1,0
2,4,2
1,2,1
4,6,2
2,2,0
3,3,0
2,2,0
7,11,4
1,1,0
1,1,0
2,2,0
2,3,1
9,9,0
2,2,0
6,6,0
2,2,0
2,2,0
2,2,0
2,22,20
2,2,0
2,2,0
2,2,0
2,12,10
3,3,0
2,2,0
2,2,0
1,26,25
1,2,1
2,2,0
1,8,7
2,8,6
2,2,0
8,16,8
2,2,0
3,3,0
2,2,0
2,10,8
3,3,0
2,2,0
3,5,2
12,12,0
1,8,7
3,7,4
192,192,0
2,2,0
2,2,0
2,2,0
1,2,1
3,3,0
2,4,2
2,2,0
2,2,0
2,2,0
2,4,2
2,3,1
2,4,2
2,2,0
2,3,1
2,2,0
2,6,4
2,2,0
2,4,2
3,9,6
3,5,2
60,121,61
2,2,0
2,2,0
3,3,0
2,3,1
3,5,2
2,2,0
2,2,0
1,2,1
7,9,2
2,2,0
1,2,1
2,2,0
2,2,0
3,4,1
3,11,8
10,10,0
9,9,0
2,2,0
6,6,0
2,2,0
3,3,0
3,3,0
2,2,0
3,5,2
3,5,2
2,23,21
2,2,0
1,2,1
2,2,0
1,4,3
3,3,0
3,3,0
3,3,0
2,2,0
2,2,0
2,4,2
3,4,1
1,26,25
3,5,2
2,2,0
3,3,0
3,3,0
2,2,0
2,11,9
2,6,4
2,2,0
2,4,2
3,3,0
1,2,1
1,9,8
2,16,14
2,3,1
2,31,29
1,3,2
2,2,0
0,0,0
3,5,2
5,5,0
2,2,0
2,2,0
3,3,0
3,10,7
2,2,0
2,2,0
2,2,0
2,11,9
2,2,0
3,6,3
2,4,2
3,7,4
2,2,0
2,2,0
2,2,0
3,3,0
2,2,0
2,2,0
4,6,2
1,24,23
2,5,3
4,4,0
2,5,3
2,2,0
1,2,1
2,4,2
6,7,1
2,4,2
3,7,4
1,2,1
3,3,0
3,3,0
8,8,0
2,27,25
1,25,24
3,23,20
0,0,0
1,2,1
3,3,0
3,3,0
3,3,0
2,2,0
0,0,0
3,3,0
2,2,0
2,8,6
3,8,5
2,2,0
9,9,0
0,0,0
2,2,0
1,1,0
2,2,0
10,10,0
2,2,0
2,2,0
1,1,0
2,4,2
2,4,2
2,2,0
2,2,0
3,5,2
9,9,0
5,5,0
2,2,0
3,5,2
2,23,21
1,1,0
2,2,0
8,8,0
2,6,4
3,7,4
3,3,0
2,2,0
94,96,2
9,9,0
1,2,1
1,2,1
6,7,1
1,1,0
3,3,0
2,2,0
8,8,0
3,5,2
2,2,0
2,2,0
2,2,0
1,1,0
1,1,0
1,2,1
2,2,0
2,2,0
1,29,28
2,2,0
18,18,0
2,2,0
3,3,0
1,2,1
2,2,0
1,2,1
3,5,2
10,10,0
3,3,0
100,100,0
2,2,0
4,4,0
13,13,0
2,2,0
1,2,1
3,6,3
1,1,0
3,5,2
3,3,0
1,1,0
2,2,0
100,100,0
8,8,0
3,7,4
9,76,67
2,2,0
2,2,0
3,15,12
3,5,2
2,36,34
2,2,0
2,6,4
2,2,0
2,2,0
2,2,0
3,3,0
2,4,2
5,23,18
2,2,0
2,6,4
6,6,0
3,3,0
12,12,0
2,2,0
9,9,0
2,2,0
2,2,0
4,4,0
2,6,4
3,3,0
2,2,0
2,2,0
2,2,0
2,9,7
3,15,12
2,2,0
2,2,0
2,2,0
3,3,0
27,27,0
2,8,6
0,0,0
2,2,0
8,8,0
8,8,0
4,47,43
2,6,4
0,0,0
2,2,0
6,6,0
6,8,2
90,167,77
5,5,0
3,3,0
8,8,0
0,0,0
1,2,1
3,3,0
1,1,0
2,2,0
3,4,1
9,9,0
2,2,0
77,110,33
2,2,0
0,0,0
0,0,0
3,7,4
6,6,0
9,9,0
4,4,0
2,2,0
2,2,0
2,2,0
2,2,0
0,0,0
2,2,0
1,1,0
1,1,0
1,2,1
9,9,0
3,11,8
2,9,7
2,10,8
2,2,0
2,148,146
2,2,0
2,2,0
2,4,2
3,5,2
1,6,5
1,1,0
5,5,0
1,1,0
2,2,0
1,7,6
2,2,0
2,2,0
2,2,0
2,4,2
3,5,2
2,2,0
3,3,0
1,1,0
2,2,0
3,3,0
129,236,107
10,10,0
3,3,0
2,45,43
2,2,0
2,4,2
7,9,2
2,2,0
2,4,2
11,11,0
2,2,0
2,2,0
2,2,0
8,8,0
2,8,6
1,1,0
3,3,0
2,4,2
1,2,1
3,3,0
2,2,0
9,9,0
2,2,0
2,2,0
8,18,10
2,2,0
2,53,51
1,8,7
3,5,2
3,3,0
3,9,6
8,8,0
3,5,2
2,2,0
18,18,0
2,2,0
1,2,1
2,2,0
2,2,0
2,14,12
2,2,0
2,2,0
2,2,0
2,4,2
2,2,0
3,3,0
2,2,0
0,0,0
2,2,0
2,2,0
3,3,0
3,3,0
29,32,3
9,13,4
2,2,0
1,1,0
2,2,0
9,9,0
2,2,0
3,5,2
1,1,0
2,2,0
11,54,43
1,23,22
2,2,0
2,11,9
2,4,2
0,0,0
51,71,20
4,4,0
2,3,1
2,10,8
2,2,0
2,2,0
3,3,0
2,4,2
1,21,20
1,2,1
2,26,24
1,1,0
2,2,0
3,3,0
2,2,0
2,2,0
2,2,0
109,109,0
2,2,0
2,2,0
3,3,0
2,2,0
2,4,2
2,2,0
2,2,0
2,2,0
8,8,0
8,8,0
1,25,24
2,10,8
2,3,1
2,2,0
2,2,0
97,97,0
2,10,8
0,0,0
3,9,6
2,2,0
1,27,26
1,2,1
2,3,1
2,82,80
2,2,0
3,3,0
8,8,0
0,0,0
3,3,0
2,2,0
2,3,1
3,12,9
11,11,0
3,5,2
8,16,8
2,8,6
2,2,0
2,6,4
2,4,2
58,58,0
2,9,7
8,8,0
3,3,0
3,6,3
2,2,0
0,0,0
3,7,4
8,8,0
2,4,2
2,5,3
4,14,10
3,7,4
2,2,0
2,14,12
9,11,2
0,0,0
2,2,0
4,5,1
3,3,0
9,9,0
3,3,0
2,2,0
2,5,3
2,2,0
1,3,2
3,3,0
2,27,25
1,58,57
18,18,0
3,4,1
2,2,0
82,82,0
2,2,0
8,8,0
1,2,1
2,2,0
2,4,2
2,2,0
1,1,0
2,2,0
3,5,2
2,5,3
3,5,2
2,2,0
2,2,0
2,2,0
1,1,0
2,2,0
2,2,0
3,5,2
9,9,0
2,4,2
3,3,0
3,3,0
1,1,0
3,3,0
17,26,9
2,2,0
3,6,3
2,2,0
2,2,0
7,7,0
2,2,0
2,2,0
19,19,0
2,2,0
2,78,76
2,2,0
2,2,0
2,2,0
2,2,0
2,2,0
8,8,0
2,2,0
3,8,5
2,4,2
2,4,2
4,7,3
2,2,0
2,2,0
2,2,0
0,0,0
2,22,20
2,30,28
2,2,0
2,2,0
8,8,0
97,114,17
2,6,4
1,1,0
2,5,3
3,3,0
3,3,0
3,3,0
12,17,5
2,2,0
9,9,0
2,2,0
3,5,2
0,0,0
3,3,0
2,2,0
1,1,0
2,2,0
3,3,0
0,0,0
2,2,0
3,4,1
2,2,0
5,5,0
2,48,46
1,4,3
2,2,0
2,10,8
2,15,13
2,2,0
2,4,2
8,8,0
1,1,0
3,3,0
2,2,0
2,2,0
2,9,7
3,5,2
14,18,4
137,137,0
2,2,0
2,2,0
2,2,0
4,6,2
2,2,0
2,2,0
2,2,0
1,2,1
3,3,0
2,2,0
2,4,2
2,2,0
8,8,0
3,3,0
2,2,0
5,5,0
2,2,0
2,11,9
2,5,3
3,3,0
2,2,0
1,2,1
3,6,3
2,2,0
3,14,11
4,4,0
8,8,0
2,2,0
4,4,0
3,3,0
3,3,0
1,1,0
4,4,0
2,2,0
9,9,0
2,2,0
2,4,2
3,3,0
3,23,20
2,2,0
2,2,0
2,2,0
1,2,1
2,2,0
2,2,0
3,5,2
2,2,0
11,11,0
2,6,4
2,2,0
0,0,0
1,2,1
4,4,0
3,3,0
1,1,0
3,5,2
3,14,11
3,7,4
2,3,1
2,2,0
2,2,0
3,7,4
2,2,0
3,3,0
1,23,22
8,8,0
2,2,0
8,8,0
2,2,0
8,8,0
2,2,0
2,2,0
2,2,0
1,1,0
2,2,0
2,2,0
2,13,11
0,0,0
2,2,0
8,8,0
1,4,3
11,11,0
2,2,0
1,1,0
2,2,0
3,3,0
125,125,0
2,2,0
3,3,0
3,5,2
2,2,0
2,2,0
2,2,0
2,2,0
2,4,2
3,3,0
9,9,0
34,34,0
2,2,0
7,8,1
2,2,0
2,3,1
7,7,0
2,2,0
2,2,0
3,3,0
9,9,0
2,2,0
0,0,0
3,3,0
9,9,0
3,3,0
2,10,8
3,3,0
3,3,0
1,2,1
3,10,7
2,2,0
8,8,0
2,3,1
2,2,0
1,1,0
2,2,0
2,2,0
1,1,0
5,5,0
2,2,0
2,4,2
2,4,2
3,3,0
2,2,0
2,2,0
2,2,0
1,2,1
1,6,5
2,82,80
3,3,0
2,2,0
3,3,0
2,2,0
8,8,0
0,0,0
2,2,0
3,3,0
8,11,3
3,4,1
3,5,2
2,2,0
1,2,1
2,5,3
2,5,3
73,150,77
1,2,1
2,2,0
2,80,78
2,2,0
2,2,0
6,8,2
2,2,0
3,3,0
2,4,2
2,4,2
4,4,0
3,9,6
6,50,44
2,2,0
3,5,2
3,4,1
125,125,0
2,2,0
2,2,0
45,45,0
2,4,2
3,9,6
3,8,5
2,3,1
3,3,0
2,4,2
2,2,0
2,2,0
0,0,0
3,3,0
8,8,0
2,2,0
2,2,0
2,51,49
2,2,0
3,5,2
10,10,0
2,5,3
2,2,0
2,2,0
2,2,0
3,3,0
2,4,2
2,2,0
3,3,0
2,2,0
1,2,1
10,10,0
2,2,0
2,2,0
2,2,0
2,40,38
3,12,9
2,2,0
1,2,1
2,2,0
2,2,0
2,5,3
10,46,36
2,2,0
8,8,0
72,72,0
3,3,0
20,20,0
3,7,4
8,8,0
2,2,0
1,1,0
2,2,0
1,1,0
2,8,6
2,2,0
3,3,0
3,3,0
2,2,0
2,6,4
20,20,0
3,3,0
2,5,3
3,3,0
75,75,0
2,27,25
2,2,0
2,2,0
2,2,0
1,1,0
3,8,5
3,3,0
3,3,0
18,72,54
3,3,0
1,21,20
2,2,0
7,7,0
2,62,60
3,10,7
3,3,0
1,1,0
2,2,0
2,2,0
2,2,0
8,8,0
2,2,0
7,7,0
2,2,0
9,9,0
3,3,0
3,3,0
2,2,0
75,75,0
3,31,28
2,2,0
1,4,3
2,2,0
8,8,0
2,2,0
3,3,0
1,1,0
1,1,0
3,5,2
2,4,2
100,100,0
1,1,0
3,5,2
2,2,0
2,2,0
2,2,0
1,1,0
2,2,0
2,3,1
0,0,0
2,8,6
2,6,4
3,9,6
2,2,0
2,4,2
4,4,0
3,9,6
3,3,0
2,5,3
1,2,1
2,6,4
17,17,0
4,4,0
1,1,0
5,5,0
2,2,0
2,3,1
3,3,0
2,4,2
2,2,0
8,8,0
2,2,0
3,7,4
3,5,2
2,2,0
3,5,2
8,8,0
3,3,0
2,2,0
11,19,8
1,61,60
3,3,0
10,10,0
13,13,0
1,2,1
3,3,0
2,2,0
2,2,0
0,0,0
9,9,0
3,3,0
2,28,26
2,4,2
2,2,0
5,5,0
51,51,0
0,0,0
3,5,2
3,3,0
2,2,0
3,3,0
1,1,0
3,3,0
1,1,0
100,100,0
2,2,0
2,2,0
0,0,0
3,3,0
2,2,0
3,3,0
5,7,2
1,2,1
1,24,23
2,10,8
1,2,1
2,2,0
11,11,0
2,2,0
2,2,0
2,2,0
3,3,0
2,2,0
0,0,0
2,2,0
2,2,0
3,25,22
2,2,0
3,3,0
10,10,0
2,2,0
4,6,2
55,56,1
2,2,0
2,2,0
2,6,4
2,2,0
2,2,0
3,3,0
2,2,0
0,0,0
2,5,3
2,2,0
2,2,0
8,8,0
2,3,1
2,2,0
2,2,0
3,3,0
9,9,0
3,3,0
82,82,0
2,5,3
2,2,0
2,4,2
2,2,0
4,5,1
2,2,0
1,2,1
1,1,0
0,0,0
6,6,0
6,6,0
2,2,0
2,2,0
60,121,61
6,6,0
2,8,6
2,2,0
2,2,0
1,1,0
2,2,0
2,2,0
2,2,0
4,4,0
2,2,0
2,2,0
8,8,0
3,3,0
9,9,0
3,7,4
1,1,0
11,11,0
2,2,0
1,3,2
2,2,0
3,3,0
2,2,0
2,12,10
1,1,0
3,3,0
2,2,0
2,2,0
3,5,2
9,9,0
3,6,3
2,4,2
2,2,0
2,2,0
1,1,0
1,2,1
3,3,0
51,51,0
3,8,5
29,33,4
3,7,4
2,2,0
1,1,0
2,2,0
2,2,0
2,2,0
1,5,4
3,4,1
3,4,1
2,2,0
2,3,1
3,7,4
10,10,0
3,3,0
3,3,0
2,3,1
3,3,0
2,4,2
2,2,0
2,2,0
1,2,1
2,19,17
3,3,0
1,2,1
2,2,0
0,0,0
8,10,2
2,3,1
8,8,0
3,3,0
2,2,0
1,24,23
2,3,1
2,2,0
2,67,65
3,5,2
2,2,0
3,6,3
2,2,0
3,3,0
0,0,0
44,45,1
1,6,5
3,3,0
3,5,2
1,3,2
2,5,3
2,2,0
3,3,0
3,3,0
2,2,0
2,2,0
3,7,4
1,2,1
11,11,0
3,3,0
2,2,0
1,1,0
2,2,0
3,8,5
3,3,0
2,2,0
2,2,0
2,2,0
0,0,0
40,43,3
2,2,0
3,3,0
3,3,0
3,3,0
2,5,3
2,2,0
3,13,10
2,2,0
3,10,7
2,2,0
6,9,3
3,3,0
6,6,0
4,73,69
2,2,0
2,2,0
2,80,78
2,2,0
2,2,0
2,8,6
2,2,0
2,2,0
2,2,0
1,44,43
2,4,2
3,3,0
2,2,0
1,7,6
1,1,0
2,2,0
2,31,29
1,22,21
2,2,0
11,11,0
3,7,4
2,4,2
2,10,8
0,0,0
2,2,0
1,2,1
3,5,2
3,3,0
2,2,0
2,2,0
2,4,2
2,8,6
2,2,0
3,5,2
2,11,9
2,2,0
2,2,0
8,16,8
1,1,0
2,4,2
3,5,2
3,3,0
25,25,0
4,4,0
2,2,0
1,2,1
1,2,1
98,98,0
3,8,5
2,2,0
8,8,0
2,2,0
8,8,0
2,2,0
2,2,0
100,104,4
2,4,2
2,2,0
12,12,0
3,3,0
2,2,0
7,9,2
2,2,0
2,2,0
4,4,0
2,8,6
2,3,1
2,2,0
1,2,1
13,13,0
3,7,4
2,2,0
6,9,3
3,7,4
2,4,2
2,2,0
3,3,0
2,2,0
2,2,0
3,3,0
3,5,2
3,3,0
2,2,0
2,2,0
21,21,0
2,2,0
2,2,0
3,7,4
10,10,0
1,23,22
2,2,0
9,9,0
8,8,0
4,6,2
3,5,2
3,5,2
125,125,0
3,3,0
2,2,0
2,2,0
2,2,0
3,9,6
3,3,0
2,2,0
3,3,0
3,16,13
2,2,0
3,5,2
100,113,13
19,19,0
2,2,0
2,4,2
2,2,0
2,4,2
2,2,0
2,2,0
10,10,0
3,6,3
2,2,0
2,6,4
3,3,0
2,2,0
2,2,0
2,3,1
1,2,1
2,2,0
2,17,15
3,3,0
1,1,0
2,2,0
3,5,2
28,28,0
3,9,6
2,2,0
2,2,0
2,2,0
4,4,0
2,2,0
156,156,0
2,4,2
3,3,0
1,3,2
1,1,0
9,9,0
2,2,0
1,4,3
2,4,2
1,4,3
3,3,0
100,100,0
3,5,2
1,1,0
2,3,1
4,4,0
2,4,2
8,8,0
2,2,0
20,20,0
3,3,0
3,5,2
3,3,0
3,3,0
2,2,0
2,3,1
2,2,0
0,0,0
2,2,0
5,5,0
3,3,0
2,2,0
2,2,0
3,11,8
2,8,6
100,198,98
2,2,0
1,2,1
2,2,0
2,4,2
0,0,0
3,3,0
2,82,80
2,2,0
2,2,0
2,2,0
3,3,0
0,0,0
2,2,0
10,10,0
3,9,6
2,2,0
3,4,1
1,2,1
2,2,0
2,2,0
1,1,0
2,5,3
2,2,0
2,2,0
1,1,0
2,2,0
3,10,7
2,2,0
1,20,19
1,3,2
12,12,0
2,3,1
2,2,0
2,2,0
2,4,2
3,3,0
2,2,0
2,2,0
2,6,4
2,2,0
3,5,2
2,2,0
2,6,4
1,62,61
9,9,0
3,3,0
2,2,0
3,6,3
3,3,0
2,2,0
3,5,2
1,2,1
2,2,0
1,25,24
3,3,0
2,2,0
2,2,0
2,18,16
2,4,2
3,3,0
2,6,4
3,3,0
2,4,2
2,2,0
1,1,0
2,2,0
72,109,37
2,2,0
2,2,0
1,1,0
3,3,0
8,8,0
11,11,0
100,100,0
10,10,0
2,16,14
2,2,0
1,1,0
0,0,0
2,2,0
2,4,2
2,2,0
2,2,0
2,2,0
1,1,0
2,2,0
4,4,0
3,3,0
2,2,0
2,24,22
2,3,1
2,2,0
3,7,4
3,3,0
2,2,0
2,2,0
1,4,3
3,5,2
2,6,4
2,2,0
3,3,0
8,8,0
2,2,0
2,2,0
2,2,0
182,182,0
1,1,0
3,3,0
2,2,0
8,8,0
2,2,0
1,25,24
3,5,2
2,2,0
1,2,1
2,2,0
3,3,0
1,6,5
3,49,46
2,2,0
3,3,0
4,7,3
3,3,0
3,7,4
2,5,3
2,2,0
2,3,1
2,2,0
2,82,80
13,13,0
2,3,1
3,3,0
2,6,4
2,34,32
3,3,0
1,1,0
2,2,0
1,27,26
2,2,0
3,7,4
5,5,0
1,1,0
2,2,0
2,2,0
3,3,0
5,5,0
9,9,0
2,2,0
2,2,0
8,8,0
8,8,0
2,2,0
3,3,0
6,6,0
3,5,2
3,3,0
2,2,0
2,4,2
2,2,0
2,2,0
1,2,1
3,10,7
11,11,0
2,2,0
2,10,8
2,6,4
3,3,0
3,10,7
2,2,0
2,8,6
8,16,8
0,0,0
1,3,2
3,3,0
9,9,0
1,2,1
3,5,2
1,9,8
2,4,2
2,5,3
2,2,0
3,3,0
2,2,0
2,2,0
20,20,0
2,2,0
3,7,4
2,2,0
3,6,3
2,2,0
48,48,0
6,6,0
2,2,0
2,2,0
3,5,2
2,8,6
3,5,2
2,2,0
1,1,0
1,3,2
2,2,0
2,4,2
3,7,4
2,14,12
3,5,2
9,37,28
2,2,0
2,4,2
0,0,0
2,3,1
2,2,0
2,4,2
1,2,1
3,3,0
2,2,0
2,47,45
0,0,0
3,3,0
2,2,0
2,10,8
2,8,6
5,5,0
2,28,26
3,3,0
2,2,0
2,2,0
2,2,0
3,6,3
2,2,0
9,9,0
2,4,2
8,8,0
3,3,0
1,2,1
0,0,0
3,3,0
2,2,0
3,13,10
2,2,0
2,2,0
3,6,3
3,7,4
2,2,0
3,5,2
3,7,4
9,9,0
1,2,1
2,9,7
3,3,0
1,5,4
3,6,3
0,0,0
2,3,1
1,15,14
8,8,0
3,5,2
8,8,0
2,2,0
3,7,4
2,2,0
2,2,0
2,2,0
2,2,0
2,2,0
2,3,1
1,21,20
3,3,0
2,8,6
2,2,0
4,4,0
2,27,25
3,3,0
3,3,0
3,5,2
2,80,78
2,4,2
2,2,0
3,3,0
3,7,4
8,8,0
2,2,0
2,3,1
10,10,0
2,2,0
2,2,0
2,2,0
9,13,4
3,8,5
3,3,0
2,4,2
2,4,2
2,8,6
2,4,2
2,2,0
4,4,0
38,38,0
3,3,0
98,98,0
2,2,0
11,11,0
1,1,0
3,10,7
1,1,0
8,8,0
2,2,0
9,9,0
1,2,1
0,0,0
3,8,5
3,3,0
90,123,33
2,2,0
1,1,0
2,2,0
2,2,0
3,3,0
2,12,10
3,3,0
3,3,0
1,1,0
1,1,0
2,2,0
6,6,0
2,2,0
2,2,0
2,2,0
3,4,1
2,3,1
1,2,1
2,2,0
2,2,0
1,2,1
2,2,0
3,5,2
2,6,4
1,1,0
3,3,0
3,3,0
2,10,8
1,3,2
3,3,0
2,2,0
2,8,6
2,4,2
0,0,0
3,5,2
3,3,0
0,0,0
2,2,0
2,2,0
2,2,0
8,8,0
2,2,0
2,2,0
2,2,0
1,21,20
2,2,0
2,2,0
2,2,0
2,2,0
240,240,0
1,3,2
2,4,2
2,2,0
0,0,0
3,3,0
1,9,8
2,2,0
8,8,0
3,3,0
2,2,0
3,81,78
10,10,0
3,5,2
3,5,2
3,5,2
2,80,78
3,3,0
2,2,0
2,5,3
3,3,0
3,3,0
2,2,0
0,0,0
2,2,0
2,2,0
0,0,0
2,2,0
2,2,0
2,2,0
3,6,3
2,4,2
87,100,13
3,7,4
2,2,0
3,7,4
6,6,0
1,7,6
0,0,0
3,5,2
0,0,0
3,3,0
2,4,2
1,1,0
1,74,73
2,2,0
3,5,2
8,8,0
8,8,0
4,4,0
3,8,5
1,1,0
2,3,1
3,3,0
9,9,0
2,2,0
2,2,0
1,3,2
2,3,1
2,2,0
2,2,0
3,5,2
2,4,2
1,19,18
2,2,0
2,2,0
2,5,3
51,51,0
2,4,2
2,2,0
2,2,0
2,2,0
2,9,7
2,2,0
3,7,4
2,80,78
2,2,0
2,2,0
3,11,8
1,2,1
3,3,0
3,3,0
3,3,0
2,2,0
11,11,0
2,2,0
2,2,0
2,2,0
1,4,3
1,2,1
2,2,0
3,3,0
2,82,80
2,48,46
2,4,2
3,3,0
2,2,0
1,1,0
2,2,0
100,100,0
2,2,0
3,3,0
2,40,38
3,5,2
2,2,0
2,2,0
4,4,0
2,2,0
8,8,0
11,11,0
2,6,4
3,6,3
3,5,2
3,5,2
2,2,0
2,4,2
2,5,3
2,2,0
2,2,0
2,80,78
8,8,0
2,2,0
2,6,4
2,4,2
2,4,2
2,9,7
2,2,0
2,4,2
3,11,8
2,4,2
3,6,3
2,2,0
2,2,0
8,8,0
5,5,0
2,5,3
3,3,0
8,8,0
2,2,0
22,22,0
9,9,0
1,2,1
1,1,0
2,2,0
3,3,0
0,0,0
10,10,0
3,7,4
1,2,1
100,100,0
18,18,0
1,2,1
1,1,0
2,2,0
2,2,0
3,3,0
3,7,4
3,3,0
3,3,0
2,2,0
11,11,0
0,0,0
3,5,2
3,3,0
2,2,0
2,2,0
1,9,8
3,5,2
2,2,0
21,23,2
1,8,7
3,3,0
9,9,0
3,3,0
2,115,113
3,5,2
2,2,0
2,2,0
2,2,0
3,5,2
3,3,0
2,4,2
2,2,0
8,8,0
6,6,0
2,2,0
5,5,0
2,6,4
2,2,0
2,2,0
3,3,0
51,51,0
47,47,0
3,3,0
11,11,0
2,2,0
1,57,56
3,14,11
3,7,4
56,56,0
17,17,0
1,22,21
3,3,0
3,3,0
10,10,0
4,4,0
94,103,9
2,2,0
2,4,2
2,2,0
2,45,43
96,99,3
1,1,0
2,2,0
2,2,0
3,5,2
4,4,0
2,3,1
3,3,0
170,170,0
2,2,0
2,2,0
3,5,2
2,2,0
3,7,4
3,5,2
90,90,0
3,3,0
2,4,2
1,1,0
1,21,20
1,1,0
2,2,0
2,4,2
3,3,0
2,2,0
2,2,0
1,27,26
2,82,80
2,2,0
2,2,0
2,2,0
8,9,1
0,0,0
2,2,0
1,1,0
2,2,0
1,1,0
2,2,0
1,1,0
2,2,0
2,5,3
2,2,0
51,58,7
3,3,0
3,3,0
9,9,0
2,2,0
33,33,0
2,2,0
2,2,0
3,4,1
2,2,0
2,2,0
2,2,0
1,2,1
2,30,28
2,2,0
2,2,0
1,21,20
8,8,0
2,8,6
2,4,2
1,2,1
9,9,0
3,5,2
3,3,0
1,1,0
2,2,0
2,3,1
51,51,0
2,4,2
2,5,3
22,22,0
2,2,0
3,3,0
3,10,7
9,9,0
0,0,0
4,4,0
2,2,0
3,3,0
3,3,0
2,2,0
3,5,2
3,5,2
2,2,0
2,8,6
3,5,2
10,17,7
5,5,0
3,3,0
2,2,0
4,25,21
2,2,0
2,2,0
3,3,0
2,4,2
1,24,23
2,2,0
2,2,0
2,2,0
1,3,2
2,2,0
51,51,0
8,8,0
2,4,2
3,5,2
2,2,0
3,5,2
3,14,11
2,2,0
3,3,0
3,3,0
3,3,0
2,2,0
3,3,0
1,1,0
2,2,0
2,2,0
2,2,0
2,2,0
9,9,0
5,7,2
2,2,0
2,6,4
1,1,0
0,0,0
3,5,2
2,2,0
2,2,0
2,3,1
3,5,2
3,4,1
2,8,6
3,3,0
2,2,0
6,6,0
2,2,0
200,385,185
3,3,0
2,2,0
2,2,0
2,2,0
0,0,0
45,45,0
2,2,0
3,17,14
2,2,0
37,37,0
4,4,0
3,3,0
3,5,2
3,3,0
8,8,0
3,3,0
2,4,2
1,1,0
20,31,11
2,3,1
3,5,2
3,3,0
2,2,0
2,5,3
3,5,2
8,8,0
2,4,2
8,8,0
2,2,0
3,7,4
15,15,0
2,2,0
3,5,2
2,2,0
2,4,2
2,2,0
2,4,2
3,3,0
2,6,4
2,16,14
8,8,0
2,2,0
10,10,0
3,3,0
3,3,0
3,3,0
2,4,2
2,3,1
1,2,1
2,2,0
2,9,7
2,2,0
1,9,8
21,32,11
2,2,0
1,5,4
3,3,0
3,3,0
3,5,2
3,9,6
3,3,0
5,5,0
2,2,0
3,5,2
3,3,0
2,4,2
9,9,0
3,3,0
2,8,6
4,4,0
2,2,0
2,2,0
2,45,43
2,2,0
8,8,0
3,3,0
1,1,0
1,22,21
2,7,5
2,6,4
75,240,165
2,2,0
8,8,0
3,6,3
2,2,0
7,7,0
2,3,1
2,2,0
2,4,2
8,8,0
2,2,0
17,17,0
2,4,2
2,4,2
2,2,0
3,3,0
1,3,2
2,2,0
3,5,2
9,9,0
2,4,2
2,2,0
2,2,0
4,5,1
3,5,2
4,5,1
8,8,0
2,4,2
2,2,0
2,2,0
11,13,2
14,14,0
2,2,0
2,2,0
1,3,2
2,2,0
2,3,1
3,3,0
2,4,2
2,2,0
2,2,0
2,2,0
2,2,0
2,4,2
2,4,2
2,2,0
3,3,0
51,51,0
2,2,0
3,3,0
2,2,0
2,2,0
10,10,0
2,2,0
3,3,0
2,2,0
3,3,0
3,13,10
2,4,2
14,20,6
2,6,4
2,2,0
1,1,0
8,8,0
2,2,0
2,2,0
3,7,4
0,0,0
2,6,4
2,2,0
3,15,12
2,2,0
2,5,3
2,2,0
2,2,0
2,3,1
3,3,0
1,1,0
2,2,0
2,2,0
83,83,0
2,6,4
2,2,0
1,3,2
2,2,0
3,5,2
3,7,4
8,8,0
3,5,2
1,3,2
3,3,0
2,2,0
3,4,1
1,20,19
6,6,0
2,2,0
3,3,0
2,2,0
2,2,0
3,3,0
2,2,0
2,8,6
2,2,0
2,2,0
2,3,1
3,9,6
46,69,23
2,4,2
38,41,3
1,2,1
2,2,0
2,8,6
2,4,2
2,6,4
10,10,0
3,3,0
1,3,2
3,3,0
2,9,7
2,2,0
2,80,78
3,3,0
2,12,10
2,2,0
2,2,0
2,2,0
2,2,0
2,2,0
2,109,107
2,2,0
2,5,3
1,1,0
3,3,0
1,2,1
1,2,1
1,1,0
2,2,0
2,8,6
3,3,0
3,3,0
100,100,0
2,2,0
2,2,0
8,8,0
2,2,0
1,2,1
0,0,0
1,2,1
2,2,0
9,9,0
3,3,0
2,2,0
11,35,24
3,4,1
9,9,0
2,2,0
7,7,0
2,2,0
16,16,0
2,4,2
1,4,3
2,4,2
1,1,0
3,3,0
3,11,8
2,2,0
2,3,1
91,91,0
2,8,6
11,19,8
3,3,0
127,127,0
2,2,0
2,4,2
8,8,0
2,2,0
2,2,0
4,4,0
3,3,0
2,2,0
1,1,0
3,3,0
3,3,0
3,5,2
3,5,2
2,10,8
2,2,0
2,2,0
2,3,1
2,2,0
2,2,0
3,3,0
3,5,2
2,82,80
2,2,0
2,2,0
3,3,0
8,10,2
2,2,0
2,20,18
3,9,6
85,85,0
3,5,2
4,4,0
3,3,0
1,5,4
25,25,0
56,62,6
2,4,2
2,9,7
2,2,0
2,2,0
2,2,0
4,5,1
1,2,1
2,2,0
2,2,0
7,7,0
3,3,0
3,3,0
2,2,0
8,8,0
20,20,0
2,7,5
10,10,0
46,48,2
1,1,0
1,2,1
8,8,0
10,10,0
2,2,0
3,7,4
3,3,0
2,2,0
2,8,6
2,4,2
3,3,0
2,2,0
2,4,2
2,2,0
60,73,13
2,2,0
1,4,3
2,2,0
2,2,0
2,2,0
8,10,2
1,21,20
8,8,0
2,2,0
2,2,0
2,2,0
2,4,2
2,2,0
1,1,0
2,2,0
8,8,0
3,5,2
2,4,2
3,3,0
0,0,0
1,2,1
3,5,2
2,3,1
0,0,0
2,2,0
3,12,9
11,11,0
3,5,2
3,3,0
1,1,0
2,13,11
2,2,0
8,16,8
3,3,0
2,3,1
2,2,0
0,0,0
3,5,2
3,8,5
2,2,0
2,2,0
3,5,2
1,2,1
3,3,0
2,3,1
3,66,63
2,2,0
2,82,80
1,1,0
2,2,0
3,3,0
2,2,0
2,2,0
3,4,1
3,3,0
3,5,2
1,3,2
0,0,0
2,4,2
2,2,0
2,2,0
2,2,0
2,3,1
2,2,0
10,10,0
1,1,0
2,2,0
9,9,0
3,6,3
11,11,0
3,3,0
2,2,0
1,2,1
2,4,2
3,3,0
3,5,2
1,2,1
9,9,0
1,1,0
6,8,2
4,4,0
8,8,0
2,2,0
38,38,0
2,2,0
2,2,0
2,8,6
2,2,0
2,5,3
6,6,0
6,6,0
3,3,0
3,7,4
2,2,0
2,2,0
2,2,0
2,2,0
2,2,0
7,7,0
0,0,0
2,2,0
2,2,0
2,2,0
2,2,0
2,9,7
2,14,12
2,2,0
2,26,24
2,2,0
4,4,0
8,16,8
2,2,0
2,80,78
3,3,0
8,8,0
3,3,0
2,2,0
2,2,0
3,5,2
2,2,0
6,6,0
2,2,0
2,2,0
2,2,0
5,5,0
1,1,0
1,2,1
3,4,1
2,4,2
2,2,0
3,3,0
3,5,2
3,3,0
2,2,0
36,36,0
2,2,0
3,3,0
3,3,0
51,51,0
2,6,4
2,2,0
2,2,0
1,2,1
2,2,0
6,6,0
2,2,0
2,2,0
2,2,0
2,2,0
11,11,0
3,3,0
2,2,0
3,3,0
2,2,0
2,2,0
3,6,3
2,2,0
1,1,0
7,7,0
2,4,2
1,1,0
2,2,0
1,2,1
1,27,26
2,2,0
5,5,0
2,2,0
2,2,0
3,3,0
7,9,2
2,2,0
2,3,1
1,81,80
1,5,4
1,1,0
1,1,0
2,2,0
2,3,1
3,7,4
1,1,0
3,3,0
2,2,0
1,2,1
0,0,0
2,2,0
2,3,1
8,9,1
2,6,4
2,49,47
2,2,0
2,2,0
2,2,0
2,2,0
3,3,0
2,2,0
2,2,0
2,2,0
2,2,0
3,5,2
2,2,0
8,8,0
2,2,0
2,2,0
100,112,12
1,1,0
4,8,4
2,2,0
2,2,0
0,0,0
3,5,2
0,0,0
3,4,1
8,8,0
0,0,0
2,2,0
9,9,0
1,1,0
2,2,0
2,2,0
8,12,4
2,2,0
2,3,1
3,6,3
3,3,0
3,3,0
2,82,80
18,110,92
1,1,0
2,2,0
8,8,0
2,91,89
3,3,0
3,6,3
2,2,0
2,2,0
2,2,0
3,3,0
3,3,0
2,15,13
3,7,4
6,6,0
2,2,0
2,2,0
9,9,0
11,11,0
2,2,0
2,2,0
3,3,0
3,7,4
9,9,0
2,2,0
2,8,6
2,2,0
2,3,1
2,2,0
10,10,0
2,2,0
2,4,2
2,2,0
7,7,0
2,2,0
2,4,2
3,3,0
2,47,45
3,7,4
2,6,4
2,2,0
3,7,4
2,3,1
2,2,0
2,2,0
2,2,0
2,2,0
2,2,0
3,5,2
6,6,0
2,2,0
2,2,0
2,2,0
4,4,0
2,2,0
1,1,0
9,9,0
2,2,0
3,3,0
2,2,0
2,2,0
3,3,0
3,3,0
2,4,2
2,4,2
2,2,0
2,2,0
3,3,0
1,3,2
2,4,2
3,3,0
0,0,0
2,10,8
2,2,0
9,9,0
2,2,0
8,8,0
2,2,0
3,5,2
2,2,0
1,1,0
2,2,0
2,2,0
2,2,0
2,82,80
2,2,0
1,23,22
3,4,1
2,82,80
1,8,7
2,3,1
3,4,1
1,2,1
3,5,2
2,6,4
3,5,2
2,2,0
3,3,0
3,5,2
2,2,0
2,4,2
2,3,1
2,4,2
4,4,0
3,6,3
24,24,0
2,8,6
100,100,0
3,3,0
1,1,0
2,2,0
2,2,0
9,9,0
2,2,0
3,6,3
2,2,0
3,3,0
2,3,1
2,2,0
2,2,0
2,2,0
9,9,0
2,5,3
9,9,0
2,2,0
0,0,0
2,4,2
2,2,0
2,2,0
2,2,0
3,7,4
2,2,0
3,7,4
115,116,1
5,5,0
2,2,0
3,3,0
2,2,0
2,2,0
2,12,10
2,2,0
2,2,0
3,3,0
2,4,2
2,16,14
5,5,0
3,46,43
3,9,6
2,2,0
2,2,0
4,5,1
2,3,1
2,6,4
3,5,2
2,2,0
2,4,2
3,4,1
3,7,4
8,8,0
8,8,0
3,4,1
2,2,0
2,2,0
36,36,0
3,4,1
2,5,3
15,15,0
20,20,0
1,2,1
3,3,0
2,5,3
2,4,2
2,2,0
1,1,0
2,2,0
2,2,0
3,5,2
2,2,0
2,2,0
3,3,0
0,0,0
0,0,0
3,3,0
2,2,0
2,4,2
3,3,0
0,0,0
3,3,0
2,6,4
2,101,99
2,2,0
2,2,0
2,2,0
2,2,0
2,2,0
1,1,0
2,19,17
1,1,0
2,2,0
2,2,0
7,7,0
2,2,0
2,2,0
2,2,0
2,4,2
2,2,0
7,7,0
66,66,0
2,2,0
1,1,0
2,2,0
2,2,0
4,4,0
3,7,4
2,2,0
2,2,0
3,3,0
3,5,2
2,2,0
2,2,0
1,2,1
2,2,0
2,2,0
2,2,0
1,2,1
2,2,0
9,31,22
51,51,0
0,0,0
4,4,0
2,82,80
3,3,0
75,75,0
3,3,0
12,12,0
2,2,0
2,2,0
2,17,15
2,6,4
1,2,1
2,2,0
2,27,25
4,73,69
1,2,1
1,4,3
2,2,0
8,8,0
2,2,0
2,10,8
9,9,0
14,14,0
1,1,0
3,3,0
3,9,6
2,4,2
2,2,0
3,6,3
2,2,0
2,2,0
3,3,0
2,3,1
2,2,0
2,2,0
1,1,0
9,9,0
2,29,27
2,4,2
1,2,1
2,2,0
4,4,0
3,3,0
7,9,2
0,0,0
1,1,0
2,2,0
3,5,2
2,3,1
3,7,4
11,11,0
3,3,0
1,1,0
5,6,1
3,6,3
138,138,0
7,7,0
3,15,12
2,2,0
1,1,0
9,9,0
2,2,0
8,8,0
12,12,0
43,43,0
3,3,0
12,12,0
1,2,1
31,127,96
2,2,0
3,3,0
3,3,0
2,2,0
1,5,4
3,3,0
3,7,4
1,1,0
8,8,0
1,1,0
3,3,0
2,2,0
50,50,0
2,2,0
2,2,0
2,2,0
2,2,0
2,2,0
13,13,0
2,2,0
3,3,0
2,2,0
2,4,2
2,4,2
11,22,11
2,2,0
2,2,0
2,2,0
2,2,0
2,2,0
2,2,0
4,4,0
1,3,2
3,5,2
2,2,0
1,2,1
2,4,2
2,4,2
100,100,0
2,2,0
2,2,0
2,2,0
6,6,0
2,4,2
2,10,8
3,7,4
3,3,0
8,8,0
2,2,0
11,11,0
3,6,3
2,2,0
2,2,0
2,2,0
2,2,0
2,2,0
3,7,4
2,2,0
1,2,1
9,9,0
2,7,5
2,2,0
2,2,0
2,2,0
2,2,0
2,2,0
1,2,1
2,2,0
43,43,0
3,3,0
3,3,0
3,3,0
3,3,0
3,3,0
2,5,3
3,3,0
2,2,0
3,5,2
3,5,2
0,0,0
3,3,0
3,5,2
8,8,0
2,2,0
1,3,2
8,8,0
3,3,0
5,5,0
2,2,0
3,7,4
2,2,0
3,3,0
2,2,0
2,2,0
2,2,0
1,2,1
9,9,0
3,3,0
2,2,0
2,11,9
3,3,0
3,3,0
2,2,0
2,4,2
2,2,0
3,5,2
2,2,0
2,2,0
2,2,0
2,2,0
2,2,0
2,2,0
6,52,46
1,1,0
3,5,2
2,2,0
2,4,2
2,2,0
20,23,3
2,2,0
2,9,7
3,3,0
1,1,0
3,5,2
3,3,0
2,2,0
2,2,0
3,3,0
1,1,0
4,4,0
2,2,0
3,3,0
2,2,0
3,6,3
1,1,0
5,5,0
2,2,0
2,2,0
3,3,0
9,9,0
30,30,0
7,7,0
0,0,0
3,5,2
2,2,0
3,3,0
2,2,0
3,4,1
2,4,2
2,2,0
1,4,3
2,2,0
3,3,0
2,2,0
8,8,0
2,2,0
2,2,0
10,27,17
100,100,0
2,4,2
2,2,0
9,9,0
1,4,3
3,3,0
2,2,0
2,2,0
2,2,0
1,1,0
9,9,0
1,2,1
2,2,0
2,2,0
2,2,0
2,2,0
2,2,0
2,11,9
2,4,2
1,22,21
2,7,5
2,2,0
1,2,1
2,2,0
3,3,0
1,4,3
3,3,0
2,2,0
2,2,0
1,5,4
2,4,2
2,2,0
1,2,1
9,9,0
75,81,6
2,2,0
2,2,0
1,1,0
3,4,1
2,9,7
4,4,0
3,8,5
2,2,0
2,7,5
3,5,2
1,27,26
4,4,0
1,1,0
3,3,0
4,4,0
2,2,0
2,2,0
2,2,0
1,1,0
8,8,0
2,2,0
8,8,0
2,2,0
3,3,0
1,3,2
1,1,0
9,9,0
22,22,0
2,2,0
3,29,26
2,2,0
3,3,0
3,3,0
3,3,0
17,17,0
1,8,7
10,10,0
10,10,0
2,2,0
1,3,2
8,8,0
2,4,2
2,2,0
1,9,8
2,2,0
1,2,1
9,9,0
2,2,0
3,3,0
2,2,0
2,2,0
1,1,0
2,2,0
3,3,0
4,20,16
1,9,8
8,8,0
1,1,0
2,45,43
2,12,10
2,2,0
3,3,0
13,16,3
3,3,0
2,2,0
2,2,0
3,11,8
2,2,0
3,3,0
2,2,0
2,2,0
50,50,0
2,2,0
2,2,0
3,7,4
2,2,0
2,4,2
3,5,2
2,2,0
2,7,5
2,2,0
9,12,3
3,3,0
8,8,0
3,11,8
3,3,0
2,7,5
2,2,0
1,27,26
2,2,0
2,16,14
3,5,2
3,7,4
25,25,0
8,8,0
2,2,0
2,2,0
97,97,0
2,2,0
2,2,0
2,3,1
11,11,0
3,5,2
1,1,0
2,5,3
2,2,0
1,6,5
2,2,0
2,2,0
1,1,0
2,2,0
2,2,0
2,2,0
2,2,0
2,2,0
3,16,13
2,2,0
2,4,2
2,2,0
0,0,0
3,3,0
2,2,0
2,2,0
2,2,0
3,3,0
3,3,0
3,5,2
0,0,0
5,6,1
4,4,0
2,5,3
1,2,1
3,3,0
9,23,14
3,4,1
2,3,1
3,22,19
1,75,74
1,1,0
1,2,1
20,24,4
1,2,1
3,3,0
2,2,0
10,10,0
3,5,2
2,19,17
3,3,0
2,2,0
2,4,2
1,2,1
3,3,0
2,2,0
2,2,0
2,2,0
1,1,0
2,2,0
8,8,0
2,2,0
3,3,0
2,2,0
1,2,1
2,2,0
2,8,6
7,7,0
2,2,0
2,15,13
2,4,2
1,1,0
8,8,0
2,4,2
3,3,0
2,2,0
3,3,0
3,3,0
2,2,0
7,7,0
2,2,0
2,2,0
2,2,0
3,3,0
3,3,0
1,1,0
2,2,0
2,2,0
2,2,0
2,2,0
2,2,0
3,3,0
3,3,0
2,2,0
2,4,2
3,15,12
2,2,0
3,18,15
2,2,0
2,2,0
5,5,0
2,3,1
3,3,0
21,21,0
3,3,0
3,3,0
38,38,0
2,2,0
0,0,0
3,3,0
24,44,20
2,4,2
2,3,1
2,4,2
0,0,0
2,2,0
2,2,0
6,11,5
2,2,0
2,2,0
3,3,0
3,3,0
2,10,8
2,5,3
2,3,1
2,10,8
3,3,0
11,11,0
2,12,10
2,2,0
2,2,0
2,3,1
3,6,3
2,23,21
3,11,8
3,3,0
2,2,0
2,2,0
11,11,0
1,1,0
2,2,0
3,5,2
3,3,0
1,2,1
3,5,2
0,0,0
2,4,2
9,9,0
10,10,0
8,8,0
2,2,0
2,2,0
2,2,0
2,4,2
3,7,4
2,100,98
3,3,0
0,0,0
10,10,0
10,10,0
2,2,0
2,2,0
48,51,3
3,3,0
1,1,0
2,2,0
3,7,4
2,2,0
2,2,0
2,4,2
9,9,0
2,2,0
1,2,1
10,10,0
3,8,5
2,2,0
2,2,0
1,2,1
1,1,0
2,5,3
3,3,0
16,16,0
6,9,3
2,2,0
3,5,2
12,12,0
3,6,3
3,5,2
3,3,0
3,5,2
2,2,0
2,2,0
2,2,0
3,3,0
3,3,0
2,2,0
2,2,0
2,2,0
2,2,0
2,6,4
3,3,0
96,96,0
3,5,2
2,2,0
6,6,0
8,8,0
1,119,118
2,2,0
2,2,0
3,3,0
2,2,0
11,11,0
2,2,0
6,6,0
27,30,3
1,1,0
0,0,0
3,3,0
3,3,0
2,2,0
3,5,2
3,3,0
1,5,4
3,5,2
2,2,0
0,0,0
9,9,0
2,4,2
1,1,0
2,2,0
1,1,0
3,3,0
16,16,0
2,45,43
2,2,0
2,2,0
2,2,0
2,3,1
9,9,0
2,2,0
3,3,0
2,2,0
2,2,0
2,2,0
8,8,0
1,2,1
2,16,14
2,2,0
2,2,0
1,2,1
2,2,0
1,3,2
2,2,0
2,2,0
3,5,2
3,3,0
2,2,0
20,20,0
2,5,3
6,6,0
2,2,0
2,2,0
3,6,3
2,3,1
3,3,0
2,6,4
0,0,0
3,5,2
3,3,0
3,3,0
2,2,0
2,3,1
2,2,0
1,1,0
2,2,0
2,2,0
1,1,0
3,3,0
2,2,0
2,2,0
0,0,0
3,3,0
3,3,0
1,3,2
2,2,0
3,5,2
2,2,0
2,13,11
8,8,0
1,1,0
4,8,4
4,6,2
45,119,74
2,7,5
2,2,0
2,24,22
2,2,0
3,7,4
8,8,0
2,7,5
1,2,1
4,4,0
1,22,21
2,4,2
2,2,0
12,32,20
2,2,0
3,3,0
9,30,21
2,2,0
0,0,0
2,2,0
2,2,0
3,7,4
2,2,0
4,4,0
22,22,0
1,4,3
3,7,4
3,10,7
1,3,2
3,3,0
21,21,0
2,4,2
3,3,0
29,29,0
8,8,0
2,2,0
2,2,0
2,2,0
4,4,0
3,3,0
3,3,0
1,2,1
1,72,71
4,4,0
0,0,0
16,34,18
0,0,0
2,23,21
2,2,0
3,3,0
2,2,0
2,2,0
3,6,3
2,2,0
2,2,0
3,5,2
9,9,0
9,9,0
2,3,1
2,2,0
3,31,28
2,2,0
2,2,0
2,2,0
8,8,0
3,5,2
20,21,1
2,4,2
2,2,0
2,2,0
3,7,4
2,26,24
1,2,1
2,2,0
2,4,2
2,2,0
2,2,0
2,2,0
3,20,17
2,2,0
1,2,1
3,3,0
2,4,2
2,3,1
2,2,0
0,0,0
2,14,12
2,2,0
10,10,0
2,2,0
3,8,5
3,3,0
3,5,2
1,2,1
3,3,0
2,2,0
3,7,4
3,3,0
3,3,0
1,2,1
3,19,16
9,9,0
2,4,2
2,2,0
2,2,0
3,3,0
6,6,0
3,3,0
2,2,0
2,2,0
9,9,0
2,4,2
8,8,0
4,4,0
16,16,0
2,2,0
0,0,0
0,0,0
3,3,0
3,9,6
2,2,0
2,2,0
2,2,0
2,4,2
2,2,0
3,3,0
8,8,0
1,1,0
2,55,53
2,2,0
18,18,0
3,3,0
3,3,0
2,3,1
1,1,0
2,2,0
2,2,0
2,2,0
2,2,0
9,9,0
1,2,1
2,3,1
2,2,0
2,4,2
2,2,0
2,2,0
2,2,0
2,92,90
2,2,0
2,2,0
2,12,10
2,4,2
2,2,0
2,5,3
3,3,0
2,7,5
2,2,0
2,2,0
2,2,0
9,9,0
3,6,3
2,2,0
2,2,0
4,9,5
0,0,0
2,2,0
1,2,1
7,76,69
3,13,10
2,2,0
2,2,0
2,2,0
1,1,0
2,2,0
4,4,0
3,5,2
34,35,1
0,0,0
1,2,1
3,3,0
3,15,12
3,3,0
1,1,0
3,3,0
2,6,4
2,3,1
2,2,0
2,2,0
2,8,6
2,2,0
2,3,1
2,2,0
3,3,0
2,3,1
2,2,0
3,6,3
10,88,78
4,18,14
2,18,16
3,3,0
100,199,99
2,2,0
4,4,0
11,11,0
1,22,21
2,2,0
2,2,0
3,9,6
2,2,0
2,2,0
3,3,0
8,8,0
8,8,0
2,3,1
2,2,0
1,23,22
3,5,2
2,2,0
2,7,5
3,3,0
2,3,1
74,74,0
2,10,8
2,2,0
2,2,0
2,2,0
6,6,0
1,1,0
3,6,3
2,5,3
2,2,0
82,82,0
3,9,6
8,8,0
9,9,0
3,3,0
3,5,2
11,11,0
41,41,0
3,3,0
2,3,1
2,6,4
3,3,0
2,10,8
3,6,3
2,16,14
9,9,0
2,4,2
3,4,1
3,5,2
3,3,0
9,9,0
3,7,4
3,3,0
3,4,1
1,2,1
1,1,0
1,1,0
2,2,0
1,4,3
3,32,29
1,4,3
0,0,0
3,3,0
3,6,3
2,6,4
2,2,0
2,2,0
5,7,2
3,5,2
2,2,0
1,2,1
12,12,0
2,2,0
75,93,18
9,9,0
11,13,2
9,9,0
2,2,0
3,6,3
2,68,66
2,8,6
1,5,4
2,2,0
2,2,0
2,2,0
1,3,2
6,6,0
3,3,0
2,2,0
2,2,0
1,1,0
60,60,0
3,3,0
3,3,0
27,29,2
2,2,0
3,3,0
3,4,1
3,3,0
2,2,0
3,5,2
2,2,0
7,10,3
3,3,0
3,7,4
2,6,4
98,98,0
1,1,0
1,2,1
2,2,0
1,1,0
1,2,1
3,6,3
2,7,5
2,2,0
3,3,0
2,57,55
2,3,1
25,25,0
2,2,0
2,2,0
2,3,1
1,1,0
2,2,0
2,2,0
6,6,0
11,11,0
2,2,0
3,5,2
3,3,0
8,8,0
2,6,4
3,3,0
3,3,0
3,5,2
8,8,0
3,3,0
2,2,0
2,2,0
3,3,0
2,2,0
21,21,0
8,40,32
3,5,2
8,8,0
0,0,0
2,3,1
61,64,3
1,1,0
2,2,0
2,2,0
3,3,0
10,10,0
15,15,0
6,6,0
23,23,0
100,104,4
3,4,1
1,1,0
2,2,0
3,3,0
36,36,0
2,4,2
2,2,0
2,2,0
20,20,0
3,3,0
2,2,0
2,3,1
3,4,1
1,26,25
0,0,0
2,2,0
2,2,0
2,2,0
2,3,1
2,2,0
2,2,0
3,3,0
2,2,0
3,3,0
2,77,75
1,3,2
2,2,0
3,5,2
2,2,0
2,2,0
2,2,0
2,2,0
3,3,0
15,15,0
2,2,0
3,3,0
2,5,3
2,2,0
3,13,10
157,157,0
2,2,0
2,2,0
3,5,2
97,99,2
3,6,3
0,0,0
3,3,0
2,73,71
3,9,6
8,11,3
0,0,0
2,2,0
12,16,4
3,5,2
2,2,0
2,13,11
2,2,0
2,2,0
2,2,0
2,2,0
2,2,0
3,3,0
3,3,0
2,2,0
2,2,0
26,26,0
2,2,0
2,45,43
1,1,0
1,1,0
3,11,8
4,4,0
8,8,0
2,14,12
2,2,0
106,106,0
11,11,0
2,3,1
3,3,0
2,2,0
2,4,2
3,4,1
3,5,2
3,3,0
0,0,0
2,2,0
2,2,0
17,17,0
2,45,43
2,2,0
0,0,0
2,2,0
3,3,0
2,2,0
35,35,0
3,3,0
1,5,4
2,2,0
1,1,0
52,167,115
2,2,0
2,2,0
3,3,0
8,8,0
3,5,2
0,0,0
1,3,2
2,4,2
2,2,0
2,2,0
2,2,0
3,3,0
2,7,5
2,2,0
2,4,2
1,1,0
2,5,3
8,8,0
1,2,1
2,2,0
2,17,15
2,2,0
3,4,1
2,3,1
2,2,0
8,8,0
2,2,0
8,8,0
2,2,0
2,2,0
2,16,14
2,2,0
2,2,0
3,5,2
2,2,0
9,9,0
1,2,1
3,3,0
2,2,0
2,2,0
3,3,0
2,2,0
2,5,3
82,82,0
3,3,0
2,2,0
3,8,5
3,3,0
9,9,0
142,142,0
3,3,0
2,2,0
3,3,0
2,2,0
3,3,0
1,3,2
9,52,43
1,7,6
22,22,0
3,4,1
2,2,0
57,70,13
1,10,9
2,6,4
2,5,3
2,2,0
2,4,2
2,2,0
39,39,0
2,2,0
2,2,0
3,3,0
2,2,0
2,2,0
2,2,0
2,8,6
2,2,0
0,0,0
2,2,0
1,3,2
10,10,0
2,2,0
2,2,0
1,1,0
2,6,4
8,25,17
2,2,0
2,250,248
2,2,0
2,2,0
2,2,0
2,2,0
2,2,0
3,6,3
24,24,0
3,14,11
12,14,2
2,2,0
2,2,0
3,8,5
2,2,0
3,3,0
2,2,0
2,2,0
2,2,0
2,2,0
3,6,3
3,3,0
2,2,0
3,5,2
3,19,16
1,5,4
2,11,9
2,3,1
1,21,20
2,4,2
22,22,0
3,34,31
2,2,0
2,2,0
53,62,9
2,3,1
2,6,4
3,3,0
2,2,0
2,2,0
35,43,8
2,2,0
2,2,0
51,51,0
3,5,2
2,2,0
2,8,6
2,7,5
1,21,20
1,2,1
11,11,0
1,1,0
3,5,2
2,2,0
3,3,0
2,2,0
100,100,0
100,100,0
4,4,0
3,3,0
1,2,1
1,1,0
20,22,2
8,8,0
2,2,0
2,2,0
3,3,0
0,0,0
2,2,0
3,9,6
2,2,0
3,6,3
2,2,0
2,5,3
2,2,0
2,2,0
2,2,0
2,5,3
0,0,0
3,3,0
2,2,0
2,2,0
3,13,10
2,2,0
2,2,0
2,3,1
0,0,0
2,2,0
3,5,2
2,34,32
2,2,0
2,2,0
3,3,0
2,2,0
3,3,0
1,3,2
20,20,0
2,2,0
4,4,0
2,2,0
1,7,6
2,2,0
2,2,0
2,2,0
2,2,0
1,93,92
2,2,0
1,1,0
3,5,2
1,1,0
2,2,0
5,5,0
2,2,0
2,2,0
2,2,0
2,3,1
2,2,0
3,3,0
4,6,2
93,93,0
9,9,0
1,1,0
2,2,0
6,6,0
2,2,0
3,7,4
2,2,0
2,2,0
2,2,0
3,3,0
2,2,0
2,2,0
2,2,0
2,10,8
3,8,5
2,2,0
2,2,0
2,4,2
3,3,0
3,5,2
1,3,2
8,8,0
3,3,0
6,6,0
4,4,0
2,4,2
2,2,0
0,0,0
2,2,0
3,3,0
2,2,0
2,2,0
1,2,1
2,2,0
2,2,0
5,5,0
27,27,0
2,2,0
76,79,3
3,3,0
2,4,2
11,11,0
2,2,0
3,3,0
2,2,0
3,5,2
4,4,0
2,2,0
2,2,0
8,8,0
2,2,0
3,7,4
3,3,0
4,4,0
3,3,0
2,2,0
1,6,5
20,21,1
1,23,22
2,2,0
2,3,1
1,1,0
2,2,0
2,10,8
2,2,0
3,3,0
2,49,47
2,12,10
2,2,0
2,3,1
9,9,0
1,1,0
3,3,0
3,6,3
0,0,0
2,2,0
1,2,1
2,3,1
0,0,0
2,2,0
1,1,0
2,2,0
2,2,0
1,1,0
2,3,1
1,1,0
5,5,0
2,4,2
3,3,0
2,2,0
2,2,0
2,7,5
3,5,2
1,1,0
3,3,0
50,50,0
2,2,0
2,2,0
2,2,0
1,1,0
2,6,4
4,27,23
2,4,2
3,3,0
2,2,0
8,8,0
1,2,1
15,15,0
2,8,6
3,3,0
3,3,0
3,8,5
3,14,11
1,73,72
0,0,0
2,2,0
3,3,0
2,2,0
2,4,2
2,2,0
2,2,0
2,2,0
4,84,80
0,0,0
2,3,1
2,2,0
0,0,0
2,3,1
8,8,0
2,2,0
2,2,0
1,2,1
1,2,1
2,2,0
2,2,0
3,3,0
9,11,2
9,9,0
8,8,0
1,2,1
2,3,1
3,3,0
2,2,0
2,2,0
2,2,0
2,2,0
2,2,0
3,4,1
3,3,0
3,5,2
2,2,0
2,2,0
2,12,10
3,3,0
3,3,0
23,44,21
1,1,0
10,10,0
5,5,0
2,6,4
2,6,4
2,2,0
3,3,0
3,3,0
2,2,0
3,3,0
2,2,0
1,7,6
2,2,0
2,2,0
2,45,43
2,2,0
2,2,0
2,2,0
2,2,0
77,77,0
2,4,2
2,10,8
1,2,1
4,4,0
7,9,2
2,4,2
2,2,0
3,3,0
7,7,0
3,5,2
2,80,78
1,27,26
1,2,1
136,137,1
2,2,0
6,6,0
2,2,0
2,2,0
3,3,0
3,3,0
2,2,0
3,3,0
6,22,16
2,3,1
18,20,2
126,195,69
0,0,0
3,3,0
0,0,0
9,9,0
3,7,4
2,10,8
10,19,9
2,2,0
2,2,0
3,6,3
3,7,4
3,5,2
7,7,0
81,88,7
2,2,0
9,9,0
1,2,1
4,4,0
2,2,0
8,8,0
2,6,4
9,9,0
2,2,0
9,9,0
1,1,0
56,58,2
100,100,0
12,12,0
2,2,0
2,6,4
2,2,0
2,4,2
3,5,2
3,3,0
3,5,2
2,2,0
1,1,0
1,1,0
63,63,0
2,5,3
3,3,0
2,2,0
2,4,2
2,2,0
2,2,0
2,2,0
2,4,2
1,3,2
6,6,0
3,3,0
3,5,2
2,2,0
1,2,1
1,1,0
1,34,33
2,2,0
2,2,0
2,2,0
2,2,0
2,2,0
2,2,0
2,3,1
2,2,0
2,2,0
2,5,3
1,23,22
2,82,80
2,2,0
86,86,0
3,3,0
8,8,0
9,9,0
1,22,21
2,2,0
2,6,4
2,2,0
2,2,0
2,2,0
2,2,0
2,2,0
2,2,0
4,4,0
3,3,0
1,2,1
1,5,4
2,15,13
2,2,0
3,3,0
2,2,0
3,3,0
11,13,2
2,4,2
13,13,0
2,3,1
3,5,2
2,2,0
2,2,0
2,2,0
2,4,2
3,3,0
7,11,4
1,34,33
3,3,0
0,0,0
2,2,0
8,8,0
3,9,6
1,2,1
3,7,4
2,2,0
4,4,0
2,2,0
2,2,0
89,91,2
3,7,4
5,5,0
2,4,2
2,2,0
8,8,0
2,2,0
3,3,0
2,2,0
2,2,0
2,4,2
5,5,0
2,793,791
8,8,0
2,2,0
2,2,0
2,2,0
3,5,2
103,107,4
3,7,4
2,2,0
2,4,2
3,3,0
1,1,0
3,3,0
3,3,0
9,9,0
1,6,5
1,1,0
2,10,8
9,9,0
11,11,0
2,11,9
21,23,2
0,0,0
2,3,1
2,80,78
9,9,0
2,2,0
3,5,2
8,8,0
3,4,1
6,8,2
2,2,0
2,2,0
3,7,4
2,12,10
15,15,0
2,2,0
22,22,0
3,7,4
2,2,0
2,3,1
2,2,0
6,6,0
5,9,4
2,2,0
27,28,1
3,3,0
3,3,0
2,2,0
1,2,1
3,7,4
3,3,0
100,100,0
3,4,1
3,3,0
2,2,0
100,100,0
2,12,10
2,2,0
1,4,3
3,3,0
2,2,0
3,3,0
31,31,0
3,13,10
1,20,19
56,56,0
3,3,0
2,2,0
2,2,0
2,8,6
2,2,0
8,8,0
2,2,0
2,15,13
0,0,0
4,5,1
5,5,0
4,5,1
100,113,13
2,4,2
3,7,4
0,0,0
2,2,0
1,1,0
4,4,0
8,8,0
1,2,1
1,2,1
3,13,10
2,4,2
2,4,2
3,3,0
1,1,0
3,5,2
1,1,0
2,2,0
3,5,2
4,4,0
8,8,0
0,0,0
3,3,0
20,20,0
2,2,0
20,20,0
2,2,0
2,11,9
2,2,0
2,10,8
2,2,0
3,3,0
1,1,0
9,11,2
2,2,0
2,2,0
3,7,4
1,3,2
4,4,0
3,3,0
3,7,4
0,0,0
2,2,0
2,4,2
3,3,0
3,3,0
1,2,1
8,8,0
2,2,0
2,2,0
2,2,0
1,1,0
3,3,0
2,2,0
3,3,0
3,5,2
1,2,1
2,46,44
2,2,0
3,8,5
3,3,0
0,0,0
2,2,0
2,4,2
33,33,0
2,2,0
3,3,0
2,2,0
4,6,2
2,2,0
2,2,0
2,2,0
100,166,66
2,2,0
1,2,1
2,7,5
10,20,10
2,2,0
2,28,26
2,5,3
6,8,2
2,81,79
9,9,0
2,2,0
3,3,0
2,2,0
2,2,0
0,0,0
6,6,0
2,2,0
2,48,46
3,3,0
2,2,0
4,7,3
2,109,107
20,20,0
3,22,19
2,3,1
2,2,0
1,4,3
3,3,0
2,2,0
1,2,1
3,3,0
143,143,0
1,1,0
2,3,1
22,22,0
2,2,0
2,6,4
2,4,2
20,20,0
1,3,2
9,9,0
8,8,0
2,58,56
2,2,0
2,4,2
2,2,0
2,2,0
25,25,0
3,3,0
0,0,0
3,7,4
2,2,0
4,4,0
3,3,0
3,8,5
3,12,9
100,101,1
2,2,0
3,3,0
4,4,0
2,6,4
2,2,0
2,10,8
2,2,0
2,2,0
2,2,0
0,0,0
1,15,14
2,2,0
1,1,0
2,2,0
2,2,0
3,3,0
5,5,0
3,3,0
4,5,1
4,4,0
5,12,7
20,29,9
2,5,3
3,5,2
2,2,0
0,0,0
2,3,1
8,8,0
2,2,0
3,3,0
3,3,0
2,2,0
2,2,0
1,1,0
3,5,2
2,2,0
3,3,0
2,4,2
2,2,0
3,3,0
1,2,1
0,0,0
3,6,3
2,2,0
2,6,4
22,24,2
3,3,0
3,3,0
2,2,0
14,14,0
3,3,0
3,3,0
3,3,0
3,3,0
2,2,0
2,12,10
1,22,21
2,2,0
3,3,0
1,37,36
2,2,0
2,2,0
0,0,0
3,3,0
1,1,0
2,2,0
1,1,0
2,2,0
2,2,0
3,3,0
2,2,0
2,2,0
1,1,0
2,5,3
1,1,0
2,2,0
77,78,1
3,5,2
2,2,0
2,2,0
2,11,9
2,2,0
2,2,0
4,4,0
3,3,0
3,3,0
1,28,27
0,0,0
2,2,0
39,39,0
2,2,0
3,3,0
2,2,0
9,9,0
2,2,0
2,4,2
2,2,0
3,5,2
1,22,21
2,2,0
2,2,0
1,3,2
2,2,0
2,3,1
2,2,0
24,24,0
2,2,0
2,2,0
2,2,0
2,2,0
2,2,0
9,9,0
1,2,1
3,6,3
3,5,2
0,0,0
1,26,25
2,2,0
3,6,3
2,2,0
2,2,0
2,2,0
2,2,0
2,2,0
2,5,3
2,2,0
2,3,1
3,3,0
2,2,0
66,66,0
2,2,0
2,2,0
7,9,2
2,2,0
3,3,0
10,21,11
3,3,0
2,2,0
4,4,0
1,2,1
2,2,0
2,2,0
3,3,0
2,9,7
3,5,2
1,7,6
3,4,1
9,9,0
3,5,2
2,2,0
2,2,0
12,12,0
2,2,0
1,2,1
2,2,0
2,2,0
3,7,4
3,3,0
2,2,0
17,23,6
4,4,0
2,2,0
2,4,2
2,2,0
4,8,4
0,0,0
1,1,0
2,28,26
2,3,1
2,2,0
3,5,2
3,7,4
3,3,0
1,26,25
3,3,0
2,2,0
2,2,0
2,2,0
5,5,0
3,3,0
2,6,4
2,2,0
3,3,0
2,2,0
14,14,0
2,16,14
3,3,0
2,2,0
2,2,0
6,6,0
3,3,0
2,2,0
2,5,3
1,1,0
2,5,3
0,0,0
2,2,0
2,78,76
2,2,0
3,3,0
1,7,6
3,3,0
8,8,0
3,3,0
0,0,0
3,10,7
3,3,0
2,2,0
1,6,5
9,9,0
206,238,32
2,11,9
2,4,2
2,2,0
3,9,6
3,3,0
2,2,0
2,48,46
2,2,0
4,4,0
2,3,1
3,3,0
7,18,11
2,3,1
0,0,0
1,2,1
3,5,2
14,14,0
2,2,0
3,3,0
1,47,46
2,2,0
2,2,0
3,3,0
2,4,2
3,4,1
1,2,1
2,2,0
9,18,9
5,5,0
2,2,0
11,19,8
3,5,2
5,5,0
2,2,0
3,3,0
1,21,20
2,2,0
1,1,0
3,11,8
8,8,0
13,13,0
8,8,0
3,7,4
2,2,0
2,2,0
2,2,0
2,2,0
3,5,2
3,5,2
1,27,26
160,160,0
3,3,0
3,3,0
5,5,0
1,2,1
2,2,0
2,9,7
3,4,1
2,2,0
2,2,0
2,2,0
2,2,0
2,2,0
3,7,4
3,5,2
3,5,2
28,28,0
3,3,0
2,4,2
4,4,0
2,2,0
2,2,0
9,9,0
9,9,0
2,2,0
2,2,0
2,2,0
2,14,12
2,2,0
2,2,0
2,5,3
3,5,2
2,2,0
2,2,0
2,2,0
2,2,0
2,4,2
2,11,9
2,2,0
2,6,4
9,10,1
2,5,3
2,2,0
3,3,0
3,8,5
2,2,0
2,2,0
9,9,0
30,30,0
2,2,0
1,1,0
1,4,3
2,10,8
2,2,0
3,3,0
2,5,3
3,3,0
2,2,0
3,3,0
3,5,2
29,29,0
2,2,0
2,80,78
1,1,0
2,2,0
1,7,6
2,2,0
2,2,0
2,2,0
3,5,2
2,2,0
20,42,22
2,2,0
1,1,0
16,16,0
2,2,0
2,2,0
9,9,0
2,82,80
1,21,20
3,5,2
2,2,0
18,18,0
9,10,1
14,15,1
3,3,0
16,16,0
2,2,0
3,3,0
2,2,0
1,1,0
1,1,0
0,0,0
2,2,0
2,2,0
3,7,4
2,2,0
100,100,0
3,3,0
2,2,0
2,2,0
3,3,0
2,2,0
118,213,95
2,2,0
3,4,1
1,1,0
2,2,0
2,2,0
3,3,0
8,8,0
2,2,0
3,3,0
2,2,0
3,4,1
2,2,0
2,9,7
1,1,0
2,2,0
10,10,0
2,4,2
2,2,0
2,2,0
1,27,26
3,3,0
3,3,0
2,6,4
3,13,10
2,21,19
2,2,0
3,46,43
2,2,0
2,2,0
8,8,0
1,2,1
2,2,0
2,2,0
2,2,0
2,2,0
1,1,0
22,22,0
4,4,0
5,5,0
3,3,0
3,3,0
2,10,8
6,6,0
2,2,0
2,2,0
3,3,0
3,4,1
4,4,0
3,11,8
2,2,0
8,8,0
2,2,0
2,4,2
2,2,0
2,2,0
3,3,0
2,2,0
2,2,0
10,10,0
9,9,0
8,8,0
98,98,0
2,3,1
2,2,0
3,3,0
3,3,0
0,0,0
1,6,5
2,2,0
2,2,0
1,20,19
3,3,0
2,2,0
3,3,0
2,2,0
2,2,0
4,4,0
100,100,0
2,2,0
2,4,2
1,103,102
2,4,2
3,3,0
3,3,0
5,5,0
5,16,11
3,5,2
1,6,5
2,2,0
2,4,2
3,3,0
2,10,8
2,2,0
5,5,0
9,9,0
2,2,0
3,7,4
3,3,0
2,4,2
9,9,0
8,8,0
1,2,1
3,6,3
2,4,2
2,2,0
1,2,1
2,2,0
5,5,0
2,2,0
2,2,0
2,2,0
0,0,0
2,2,0
2,4,2
2,3,1
2,75,73
3,3,0
1,2,1
3,5,2
2,4,2
2,3,1
2,2,0
2,2,0
2,2,0
2,2,0
9,20,11
2,82,80
3,3,0
3,3,0
2,2,0
29,29,0
4,5,1
3,25,22
1,23,22
3,5,2
2,4,2
2,2,0
2,2,0
2,2,0
3,5,2
9,9,0
1,1,0
2,2,0
2,2,0
2,4,2
2,6,4
9,9,0
3,3,0
2,2,0
2,24,22
2,5,3
4,4,0
2,2,0
3,11,8
2,2,0
2,11,9
3,15,12
3,3,0
5,5,0
3,5,2
2,4,2
2,6,4
26,26,0
2,2,0
2,3,1
3,3,0
2,2,0
3,3,0
3,21,18
1,2,1
9,9,0
2,2,0
2,2,0
2,7,5
2,2,0
3,6,3
2,2,0
9,9,0
3,3,0
2,2,0
2,2,0
2,2,0
2,2,0
8,8,0
2,2,0
3,5,2
3,3,0
3,3,0
1,1,0
0,0,0
15,15,0
3,3,0
2,6,4
2,2,0
9,9,0
2,2,0
1,4,3
2,2,0
3,7,4
3,7,4
2,2,0
2,2,0
2,2,0
2,2,0
3,3,0
1,1,0
1,1,0
3,5,2
2,2,0
2,2,0
2,4,2
1,6,5
13,13,0
0,0,0
3,3,0
2,5,3
2,2,0
0,0,0
9,9,0
2,4,2
2,2,0
0,0,0
3,5,2
2,2,0
2,6,4
1,1,0
2,9,7
2,2,0
6,10,4
2,4,2
13,14,1
2,2,0
1,1,0
7,7,0
2,2,0
2,2,0
2,2,0
9,9,0
1,74,73
54,54,0
1,3,2
2,2,0
9,9,0
2,2,0
10,10,0
2,2,0
2,2,0
2,2,0
3,7,4
10,10,0
2,2,0
3,3,0
3,5,2
14,14,0
8,8,0
8,8,0
3,3,0
2,6,4
1,9,8
4,4,0
2,5,3
2,2,0
3,3,0
1,4,3
2,2,0
1,3,2
1,2,1
2,2,0
3,13,10
4,4,0
7,44,37
2,2,0
6,8,2
8,8,0
3,5,2
1,1,0
1,1,0
2,2,0
3,5,2
2,2,0
48,48,0
10,10,0
1,1,0
22,23,1
2,2,0
4,10,6
2,82,80
3,7,4
0,0,0
2,3,1
3,3,0
2,5,3
3,5,2
2,2,0
3,3,0
2,2,0
11,11,0
3,3,0
5,5,0
2,2,0
3,8,5
2,4,2
2,4,2
3,3,0
2,82,80
4,6,2
22,22,0
1,1,0
2,2,0
2,6,4
3,5,2
3,3,0
1,2,1
2,14,12
2,2,0
1,3,2
1,1,0
2,2,0
2,2,0
6,6,0
2,2,0
3,3,0
2,2,0
2,2,0
2,2,0
1,2,1
9,9,0
2,2,0
2,2,0
2,2,0
1,1,0
2,2,0
9,9,0
1,1,0
2,2,0
2,2,0
2,2,0
0,0,0
42,42,0
3,9,6
10,10,0
1,27,26
2,2,0
11,80,69
2,2,0
3,3,0
8,12,4
3,3,0
0,0,0
8,8,0
2,2,0
2,2,0
2,2,0
3,5,2
1,1,0
2,2,0
2,2,0
1,23,22
2,2,0
2,2,0
1,1,0
20,22,2
2,2,0
1,1,0
3,9,6
1,24,23
2,2,0
2,3,1
2,11,9
2,2,0
2,2,0
3,3,0
3,3,0
2,2,0
0,0,0
2,2,0
3,7,4
2,5,3
1,7,6
3,3,0
86,91,5
48,48,0
3,3,0
2,2,0
2,2,0
6,6,0
2,2,0
2,2,0
1,4,3
2,16,14
2,2,0
1,1,0
4,8,4
10,10,0
3,7,4
2,2,0
2,2,0
3,26,23
37,37,0
3,3,0
2,139,137
2,4,2
2,6,4
1,1,0
2,2,0
19,19,0
3,17,14
2,2,0
3,6,3
18,18,0
2,2,0
2,4,2
2,2,0
2,2,0
2,2,0
3,3,0
2,6,4
3,9,6
3,5,2
2,2,0
3,3,0
2,2,0
9,9,0
2,2,0
2,2,0
3,3,0
3,7,4
6,6,0
1,1,0
2,4,2
3,6,3
8,8,0
3,3,0
11,11,0
2,2,0
0,0,0
1,2,1
2,2,0
2,2,0
2,5,3
2,2,0
2,2,0
2,2,0
7,9,2
2,3,1
84,84,0
2,2,0
8,8,0
1,2,1
3,3,0
1,2,1
10,10,0
1,1,0
1,2,1
3,5,2
2,3,1
2,4,2
2,2,0
2,2,0
2,3,1
8,8,0
2,2,0
32,32,0
2,2,0
2,8,6
3,3,0
2,2,0
1,2,1
2,2,0
3,7,4
1,12,11
125,136,11
2,2,0
16,16,0
1,2,1
2,2,0
2,2,0
2,2,0
8,8,0
2,12,10
3,3,0
1,1,0
2,2,0
0,0,0
4,4,0
3,3,0
2,2,0
2,2,0
100,100,0
3,3,0
2,2,0
1,1,0
3,5,2
2,2,0
2,2,0
67,125,58
2,2,0
2,2,0
19,19,0
2,2,0
3,3,0
2,2,0
3,5,2
3,7,4
19,21,2
1,2,1
2,2,0
2,2,0
2,16,14
2,2,0
2,2,0
2,4,2
1,3,2
6,10,4
2,6,4
2,2,0
3,5,2
2,2,0
2,2,0
2,2,0
2,2,0
2,2,0
184,356,172
3,5,2
26,27,1
2,2,0
3,3,0
0,0,0
2,2,0
1,2,1
8,8,0
3,5,2
3,3,0
2,2,0
0,0,0
1,1,0
2,2,0
2,6,4
3,7,4
10,10,0
2,2,0
2,2,0
2,2,0
3,5,2
21,21,0
1,23,22
3,3,0
2,9,7
8,8,0
4,4,0
2,2,0
3,3,0
3,3,0
1,10,9
3,3,0
4,4,0
3,3,0
5,47,42
2,2,0
20,64,44
6,6,0
2,2,0
10,10,0
2,2,0
3,14,11
2,2,0
6,6,0
2,2,0
4,4,0
2,2,0
3,7,4
3,7,4
1,21,20
2,2,0
3,3,0
2,10,8
10,10,0
1,2,1
2,2,0
2,13,11
0,0,0
1,2,1
1,1,0
2,2,0
1,2,1
3,15,12
2,2,0
2,2,0
4,4,0
3,3,0
2,2,0
3,3,0
3,4,1
2,2,0
2,2,0
2,90,88
2,2,0
22,22,0
3,5,2
2,82,80
2,2,0
2,4,2
2,2,0
2,2,0
2,80,78
1,2,1
3,5,2
1,7,6
2,2,0
2,2,0
22,22,0
2,16,14
3,3,0
1,1,0
2,2,0
2,2,0
3,20,17
2,2,0
2,2,0
2,4,2
2,2,0
1,29,28
2,2,0
1,1,0
2,2,0
1,23,22
3,3,0
1,2,1
2,2,0
2,2,0
3,11,8
5,5,0
2,3,1
2,2,0
4,4,0
2,2,0
38,38,0
0,0,0
2,2,0
3,5,2
11,11,0
40,40,0
1,2,1
2,2,0
3,7,4
2,2,0
2,2,0
6,6,0
2,4,2
51,51,0
2,2,0
2,2,0
8,8,0
3,3,0
3,3,0
1,1,0
2,2,0
2,3,1
1,1,0
2,82,80
3,3,0
2,2,0
2,2,0
3,5,2
8,10,2
2,2,0
2,2,0
2,6,4
0,0,0
9,9,0
5,7,2
2,2,0
2,2,0
3,3,0
6,6,0
2,3,1
2,2,0
2,2,0
1,2,1
3,6,3
2,2,0
3,3,0
0,0,0
1,2,1
6,102,96
2,13,11
2,2,0
1,7,6
9,9,0
1,6,5
20,20,0
12,12,0
3,3,0
77,96,19
2,2,0
5,5,0
2,2,0
100,109,9
60,121,61
28,40,12
3,8,5
43,44,1
10,12,2
1,3,2
3,6,3
2,2,0
2,2,0
0,0,0
1,3,2
0,0,0
2,8,6
133,133,0
2,4,2
3,3,0
3,3,0
3,5,2
3,3,0
3,5,2
2,2,0
3,3,0
2,2,0
1,1,0
2,6,4
2,3,1
10,10,0
2,3,1
2,2,0
3,5,2
2,6,4
60,121,61
1,25,24
2,2,0
3,3,0
2,7,5
2,2,0
1,1,0
10,10,0
2,2,0
2,2,0
4,4,0
2,6,4
3,3,0
2,10,8
2,2,0
2,2,0
3,11,8
4,4,0
24,24,0
8,10,2
2,2,0
8,8,0
2,4,2
2,2,0
8,8,0
1,2,1
2,4,2
2,2,0
3,3,0
2,6,4
3,3,0
3,3,0
3,3,0
9,9,0
3,3,0
2,2,0
3,3,0
2,2,0
3,9,6
3,3,0
2,2,0
4,4,0
3,3,0
2,2,0
137,137,0
2,2,0
2,2,0
2,2,0
3,5,2
2,2,0
2,2,0
2,12,10
2,2,0
2,2,0
1,21,20
3,9,6
1,1,0
3,7,4
0,0,0
2,2,0
2,2,0
3,5,2
1,1,0
2,2,0
2,2,0
1,2,1
8,10,2
8,8,0
3,3,0
2,2,0
2,2,0
8,8,0
2,3,1
1,1,0
2,2,0
2,2,0
3,7,4
1,2,1
26,26,0
3,3,0
2,8,6
2,2,0
2,3,1
2,2,0
2,2,0
2,2,0
9,9,0
5,5,0
2,2,0
2,2,0
3,3,0
17,17,0
3,6,3
2,2,0
2,4,2
2,2,0
20,20,0
6,6,0
2,2,0
8,8,0
3,6,3
3,6,3
3,3,0
2,3,1
2,2,0
3,3,0
3,11,8
6,6,0
2,82,80
2,8,6
11,11,0
2,2,0
3,3,0
3,4,1
2,9,7
2,8,6
2,3,1
8,10,2
2,2,0
2,2,0
3,8,5
3,3,0
9,53,44
2,2,0
3,3,0
2,2,0
1,8,7
3,7,4
2,2,0
4,5,1
3,3,0
2,2,0
36,36,0
2,2,0
2,5,3
1,12,11
2,2,0
2,2,0
6,6,0
2,2,0
2,2,0
3,3,0
2,2,0
1,1,0
19,19,0
1,22,21
1,24,23
4,4,0
2,2,0
1,1,0
3,3,0
1,2,1
2,2,0
2,2,0
1,2,1
8,8,0
3,7,4
2,2,0
2,2,0
2,2,0
2,2,0
2,9,7
0,0,0
3,10,7
0,0,0
2,2,0
2,2,0
8,8,0
1,6,5
2,2,0
2,2,0
2,2,0
2,31,29
2,2,0
2,2,0
2,2,0
2,2,0
2,4,2
1,3,2
3,5,2
7,7,0
9,9,0
2,2,0
1,1,0
9,9,0
1,1,0
3,3,0
8,8,0
3,3,0
3,7,4
2,2,0
2,9,7
2,4,2
2,2,0
1,2,1
9,9,0
2,21,19
8,8,0
3,3,0
2,2,0
3,9,6
0,0,0
2,14,12
36,38,2
2,2,0
2,2,0
2,2,0
2,2,0
2,2,0
22,38,16
3,14,11
2,2,0
8,8,0
2,2,0
3,6,3
3,5,2
2,2,0
3,3,0
2,2,0
60,60,0
2,2,0
1,1,0
2,2,0
1,2,1
1,1,0
2,2,0
2,2,0
2,7,5
6,10,4
2,2,0
2,2,0
2,2,0
2,2,0
127,127,0
2,2,0
3,3,0
1,59,58
2,2,0
100,104,4
2,2,0
3,4,1
2,2,0
0,0,0
2,2,0
51,51,0
2,2,0
0,0,0
2,2,0
2,6,4
3,6,3
2,2,0
1,1,0
18,18,0
2,2,0
2,248,246
2,2,0
2,2,0
2,2,0
2,18,16
3,5,2
2,5,3
7,9,2
2,2,0
3,3,0
3,3,0
1,1,0
9,18,9
1,20,19
2,4,2
3,3,0
1,1,0
3,3,0
1,1,0
1,2,1
9,9,0
3,3,0
3,5,2
2,4,2
88,104,16
1,23,22
3,3,0
11,25,14
3,5,2
3,3,0
6,6,0
0,0,0
9,9,0
3,4,1
2,2,0
2,49,47
2,2,0
2,2,0
2,2,0
3,3,0
2,2,0
2,2,0
3,3,0
3,3,0
2,4,2
2,2,0
2,2,0
1,1,0
1,12,11
2,2,0
3,3,0
8,8,0
5,5,0
3,3,0
3,3,0
8,8,0
2,2,0
3,3,0
3,5,2
3,3,0
2,11,9
2,2,0
2,2,0
2,4,2
2,2,0
100,100,0
2,2,0
26,26,0
2,2,0
2,2,0
1,7,6
1,45,44
3,3,0
8,8,0
1,5,4
1,60,59
2,3,1
2,5,3
2,2,0
2,3,1
2,2,0
3,7,4
2,2,0
3,6,3
2,2,0
3,6,3
1,22,21
2,2,0
2,2,0
3,7,4
2,2,0
100,100,0
1,1,0
2,2,0
23,23,0
1,24,23
3,5,2
2,2,0
1,10,9
2,2,0
2,2,0
9,9,0
2,2,0
1,1,0
2,15,13
8,8,0
0,0,0
2,2,0
3,3,0
3,3,0
2,2,0
51,74,23
1,62,61
3,12,9
3,7,4
3,3,0
2,2,0
3,3,0
2,2,0
2,2,0
3,4,1
0,0,0
4,4,0
2,2,0
2,15,13
4,4,0
9,9,0
3,5,2
2,3,1
3,3,0
3,3,0
2,2,0
3,7,4
2,3,1
2,3,1
3,10,7
2,2,0
3,3,0
2,2,0
2,2,0
3,3,0
2,2,0
2,2,0
0,0,0
11,18,7
9,9,0
105,105,0
2,2,0
3,3,0
0,0,0
2,2,0
8,51,43
2,2,0
3,5,2
3,39,36
3,3,0
2,5,3
3,3,0
3,7,4
8,8,0
3,6,3
2,2,0
2,2,0
2,2,0
1,2,1
8,10,2
9,9,0
8,8,0
2,2,0
2,2,0
3,3,0
3,13,10
7,7,0
3,3,0
3,5,2
9,9,0
2,12,10
2,2,0
48,50,2
2,2,0
2,13,11
8,8,0
1,1,0
3,5,2
7,9,2
2,82,80
3,7,4
2,6,4
2,2,0
2,2,0
1,1,0
1,1,0
1,24,23
8,8,0
2,8,6
3,3,0
2,2,0
2,2,0
1,1,0
3,7,4
2,2,0
3,3,0
2,2,0
0,0,0
0,0,0
49,49,0
1,3,2
3,3,0
8,8,0
8,8,0
2,2,0
3,3,0
3,3,0
21,30,9
1,5,4
2,2,0
3,3,0
1,6,5
3,3,0
2,2,0
2,3,1
2,2,0
3,5,2
14,14,0
2,2,0
2,2,0
7,9,2
2,2,0
1,2,1
2,2,0
1,2,1
2,7,5
2,2,0
9,9,0
1,1,0
2,2,0
23,23,0
3,5,2
2,2,0
3,5,2
2,4,2
2,2,0
3,6,3
3,3,0
2,2,0
3,4,1
2,2,0
3,3,0
2,4,2
3,5,2
2,2,0
3,3,0
1,3,2
2,2,0
10,10,0
1,26,25
2,2,0
20,20,0
2,2,0
2,2,0
3,3,0
2,2,0
2,2,0
9,9,0
8,8,0
2,82,80
2,2,0
2,2,0
0,0,0
1,2,1
3,3,0
2,2,0
1,23,22
2,4,2
2,2,0
98,98,0
2,3,1
3,5,2
2,2,0
3,8,5
10,18,8
2,2,0
2,2,0
8,8,0
2,2,0
10,10,0
43,140,97
1,2,1
2,2,0
11,11,0
2,4,2
2,2,0
2,2,0
2,2,0
8,8,0
2,2,0
3,3,0
3,5,2
2,4,2
8,8,0
1,3,2
2,2,0
2,2,0
2,4,2
3,5,2
0,0,0
2,9,7
1,1,0
2,2,0
2,2,0
59,59,0
2,2,0
21,21,0
3,6,3
9,9,0
5,5,0
9,9,0
3,3,0
2,6,4
0,0,0
8,13,5
3,3,0
2,2,0
9,9,0
3,3,0
1,5,4
2,2,0
2,2,0
2,2,0
2,4,2
3,5,2
2,3,1
2,3,1
3,7,4
3,7,4
18,18,0
2,7,5
4,4,0
2,2,0
4,4,0
3,5,2
3,3,0
2,2,0
2,2,0
0,0,0
9,9,0
3,3,0
2,2,0
2,2,0
3,3,0
3,3,0
2,2,0
2,2,0
2,2,0
1,24,23
3,3,0
2,2,0
3,3,0
0,0,0
2,2,0
3,3,0
2,2,0
2,2,0
2,2,0
5,13,8
2,2,0
1,2,1
3,3,0
13,13,0
3,5,2
2,2,0
2,4,2
2,2,0
2,3,1
9,9,0
2,3,1
3,3,0
2,2,0
4,4,0
2,5,3
2,2,0
6,34,28
2,2,0
2,2,0
1,1,0
3,5,2
1,2,1
3,17,14
8,8,0
1,1,0
2,2,0
1,1,0
2,2,0
3,7,4
2,5,3
2,2,0
2,2,0
8,8,0
2,4,2
9,9,0
0,0,0
1,2,1
2,2,0
4,4,0
1,2,1
3,3,0
3,7,4
2,2,0
4,6,2
3,10,7
2,2,0
1,2,1
51,51,0
2,21,19
2,6,4
3,3,0
2,2,0
3,3,0
0,0,0
2,2,0
2,2,0
1,2,1
3,3,0
1,1,0
6,6,0
2,2,0
2,2,0
1,6,5
9,9,0
2,2,0
2,2,0
2,2,0
3,3,0
20,20,0
2,3,1
3,3,0
10,10,0
2,2,0
1,3,2
3,3,0
1,24,23
3,6,3
3,8,5
2,3,1
3,4,1
3,3,0
2,4,2
2,2,0
5,11,6
51,51,0
3,3,0
2,2,0
10,10,0
2,2,0
2,2,0
2,2,0
2,2,0
2,5,3
8,8,0
2,2,0
2,2,0
2,2,0
1,4,3
31,31,0
3,9,6
6,6,0
3,27,24
3,3,0
3,3,0
1,1,0
2,4,2
2,2,0
2,2,0
12,29,17
3,5,2
2,5,3
1,2,1
2,3,1
1,2,1
3,17,14
2,2,0
2,2,0
3,5,2
2,2,0
2,2,0
1,2,1
2,4,2
2,2,0
0,0,0
2,2,0
2,2,0
8,8,0
2,2,0
2,8,6
3,5,2
3,5,2
3,3,0
2,2,0
9,9,0
8,8,0
2,2,0
2,2,0
3,5,2
2,2,0
2,82,80
1,1,0
3,5,2
3,5,2
2,2,0
2,2,0
2,4,2
3,3,0
2,3,1
6,6,0
2,4,2
2,2,0
2,6,4
4,4,0
2,2,0
3,4,1
8,8,0
2,2,0
60,121,61
3,7,4
2,2,0
3,3,0
2,2,0
2,2,0
2,2,0
2,2,0
8,8,0
6,6,0
12,12,0
2,80,78
3,3,0
3,3,0
2,2,0
9,9,0
2,8,6
3,3,0
14,14,0
2,2,0
3,6,3
1,2,1
1,2,1
3,9,6
3,7,4
3,4,1
1,1,0
3,3,0
91,93,2
2,2,0
2,2,0
2,2,0
2,2,0
2,2,0
3,3,0
1,2,1
3,5,2
11,11,0
2,2,0
3,3,0
3,3,0
2,4,2
5,5,0
2,6,4
1,4,3
1,3,2
3,3,0
2,2,0
3,5,2
2,2,0
12,12,0
2,4,2
2,2,0
0,0,0
1,1,0
2,2,0
2,2,0
2,2,0
2,2,0
2,2,0
8,8,0
100,100,0
3,5,2
2,6,4
2,103,101
2,2,0
11,11,0
10,49,39
1,72,71
2,2,0
4,4,0
1,1,0
3,3,0
3,5,2
8,8,0
2,2,0
2,2,0
3,5,2
2,2,0
2,8,6
11,11,0
3,5,2
2,29,27
1,1,0
2,2,0
9,9,0
3,3,0
3,7,4
3,8,5
1,4,3
8,8,0
5,19,14
20,20,0
2,82,80
2,2,0
3,5,2
2,3,1
3,3,0
3,3,0
9,10,1
3,3,0
45,45,0
2,2,0
1,3,2
3,7,4
2,2,0
2,73,71
2,2,0
8,8,0
9,9,0
2,2,0
2,2,0
0,0,0
3,3,0
3,3,0
2,2,0
2,6,4
2,2,0
2,2,0
3,3,0
3,3,0
2,3,1
3,7,4
3,3,0
1,21,20
3,7,4
2,3,1
2,22,20
2,4,2
2,4,2
3,3,0
2,4,2
2,4,2
2,4,2
2,2,0
15,32,17
1,1,0
1,11,10
1,1,0
9,9,0
3,25,22
8,8,0
3,3,0
3,3,0
9,9,0
2,2,0
3,8,5
3,3,0
2,2,0
2,4,2
2,2,0
3,7,4
3,3,0
2,7,5
2,2,0
1,1,0
3,9,6
0,0,0
2,2,0
8,8,0
1,2,1
8,8,0
34,34,0
1,1,0
2,6,4
2,2,0
2,2,0
3,3,0
3,3,0
2,2,0
1,3,2
3,5,2
3,7,4
2,2,0
2,2,0
2,2,0
2,2,0
2,2,0
1,4,3
3,3,0
2,2,0
2,2,0
1,2,1
2,2,0
2,2,0
2,2,0
2,16,14
2,8,6
0,0,0
2,2,0
2,4,2
20,20,0
2,2,0
3,3,0
4,4,0
3,3,0
2,2,0
2,2,0
6,6,0
2,2,0
2,21,19
3,3,0
9,15,6
3,3,0
3,3,0
8,8,0
2,4,2
2,2,0
2,6,4
3,5,2
2,4,2
9,9,0
8,8,0
2,2,0
12,30,18
3,4,1
8,50,42
2,2,0
2,2,0
14,14,0
2,2,0
2,6,4
2,5,3
1,2,1
2,3,1
2,9,7
2,6,4
2,4,2
1,2,1
100,100,0
2,2,0
2,2,0
2,2,0
2,2,0
4,4,0
3,18,15
2,4,2
2,2,0
2,2,0
2,2,0
2,4,2
2,2,0
14,16,2
2,2,0
11,11,0
1,1,0
2,2,0
2,2,0
3,17,14
3,3,0
3,5,2
2,2,0
2,2,0
2,2,0
112,112,0
2,2,0
20,20,0
3,5,2
3,3,0
2,8,6
2,2,0
8,8,0
2,2,0
3,3,0
0,0,0
1,1,0
2,2,0
2,2,0
2,2,0
100,100,0
9,24,15
1,24,23
2,2,0
1,1,0
2,2,0
80,80,0
2,2,0
1,13,12
3,7,4
0,0,0
3,3,0
2,2,0
3,4,1
1,6,5
3,5,2
0,0,0
2,6,4
3,4,1
9,43,34
1,1,0
2,2,0
20,20,0
2,4,2
2,2,0
3,5,2
2,2,0
1,1,0
3,5,2
2,4,2
3,10,7
2,3,1
2,2,0
2,2,0
0,0,0
8,8,0
2,2,0
2,80,78
2,2,0
8,8,0
3,3,0
2,2,0
3,3,0
3,4,1
8,8,0
2,2,0
3,3,0
2,2,0
2,2,0
2,2,0
2,6,4
2,2,0
2,2,0
3,5,2
8,8,0
2,2,0
5,5,0
9,12,3
3,3,0
3,3,0
2,82,80
2,11,9
2,2,0
1,1,0
2,2,0
1,2,1
3,7,4
3,3,0
2,52,50
3,7,4
2,2,0
2,4,2
3,3,0
9,9,0
89,89,0
2,4,2
2,2,0
2,2,0
51,51,0
1,2,1
2,2,0
2,2,0
22,213,191
3,5,2
2,5,3
2,2,0
1,5,4
1,2,1
11,11,0
1,37,36
3,6,3
2,2,0
2,2,0
8,8,0
2,2,0
2,2,0
2,2,0
2,5,3
9,9,0
3,3,0
3,11,8
8,8,0
2,2,0
3,7,4
2,2,0
2,2,0
2,5,3
2,2,0
2,2,0
3,6,3
8,8,0
3,7,4
111,115,4
3,4,1
2,2,0
8,8,0
1,3,2
2,2,0
3,13,10
3,3,0
2,2,0
3,3,0
1,1,0
2,2,0
1,10,9
3,25,22
3,3,0
2,2,0
8,8,0
2,2,0
8,8,0
2,2,0
3,8,5
3,7,4
2,2,0
2,6,4
1,1,0
2,2,0
1,3,2
6,6,0
100,100,0
3,3,0
3,5,2
2,2,0
2,2,0
2,2,0
2,2,0
3,5,2
15,15,0
10,10,0
2,2,0
100,100,0
2,2,0
2,2,0
2,2,0
2,2,0
2,2,0
2,2,0
1,2,1
4,4,0
3,5,2
2,2,0
1,2,1
3,5,2
0,0,0
3,7,4
3,5,2
2,2,0
3,17,14
22,22,0
2,2,0
2,2,0
2,2,0
2,2,0
2,2,0
2,2,0
2,2,0
1,1,0
2,2,0
2,6,4
3,7,4
2,68,66
2,2,0
2,2,0
2,2,0
2,2,0
2,2,0
2,3,1
3,3,0
2,10,8
2,2,0
0,0,0
3,5,2
10,10,0
4,5,1
8,8,0
2,4,2
23,23,0
2,2,0
2,2,0
2,2,0
2,2,0
1,5,4
3,5,2
3,3,0
2,2,0
2,2,0
9,9,0
9,53,44
1,1,0
20,20,0
9,11,2
2,4,2
2,2,0
2,3,1
3,3,0
3,7,4
2,4,2
6,6,0
2,2,0
3,3,0
1,2,1
1,1,0
4,4,0
3,6,3
3,3,0
3,5,2
58,58,0
8,8,0
2,2,0
3,3,0
4,4,0
40,40,0
0,0,0
2,2,0
2,2,0
2,2,0
2,2,0
1,1,0
1,1,0
2,2,0
3,3,0
7,9,2
0,0,0
2,4,2
9,9,0
2,4,2
2,2,0
3,9,6
2,2,0
1,1,0
3,3,0
3,3,0
3,5,2
2,2,0
2,2,0
2,2,0
1,2,1
2,2,0
3,5,2
2,2,0
7,9,2
1,4,3
1,2,1
6,6,0
21,21,0
2,2,0
20,20,0
9,31,22
3,3,0
2,2,0
2,2,0
2,2,0
2,2,0
2,2,0
2,6,4
2,2,0
2,21,19
2,41,39
2,4,2
2,2,0
2,2,0
2,4,2
0,0,0
3,5,2
2,2,0
3,9,6
2,2,0
1,1,0
2,2,0
2,23,21
2,4,2
10,13,3
2,6,4
3,3,0
0,0,0
2,4,2
0,0,0
5,5,0
2,2,0
3,3,0
8,8,0
20,20,0
0,0,0
2,2,0
4,73,69
2,2,0
3,5,2
2,2,0
3,3,0
2,2,0
2,2,0
2,2,0
2,2,0
2,45,43
2,2,0
3,3,0
9,9,0
0,0,0
2,2,0
2,2,0
3,5,2
1,24,23
2,4,2
2,3,1
2,2,0
7,9,2
2,2,0
2,2,0
2,7,5
3,3,0
0,0,0
1,4,3
2,2,0
8,12,4
2,30,28
3,4,1
2,2,0
2,2,0
2,2,0
2,2,0
1,1,0
11,11,0
1,21,20
2,5,3
2,4,2
1,26,25
2,4,2
2,3,1
2,2,0
3,4,1
1,5,4
2,4,2
1,2,1
2,2,0
2,98,96
2,2,0
1,1,0
2,2,0
2,4,2
2,2,0
2,2,0
1,9,8
8,8,0
2,2,0
2,2,0
2,80,78
1,3,2
4,4,0
2,3,1
3,3,0
3,7,4
3,3,0
1,2,1
3,3,0
3,3,0
2,2,0
25,25,0
2,2,0
4,4,0
1,1,0
5,5,0
2,2,0
2,2,0
5,5,0
2,2,0
3,3,0
2,2,0
2,4,2
2,5,3
3,3,0
3,3,0
2,2,0
2,2,0
2,2,0
2,2,0
4,4,0
52,108,56
2,2,0
2,2,0
3,9,6
3,3,0
2,2,0
3,3,0
6,22,16
3,70,67
2,2,0
3,5,2
2,2,0
2,2,0
2,2,0
2,82,80
9,9,0
3,3,0
2,4,2
6,6,0
2,2,0
3,3,0
3,5,2
2,4,2
3,7,4
10,10,0
2,2,0
2,8,6
1,2,1
2,3,1
3,9,6
3,3,0
2,13,11
3,6,3
8,8,0
2,2,0
3,19,16
2,2,0
2,2,0
1,2,1
2,2,0
2,2,0
1,20,19
2,2,0
2,2,0
1,3,2
1,24,23
2,2,0
3,3,0
1,7,6
2,2,0
2,2,0
3,3,0
2,2,0
3,10,7
2,8,6
3,3,0
1,1,0
1,4,3
2,7,5
10,20,10
2,2,0
3,3,0
10,10,0
3,3,0
3,3,0
2,2,0
2,45,43
2,6,4
1,8,7
140,140,0
2,6,4
2,2,0
2,2,0
3,3,0
1,2,1
2,8,6
2,2,0
2,2,0
1,2,1
1,4,3
50,50,0
4,5,1
2,2,0
16,74,58
2,2,0
20,20,0
2,8,6
1,8,7
3,3,0
2,2,0
2,2,0
2,10,8
24,24,0
2,2,0
3,3,0
2,2,0
22,22,0
2,2,0
3,5,2
2,2,0
2,2,0
9,9,0
1,7,6
2,2,0
3,7,4
5,5,0
2,6,4
2,2,0
3,3,0
0,0,0
2,3,1
2,2,0
100,100,0
1,1,0
3,3,0
1,5,4
3,3,0
3,5,2
3,3,0
3,3,0
8,8,0
3,3,0
2,2,0
3,3,0
1,66,65
4,4,0
2,2,0
2,2,0
2,2,0
2,10,8
2,2,0
8,8,0
2,2,0
20,25,5
2,4,2
2,2,0
2,2,0
2,2,0
1,1,0
2,4,2
8,8,0
2,9,7
1,1,0
2,2,0
9,9,0
1,1,0
2,2,0
2,3,1
3,3,0
2,3,1
2,5,3
2,2,0
2,2,0
1,2,1
2,32,30
2,2,0
3,3,0
14,14,0
2,4,2
2,10,8
1,20,19
2,7,5
1,2,1
2,2,0
2,13,11
3,6,3
3,7,4
7,9,2
2,2,0
2,2,0
87,87,0
2,2,0
2,2,0
11,11,0
2,22,20
2,2,0
2,2,0
1,2,1
2,28,26
1,1,0
2,13,11
15,17,2
3,5,2
1,1,0
3,3,0
2,7,5
0,0,0
2,4,2
8,8,0
2,2,0
4,4,0
2,2,0
2,2,0
2,3,1
2,2,0
2,2,0
2,2,0
2,6,4
5,16,11
2,2,0
2,24,22
2,2,0
2,3,1
2,4,2
2,2,0
2,2,0
2,2,0
2,4,2
2,2,0
3,3,0
3,3,0
18,18,0
3,5,2
2,2,0
3,5,2
2,2,0
1,4,3
3,5,2
3,25,22
2,2,0
3,9,6
2,12,10
2,3,1
2,2,0
2,2,0
2,8,6
94,94,0
2,6,4
2,2,0
3,3,0
3,3,0
5,11,6
0,0,0
2,2,0
2,4,2
2,2,0
2,2,0
2,2,0
2,2,0
2,8,6
9,9,0
9,9,0
2,2,0
2,2,0
6,6,0
2,2,0
3,5,2
1,56,55
2,2,0
2,2,0
3,4,1
3,3,0
13,13,0
3,3,0
2,2,0
3,3,0
4,12,8
3,3,0
2,2,0
2,2,0
2,2,0
2,40,38
3,3,0
2,2,0
19,21,2
2,2,0
6,6,0
36,36,0
2,4,2
2,2,0
2,2,0
3,6,3
2,2,0
2,2,0
2,4,2
3,3,0
3,4,1
2,2,0
2,2,0
3,3,0
2,2,0
2,2,0
3,5,2
2,4,2
2,2,0
2,2,0
2,4,2
1,3,2
2,4,2
2,2,0
2,17,15
9,9,0
3,3,0
2,2,0
3,3,0
3,12,9
2,4,2
3,10,7
2,2,0
3,11,8
3,3,0
3,5,2
1,2,1
6,31,25
25,25,0
2,2,0
2,2,0
2,4,2
3,5,2
3,3,0
2,2,0
3,3,0
3,4,1
2,2,0
2,2,0
2,4,2
2,2,0
2,2,0
3,3,0
2,2,0
83,83,0
2,2,0
1,57,56
3,4,1
15,15,0
10,18,8
2,2,0
1,1,0
57,57,0
3,3,0
2,2,0
2,7,5
2,2,0
2,4,2
1,3,2
2,2,0
2,4,2
9,15,6
3,3,0
3,3,0
1,1,0
3,5,2
42,43,1
3,3,0
1,5,4
3,6,3
9,9,0
8,8,0
2,2,0
2,2,0
2,12,10
6,6,0
2,2,0
2,2,0
0,0,0
8,8,0
12,12,0
6,6,0
2,5,3
3,3,0
8,8,0
3,5,2
4,4,0
2,2,0
3,5,2
2,2,0
3,3,0
2,2,0
11,11,0
2,6,4
4,8,4
0,0,0
3,8,5
5,5,0
1,6,5
23,23,0
20,120,100
2,2,0
2,2,0
2,3,1
1,22,21
2,4,2
2,2,0
2,2,0
3,3,0
2,2,0
2,2,0
4,4,0
1,2,1
2,2,0
1,1,0
2,2,0
3,7,4
3,3,0
2,4,2
2,4,2
3,3,0
2,5,3
3,6,3
3,5,2
2,2,0
8,15,7
2,2,0
2,2,0
3,3,0
2,2,0
2,2,0
2,2,0
0,0,0
3,5,2
4,4,0
2,2,0
3,3,0
1,45,44
2,4,2
3,4,1
2,14,12
2,14,12
2,4,2
2,2,0
12,13,1
2,2,0
3,3,0
2,4,2
2,6,4
2,4,2
3,5,2
2,2,0
2,2,0
1,5,4
3,3,0
1,1,0
3,44,41
3,3,0
3,5,2
2,2,0
2,2,0
2,2,0
2,6,4
10,10,0
2,4,2
2,6,4
3,3,0
8,8,0
2,2,0
2,2,0
0,0,0
2,2,0
3,3,0
3,3,0
2,2,0
2,6,4
2,8,6
1,1,0
1,3,2
2,2,0
2,4,2
2,4,2
1,3,2
3,7,4
2,2,0
6,6,0
3,3,0
2,2,0
2,24,22
3,3,0
2,2,0
3,3,0
100,100,0
1,1,0
2,4,2
2,2,0
2,7,5
2,2,0
2,2,0
7,7,0
100,100,0
3,3,0
3,3,0
1,1,0
2,2,0
4,4,0
2,2,0
3,3,0
2,2,0
2,2,0
2,2,0
2,2,0
3,7,4
1,2,1
2,2,0
3,5,2
2,2,0
1,2,1
9,9,0
20,20,0
1,1,0
2,3,1
2,80,78
7,7,0
4,4,0
22,42,20
41,41,0
3,4,1
2,2,0
3,5,2
4,4,0
2,2,0
3,3,0
3,3,0
2,2,0
9,9,0
18,18,0
2,2,0
2,5,3
2,2,0
2,2,0
2,2,0
2,2,0
2,2,0
0,0,0
2,2,0
2,2,0
11,11,0
9,9,0
9,9,0
2,4,2
2,2,0
2,2,0
3,3,0
2,3,1
2,3,1
0,0,0
2,82,80
3,3,0
2,4,2
2,2,0
9,9,0
3,5,2
1,2,1
3,6,3
3,7,4
3,3,0
2,45,43
2,6,4
8,8,0
1,1,0
2,2,0
2,2,0
2,9,7
1,2,1
2,2,0
2,4,2
2,4,2
2,7,5
2,2,0
2,2,0
2,2,0
2,3,1
3,3,0
2,2,0
2,2,0
2,2,0
1,1,0
0,0,0
9,9,0
2,2,0
7,28,21
3,9,6
2,2,0
0,0,0
2,2,0
8,8,0
2,4,2
1,3,2
2,13,11
2,2,0
8,8,0
3,3,0
2,2,0
2,2,0
2,4,2
1,24,23
1,5,4
3,8,5
8,8,0
2,9,7
2,2,0
3,3,0
2,2,0
2,2,0
2,2,0
2,2,0
2,4,2
1,1,0
8,10,2
3,3,0
0,0,0
3,6,3
3,7,4
11,14,3
2,2,0
3,8,5
79,79,0
2,2,0
2,2,0
2,2,0
2,2,0
100,100,0
2,2,0
20,20,0
2,2,0
2,2,0
22,22,0
2,2,0
2,2,0
3,5,2
10,10,0
2,2,0
2,2,0
0,0,0
3,3,0
2,4,2
3,5,2
2,2,0
3,3,0
2,2,0
3,3,0
2,6,4
2,14,12
2,2,0
1,4,3
3,3,0
3,5,2
2,2,0
0,0,0
11,11,0
3,5,2
2,2,0
2,2,0
3,3,0
3,29,26
3,3,0
1,1,0
2,2,0
2,2,0
2,4,2
3,9,6
2,2,0
2,2,0
12,99,87
3,5,2
2,2,0
2,2,0
100,100,0
2,6,4
3,3,0
3,3,0
2,8,6
2,2,0
57,57,0
1,2,1
2,4,2
9,9,0
3,3,0
2,4,2
2,2,0
3,6,3
2,2,0
2,2,0
2,8,6
100,102,2
9,9,0
3,9,6
3,3,0
3,3,0
8,8,0
3,3,0
2,2,0
2,8,6
2,2,0
35,35,0
10,11,1
2,2,0
3,4,1
2,2,0
2,2,0
3,3,0
10,10,0
2,2,0
2,2,0
2,2,0
2,2,0
2,5,3
2,2,0
2,2,0
2,2,0
1,1,0
3,3,0
8,8,0
1,20,19
2,2,0
1,1,0
2,2,0
10,10,0
3,7,4
3,3,0
2,3,1
2,2,0
2,2,0
3,3,0
4,6,2
2,2,0
2,2,0
0,0,0
3,3,0
2,2,0
3,3,0
5,6,1
2,5,3
3,3,0
1,3,2
4,4,0
2,2,0
2,2,0
2,2,0
94,174,80
0,0,0
100,104,4
4,4,0
2,5,3
2,4,2
3,3,0
3,3,0
20,20,0
2,2,0
2,2,0
3,5,2
1,6,5
2,2,0
3,5,2
1,4,3
2,2,0
2,3,1
2,2,0
2,2,0
2,2,0
3,5,2
9,9,0
2,2,0
1,19,18
2,2,0
3,5,2
16,19,3
8,8,0
3,8,5
1,1,0
2,3,1
2,27,25
3,5,2
3,5,2
2,2,0
2,2,0
3,3,0
1,1,0
12,50,38
1,1,0
12,13,1
2,2,0
1,3,2
2,2,0
2,2,0
3,3,0
3,3,0
2,2,0
100,100,0
2,2,0
2,12,10
1,1,0
2,2,0
2,2,0
3,11,8
3,5,2
10,10,0
2,2,0
3,9,6
2,2,0
2,3,1
1,2,1
3,5,2
2,2,0
11,11,0
2,7,5
3,3,0
3,4,1
2,2,0
2,2,0
3,3,0
2,4,2
2,2,0
3,5,2
2,2,0
9,9,0
3,3,0
2,2,0
6,6,0
1,2,1
9,9,0
0,0,0
10,10,0
3,3,0
3,3,0
2,10,8
3,7,4
2,15,13
6,6,0
3,3,0
3,3,0
2,2,0
8,8,0
0,0,0
2,2,0
2,2,0
4,4,0
2,16,14
8,8,0
3,8,5
2,2,0
3,5,2
3,3,0
2,2,0
2,10,8
2,2,0
0,0,0
2,2,0
11,11,0
0,0,0
2,2,0
2,15,13
2,2,0
2,2,0
2,2,0
2,12,10
8,8,0
2,2,0
3,3,0
2,4,2
3,3,0
2,2,0
3,21,18
2,2,0
3,3,0
2,4,2
2,2,0
4,4,0
9,82,73
3,5,2
2,2,0
83,140,57
2,2,0
3,3,0
2,2,0
10,22,12
9,9,0
3,3,0
2,6,4
0,0,0
3,3,0
2,2,0
2,4,2
1,7,6
12,12,0
1,1,0
2,2,0
2,82,80
2,2,0
2,2,0
3,3,0
3,5,2
2,2,0
2,2,0
2,2,0
2,2,0
2,8,6
1,10,9
3,7,4
3,3,0
8,8,0
2,2,0
3,3,0
2,2,0
9,9,0
2,2,0
2,2,0
2,2,0
2,2,0
2,6,4
1,2,1
2,2,0
2,2,0
11,11,0
2,2,0
2,82,80
4,4,0
2,2,0
2,3,1
2,2,0
2,49,47
87,87,0
23,23,0
8,8,0
22,22,0
2,2,0
2,2,0
2,4,2
2,6,4
8,8,0
1,4,3
2,6,4
3,3,0
3,3,0
3,5,2
1,4,3
3,7,4
1,2,1
3,10,7
2,2,0
9,9,0
2,2,0
3,7,4
8,8,0
2,98,96
3,3,0
3,3,0
1,4,3
1,3,2
10,10,0
0,0,0
1,4,3
2,2,0
2,2,0
2,3,1
3,8,5
2,4,2
2,2,0
3,12,9
2,2,0
3,3,0
8,8,0
3,3,0
2,2,0
3,5,2
2,2,0
1,1,0
2,2,0
1,30,29
2,2,0
1,1,0
2,2,0
51,53,2
1,2,1
2,2,0
2,4,2
7,7,0
9,18,9
3,17,14
1,2,1
2,16,14
2,4,2
3,3,0
2,2,0
2,2,0
1,5,4
2,2,0
1,1,0
2,2,0
2,2,0
2,2,0
3,3,0
2,2,0
1,2,1
2,2,0
8,8,0
3,5,2
3,3,0
2,2,0
3,3,0
2,2,0
3,5,2
2,2,0
8,8,0
1,1,0
46,46,0
1,1,0
3,5,2
2,2,0
2,2,0
75,83,8
2,2,0
2,15,13
5,5,0
2,23,21
9,31,22
2,3,1
2,2,0
3,5,2
1,2,1
3,5,2
6,7,1
1,31,30
2,2,0
3,6,3
2,2,0
3,5,2
2,4,2
50,50,0
2,2,0
3,6,3
3,3,0
2,2,0
2,2,0
2,12,10
1,2,1
2,10,8
2,4,2
9,9,0
3,5,2
2,2,0
10,12,2
2,2,0
5,7,2
2,2,0
1,1,0
2,2,0
2,4,2
2,2,0
3,3,0
8,10,2
3,3,0
2,3,1
2,9,7
1,2,1
1,1,0
3,18,15
4,7,3
2,2,0
2,5,3
1,6,5
8,8,0
8,10,2
9,10,1
2,2,0
8,8,0
2,8,6
2,2,0
1,1,0
2,2,0
3,3,0
2,2,0
7,7,0
3,3,0
9,9,0
2,2,0
2,6,4
3,12,9
8,8,0
26,28,2
9,11,2
2,2,0
2,4,2
1,33,32
1,1,0
3,5,2
1,1,0
2,2,0
3,5,2
3,3,0
2,2,0
2,2,0
2,8,6
3,3,0
2,6,4
3,3,0
1,4,3
2,11,9
2,2,0
2,2,0
3,5,2
3,3,0
3,3,0
47,104,57
2,2,0
4,6,2
1,1,0
2,3,1
3,3,0
6,6,0
3,3,0
2,2,0
2,2,0
2,2,0
2,2,0
2,8,6
4,4,0
2,8,6
3,3,0
3,3,0
3,3,0
2,2,0
2,2,0
2,2,0
0,0,0
2,2,0
2,2,0
7,7,0
2,2,0
2,21,19
2,2,0
9,9,0
2,2,0
2,2,0
2,96,94
3,7,4
1,23,22
3,3,0
3,3,0
1,1,0
1,2,1
3,7,4
2,10,8
2,2,0
1,1,0
3,3,0
2,4,2
2,8,6
3,3,0
3,3,0
1,2,1
1,1,0
1,2,1
3,3,0
2,2,0
10,10,0
6,6,0
3,8,5
0,0,0
2,8,6
1,1,0
2,2,0
3,5,2
3,3,0
2,2,0
3,7,4
2,2,0
1,23,22
2,2,0
24,24,0
2,2,0
1,2,1
3,3,0
2,2,0
1,1,0
2,4,2
3,3,0
2,4,2
0,0,0
9,9,0
2,2,0
2,2,0
2,11,9
3,3,0
2,43,41
3,3,0
3,11,8
3,3,0
2,6,4
2,2,0
3,3,0
1,5,4
2,2,0
2,2,0
2,2,0
2,2,0
1,2,1
1,3,2
3,5,2
0,0,0
16,16,0
2,18,16
2,17,15
3,3,0
6,6,0
3,4,1
154,154,0
0,0,0
2,2,0
1,2,1
3,6,3
2,4,2
5,5,0
11,26,15
3,10,7
2,2,0
2,2,0
3,11,8
3,5,2
2,2,0
2,4,2
37,37,0
2,6,4
1,2,1
2,2,0
2,2,0
2,2,0
2,6,4
6,6,0
2,6,4
2,2,0
3,3,0
2,2,0
3,3,0
2,2,0
2,2,0
2,2,0
3,3,0
8,8,0
2,5,3
4,4,0
2,2,0
96,158,62
3,5,2
3,3,0
2,2,0
2,5,3
1,1,0
3,7,4
8,8,0
2,2,0
10,10,0
2,2,0
3,4,1
14,14,0
3,12,9
2,2,0
3,4,1
1,1,0
51,51,0
2,2,0
2,2,0
2,4,2
3,3,0
2,2,0
3,3,0
3,3,0
3,3,0
2,2,0
0,0,0
2,2,0
3,5,2
0,0,0
1,4,3
2,2,0
2,2,0
2,2,0
3,9,6
2,2,0
4,4,0
3,7,4
3,3,0
8,8,0
3,3,0
2,2,0
6,11,5
0,0,0
2,7,5
2,4,2
4,4,0
2,2,0
1,2,1
8,8,0
14,14,0
18,18,0
2,10,8
3,3,0
2,7,5
3,3,0
2,3,1
1,7,6
2,2,0
2,2,0
2,170,168
2,2,0
3,7,4
3,10,7
0,0,0
8,8,0
3,3,0
24,24,0
2,2,0
2,2,0
2,3,1
2,10,8
9,9,0
2,6,4
3,3,0
2,2,0
2,2,0
2,2,0
2,2,0
2,2,0
1,1,0
2,2,0
2,4,2
1,2,1
2,2,0
2,2,0
3,12,9
2,2,0
2,4,2
3,5,2
3,5,2
2,2,0
3,5,2
2,2,0
3,15,12
3,3,0
8,8,0
11,11,0
4,4,0
2,80,78
8,8,0
2,2,0
18,18,0
2,12,10
2,2,0
2,2,0
0,0,0
3,3,0
2,3,1
1,60,59
3,15,12
2,4,2
2,2,0
3,3,0
2,2,0
1,5,4
2,2,0
2,82,80
100,100,0
36,36,0
6,6,0
24,24,0
2,2,0
7,9,2
2,2,0
2,7,5
3,3,0
100,103,3
5,5,0
3,3,0
2,2,0
1,1,0
2,2,0
1,20,19
2,2,0
1,2,1
2,2,0
2,2,0
3,3,0
3,5,2
2,2,0
1,1,0
3,3,0
1,1,0
2,2,0
2,7,5
2,2,0
1,2,1
3,9,6
1,25,24
2,2,0
2,2,0
4,8,4
2,2,0
0,0,0
8,8,0
3,3,0
3,7,4
2,2,0
2,2,0
1,1,0
3,9,6
2,2,0
3,6,3
1,1,0
2,2,0
3,8,5
9,9,0
2,2,0
2,2,0
1,1,0
2,2,0
2,2,0
2,2,0
2,25,23
3,3,0
2,2,0
8,8,0
1,76,75
2,2,0
2,2,0
2,26,24
2,2,0
2,2,0
2,2,0
3,3,0
1,1,0
4,4,0
3,5,2
3,7,4
8,8,0
2,2,0
2,2,0
2,2,0
2,2,0
1,1,0
3,3,0
49,49,0
7,9,2
2,3,1
2,2,0
2,4,2
2,2,0
3,3,0
1,1,0
2,2,0
2,4,2
3,3,0
2,2,0
3,3,0
3,3,0
3,3,0
3,3,0
9,9,0
2,2,0
3,3,0
1,2,1
5,9,4
3,3,0
2,2,0
9,13,4
3,3,0
3,3,0
1,2,1
2,2,0
3,7,4
3,9,6
2,2,0
2,12,10
2,2,0
2,2,0
2,7,5
1,1,0
2,2,0
2,2,0
2,2,0
1,1,0
3,6,3
3,7,4
1,1,0
3,6,3
6,8,2
8,8,0
3,6,3
1,2,1
2,2,0
3,7,4
3,3,0
2,2,0
3,3,0
8,8,0
1,2,1
3,7,4
2,2,0
8,8,0
1,1,0
2,4,2
4,6,2
3,3,0
20,20,0
1,2,1
22,22,0
2,2,0
10,10,0
2,2,0
2,3,1
2,2,0
2,2,0
2,2,0
2,2,0
2,2,0
3,3,0
20,20,0
13,16,3
3,3,0
3,3,0
2,3,1
2,2,0
3,3,0
3,13,10
7,9,2
2,2,0
2,2,0
3,5,2
2,4,2
2,2,0
2,2,0
1,1,0
2,4,2
0,0,0
3,6,3
9,9,0
2,4,2
11,11,0
2,2,0
30,32,2
3,3,0
6,6,0
2,2,0
96,96,0
2,8,6
3,5,2
2,2,0
0,0,0
3,3,0
2,2,0
3,5,2
3,3,0
2,2,0
2,86,84
1,1,0
9,91,82
2,2,0
1,22,21
6,6,0
3,5,2
2,12,10
56,56,0
2,2,0
1,24,23
3,12,9
3,23,20
3,3,0
2,4,2
2,7,5
3,3,0
0,0,0
1,6,5
41,41,0
3,7,4
2,2,0
2,2,0
2,2,0
3,6,3
2,2,0
8,8,0
3,6,3
2,47,45
8,8,0
2,2,0
1,1,0
2,2,0
1,7,6
2,2,0
2,2,0
8,8,0
2,2,0
2,2,0
2,3,1
2,2,0
2,2,0
2,2,0
2,19,17
2,2,0
2,2,0
3,3,0
3,3,0
2,3,1
8,8,0
2,2,0
3,6,3
1,3,2
2,2,0
3,3,0
3,3,0
1,2,1
1,1,0
12,12,0
3,3,0
2,2,0
0,0,0
7,7,0
3,3,0
1,1,0
2,2,0
1,2,1
2,4,2
1,2,1
3,3,0
3,5,2
3,6,3
2,2,0
2,2,0
3,15,12
9,15,6
2,2,0
2,2,0
2,2,0
1,2,1
2,69,67
1,23,22
2,3,1
0,0,0
6,6,0
3,5,2
2,2,0
2,4,2
1,1,0
2,2,0
2,3,1
1,1,0
21,21,0
3,3,0
2,3,1
3,7,4
2,2,0
6,6,0
2,2,0
2,2,0
2,12,10
8,8,0
3,5,2
1,2,1
1,2,1
21,21,0
3,3,0
2,2,0
2,3,1
2,13,11
9,10,1
2,8,6
2,10,8
2,2,0
2,3,1
2,2,0
3,3,0
1,34,33
2,2,0
3,3,0
2,2,0
9,9,0
3,5,2
3,3,0
2,2,0
2,8,6
9,9,0
1,2,1
1,6,5
3,3,0
1,4,3
3,3,0
2,2,0
3,7,4
2,2,0
12,23,11
1,2,1
2,3,1
2,3,1
2,4,2
2,2,0
2,2,0
3,5,2
2,2,0
2,2,0
2,2,0
3,3,0
2,9,7
2,2,0
2,4,2
9,9,0
2,2,0
2,2,0
8,8,0
2,2,0
2,2,0
3,9,6
2,13,11
2,2,0
5,5,0
7,7,0
2,4,2
1,1,0
0,0,0
2,8,6
120,242,122
2,2,0
2,2,0
2,2,0
6,6,0
3,3,0
5,5,0
2,2,0
116,116,0
2,13,11
3,9,6
2,2,0
1,2,1
6,6,0
3,3,0
5,5,0
16,16,0
2,2,0
2,2,0
2,2,0
2,5,3
2,2,0
2,2,0
3,3,0
21,21,0
10,11,1
3,3,0
2,2,0
3,3,0
2,2,0
99,170,71
2,2,0
2,2,0
2,2,0
3,3,0
2,3,1
3,8,5
2,2,0
2,2,0
0,0,0
3,7,4
1,55,54
3,3,0
2,2,0
2,2,0
2,2,0
8,8,0
173,173,0
2,2,0
2,2,0
1,1,0
0,0,0
8,8,0
2,2,0
2,4,2
0,0,0
2,2,0
2,2,0
2,6,4
2,2,0
2,2,0
3,3,0
2,2,0
2,2,0
3,3,0
2,2,0
6,6,0
3,3,0
3,3,0
8,8,0
78,78,0
2,2,0
2,2,0
3,3,0
2,2,0
3,3,0
9,9,0
2,2,0
2,2,0
2,2,0
2,2,0
3,3,0
3,5,2
2,2,0
7,7,0
3,5,2
0,0,0
106,106,0
2,3,1
12,12,0
3,3,0
2,2,0
7,7,0
3,6,3
3,3,0
2,2,0
6,8,2
2,2,0
2,2,0
3,3,0
2,2,0
2,2,0
3,14,11
2,2,0
2,2,0
3,3,0
3,3,0
3,3,0
1,1,0
1,1,0
2,2,0
9,9,0
3,3,0
3,3,0
2,2,0
3,26,23
2,3,1
2,2,0
2,2,0
3,3,0
9,9,0
3,3,0
2,2,0
3,3,0
3,3,0
3,3,0
1,1,0
0,0,0
0,0,0
2,4,2
13,13,0
2,2,0
1,27,26
2,8,6
2,2,0
5,167,162
3,8,5
0,0,0
3,3,0
2,2,0
9,9,0
4,5,1
3,3,0
9,9,0
6,6,0
2,2,0
8,8,0
3,3,0
3,3,0
2,4,2
3,3,0
2,4,2
100,100,0
9,9,0
2,2,0
2,2,0
3,7,4
8,8,0
8,8,0
2,8,6
1,2,1
1,2,1
2,92,90
3,3,0
2,4,2
2,2,0
2,2,0
2,2,0
2,2,0
3,3,0
2,9,7
2,2,0
3,23,20
4,4,0
5,6,1
2,6,4
2,2,0
2,2,0
11,11,0
1,2,1
9,9,0
5,5,0
2,4,2
2,2,0
2,2,0
2,2,0
11,11,0
1,1,0
2,2,0
2,2,0
2,7,5
5,5,0
3,3,0
2,8,6
2,80,78
3,31,28
4,4,0
3,14,11
2,2,0
2,2,0
1,6,5
2,4,2
2,9,7
2,3,1
3,5,2
2,2,0
2,2,0
2,2,0
2,5,3
3,3,0
6,6,0
2,2,0
0,0,0
8,17,9
100,100,0
2,2,0
2,4,2
99,99,0
1,1,0
2,2,0
2,2,0
2,2,0
3,3,0
4,4,0
2,3,1
2,2,0
2,2,0
3,5,2
2,2,0
3,5,2
3,6,3
0,0,0
2,2,0
2,6,4
2,7,5
2,2,0
2,3,1
1,23,22
2,2,0
2,2,0
1,1,0
0,0,0
2,9,7
8,8,0
0,0,0
2,2,0
2,2,0
139,139,0
6,6,0
3,7,4
3,3,0
2,2,0
3,3,0
3,3,0
6,6,0
3,4,1
4,4,0
2,4,2
2,2,0
2,25,23
2,2,0
8,8,0
2,2,0
3,3,0
4,4,0
2,2,0
3,3,0
2,4,2
2,8,6
3,3,0
2,2,0
3,3,0
2,2,0
2,2,0
2,2,0
9,9,0
2,2,0
2,2,0
7,7,0
2,2,0
28,28,0
2,2,0
2,2,0
2,2,0
3,3,0
2,2,0
2,4,2
2,2,0
22,22,0
3,6,3
1,2,1
26,37,11
2,2,0
3,3,0
232,234,2
2,2,0
0,0,0
2,2,0
6,9,3
3,3,0
2,2,0
3,3,0
3,7,4
2,2,0
3,5,2
45,45,0
3,5,2
2,4,2
1,5,4
8,8,0
22,22,0
2,2,0
1,22,21
3,3,0
0,0,0
2,2,0
1,1,0
2,2,0
9,18,9
110,110,0
3,3,0
1,1,0
9,101,92
1,2,1
2,2,0
3,3,0
3,3,0
12,12,0
2,4,2
2,2,0
3,3,0
3,7,4
2,2,0
2,2,0
2,2,0
93,187,94
2,2,0
3,3,0
2,2,0
2,2,0
2,2,0
3,5,2
35,36,1
3,5,2
3,5,2
3,6,3
2,2,0
2,3,1
8,8,0
2,2,0
2,2,0
8,8,0
2,2,0
3,5,2
3,4,1
3,3,0
2,2,0
3,3,0
1,4,3
2,2,0
3,3,0
3,3,0
3,32,29
1,1,0
2,2,0
2,128,126
2,26,24
2,2,0
50,50,0
1,2,1
2,2,0
2,80,78
3,9,6
3,3,0
4,5,1
9,9,0
2,2,0
1,2,1
2,2,0
2,2,0
3,3,0
9,9,0
1,2,1
2,4,2
2,2,0
9,9,0
2,2,0
1,22,21
0,0,0
2,2,0
3,12,9
2,2,0
16,20,4
5,5,0
3,7,4
2,2,0
3,3,0
2,4,2
2,2,0
2,3,1
8,8,0
2,2,0
2,200,198
1,1,0
2,2,0
3,14,11
10,10,0
2,4,2
2,2,0
2,6,4
2,2,0
2,2,0
2,6,4
2,4,2
24,24,0
2,2,0
2,2,0
3,3,0
6,12,6
2,2,0
2,2,0
3,5,2
1,10,9
3,19,16
2,2,0
2,2,0
3,5,2
2,2,0
1,22,21
3,8,5
2,2,0
8,8,0
2,4,2
1,1,0
3,7,4
1,5,4
2,4,2
2,5,3
2,2,0
2,7,5
2,2,0
2,2,0
4,4,0
3,8,5
3,3,0
2,2,0
0,0,0
2,2,0
2,2,0
31,32,1
2,2,0
5,5,0
9,9,0
0,0,0
2,2,0
6,6,0
3,3,0
100,166,66
0,0,0
10,10,0
2,2,0
2,4,2
9,9,0
2,2,0
2,3,1
2,2,0
2,7,5
3,5,2
2,2,0
2,2,0
2,4,2
2,2,0
1,1,0
2,2,0
2,2,0
4,5,1
1,9,8
2,12,10
2,2,0
3,3,0
4,4,0
2,3,1
1,1,0
2,2,0
2,2,0
1,42,41
2,2,0
16,16,0
2,2,0
0,0,0
2,2,0
1,11,10
3,3,0
2,2,0
0,0,0
2,2,0
3,3,0
8,8,0
0,0,0
2,2,0
2,4,2
3,7,4
2,2,0
3,10,7
12,12,0
2,2,0
3,3,0
11,11,0
3,7,4
2,2,0
10,10,0
2,2,0
16,16,0
2,2,0
3,3,0
2,2,0
2,2,0
1,6,5
97,97,0
3,3,0
1,1,0
1,80,79
1,2,1
60,75,15
2,2,0
2,2,0
1,1,0
2,4,2
2,2,0
2,2,0
3,3,0
4,8,4
2,23,21
3,5,2
1,1,0
2,2,0
3,3,0
2,2,0
2,2,0
0,0,0
8,8,0
30,31,1
1,1,0
60,121,61
3,8,5
2,2,0
88,118,30
21,22,1
3,3,0
8,8,0
100,100,0
2,3,1
3,5,2
2,80,78
2,2,0
3,3,0
3,11,8
2,2,0
8,25,17
1,3,2
27,27,0
2,2,0
2,2,0
13,18,5
2,2,0
9,10,1
3,3,0
1,3,2
20,74,54
3,3,0
2,2,0
0,0,0
2,3,1
2,2,0
2,2,0
1,7,6
2,2,0
3,3,0
2,2,0
2,2,0
100,100,0
22,22,0
3,3,0
51,51,0
0,0,0
3,5,2
3,6,3
3,5,2
2,2,0
2,2,0
3,3,0
2,2,0
2,2,0
2,2,0
2,2,0
2,2,0
2,2,0
3,3,0
2,3,1
3,3,0
2,2,0
2,2,0
2,2,0
2,3,1
4,4,0
9,9,0
36,40,4
1,2,1
8,8,0
2,2,0
3,5,2
3,3,0
2,2,0
8,8,0
0,0,0
2,2,0
97,116,19
2,82,80
2,2,0
3,3,0
2,2,0
2,4,2
76,76,0
2,2,0
3,3,0
1,1,0
2,4,2
3,3,0
2,4,2
2,2,0
0,0,0
3,3,0
2,2,0
4,4,0
2,2,0
2,2,0
2,3,1
3,3,0
24,24,0
8,9,1
3,3,0
3,4,1
3,5,2
1,23,22
1,22,21
2,2,0
3,3,0
4,17,13
2,2,0
3,3,0
2,2,0
9,10,1
8,12,4
2,2,0
3,4,1
2,2,0
3,8,5
1,1,0
0,0,0
1,1,0
11,25,14
2,2,0
2,2,0
2,9,7
2,2,0
3,5,2
1,23,22
1,8,7
2,4,2
1,6,5
2,5,3
3,5,2
3,3,0
2,2,0
3,3,0
0,0,0
2,2,0
2,2,0
1,1,0
2,4,2
2,9,7
2,2,0
2,2,0
8,8,0
2,2,0
2,6,4
2,2,0
1,201,200
0,0,0
2,2,0
3,3,0
8,8,0
2,2,0
2,2,0
3,3,0
1,1,0
10,13,3
2,6,4
29,29,0
2,2,0
3,5,2
3,3,0
2,2,0
4,10,6
3,3,0
2,2,0
7,7,0
1,1,0
2,4,2
2,2,0
0,0,0
1,1,0
9,9,0
2,2,0
2,2,0
4,4,0
1,2,1
3,4,1
3,7,4
3,15,12
2,80,78
2,4,2
3,3,0
1,18,17
3,3,0
1,46,45
2,2,0
2,2,0
3,3,0
8,8,0
2,2,0
1,1,0
20,21,1
3,5,2
2,3,1
16,16,0
2,2,0
2,2,0
0,0,0
2,2,0
27,27,0
3,3,0
11,11,0
2,2,0
3,3,0
1,1,0
2,2,0
3,3,0
1,4,3
2,2,0
1,2,1
3,15,12
4,6,2
3,3,0
2,4,2
0,0,0
3,5,2
2,2,0
1,2,1
0,0,0
1,6,5
0,0,0
5,5,0
3,3,0
3,6,3
2,4,2
22,23,1
3,5,2
1,1,0
7,9,2
8,8,0
3,5,2
3,7,4
2,84,82
3,7,4
3,4,1
0,0,0
1,2,1
2,2,0
2,2,0
2,2,0
12,41,29
2,4,2
2,2,0
2,2,0
2,2,0
7,7,0
2,2,0
2,2,0
2,2,0
9,9,0
2,16,14
2,6,4
3,3,0
4,4,0
14,17,3
4,4,0
2,2,0
2,2,0
67,125,58
2,2,0
51,51,0
2,2,0
3,3,0
1,2,1
2,2,0
2,4,2
3,5,2
2,2,0
2,2,0
3,3,0
2,2,0
3,9,6
3,3,0
10,10,0
2,4,2
3,7,4
2,2,0
4,4,0
20,20,0
2,4,2
2,2,0
11,11,0
2,9,7
91,141,50
2,13,11
3,15,12
3,3,0
9,9,0
4,4,0
1,2,1
2,2,0
2,2,0
3,10,7
1,3,2
8,8,0
2,4,2
16,18,2
2,2,0
3,71,68
1,1,0
2,2,0
1,3,2
52,167,115
1,1,0
3,3,0
2,2,0
3,3,0
3,9,6
54,54,0
2,2,0
3,3,0
22,22,0
10,10,0
0,0,0
8,8,0
2,2,0
2,2,0
1,1,0
9,11,2
2,2,0
8,8,0
3,3,0
3,3,0
22,22,0
2,2,0
1,2,1
3,5,2
2,6,4
3,3,0
3,3,0
2,5,3
2,30,28
2,4,2
2,2,0
247,247,0
3,48,45
2,2,0
1,4,3
2,2,0
0,0,0
1,8,7
2,5,3
3,28,25
2,23,21
2,2,0
2,2,0
8,8,0
0,0,0
14,14,0
2,2,0
3,5,2
3,3,0
2,2,0
8,8,0
3,3,0
2,2,0
2,2,0
2,2,0
1,2,1
2,4,2
2,2,0
2,3,1
2,82,80
2,2,0
1,1,0
3,3,0
2,2,0
2,2,0
3,5,2
2,2,0
14,14,0
2,2,0
1,1,0
3,5,2
2,2,0
3,3,0
2,3,1
4,4,0
2,2,0
2,2,0
2,2,0
3,3,0
3,3,0
17,18,1
4,4,0
2,2,0
3,3,0
3,3,0
2,2,0
1,20,19
2,2,0
2,3,1
6,6,0
2,2,0
20,20,0
2,6,4
2,4,2
2,2,0
0,0,0
2,2,0
3,3,0
3,3,0
2,2,0
2,2,0
3,3,0
2,2,0
1,3,2
3,3,0
9,9,0
2,2,0
9,9,0
93,189,96
3,3,0
3,5,2
1,1,0
3,5,2
3,3,0
2,6,4
2,2,0
2,5,3
2,2,0
2,2,0
3,3,0
9,9,0
3,3,0
2,2,0
3,4,1
2,2,0
2,5,3
1,1,0
1,5,4
8,8,0
51,51,0
9,9,0
2,2,0
2,2,0
0,0,0
11,11,0
8,8,0
1,2,1
1,3,2
1,1,0
2,2,0
9,9,0
2,2,0
2,4,2
2,6,4
3,5,2
2,3,1
100,121,21
2,2,0
1,6,5
44,45,1
3,7,4
2,2,0
3,13,10
1,1,0
2,4,2
0,0,0
2,4,2
2,2,0
1,10,9
1,1,0
2,4,2
46,46,0
2,11,9
29,29,0
3,3,0
3,3,0
1,1,0
2,2,0
1,17,16
3,5,2
2,2,0
1,2,1
2,2,0
21,21,0
0,0,0
2,2,0
3,11,8
0,0,0
3,3,0
1,9,8
3,3,0
2,5,3
0,0,0
0,0,0
2,2,0
3,3,0
0,0,0
2,2,0
2,4,2
2,4,2
0,0,0
3,3,0
1,2,1
6,10,4
11,11,0
48,48,0
7,8,1
8,51,43
3,3,0
0,0,0
9,9,0
3,3,0
2,2,0
2,2,0
9,9,0
3,3,0
2,2,0
1,24,23
1,1,0
3,3,0
2,7,5
2,2,0
3,9,6
2,4,2
8,10,2
1,1,0
3,3,0
1,2,1
2,2,0
1,1,0
1,1,0
2,15,13
1,2,1
3,3,0
2,3,1
8,8,0
2,2,0
2,3,1
10,10,0
1,1,0
3,3,0
2,2,0
3,7,4
3,7,4
2,17,15
2,2,0
2,2,0
2,2,0
2,5,3
2,3,1
11,11,0
2,4,2
2,2,0
3,6,3
2,2,0
2,2,0
1,1,0
3,3,0
3,3,0
5,5,0
2,2,0
3,5,2
3,4,1
2,2,0
1,2,1
2,2,0
2,2,0
1,1,0
3,3,0
1,1,0
2,2,0
2,2,0
2,2,0
2,2,0
4,4,0
1,1,0
51,74,23
2,2,0
2,4,2
1,20,19
1,4,3
9,9,0
1,62,61
8,8,0
3,3,0
2,2,0
2,2,0
2,5,3
95,188,93
3,5,2
3,3,0
2,2,0
2,2,0
3,5,2
3,5,2
2,2,0
6,6,0
3,5,2
2,2,0
2,2,0
1,1,0
0,0,0
2,4,2
1,1,0
2,2,0
0,0,0
3,3,0
3,3,0
0,0,0
0,0,0
3,10,7
3,20,17
4,4,0
2,2,0
2,2,0
1,2,1
3,9,6
8,8,0
1,2,1
2,2,0
2,2,0
2,11,9
7,7,0
1,4,3
0,0,0
2,2,0
3,3,0
2,2,0
2,2,0
3,3,0
3,7,4
2,4,2
9,9,0
2,2,0
3,3,0
7,9,2
8,14,6
1,4,3
1,1,0
3,3,0
3,3,0
1,2,1
2,2,0
2,4,2
4,4,0
2,2,0
8,8,0
3,3,0
9,9,0
11,11,0
2,2,0
2,2,0
2,2,0
2,6,4
2,2,0
3,3,0
4,4,0
16,22,6
8,8,0
2,2,0
4,4,0
1,2,1
2,2,0
3,5,2
3,5,2
3,8,5
1,1,0
2,2,0
2,2,0
2,2,0
2,2,0
3,3,0
2,2,0
2,5,3
3,3,0
2,6,4
2,2,0
2,5,3
3,7,4
3,7,4
2,2,0
0,0,0
3,14,11
2,3,1
2,3,1
3,8,5
2,4,2
1,4,3
2,2,0
2,2,0
2,4,2
2,2,0
3,3,0
2,2,0
3,3,0
2,2,0
3,12,9
22,46,24
2,2,0
3,4,1
2,2,0
3,3,0
2,2,0
2,3,1
2,2,0
2,2,0
2,2,0
2,2,0
3,3,0
3,5,2
8,8,0
2,2,0
20,20,0
3,3,0
3,7,4
2,2,0
3,3,0
2,2,0
2,2,0
1,6,5
0,0,0
2,3,1
2,3,1
2,2,0
2,17,15
1,28,27
2,2,0
2,6,4
2,2,0
1,20,19
1,2,1
2,2,0
2,2,0
3,5,2
1,1,0
11,11,0
2,4,2
2,5,3
23,23,0
22,38,16
2,2,0
1,6,5
2,4,2
1,1,0
3,4,1
2,2,0
1,2,1
2,12,10
2,8,6
2,2,0
0,0,0
2,6,4
2,4,2
8,8,0
2,4,2
3,5,2
2,22,20
15,15,0
2,2,0
2,2,0
1,21,20
2,2,0
2,2,0
3,5,2
3,5,2
3,5,2
2,2,0
2,4,2
2,2,0
3,3,0
2,4,2
4,4,0
20,20,0
2,2,0
2,2,0
3,3,0
1,7,6
3,7,4
1,2,1
2,13,11
3,4,1
3,3,0
3,3,0
2,2,0
1,23,22
1,3,2
2,2,0
1,1,0
2,9,7
99,99,0
3,3,0
2,2,0
2,4,2
1,1,0
2,2,0
3,3,0
2,3,1
3,3,0
2,2,0
3,7,4
1,1,0
2,2,0
2,2,0
2,2,0
3,7,4
2,2,0
2,2,0
2,2,0
3,3,0
10,10,0
2,2,0
2,2,0
1,4,3
2,2,0
2,2,0
2,2,0
1,1,0
3,4,1
1,3,2
2,4,2
3,9,6
2,2,0
2,2,0
3,4,1
2,2,0
1,1,0
3,5,2
2,2,0
1,2,1
2,2,0
0,0,0
84,84,0
2,2,0
2,4,2
95,112,17
3,3,0
1,1,0
2,2,0
3,5,2
0,0,0
2,2,0
2,2,0
4,4,0
2,2,0
9,9,0
2,4,2
2,80,78
1,2,1
3,7,4
3,4,1
1,75,74
2,2,0
1,1,0
2,2,0
1,4,3
2,2,0
2,2,0
2,2,0
1,1,0
2,4,2
2,2,0
2,2,0
2,2,0
2,82,80
2,4,2
2,2,0
2,2,0
2,2,0
6,35,29
2,3,1
3,10,7
2,2,0
2,2,0
2,2,0
3,11,8
2,2,0
2,2,0
2,2,0
3,3,0
9,9,0
2,2,0
2,2,0
2,2,0
3,5,2
1,1,0
9,9,0
2,2,0
3,3,0
2,2,0
2,2,0
2,4,2
2,2,0
3,7,4
2,5,3
2,2,0
2,2,0
9,9,0
9,9,0
1,4,3
5,5,0
8,8,0
3,3,0
1,1,0
2,4,2
2,2,0
17,17,0
8,8,0
5,5,0
2,2,0
3,3,0
2,2,0
3,3,0
3,3,0
100,104,4
2,2,0
2,2,0
2,2,0
9,9,0
0,0,0
9,11,2
3,5,2
2,14,12
3,3,0
1,2,1
1,1,0
1,2,1
2,4,2
2,2,0
0,0,0
8,8,0
2,2,0
2,2,0
9,9,0
1,2,1
3,3,0
100,100,0
1,1,0
60,60,0
3,5,2
3,5,2
2,2,0
2,3,1
9,9,0
3,5,2
9,9,0
100,100,0
2,2,0
1,2,1
5,5,0
0,0,0
2,3,1
1,1,0
2,2,0
2,2,0
2,82,80
2,2,0
7,9,2
2,2,0
3,7,4
4,8,4
3,3,0
2,2,0
3,6,3
3,7,4
2,2,0
3,5,2
2,2,0
2,2,0
2,2,0
3,3,0
2,2,0
1,1,0
2,10,8
3,5,2
2,2,0
4,4,0
2,2,0
5,50,45
2,4,2
2,2,0
4,4,0
0,0,0
2,2,0
11,11,0
6,7,1
2,2,0
3,5,2
2,5,3
2,8,6
3,3,0
3,9,6
2,2,0
3,11,8
2,15,13
9,9,0
3,10,7
9,9,0
2,2,0
2,2,0
5,5,0
1,1,0
1,12,11
3,5,2
3,3,0
3,3,0
9,18,9
3,5,2
8,8,0
2,2,0
3,8,5
2,2,0
2,9,7
8,52,44
2,3,1
3,3,0
2,2,0
3,5,2
2,6,4
2,3,1
2,28,26
3,3,0
2,2,0
3,3,0
2,2,0
3,3,0
2,2,0
8,8,0
2,2,0
2,2,0
3,3,0
22,25,3
1,1,0
0,0,0
3,3,0
3,3,0
2,2,0
3,5,2
2,2,0
10,10,0
2,4,2
2,2,0
2,2,0
2,46,44
1,2,1
3,3,0
2,2,0
2,82,80
1,1,0
2,2,0
1,6,5
3,5,2
6,7,1
3,3,0
2,2,0
2,2,0
2,2,0
2,2,0
24,24,0
1,25,24
3,3,0
3,3,0
2,2,0
1,2,1
6,6,0
2,4,2
2,2,0
2,2,0
3,3,0
2,16,14
2,2,0
1,1,0
2,2,0
2,2,0
2,2,0
3,11,8
2,2,0
1,1,0
3,3,0
2,2,0
2,2,0
4,4,0
3,6,3
6,6,0
2,2,0
2,2,0
5,5,0
2,6,4
2,2,0
2,82,80
3,7,4
2,2,0
2,4,2
2,2,0
8,9,1
4,4,0
2,12,10
3,3,0
3,3,0
2,2,0
2,2,0
3,3,0
3,8,5
10,10,0
1,46,45
3,3,0
1,15,14
1,28,27
14,17,3
2,2,0
3,5,2
2,4,2
7,7,0
2,2,0
3,14,11
2,2,0
1,1,0
2,2,0
2,12,10
12,12,0
11,11,0
2,2,0
5,5,0
2,2,0
2,4,2
3,5,2
3,5,2
2,13,11
0,0,0
1,1,0
1,19,18
2,2,0
18,23,5
53,62,9
2,2,0
3,6,3
2,3,1
2,2,0
1,25,24
2,2,0
3,14,11
3,5,2
2,2,0
2,2,0
6,6,0
3,15,12
2,19,17
3,3,0
9,9,0
3,7,4
1,4,3
2,2,0
84,88,4
2,2,0
8,8,0
1,1,0
2,2,0
2,4,2
2,2,0
3,8,5
2,2,0
2,37,35
1,3,2
3,5,2
8,16,8
2,2,0
8,8,0
8,8,0
3,3,0
2,2,0
9,9,0
3,7,4
5,5,0
2,4,2
2,2,0
3,3,0
2,12,10
13,13,0
2,82,80
2,2,0
1,4,3
2,3,1
2,2,0
2,2,0
3,3,0
1,9,8
1,3,2
2,2,0
1,1,0
0,0,0
2,2,0
4,39,35
3,5,2
2,13,11
2,2,0
2,2,0
1,2,1
2,2,0
2,2,0
4,4,0
8,8,0
3,5,2
2,2,0
5,11,6
2,2,0
2,16,14
3,21,18
3,3,0
1,2,1
1,2,1
2,12,10
2,10,8
3,5,2
2,4,2
1,2,1
2,2,0
4,6,2
3,7,4
18,18,0
21,21,0
5,5,0
2,2,0
2,2,0
8,8,0
3,11,8
2,2,0
4,4,0
2,2,0
10,10,0
1,1,0
3,5,2
2,4,2
1,2,1
2,2,0
8,8,0
8,8,0
2,2,0
2,2,0
1,54,53
3,3,0
2,2,0
2,2,0
12,12,0
2,2,0
3,10,7
72,72,0
2,2,0
2,2,0
48,48,0
2,2,0
1,1,0
3,3,0
1,2,1
3,7,4
2,2,0
2,2,0
3,3,0
9,9,0
2,17,15
3,11,8
1,4,3
2,16,14
8,8,0
2,3,1
1,2,1
2,2,0
3,3,0
4,4,0
2,2,0
2,2,0
2,2,0
3,3,0
3,3,0
4,30,26
2,2,0
173,173,0
2,3,1
6,6,0
8,8,0
1,1,0
9,9,0
2,2,0
2,2,0
2,2,0
8,8,0
8,8,0
8,8,0
2,2,0
2,2,0
2,4,2
2,2,0
2,4,2
2,3,1
2,2,0
2,2,0
2,2,0
51,51,0
1,1,0
3,5,2
3,3,0
12,13,1
51,51,0
2,2,0
2,5,3
2,2,0
3,5,2
2,2,0
2,4,2
2,2,0
3,3,0
2,2,0
1,1,0
2,2,0
1,2,1
2,80,78
1,3,2
3,3,0
0,0,0
3,3,0
2,2,0
51,55,4
5,16,11
1,3,2
2,80,78
2,2,0
2,2,0
3,3,0
2,2,0
8,8,0
8,8,0
3,7,4
2,4,2
22,22,0
2,10,8
9,9,0
2,4,2
2,2,0
1,2,1
3,5,2
2,80,78
3,3,0
2,2,0
2,2,0
2,2,0
2,2,0
3,3,0
1,2,1
3,4,1
2,2,0
2,2,0
2,2,0
2,2,0
3,5,2
50,50,0
26,32,6
2,2,0
2,2,0
2,4,2
3,3,0
3,6,3
2,2,0
3,22,19
2,2,0
2,2,0
3,3,0
2,2,0
3,7,4
2,3,1
4,4,0
2,2,0
2,2,0
17,17,0
2,4,2
22,22,0
2,2,0
3,9,6
3,3,0
2,2,0
2,2,0
1,15,14
3,3,0
2,2,0
9,9,0
2,2,0
20,24,4
2,2,0
2,2,0
2,2,0
1,1,0
2,2,0
3,3,0
2,2,0
3,9,6
20,20,0
4,6,2
3,3,0
2,45,43
3,61,58
10,10,0
0,0,0
6,6,0
3,3,0
1,1,0
0,0,0
4,7,3
2,2,0
2,2,0
2,2,0
3,6,3
26,26,0
2,2,0
3,3,0
1,57,56
2,2,0
2,4,2
2,2,0
1,1,0
2,2,0
1,1,0
2,2,0
2,2,0
0,0,0
2,9,7
3,3,0
2,4,2
2,3,1
95,95,0
45,47,2
2,2,0
1,4,3
2,2,0
2,2,0
2,2,0
3,5,2
8,10,2
3,3,0
1,1,0
3,3,0
2,2,0
2,2,0
8,9,1
10,10,0
2,2,0
1,1,0
2,5,3
2,5,3
3,5,2
4,14,10
2,4,2
60,121,61
2,2,0
2,2,0
3,3,0
3,3,0
2,2,0
3,9,6
2,2,0
2,10,8
3,7,4
3,3,0
2,2,0
2,9,7
9,9,0
2,2,0
2,6,4
8,8,0
3,3,0
8,8,0
2,4,2
1,1,0
10,10,0
3,12,9
3,3,0
3,7,4
3,3,0
8,8,0
2,2,0
3,7,4
2,2,0
4,4,0
1,2,1
2,2,0
2,2,0
1,1,0
2,24,22
0,0,0
2,2,0
2,2,0
2,2,0
3,3,0
2,2,0
9,10,1
2,2,0
2,2,0
2,2,0
3,7,4
2,2,0
9,9,0
2,5,3
0,0,0
3,6,3
3,3,0
2,2,0
1,1,0
2,2,0
1,2,1
2,2,0
6,6,0
2,2,0
1,2,1
2,2,0
2,4,2
9,9,0
1,1,0
2,2,0
2,2,0
3,3,0
3,3,0
2,2,0
2,2,0
1,1,0
3,3,0
2,2,0
1,2,1
1,2,1
2,2,0
2,2,0
2,2,0
9,9,0
2,5,3
3,3,0
1,4,3
9,9,0
3,30,27
10,10,0
2,4,2
8,8,0
7,7,0
9,9,0
3,5,2
2,2,0
2,2,0
1,2,1
2,2,0
3,5,2
2,2,0
2,3,1
3,5,2
2,10,8
2,2,0
2,2,0
3,3,0
3,3,0
20,20,0
2,2,0
2,37,35
2,3,1
1,5,4
2,2,0
3,7,4
2,4,2
4,4,0
2,2,0
2,2,0
2,2,0
2,3,1
1,3,2
3,3,0
3,5,2
2,2,0
3,5,2
1,1,0
3,8,5
2,2,0
3,3,0
8,10,2
2,2,0
9,9,0
1,6,5
3,6,3
4,4,0
1,22,21
1,1,0
3,3,0
3,3,0
2,2,0
0,0,0
3,3,0
3,7,4
3,3,0
3,3,0
2,3,1
1,3,2
9,9,0
2,2,0
0,0,0
3,3,0
2,2,0
2,2,0
2,4,2
10,10,0
4,4,0
2,2,0
2,2,0
3,7,4
2,8,6
3,5,2
2,5,3
2,4,2
2,2,0
0,0,0
1,2,1
2,2,0
2,2,0
3,6,3
1,4,3
2,8,6
1,2,1
4,4,0
2,4,2
2,2,0
50,50,0
2,2,0
3,23,20
2,2,0
2,2,0
3,7,4
3,11,8
4,4,0
2,2,0
2,2,0
2,6,4
1,1,0
3,5,2
1,1,0
3,3,0
8,8,0
2,2,0
2,17,15
0,0,0
3,3,0
2,4,2
2,2,0
4,8,4
2,2,0
3,5,2
0,0,0
2,2,0
2,2,0
1,2,1
1,2,1
2,2,0
2,2,0
2,2,0
1,11,10
3,3,0
9,9,0
2,2,0
8,8,0
51,51,0
3,6,3
2,2,0
8,8,0
2,10,8
2,2,0
3,9,6
2,4,2
2,2,0
9,9,0
2,2,0
3,3,0
1,2,1
11,11,0
2,2,0
1,2,1
2,4,2
2,4,2
2,2,0
2,2,0
1,1,0
2,2,0
2,4,2
2,2,0
3,3,0
3,9,6
2,2,0
2,2,0
11,11,0
2,2,0
2,8,6
3,3,0
0,0,0
2,2,0
2,2,0
2,2,0
2,2,0
3,3,0
88,88,0
3,9,6
3,3,0
3,3,0
100,200,100
2,2,0
3,3,0
1,24,23
2,6,4
2,2,0
98,98,0
9,9,0
2,2,0
2,2,0
31,31,0
2,2,0
3,3,0
3,3,0
2,2,0
2,2,0
3,5,2
2,2,0
2,4,2
2,2,0
2,3,1
3,5,2
2,2,0
2,2,0
8,8,0
8,8,0
2,5,3
8,8,0
2,2,0
20,20,0
9,9,0
2,2,0
2,41,39
2,2,0
3,3,0
2,6,4
3,5,2
3,3,0
1,1,0
9,9,0
2,4,2
4,4,0
3,3,0
3,7,4
3,3,0
2,2,0
2,2,0
3,3,0
2,2,0
5,5,0
3,3,0
8,8,0
72,158,86
2,2,0
2,2,0
2,2,0
2,2,0
66,70,4
3,7,4
3,5,2
106,106,0
1,34,33
3,4,1
1,2,1
3,3,0
2,2,0
1,3,2
3,9,6
3,3,0
8,8,0
3,4,1
78,78,0
8,8,0
2,2,0
2,2,0
2,2,0
2,15,13
2,3,1
2,9,7
9,9,0
2,5,3
2,2,0
2,2,0
2,82,80
3,5,2
1,1,0
2,2,0
2,8,6
3,3,0
3,3,0
4,4,0
2,2,0
2,4,2
2,2,0
23,69,46
3,3,0
2,2,0
3,5,2
2,2,0
2,4,2
3,7,4
6,6,0
2,2,0
2,80,78
5,5,0
3,3,0
2,7,5
1,2,1
3,3,0
9,9,0
9,9,0
2,2,0
3,3,0
3,4,1
3,5,2
2,2,0
2,2,0
1,2,1
10,10,0
20,22,2
1,2,1
2,2,0
2,2,0
2,2,0
4,4,0
10,10,0
3,3,0
2,2,0
2,2,0
2,2,0
2,2,0
2,2,0
3,3,0
3,3,0
2,2,0
2,2,0
2,2,0
2,4,2
2,2,0
3,9,6
3,3,0
2,4,2
2,3,1
2,7,5
2,2,0
2,2,0
2,2,0
2,2,0
3,3,0
2,2,0
3,5,2
3,5,2
2,7,5
8,8,0
3,3,0
6,6,0
3,7,4
19,19,0
2,82,80
2,2,0
3,5,2
2,2,0
1,1,0
2,12,10
2,3,1
3,5,2
3,18,15
3,7,4
2,2,0
2,2,0
5,5,0
2,2,0
3,8,5
3,3,0
1,2,1
9,9,0
0,0,0
87,90,3
1,1,0
2,2,0
3,4,1
2,4,2
60,121,61
10,15,5
3,3,0
2,2,0
51,77,26
3,6,3
6,6,0
1,3,2
1,1,0
2,2,0
0,0,0
3,3,0
2,3,1
23,23,0
0,0,0
1,4,3
2,3,1
2,4,2
2,2,0
2,2,0
1,23,22
3,6,3
3,13,10
100,100,0
2,2,0
2,2,0
2,2,0
9,9,0
2,2,0
3,3,0
1,59,58
1,6,5
1,23,22
0,0,0
2,2,0
2,4,2
2,5,3
1,1,0
2,2,0
2,60,58
2,6,4
2,2,0
8,8,0
2,80,78
2,2,0
2,2,0
4,4,0
51,74,23
2,2,0
3,3,0
2,2,0
3,5,2
3,6,3
2,2,0
5,5,0
3,4,1
5,5,0
3,3,0
2,2,0
2,4,2
2,2,0
3,3,0
2,5,3
16,16,0
1,2,1
6,8,2
2,3,1
3,8,5
3,3,0
2,2,0
9,9,0
3,23,20
2,2,0
2,4,2
2,3,1
1,2,1
0,0,0
3,4,1
2,4,2
3,3,0
0,0,0
3,3,0
1,2,1
2,2,0
2,2,0
2,5,3
2,2,0
3,3,0
4,4,0
1,5,4
2,2,0
3,4,1
3,11,8
9,9,0
0,0,0
100,151,51
2,2,0
3,12,9
3,3,0
1,6,5
2,2,0
2,14,12
2,2,0
2,2,0
2,2,0
3,3,0
3,3,0
1,1,0
3,19,16
1,22,21
2,97,95
1,1,0
2,3,1
2,2,0
9,11,2
3,3,0
2,2,0
11,13,2
1,24,23
3,5,2
3,3,0
3,5,2
11,11,0
2,2,0
8,8,0
3,4,1
2,2,0
2,2,0
2,2,0
3,3,0
3,14,11
2,2,0
2,4,2
2,2,0
3,3,0
33,55,22
15,15,0
2,2,0
2,2,0
2,2,0
3,3,0
10,10,0
3,3,0
3,3,0
2,2,0
8,8,0
3,3,0
2,2,0
2,2,0
2,2,0
2,3,1
3,3,0
2,4,2
49,95,46
2,4,2
2,2,0
2,2,0
1,1,0
1,3,2
2,2,0
2,2,0
2,4,2
2,2,0
0,0,0
2,3,1
3,7,4
2,10,8
2,2,0
2,2,0
2,4,2
3,3,0
2,2,0
2,4,2
9,13,4
3,5,2
3,3,0
2,8,6
1,1,0
2,2,0
3,13,10
3,3,0
4,4,0
0,0,0
8,8,0
100,100,0
8,8,0
2,2,0
10,10,0
2,2,0
8,8,0
2,2,0
2,4,2
0,0,0
6,6,0
3,3,0
3,3,0
2,6,4
2,2,0
3,5,2
2,2,0
2,2,0
2,2,0
3,3,0
2,2,0
1,4,3
2,2,0
2,2,0
3,5,2
3,3,0
3,4,1
3,3,0
2,4,2
2,2,0
3,3,0
2,2,0
1,2,1
2,21,19
9,9,0
2,2,0
2,68,66
10,12,2
69,71,2
2,4,2
3,3,0
5,6,1
2,2,0
3,7,4
2,3,1
3,5,2
1,1,0
2,2,0
3,3,0
3,3,0
2,2,0
7,7,0
8,8,0
2,56,54
2,3,1
2,4,2
2,2,0
3,5,2
2,3,1
3,3,0
3,6,3
1,5,4
2,2,0
1,1,0
3,3,0
3,5,2
3,3,0
1,24,23
3,8,5
2,2,0
0,0,0
2,2,0
1,26,25
2,2,0
2,2,0
2,4,2
2,2,0
3,7,4
1,2,1
8,8,0
2,2,0
2,3,1
2,2,0
7,7,0
2,2,0
2,11,9
3,3,0
11,14,3
3,3,0
3,3,0
0,0,0
3,10,7
2,2,0
2,2,0
3,3,0
8,8,0
2,2,0
0,0,0
2,2,0
2,2,0
2,2,0
3,3,0
2,4,2
2,4,2
3,3,0
3,8,5
2,2,0
0,0,0
3,11,8
3,3,0
3,5,2
2,4,2
2,2,0
4,11,7
2,2,0
2,8,6
2,2,0
9,11,2
2,2,0
2,3,1
3,3,0
2,3,1
2,2,0
2,4,2
2,2,0
3,3,0
5,5,0
9,9,0
9,9,0
2,2,0
2,2,0
3,3,0
3,3,0
3,5,2
8,16,8
3,9,6
2,84,82
2,2,0
3,3,0
4,4,0
2,2,0
2,2,0
3,5,2
2,6,4
2,2,0
1,1,0
2,2,0
3,3,0
1,2,1
2,4,2
2,96,94
2,2,0
3,3,0
3,8,5
2,3,1
3,71,68
3,3,0
1,2,1
4,4,0
4,4,0
2,8,6
9,9,0
0,0,0
2,2,0
2,2,0
13,13,0
2,6,4
2,2,0
2,2,0
2,2,0
3,3,0
3,3,0
2,2,0
2,2,0
2,2,0
2,4,2
2,2,0
2,2,0
3,8,5
2,2,0
1,3,2
2,2,0
2,2,0
1,2,1
3,5,2
2,4,2
1,21,20
3,3,0
2,2,0
2,2,0
2,6,4
20,20,0
2,4,2
0,0,0
1,1,0
5,5,0
2,50,48
9,9,0
100,100,0
3,9,6
2,2,0
3,5,2
3,13,10
2,2,0
3,3,0
2,3,1
2,2,0
2,2,0
2,2,0
1,1,0
2,6,4
1,1,0
2,8,6
2,2,0
3,5,2
2,4,2
2,2,0
2,4,2
2,2,0
98,100,2
2,2,0
1,2,1
3,3,0
2,2,0
47,47,0
2,2,0
20,20,0
2,4,2
3,5,2
4,4,0
2,2,0
2,4,2
2,2,0
9,9,0
3,3,0
2,2,0
3,3,0
2,31,29
35,48,13
3,3,0
2,2,0
3,3,0
1,4,3
7,7,0
2,2,0
2,2,0
2,2,0
3,3,0
3,3,0
3,8,5
2,2,0
10,10,0
6,6,0
3,4,1
3,3,0
3,3,0
3,10,7
2,2,0
9,9,0
12,12,0
2,2,0
2,2,0
1,2,1
1,1,0
2,7,5
3,8,5
2,2,0
1,38,37
3,17,14
35,35,0
3,3,0
4,6,2
8,8,0
2,2,0
8,8,0
2,2,0
9,16,7
1,1,0
8,8,0
2,15,13
2,2,0
8,8,0
3,3,0
3,5,2
0,0,0
2,2,0
5,5,0
23,23,0
1,5,4
2,5,3
1,2,1
8,8,0
2,4,2
2,2,0
2,2,0
96,96,0
3,3,0
8,8,0
15,15,0
2,3,1
21,21,0
2,2,0
2,3,1
2,2,0
9,9,0
2,2,0
2,2,0
2,2,0
3,4,1
2,82,80
2,2,0
2,3,1
2,2,0
2,2,0
1,1,0
2,2,0
2,2,0
2,2,0
3,3,0
1,1,0
2,2,0
134,134,0
0,0,0
2,2,0
7,7,0
4,4,0
5,5,0
3,9,6
3,3,0
3,3,0
4,5,1
2,12,10
2,2,0
1,1,0
134,230,96
3,5,2
2,2,0
1,2,1
13,14,1
2,2,0
36,36,0
2,2,0
0,0,0
99,99,0
3,3,0
3,5,2
9,9,0
0,0,0
2,2,0
5,5,0
22,22,0
1,3,2
2,8,6
2,2,0
3,3,0
3,3,0
2,2,0
2,4,2
5,5,0
0,0,0
2,2,0
3,3,0
2,2,0
3,3,0
3,7,4
2,2,0
2,6,4
6,6,0
1,1,0
2,41,39
8,8,0
2,2,0
2,6,4
3,3,0
2,16,14
2,2,0
110,110,0
2,2,0
3,3,0
3,3,0
3,8,5
2,2,0
10,10,0
2,2,0
1,1,0
0,0,0
2,2,0
2,2,0
1,1,0
3,3,0
3,3,0
2,4,2
22,22,0
1,1,0
3,3,0
1,2,1
1,6,5
3,3,0
2,4,2
2,4,2
2,4,2
125,146,21
2,2,0
2,2,0
2,2,0
22,22,0
2,2,0
2,2,0
2,2,0
2,10,8
2,2,0
3,3,0
2,8,6
1,3,2
2,2,0
10,10,0
2,2,0
2,2,0
2,2,0
2,4,2
1,3,2
2,2,0
0,0,0
3,3,0
2,2,0
2,2,0
2,2,0
3,3,0
2,2,0
3,3,0
2,2,0
3,3,0
2,2,0
0,0,0
2,2,0
1,3,2
2,2,0
2,4,2
3,3,0
22,22,0
2,45,43
1,10,9
1,2,1
2,4,2
1,2,1
2,38,36
3,5,2
2,2,0
3,5,2
3,3,0
2,2,0
3,5,2
3,3,0
3,3,0
2,2,0
2,2,0
2,2,0
51,102,51
2,2,0
2,3,1
46,46,0
2,2,0
2,2,0
2,2,0
2,2,0
3,5,2
3,3,0
4,7,3
2,9,7
2,2,0
2,2,0
4,4,0
1,1,0
2,5,3
3,4,1
2,2,0
2,2,0
2,2,0
2,4,2
3,18,15
2,2,0
2,2,0
2,2,0
2,2,0
3,3,0
2,2,0
3,3,0
2,2,0
9,9,0
1,1,0
2,2,0
2,2,0
2,2,0
7,12,5
2,2,0
2,2,0
2,2,0
3,3,0
1,2,1
3,5,2
9,9,0
2,21,19
2,2,0
2,13,11
3,5,2
2,2,0
8,8,0
0,0,0
2,2,0
2,2,0
2,2,0
2,2,0
20,20,0
2,5,3
3,3,0
3,3,0
3,5,2
2,2,0
2,2,0
2,13,11
8,8,0
3,3,0
2,4,2
2,2,0
100,166,66
3,3,0
3,3,0
3,3,0
3,3,0
9,9,0
9,9,0
1,1,0
2,172,170
3,4,1
2,3,1
3,5,2
2,2,0
2,2,0
3,3,0
2,16,14
2,16,14
3,3,0
2,2,0
2,2,0
2,2,0
12,12,0
2,2,0
3,9,6
1,10,9
2,2,0
2,2,0
2,4,2
20,20,0
1,53,52
2,4,2
2,2,0
3,3,0
2,2,0
2,84,82
3,3,0
3,3,0
2,2,0
2,2,0
3,3,0
2,2,0
2,2,0
2,2,0
2,2,0
1,23,22
2,4,2
3,5,2
3,5,2
1,1,0
2,2,0
2,4,2
3,3,0
0,0,0
3,5,2
2,2,0
2,2,0
3,3,0
2,4,2
2,2,0
4,4,0
3,3,0
11,11,0
2,13,11
3,3,0
3,7,4
3,3,0
2,2,0
3,3,0
2,2,0
2,2,0
2,2,0
2,2,0
9,9,0
2,3,1
2,2,0
11,11,0
2,2,0
2,5,3
2,3,1
2,2,0
3,9,6
61,61,0
3,5,2
3,3,0
1,3,2
2,4,2
3,6,3
3,9,6
1,2,1
3,7,4
8,8,0
9,9,0
2,2,0
3,3,0
2,2,0
10,31,21
2,2,0
3,3,0
8,8,0
100,100,0
2,80,78
2,2,0
2,4,2
0,0,0
3,3,0
2,2,0
1,6,5
4,4,0
2,2,0
2,2,0
2,2,0
2,2,0
3,3,0
1,2,1
2,3,1
3,10,7
2,2,0
2,4,2
3,3,0
0,0,0
1,2,1
2,16,14
3,3,0
10,12,2
3,5,2
1,1,0
2,2,0
1,3,2
1,2,1
2,26,24
3,5,2
2,4,2
2,2,0
3,3,0
22,22,0
2,4,2
3,3,0
2,2,0
3,5,2
3,3,0
2,2,0
3,5,2
2,2,0
2,2,0
3,4,1
8,8,0
2,2,0
2,2,0
2,2,0
3,3,0
2,2,0
4,5,1
0,0,0
2,2,0
2,2,0
3,3,0
2,2,0
2,2,0
2,2,0
2,2,0
2,2,0
2,2,0
2,2,0
2,2,0
2,2,0
7,100,93
2,2,0
2,37,35
2,2,0
3,3,0
20,20,0
1,21,20
3,7,4
2,2,0
20,20,0
50,50,0
2,2,0
2,2,0
2,2,0
50,50,0
2,2,0
1,2,1
2,2,0
2,10,8
1,1,0
1,1,0
3,8,5
4,4,0
1,1,0
2,6,4
2,6,4
2,47,45
1,2,1
2,2,0
8,8,0
3,7,4
2,4,2
2,2,0
57,57,0
10,10,0
9,9,0
3,25,22
8,8,0
2,2,0
3,5,2
2,3,1
3,3,0
2,2,0
22,22,0
8,8,0
9,9,0
3,3,0
1,2,1
4,4,0
66,66,0
9,9,0
3,3,0
3,5,2
2,14,12
3,3,0
8,8,0
3,3,0
9,9,0
3,4,1
2,8,6
2,14,12
2,2,0
2,2,0
2,49,47
7,9,2
2,2,0
3,4,1
3,7,4
2,2,0
2,2,0
7,12,5
2,2,0
2,2,0
4,6,2
1,3,2
2,4,2
2,25,23
100,100,0
3,7,4
55,55,0
2,17,15
2,2,0
2,2,0
2,7,5
8,8,0
2,2,0
3,3,0
3,5,2
3,3,0
12,12,0
3,3,0
3,3,0
2,3,1
3,3,0
3,5,2
11,11,0
2,2,0
57,57,0
3,5,2
3,5,2
2,2,0
2,2,0
5,5,0
1,2,1
2,2,0
2,2,0
3,5,2
9,9,0
3,4,1
2,4,2
4,4,0
3,3,0
2,2,0
3,3,0
90,90,0
1,1,0
3,3,0
1,1,0
1,4,3
65,65,0
2,4,2
3,3,0
2,2,0
2,2,0
2,2,0
2,2,0
2,2,0
8,8,0
2,2,0
2,2,0
20,20,0
5,11,6
3,5,2
0,0,0
3,3,0
2,2,0
2,2,0
2,2,0
0,0,0
2,2,0
2,2,0
3,5,2
2,4,2
2,2,0
60,60,0
2,2,0
2,6,4
3,3,0
3,3,0
2,2,0
3,3,0
38,41,3
0,0,0
1,3,2
3,18,15
100,100,0
2,97,95
2,2,0
1,7,6
1,25,24
2,2,0
2,2,0
2,2,0
2,2,0
1,1,0
3,3,0
3,3,0
2,2,0
1,72,71
1,1,0
2,2,0
1,28,27
1,4,3
2,2,0
2,2,0
2,2,0
3,5,2
2,4,2
2,4,2
0,0,0
2,2,0
2,2,0
2,4,2
2,2,0
2,2,0
0,0,0
2,3,1
3,3,0
1,4,3
2,10,8
1,1,0
3,4,1
2,2,0
3,8,5
2,2,0
2,2,0
8,8,0
1,2,1
4,4,0
1,2,1
7,9,2
2,2,0
3,9,6
2,4,2
2,4,2
2,2,0
3,3,0
1,1,0
8,8,0
2,2,0
2,3,1
5,5,0
3,3,0
3,3,0
2,2,0
2,2,0
2,48,46
2,2,0
2,3,1
2,2,0
8,8,0
4,4,0
2,4,2
2,2,0
3,6,3
2,2,0
11,11,0
3,7,4
2,3,1
1,21,20
6,6,0
2,2,0
3,3,0
3,5,2
1,1,0
4,4,0
19,29,10
2,2,0
2,2,0
3,3,0
9,14,5
1,1,0
2,2,0
2,2,0
1,1,0
8,8,0
2,2,0
1,1,0
9,9,0
14,24,10
6,6,0
2,2,0
2,4,2
3,3,0
50,61,11
2,2,0
1,3,2
2,2,0
7,7,0
3,14,11
8,8,0
100,100,0
3,3,0
0,0,0
2,2,0
2,2,0
3,3,0
2,2,0
1,3,2
3,3,0
3,11,8
4,4,0
3,9,6
2,2,0
2,2,0
2,2,0
5,7,2
2,2,0
1,1,0
34,34,0
3,7,4
2,2,0
2,2,0
3,5,2
3,5,2
2,2,0
2,2,0
3,3,0
2,5,3
1,7,6
2,2,0
2,2,0
2,4,2
9,11,2
2,2,0
2,2,0
2,2,0
3,10,7
37,37,0
2,2,0
2,2,0
2,2,0
2,2,0
3,9,6
2,2,0
3,3,0
2,4,2
8,8,0
2,2,0
2,2,0
1,1,0
2,2,0
2,2,0
2,2,0
2,2,0
100,100,0
0,0,0
2,2,0
8,11,3
2,2,0
0,0,0
3,3,0
9,17,8
9,9,0
2,8,6
3,3,0
4,4,0
3,3,0
2,4,2
2,3,1
2,2,0
2,2,0
2,6,4
3,3,0
3,6,3
7,14,7
8,8,0
3,5,2
2,6,4
2,2,0
4,5,1
2,14,12
2,2,0
2,2,0
1,1,0
3,6,3
1,3,2
3,3,0
549,549,0
20,20,0
2,2,0
2,2,0
2,2,0
16,16,0
2,3,1
3,3,0
2,2,0
2,2,0
2,6,4
2,5,3
2,2,0
3,5,2
2,2,0
2,8,6
2,2,0
2,2,0
2,2,0
2,2,0
25,25,0
3,3,0
3,9,6
9,9,0
3,5,2
1,1,0
2,2,0
3,3,0
2,2,0
2,3,1
2,2,0
2,2,0
1,1,0
2,2,0
3,5,2
2,2,0
8,8,0
2,2,0
8,10,2
8,8,0
26,26,0
2,2,0
3,7,4
6,8,2
94,95,1
1,3,2
2,2,0
13,13,0
2,4,2
3,3,0
2,2,0
3,3,0
2,2,0
2,2,0
3,13,10
9,9,0
3,9,6
2,2,0
9,9,0
2,2,0
8,8,0
2,4,2
2,2,0
3,3,0
2,2,0
2,4,2
3,3,0
2,2,0
0,0,0
9,9,0
2,2,0
3,11,8
18,180,162
3,3,0
2,2,0
3,3,0
2,2,0
2,2,0
2,2,0
2,3,1
3,3,0
2,2,0
3,3,0
2,2,0
8,8,0
2,2,0
2,2,0
8,8,0
0,0,0
2,2,0
3,5,2
2,80,78
9,11,2
1,20,19
2,6,4
2,2,0
3,3,0
2,6,4
2,2,0
2,2,0
9,9,0
1,5,4
3,7,4
4,63,59
3,30,27
2,2,0
8,8,0
1,3,2
2,2,0
3,5,2
4,4,0
2,2,0
2,80,78
2,5,3
1,2,1
2,2,0
2,4,2
2,3,1
2,9,7
2,6,4
2,2,0
1,2,1
2,2,0
3,3,0
2,6,4
2,2,0
1,5,4
2,2,0
100,100,0
3,3,0
2,2,0
3,4,1
2,6,4
9,9,0
2,2,0
2,2,0
2,2,0
3,9,6
2,6,4
2,4,2
2,2,0
2,2,0
2,2,0
106,106,0
1,10,9
2,19,17
8,8,0
3,6,3
0,0,0
3,6,3
2,2,0
5,5,0
2,16,14
3,3,0
2,2,0
2,2,0
2,4,2
1,1,0
8,8,0
2,2,0
1,7,6
2,4,2
3,5,2
27,27,0
5,5,0
2,8,6
2,2,0
2,8,6
2,46,44
3,3,0
1,2,1
2,2,0
2,14,12
1,2,1
3,5,2
8,9,1
2,12,10
8,8,0
8,8,0
10,10,0
2,2,0
6,6,0
2,2,0
2,2,0
11,13,2
1,1,0
2,2,0
2,2,0
2,2,0
3,3,0
2,2,0
1,1,0
2,45,43
8,8,0
2,5,3
2,2,0
3,3,0
2,2,0
1,2,1
2,2,0
1,7,6
2,2,0
2,2,0
0,0,0
2,2,0
2,2,0
0,0,0
2,2,0
3,3,0
2,8,6
9,15,6
2,2,0
8,18,10
43,49,6
3,9,6
2,6,4
2,2,0
2,2,0
46,48,2
3,3,0
3,4,1
8,10,2
2,2,0
5,5,0
21,21,0
8,8,0
1,2,1
2,3,1
2,2,0
7,11,4
3,4,1
2,4,2
2,80,78
2,2,0
2,4,2
2,2,0
2,2,0
11,11,0
3,7,4
0,0,0
2,2,0
1,1,0
2,2,0
2,2,0
2,2,0
2,2,0
2,30,28
2,2,0
2,2,0
1,2,1
1,1,0
2,5,3
2,2,0
2,2,0
3,5,2
2,2,0
3,5,2
2,2,0
1,3,2
2,2,0
4,4,0
9,9,0
1,8,7
2,24,22
2,2,0
2,2,0
3,3,0
3,3,0
3,3,0
6,6,0
2,2,0
2,12,10
2,2,0
8,8,0
2,2,0
1,1,0
2,4,2
2,2,0
3,11,8
2,2,0
3,5,2
2,10,8
3,3,0
2,2,0
2,4,2
2,2,0
2,4,2
2,2,0
1,21,20
2,2,0
2,2,0
3,3,0
2,2,0
2,2,0
27,29,2
9,9,0
3,3,0
2,2,0
2,6,4
3,3,0
0,0,0
1,2,1
3,3,0
2,2,0
2,3,1
2,3,1
2,8,6
3,7,4
3,3,0
2,2,0
2,4,2
3,3,0
3,9,6
8,8,0
2,3,1
14,14,0
3,5,2
6,7,1
1,2,1
1,2,1
1,1,0
2,3,1
3,21,18
0,0,0
2,2,0
2,2,0
3,11,8
2,2,0
2,2,0
3,5,2
4,73,69
2,2,0
3,3,0
3,3,0
11,12,1
2,2,0
1,1,0
2,4,2
5,5,0
1,4,3
2,2,0
51,51,0
1,1,0
2,2,0
3,3,0
3,3,0
2,15,13
2,2,0
0,0,0
3,5,2
2,2,0
3,3,0
2,4,2
1,27,26
100,100,0
2,2,0
2,4,2
2,2,0
2,2,0
2,2,0
9,11,2
0,0,0
3,3,0
2,2,0
2,13,11
2,2,0
3,4,1
3,3,0
2,2,0
2,2,0
3,5,2
2,2,0
2,2,0
2,2,0
1,2,1
2,2,0
2,2,0
8,8,0
3,3,0
9,9,0
1,2,1
72,72,0
2,2,0
1,1,0
1,18,17
2,6,4
3,5,2
2,2,0
100,105,5
1,9,8
2,2,0
4,4,0
58,58,0
2,2,0
2,2,0
1,2,1
3,3,0
1,1,0
1,1,0
4,7,3
3,5,2
13,13,0
1,2,1
3,5,2
9,9,0
2,16,14
2,2,0
3,5,2
2,2,0
2,22,20
3,3,0
9,9,0
3,5,2
8,8,0
14,14,0
9,9,0
2,2,0
1,73,72
2,2,0
15,15,0
9,10,1
2,2,0
2,4,2
3,7,4
3,7,4
11,11,0
3,12,9
4,4,0
2,2,0
2,23,21
2,5,3
2,2,0
8,8,0
1,1,0
2,2,0
3,3,0
2,2,0
2,2,0
30,30,0
3,11,8
2,2,0
2,2,0
3,3,0
2,2,0
3,3,0
3,3,0
2,2,0
5,5,0
3,3,0
1,56,55
3,3,0
2,2,0
2,9,7
10,13,3
2,2,0
1,1,0
2,3,1
2,2,0
2,53,51
3,5,2
3,3,0
8,8,0
0,0,0
2,3,1
3,3,0
2,2,0
1,1,0
2,2,0
2,4,2
1,2,1
2,2,0
2,2,0
2,2,0
3,7,4
3,5,2
2,2,0
2,2,0
2,4,2
2,2,0
2,2,0
1,2,1
3,3,0
2,2,0
2,2,0
8,8,0
2,2,0
6,6,0
2,2,0
3,5,2
2,2,0
4,4,0
31,35,4
1,3,2
7,7,0
3,3,0
2,2,0
2,2,0
2,2,0
3,3,0
2,2,0
22,22,0
3,3,0
1,24,23
2,2,0
6,6,0
0,0,0
2,2,0
2,4,2
2,32,30
2,2,0
2,2,0
1,1,0
9,9,0
1,1,0
2,2,0
0,0,0
2,2,0
2,2,0
2,2,0
3,7,4
3,3,0
3,5,2
3,3,0
9,9,0
1,31,30
2,2,0
3,3,0
2,2,0
2,12,10
7,9,2
3,7,4
2,22,20
9,9,0
2,2,0
2,2,0
9,9,0
2,2,0
2,2,0
2,2,0
3,7,4
3,3,0
2,4,2
3,48,45
1,1,0
3,12,9
11,11,0
8,8,0
1,2,1
2,2,0
3,3,0
1,9,8
1,2,1
2,3,1
3,3,0
1,1,0
1,6,5
2,2,0
12,12,0
2,2,0
2,2,0
11,11,0
3,3,0
2,2,0
2,2,0
1,1,0
2,2,0
3,3,0
1,1,0
3,3,0
9,9,0
2,2,0
6,7,1
2,3,1
2,2,0
1,23,22
2,2,0
2,2,0
2,4,2
2,2,0
8,8,0
2,2,0
1,1,0
2,2,0
2,2,0
2,3,1
1,2,1
1,1,0
2,2,0
0,0,0
3,3,0
2,2,0
9,9,0
20,20,0
2,2,0
2,3,1
2,2,0
5,5,0
2,2,0
2,2,0
8,8,0
2,2,0
1,1,0
22,44,22
3,3,0
3,5,2
3,3,0
1,9,8
3,7,4
2,2,0
2,8,6
1,1,0
2,2,0
3,3,0
3,7,4
0,0,0
2,2,0
2,2,0
37,37,0
8,8,0
4,4,0
3,3,0
2,2,0
2,3,1
2,2,0
3,13,10
2,2,0
1,24,23
3,12,9
9,9,0
1,5,4
8,8,0
2,2,0
3,5,2
2,2,0
3,3,0
3,7,4
2,2,0
2,2,0
74,74,0
2,2,0
2,4,2
3,5,2
2,2,0
1,3,2
3,3,0
2,2,0
2,4,2
2,3,1
8,8,0
2,4,2
3,7,4
2,2,0
3,80,77
2,4,2
2,5,3
8,8,0
1,2,1
2,2,0
3,3,0
2,2,0
1,14,13
3,14,11
3,5,2
2,3,1
3,13,10
3,3,0
2,82,80
141,141,0
2,2,0
12,12,0
3,3,0
5,17,12
3,5,2
3,3,0
2,3,1
2,2,0
2,2,0
2,4,2
2,2,0
2,2,0
2,2,0
2,17,15
2,3,1
3,5,2
2,2,0
2,2,0
2,2,0
1,1,0
2,2,0
3,5,2
3,3,0
3,5,2
2,2,0
2,2,0
6,14,8
3,9,6
4,4,0
8,8,0
4,4,0
81,138,57
2,2,0
2,4,2
1,5,4
3,3,0
1,20,19
2,2,0
8,8,0
3,3,0
3,3,0
3,7,4
2,6,4
5,10,5
3,7,4
1,2,1
15,15,0
1,5,4
2,19,17
1,1,0
1,1,0
3,3,0
3,3,0
2,2,0
9,9,0
3,3,0
3,6,3
2,2,0
2,13,11
2,5,3
2,2,0
2,4,2
2,2,0
3,3,0
6,49,43
3,3,0
2,2,0
2,4,2
2,2,0
2,2,0
1,28,27
0,0,0
3,3,0
2,2,0
2,3,1
2,2,0
1,2,1
2,2,0
15,15,0
1,1,0
2,2,0
22,22,0
2,2,0
3,5,2
2,2,0
2,2,0
2,2,0
3,3,0
9,9,0
1,2,1
2,2,0
2,2,0
6,7,1
1,2,1
8,8,0
2,2,0
4,4,0
3,3,0
2,2,0
2,2,0
2,2,0
2,2,0
2,2,0
2,2,0
0,0,0
2,2,0
4,9,5
2,2,0
2,2,0
3,3,0
2,7,5
1,1,0
2,2,0
1,25,24
2,2,0
2,4,2
0,0,0
3,3,0
2,2,0
9,9,0
2,2,0
3,3,0
5,5,0
3,3,0
2,2,0
2,2,0
2,2,0
2,2,0
2,2,0
2,2,0
3,16,13
2,4,2
3,3,0
65,65,0
11,11,0
2,15,13
2,4,2
2,2,0
9,9,0
2,2,0
2,4,2
2,2,0
2,2,0
1,78,77
9,9,0
34,46,12
2,2,0
2,2,0
2,2,0
1,5,4
1,1,0
0,0,0
3,4,1
1,3,2
0,0,0
2,2,0
2,2,0
5,5,0
2,2,0
2,4,2
2,14,12
66,66,0
2,8,6
20,20,0
2,2,0
2,2,0
2,2,0
3,5,2
2,9,7
2,2,0
2,2,0
3,5,2
2,4,2
1,1,0
2,2,0
3,3,0
3,5,2
0,0,0
3,9,6
2,2,0
1,1,0
0,0,0
2,2,0
9,15,6
3,3,0
2,2,0
2,80,78
2,2,0
2,2,0
1,5,4
8,8,0
1,2,1
2,2,0
8,8,0
1,1,0
6,6,0
3,3,0
2,3,1
3,4,1
2,2,0
0,0,0
2,2,0
2,2,0
2,6,4
2,2,0
2,2,0
7,11,4
7,9,2
2,6,4
2,4,2
100,100,0
2,2,0
2,2,0
2,16,14
10,10,0
2,10,8
2,2,0
1,27,26
8,13,5
5,5,0
3,5,2
1,45,44
3,3,0
2,2,0
8,8,0
3,3,0
3,9,6
11,11,0
8,8,0
3,3,0
2,2,0
0,0,0
2,8,6
4,4,0
3,3,0
2,2,0
4,4,0
2,2,0
3,3,0
3,5,2
3,4,1
2,25,23
3,26,23
2,2,0
2,4,2
8,8,0
1,1,0
1,4,3
2,14,12
2,2,0
56,177,121
22,22,0
3,3,0
3,6,3
2,2,0
3,3,0
2,2,0
3,3,0
2,2,0
2,2,0
3,3,0
2,4,2
14,14,0
0,0,0
2,4,2
2,2,0
3,3,0
3,3,0
2,9,7
10,17,7
1,6,5
2,2,0
2,2,0
2,2,0
2,2,0
8,8,0
23,23,0
11,11,0
2,2,0
3,15,12
2,2,0
2,2,0
2,2,0
2,2,0
2,2,0
2,2,0
2,5,3
6,6,0
2,6,4
2,2,0
2,41,39
1,1,0
79,170,91
2,6,4
3,3,0
3,25,22
6,6,0
2,2,0
1,2,1
2,2,0
8,8,0
6,10,4
2,3,1
2,2,0
1,2,1
1,1,0
3,4,1
3,7,4
0,0,0
11,11,0
2,2,0
2,2,0
3,18,15
0,0,0
2,4,2
9,9,0
2,45,43
1,2,1
1,2,1
2,2,0
3,5,2
2,2,0
4,6,2
2,2,0
9,9,0
3,9,6
2,7,5
2,2,0
2,2,0
2,2,0
1,1,0
3,3,0
2,2,0
0,0,0
2,2,0
2,6,4
2,2,0
3,5,2
3,5,2
1,30,29
2,8,6
2,2,0
2,2,0
4,6,2
8,8,0
4,4,0
1,2,1
1,3,2
12,12,0
1,1,0
4,4,0
1,5,4
3,3,0
20,21,1
1,2,1
3,3,0
2,2,0
2,2,0
2,4,2
3,3,0
3,3,0
8,8,0
9,9,0
2,2,0
90,90,0
2,2,0
2,2,0
30,33,3
7,28,21
2,2,0
2,4,2
2,2,0
3,3,0
6,6,0
2,82,80
3,3,0
3,3,0
2,11,9
2,4,2
2,2,0
2,2,0
3,9,6
1,1,0
9,9,0
3,6,3
1,1,0
5,5,0
1,1,0
3,3,0
8,8,0
1,5,4
2,2,0
2,2,0
2,6,4
2,2,0
2,2,0
8,23,15
106,534,428
4,4,0
3,3,0
2,2,0
1,3,2
2,3,1
31,39,8
3,3,0
2,2,0
6,6,0
3,3,0
2,2,0
3,3,0
1,2,1
6,7,1
2,2,0
2,2,0
2,2,0
67,67,0
2,2,0
3,3,0
2,2,0
15,15,0
3,4,1
1,25,24
2,2,0
3,3,0
2,2,0
2,2,0
10,10,0
2,4,2
5,5,0
3,3,0
1,1,0
3,3,0
10,10,0
2,2,0
2,2,0
3,5,2
2,2,0
2,2,0
1,4,3
2,2,0
3,3,0
2,2,0
8,8,0
2,4,2
38,69,31
2,4,2
2,2,0
2,3,1
3,3,0
3,3,0
1,1,0
1,6,5
6,6,0
3,5,2
2,2,0
2,2,0
2,2,0
2,2,0
3,3,0
2,2,0
2,2,0
2,2,0
2,2,0
2,2,0
5,5,0
2,2,0
3,3,0
2,7,5
2,3,1
1,6,5
2,2,0
2,2,0
2,6,4
1,6,5
3,3,0
12,12,0
9,9,0
2,2,0
2,2,0
3,3,0
8,8,0
2,4,2
1,23,22
3,3,0
2,4,2
9,9,0
2,12,10
42,52,10
9,11,2
2,2,0
3,3,0
3,3,0
1,23,22
2,2,0
1,3,2
3,3,0
2,2,0
1,2,1
3,3,0
1,2,1
2,2,0
2,2,0
5,7,2
2,2,0
1,1,0
1,2,1
3,6,3
2,2,0
1,1,0
3,5,2
2,2,0
2,2,0
3,3,0
2,4,2
2,2,0
9,9,0
6,6,0
2,19,17
1,20,19
2,2,0
3,5,2
3,5,2
12,16,4
2,2,0
2,2,0
3,3,0
2,10,8
1,8,7
2,2,0
2,4,2
6,6,0
3,5,2
1,24,23
2,14,12
11,11,0
3,9,6
2,2,0
3,3,0
2,2,0
22,22,0
3,3,0
3,3,0
2,2,0
1,5,4
3,3,0
8,8,0
8,8,0
2,2,0
8,8,0
2,4,2
5,5,0
1,1,0
1,3,2
1,2,1
3,13,10
1,1,0
3,3,0
2,2,0
3,3,0
3,3,0
8,8,0
2,2,0
2,5,3
2,2,0
2,2,0
2,2,0
1,1,0
9,9,0
2,2,0
2,2,0
1,2,1
2,3,1
3,3,0
1,26,25
2,2,0
2,2,0
2,3,1
8,8,0
3,3,0
3,7,4
3,3,0
2,2,0
1,2,1
2,4,2
2,2,0
2,2,0
2,2,0
2,2,0
8,8,0
1,3,2
11,25,14
3,3,0
2,2,0
1,3,2
2,5,3
2,71,69
2,2,0
2,2,0
43,44,1
2,2,0
2,2,0
2,4,2
8,8,0
3,3,0
1,1,0
100,100,0
2,2,0
3,5,2
3,3,0
2,2,0
2,9,7
6,6,0
3,3,0
2,2,0
48,95,47
2,2,0
3,8,5
4,4,0
2,5,3
3,6,3
3,3,0
2,2,0
2,2,0
2,3,1
2,2,0
3,4,1
8,8,0
2,2,0
2,2,0
1,2,1
2,4,2
6,18,12
2,2,0
2,2,0
1,21,20
9,9,0
2,17,15
3,3,0
2,2,0
1,3,2
60,121,61
2,8,6
11,11,0
3,10,7
2,2,0
2,2,0
3,9,6
9,10,1
1,1,0
9,9,0
2,7,5
2,3,1
8,8,0
2,2,0
5,5,0
8,8,0
2,2,0
3,5,2
2,8,6
2,2,0
2,4,2
2,2,0
2,5,3
2,2,0
3,11,8
3,5,2
2,2,0
2,2,0
2,2,0
1,2,1
2,6,4
3,5,2
5,6,1
2,2,0
3,3,0
9,9,0
2,2,0
3,3,0
22,22,0
3,31,28
1,24,23
3,5,2
60,121,61
2,28,26
11,11,0
2,2,0
2,4,2
3,5,2
2,62,60
3,7,4
2,5,3
2,4,2
45,45,0
2,2,0
14,14,0
1,4,3
6,6,0
3,3,0
2,4,2
2,2,0
3,6,3
2,3,1
2,2,0
98,98,0
9,9,0
3,3,0
3,5,2
2,2,0
2,2,0
1,9,8
1,1,0
2,2,0
1,2,1
2,2,0
2,2,0
2,2,0
2,2,0
4,4,0
1,2,1
5,5,0
2,2,0
3,3,0
3,5,2
2,2,0
1,13,12
1,2,1
1,1,0
9,13,4
9,9,0
0,0,0
3,7,4
2,2,0
2,4,2
2,8,6
2,2,0
9,9,0
2,2,0
8,8,0
61,61,0
2,2,0
2,4,2
2,2,0
2,2,0
2,2,0
5,5,0
3,5,2
2,3,1
2,2,0
5,9,4
3,5,2
2,6,4
3,3,0
9,9,0
2,2,0
2,4,2
3,3,0
3,3,0
2,2,0
0,0,0
0,0,0
3,5,2
9,9,0
2,4,2
1,26,25
2,2,0
2,2,0
8,8,0
1,1,0
3,4,1
3,5,2
1,2,1
2,9,7
2,7,5
2,3,1
3,3,0
2,4,2
3,3,0
2,2,0
0,0,0
2,4,2
2,2,0
2,2,0
3,3,0
2,4,2
8,8,0
3,3,0
3,7,4
4,4,0
1,3,2
1,1,0
1,5,4
2,25,23
2,4,2
2,2,0
3,5,2
2,3,1
1,1,0
10,10,0
3,3,0
3,5,2
8,8,0
2,2,0
2,2,0
2,2,0
10,10,0
2,2,0
2,8,6
3,13,10
3,4,1
2,2,0
8,8,0
2,2,0
1,20,19
2,2,0
8,10,2
2,2,0
2,2,0
3,10,7
3,3,0
2,2,0
2,2,0
3,11,8
2,2,0
1,1,0
9,11,2
2,2,0
4,4,0
2,2,0
2,2,0
3,3,0
2,2,0
10,10,0
1,1,0
2,2,0
0,0,0
1,1,0
2,2,0
2,2,0
2,7,5
1,1,0
2,2,0
2,2,0
10,10,0
9,9,0
10,10,0
8,8,0
0,0,0
2,2,0
4,5,1
2,2,0
2,3,1
2,3,1
3,4,1
2,2,0
2,2,0
2,2,0
1,25,24
6,8,2
3,7,4
2,2,0
3,5,2
3,11,8
2,4,2
2,2,0
2,2,0
1,1,0
1,1,0
0,0,0
114,115,1
2,2,0
2,2,0
11,11,0
3,3,0
1,1,0
1,26,25
2,2,0
2,2,0
1,1,0
2,2,0
2,2,0
2,2,0
2,2,0
2,2,0
2,2,0
8,8,0
3,3,0
2,45,43
2,2,0
2,2,0
3,5,2
2,2,0
3,3,0
2,5,3
2,2,0
3,3,0
5,5,0
1,1,0
2,2,0
1,2,1
2,13,11
3,3,0
3,3,0
2,3,1
2,4,2
2,2,0
2,2,0
3,9,6
8,16,8
2,2,0
2,2,0
3,74,71
2,2,0
1,2,1
9,9,0
0,0,0
3,7,4
1,1,0
2,2,0
2,2,0
2,80,78
1,3,2
2,2,0
3,3,0
3,3,0
10,10,0
1,9,8
2,7,5
2,2,0
0,0,0
2,2,0
2,2,0
2,2,0
2,2,0
1,1,0
1,2,1
4,4,0
1,2,1
9,9,0
0,0,0
1,3,2
1,1,0
3,5,2
33,35,2
2,2,0
1,54,53
2,2,0
6,26,20
51,51,0
2,2,0
3,5,2
3,3,0
2,2,0
3,9,6
2,5,3
1,1,0
2,7,5
11,11,0
2,4,2
2,2,0
2,2,0
2,13,11
100,100,0
2,4,2
1,25,24
2,6,4
2,2,0
2,2,0
3,3,0
2,2,0
1,1,0
0,0,0
1,25,24
1,1,0
2,2,0
8,8,0
1,2,1
3,3,0
2,6,4
2,2,0
1,1,0
3,3,0
2,45,43
2,110,108
2,13,11
0,0,0
2,2,0
2,2,0
3,49,46
3,3,0
2,4,2
2,4,2
2,2,0
11,11,0
3,5,2
2,8,6
2,2,0
9,9,0
2,13,11
2,2,0
2,2,0
1,1,0
2,5,3
3,5,2
2,2,0
2,2,0
2,2,0
2,3,1
2,2,0
2,2,0
3,3,0
20,20,0
2,2,0
9,9,0
2,2,0
8,8,0
5,10,5
2,3,1
14,91,77
3,3,0
0,0,0
3,3,0
12,12,0
2,2,0
15,15,0
2,2,0
2,2,0
3,3,0
1,1,0
2,4,2
3,3,0
1,2,1
2,4,2
2,2,0
2,2,0
3,17,14
39,39,0
2,6,4
2,2,0
2,2,0
12,12,0
2,2,0
0,0,0
5,5,0
3,8,5
2,2,0
2,2,0
2,4,2
2,2,0
3,3,0
4,5,1
2,2,0
18,18,0
2,2,0
3,3,0
2,2,0
1,21,20
3,5,2
2,2,0
1,2,1
2,8,6
3,6,3
5,6,1
9,9,0
3,7,4
3,3,0
2,2,0
2,3,1
2,4,2
0,0,0
1,22,21
3,9,6
2,3,1
1,8,7
2,4,2
2,2,0
2,2,0
2,2,0
3,7,4
0,0,0
1,2,1
3,5,2
2,2,0
3,3,0
2,19,17
2,2,0
3,7,4
3,3,0
3,3,0
2,2,0
9,9,0
2,2,0
2,2,0
1,4,3
2,4,2
1,1,0
15,18,3
1,2,1
2,2,0
3,3,0
2,2,0
2,2,0
2,2,0
3,3,0
8,8,0
2,2,0
2,2,0
2,2,0
1,2,1
2,2,0
4,4,0
2,2,0
3,3,0
18,18,0
1,2,1
0,0,0
1,2,1
8,8,0
1,1,0
2,2,0
2,2,0
3,9,6
3,3,0
3,9,6
8,8,0
1,5,4
4,4,0
1,2,1
2,3,1
2,2,0
7,7,0
2,2,0
2,2,0
3,7,4
2,4,2
12,12,0
2,2,0
1,2,1
2,2,0
2,2,0
3,3,0
3,8,5
3,6,3
1,2,1
2,2,0
3,5,2
3,3,0
2,2,0
2,2,0
2,4,2
3,3,0
1,4,3
59,64,5
2,2,0
3,3,0
46,108,62
9,9,0
10,22,12
3,15,12
13,15,2
3,7,4
1,2,1
3,3,0
8,8,0
2,3,1
51,51,0
2,10,8
2,2,0
2,2,0
3,9,6
2,2,0
97,116,19
3,3,0
2,2,0
1,3,2
2,4,2
100,100,0
3,3,0
9,52,43
3,3,0
3,3,0
2,2,0
2,2,0
2,2,0
2,2,0
3,3,0
2,2,0
3,5,2
3,3,0
2,2,0
1,2,1
2,2,0
2,13,11
2,2,0
2,2,0
2,2,0
1,1,0
6,6,0
8,8,0
3,3,0
1,2,1
3,5,2
3,3,0
1,2,1
3,4,1
3,3,0
3,3,0
2,2,0
3,3,0
88,88,0
2,4,2
2,2,0
1,24,23
2,2,0
1,2,1
2,16,14
2,11,9
3,12,9
2,2,0
8,8,0
3,5,2
2,2,0
1,1,0
3,3,0
2,2,0
2,2,0
2,2,0
2,2,0
2,2,0
2,2,0
5,5,0
3,3,0
2,4,2
2,23,21
3,3,0
2,2,0
2,2,0
2,2,0
8,8,0
7,7,0
2,2,0
3,3,0
4,5,1
2,2,0
2,5,3
3,3,0
8,8,0
3,3,0
2,2,0
1,8,7
3,3,0
2,2,0
11,11,0
1,6,5
2,2,0
94,94,0
2,2,0
2,2,0
2,4,2
4,4,0
2,2,0
2,2,0
2,4,2
3,16,13
6,6,0
2,15,13
2,2,0
3,3,0
3,3,0
1,1,0
2,2,0
2,2,0
3,3,0
8,8,0
100,100,0
8,8,0
3,3,0
2,3,1
3,4,1
1,3,2
2,3,1
1,2,1
2,2,0
42,42,0
2,4,2
2,2,0
3,3,0
2,2,0
1,1,0
11,11,0
3,3,0
69,77,8
2,2,0
90,90,0
2,2,0
3,7,4
8,8,0
1,2,1
2,2,0
3,5,2
2,3,1
2,6,4
1,1,0
9,9,0
1,3,2
2,4,2
2,45,43
3,5,2
10,21,11
2,2,0
2,2,0
2,6,4
2,6,4
2,2,0
26,26,0
2,80,78
2,2,0
2,2,0
6,6,0
1,1,0
2,2,0
19,19,0
3,8,5
2,2,0
2,2,0
2,2,0
2,2,0
3,7,4
2,2,0
2,13,11
0,0,0
3,3,0
10,10,0
1,3,2
2,2,0
3,7,4
2,2,0
2,2,0
1,85,84
2,2,0
2,6,4
2,14,12
1,2,1
0,0,0
2,2,0
2,2,0
11,11,0
2,2,0
1,90,89
18,18,0
3,5,2
2,2,0
3,7,4
7,9,2
1,1,0
3,3,0
2,8,6
2,2,0
2,2,0
0,0,0
1,21,20
3,3,0
3,12,9
8,8,0
2,2,0
10,10,0
2,8,6
2,2,0
8,8,0
1,1,0
2,2,0
1,1,0
2,2,0
2,2,0
8,8,0
3,3,0
3,3,0
2,2,0
11,11,0
20,20,0
2,2,0
2,2,0
3,3,0
2,2,0
2,2,0
2,6,4
13,16,3
2,4,2
2,2,0
2,4,2
2,2,0
2,2,0
2,2,0
3,3,0
1,1,0
1,1,0
3,3,0
2,2,0
2,4,2
2,5,3
2,2,0
4,4,0
3,3,0
12,12,0
2,4,2
2,2,0
3,7,4
0,0,0
1,2,1
2,2,0
2,2,0
7,8,1
3,5,2
3,7,4
2,2,0
3,3,0
2,2,0
7,7,0
9,9,0
2,2,0
2,2,0
2,2,0
2,2,0
3,5,2
2,2,0
2,3,1
2,4,2
2,2,0
2,2,0
2,2,0
2,2,0
2,2,0
2,2,0
2,2,0
3,3,0
2,2,0
3,11,8
2,2,0
2,3,1
2,2,0
2,2,0
2,2,0
2,2,0
3,3,0
2,2,0
2,2,0
9,16,7
2,2,0
11,11,0
4,7,3
2,2,0
3,3,0
2,3,1
2,2,0
2,2,0
2,4,2
2,2,0
1,1,0
2,168,166
2,2,0
2,2,0
2,3,1
5,5,0
8,8,0
2,2,0
1,2,1
3,10,7
3,3,0
1,1,0
0,0,0
2,2,0
1,103,102
2,2,0
2,2,0
1,2,1
0,0,0
3,7,4
2,2,0
2,2,0
27,31,4
2,2,0
3,5,2
2,4,2
2,3,1
2,7,5
3,3,0
9,9,0
2,6,4
2,6,4
2,2,0
4,6,2
2,2,0
17,17,0
1,27,26
2,2,0
4,6,2
1,21,20
11,21,10
2,2,0
2,2,0
50,52,2
2,4,2
2,2,0
10,10,0
2,4,2
2,2,0
11,11,0
2,2,0
3,5,2
2,2,0
8,8,0
100,100,0
2,4,2
2,2,0
2,2,0
2,2,0
2,2,0
0,0,0
2,9,7
11,11,0
3,3,0
0,0,0
2,3,1
2,2,0
9,9,0
1,2,1
2,2,0
9,9,0
3,12,9
0,0,0
3,11,8
2,4,2
3,3,0
1,1,0
2,2,0
2,2,0
1,1,0
3,5,2
2,2,0
1,3,2
2,2,0
8,8,0
2,2,0
2,2,0
1,1,0
2,2,0
1,7,6
3,3,0
1,2,1
2,4,2
2,2,0
4,12,8
2,25,23
2,2,0
0,0,0
3,3,0
2,2,0
1,7,6
3,3,0
2,2,0
2,4,2
2,2,0
1,2,1
2,2,0
2,4,2
2,3,1
3,3,0
3,6,3
2,2,0
2,2,0
1,2,1
2,2,0
2,2,0
2,2,0
3,7,4
2,2,0
97,97,0
1,1,0
1,1,0
2,2,0
8,8,0
2,10,8
2,2,0
2,2,0
3,3,0
6,12,6
1,1,0
60,121,61
3,3,0
3,3,0
14,14,0
3,7,4
51,74,23
2,5,3
3,3,0
9,9,0
3,17,14
2,2,0
1,2,1
20,20,0
6,6,0
2,8,6
1,2,1
2,2,0
2,4,2
9,9,0
2,6,4
2,2,0
2,2,0
3,3,0
3,3,0
2,2,0
8,8,0
2,5,3
2,2,0
1,2,1
2,2,0
3,5,2
3,3,0
8,8,0
12,12,0
3,4,1
16,16,0
2,4,2
45,45,0
22,22,0
1,3,2
2,2,0
2,82,80
6,7,1
3,7,4
3,3,0
3,3,0
0,0,0
9,9,0
0,0,0
20,26,6
2,12,10
1,2,1
10,10,0
0,0,0
3,3,0
2,2,0
3,3,0
2,5,3
2,2,0
2,2,0
3,3,0
0,0,0
3,3,0
2,2,0
4,4,0
8,8,0
2,2,0
2,2,0
2,2,0
2,2,0
3,7,4
9,9,0
2,2,0
2,2,0
3,3,0
2,2,0
1,2,1
3,3,0
2,2,0
3,3,0
9,9,0
2,2,0
2,2,0
1,2,1
2,2,0
6,6,0
9,9,0
2,2,0
1,1,0
3,6,3
7,7,0
1,6,5
9,9,0
2,2,0
2,2,0
2,2,0
3,3,0
3,3,0
3,3,0
2,2,0
1,2,1
2,4,2
0,0,0
3,10,7
2,2,0
9,9,0
21,42,21
8,12,4
2,2,0
3,3,0
1,1,0
100,100,0
1,86,85
8,8,0
3,8,5
3,3,0
3,5,2
4,14,10
3,17,14
2,2,0
1,5,4
8,8,0
2,2,0
2,2,0
94,94,0
3,11,8
3,3,0
2,2,0
1,1,0
2,2,0
1,1,0
1,14,13
2,4,2
1,1,0
0,0,0
2,2,0
2,2,0
2,4,2
2,2,0
2,2,0
11,11,0
2,2,0
2,6,4
2,2,0
3,3,0
3,8,5
2,2,0
2,2,0
2,12,10
49,50,1
2,27,25
3,5,2
2,2,0
2,2,0
3,3,0
2,2,0
2,2,0
2,2,0
2,32,30
3,5,2
3,3,0
2,2,0
2,2,0
12,12,0
2,2,0
11,11,0
3,18,15
2,4,2
3,11,8
2,2,0
2,2,0
3,4,1
3,3,0
2,2,0
1,2,1
2,2,0
2,2,0
4,4,0
7,7,0
0,0,0
2,2,0
2,2,0
2,2,0
4,4,0
2,2,0
1,1,0
2,2,0
11,11,0
3,3,0
2,6,4
3,3,0
3,3,0
8,16,8
2,2,0
0,0,0
1,1,0
2,2,0
3,5,2
3,5,2
3,4,1
1,1,0
2,2,0
3,5,2
1,1,0
1,1,0
3,3,0
32,32,0
12,12,0
2,2,0
2,2,0
0,0,0
2,2,0
3,4,1
1,22,21
3,3,0
2,10,8
2,2,0
2,2,0
2,2,0
2,2,0
2,2,0
56,57,1
1,1,0
0,0,0
2,2,0
3,3,0
3,3,0
8,8,0
1,2,1
9,9,0
2,2,0
2,2,0
1,3,2
2,2,0
3,3,0
2,2,0
1,3,2
2,4,2
3,7,4
8,8,0
2,10,8
2,13,11
8,8,0
3,3,0
3,26,23
9,9,0
9,9,0
3,4,1
3,3,0
2,2,0
3,3,0
4,4,0
0,0,0
2,2,0
2,2,0
6,6,0
12,12,0
3,8,5
2,2,0
2,4,2
3,3,0
3,5,2
2,2,0
3,3,0
3,3,0
2,2,0
2,2,0
3,3,0
2,2,0
8,16,8
2,2,0
2,2,0
2,5,3
1,21,20
2,23,21
2,2,0
1,1,0
2,9,7
3,3,0
4,4,0
3,7,4
2,2,0
51,51,0
9,9,0
2,2,0
2,3,1
5,5,0
2,2,0
3,3,0
3,3,0
2,2,0
2,5,3
2,2,0
8,8,0
8,8,0
3,3,0
2,2,0
4,4,0
2,2,0
3,5,2
1,5,4
2,2,0
2,2,0
2,2,0
3,9,6
1,6,5
1,1,0
3,3,0
25,25,0
2,7,5
3,3,0
1,1,0
3,3,0
0,0,0
3,3,0
2,3,1
3,3,0
1,2,1
3,7,4
2,2,0
2,2,0
2,4,2
3,3,0
2,2,0
2,2,0
1,4,3
2,2,0
2,2,0
2,2,0
143,143,0
9,9,0
18,18,0
0,0,0
15,15,0
5,5,0
2,8,6
2,2,0
2,2,0
5,5,0
1,1,0
2,2,0
2,2,0
2,2,0
1,2,1
2,6,4
2,2,0
2,3,1
2,4,2
9,9,0
2,2,0
1,3,2
22,22,0
2,2,0
2,2,0
3,7,4
8,8,0
18,18,0
1,5,4
8,8,0
3,3,0
4,6,2
2,4,2
2,2,0
4,4,0
2,2,0
2,2,0
3,4,1
3,3,0
2,4,2
10,16,6
3,5,2
6,6,0
3,5,2
2,2,0
2,2,0
3,5,2
3,9,6
2,2,0
9,9,0
10,19,9
7,7,0
2,2,0
3,3,0
2,2,0
2,2,0
2,2,0
2,2,0
2,15,13
3,10,7
9,9,0
1,1,0
2,2,0
2,45,43
7,9,2
3,6,3
2,2,0
2,29,27
79,92,13
3,5,2
9,9,0
2,2,0
3,3,0
2,2,0
8,8,0
2,2,0
4,4,0
2,2,0
3,9,6
2,2,0
8,8,0
2,2,0
2,2,0
3,3,0
3,3,0
6,22,16
2,2,0
3,3,0
1,13,12
2,2,0
2,2,0
1,1,0
0,0,0
2,7,5
3,25,22
2,2,0
1,2,1
2,2,0
2,4,2
1,1,0
4,4,0
9,9,0
2,2,0
2,2,0
2,5,3
3,3,0
6,6,0
3,3,0
2,2,0
2,2,0
5,5,0
2,2,0
2,2,0
1,12,11
3,29,26
9,9,0
2,6,4
100,100,0
3,3,0
2,2,0
2,2,0
2,4,2
2,2,0
9,9,0
1,2,1
2,2,0
2,41,39
2,2,0
2,7,5
2,2,0
2,2,0
2,2,0
2,2,0
2,2,0
3,3,0
3,3,0
8,8,0
2,2,0
1,9,8
8,10,2
1,1,0
7,13,6
2,2,0
2,2,0
9,9,0
2,37,35
8,8,0
3,9,6
9,9,0
2,3,1
2,2,0
73,73,0
2,2,0
6,11,5
2,2,0
3,10,7
3,25,22
2,2,0
2,4,2
44,114,70
2,2,0
8,8,0
3,13,10
1,5,4
13,13,0
3,3,0
8,8,0
2,2,0
2,3,1
3,3,0
2,5,3
2,2,0
2,2,0
1,7,6
9,9,0
2,2,0
22,44,22
2,2,0
20,31,11
8,8,0
2,2,0
2,2,0
1,1,0
2,2,0
3,8,5
10,18,8
1,4,3
2,8,6
3,4,1
2,2,0
2,2,0
2,2,0
3,3,0
2,2,0
2,2,0
2,4,2
3,6,3
2,4,2
6,6,0
15,15,0
2,3,1
2,2,0
3,3,0
51,65,14
9,9,0
2,2,0
1,9,8
1,90,89
0,0,0
2,2,0
2,3,1
2,2,0
1,2,1
3,3,0
4,4,0
3,6,3
2,2,0
2,65,63
2,2,0
6,6,0
2,2,0
1,1,0
2,2,0
2,2,0
2,2,0
2,2,0
2,2,0
3,5,2
2,80,78
12,12,0
7,7,0
2,2,0
3,3,0
3,3,0
1,2,1
2,2,0
2,4,2
2,2,0
8,8,0
3,9,6
3,3,0
2,2,0
3,3,0
3,5,2
11,11,0
1,7,6
3,5,2
8,8,0
2,2,0
2,4,2
0,0,0
8,8,0
1,1,0
4,5,1
15,54,39
6,6,0
3,5,2
2,2,0
2,11,9
6,6,0
3,3,0
2,11,9
2,2,0
3,7,4
1,24,23
3,7,4
3,8,5
6,6,0
2,2,0
2,4,2
3,3,0
2,4,2
2,12,10
9,9,0
2,2,0
2,2,0
1,1,0
2,2,0
3,6,3
2,2,0
1,2,1
35,37,2
2,2,0
3,5,2
2,6,4
4,4,0
1,1,0
1,6,5
2,6,4
2,4,2
184,273,89
3,3,0
2,2,0
2,3,1
1,2,1
2,2,0
2,2,0
1,16,15
9,9,0
2,4,2
1,1,0
2,2,0
2,2,0
3,7,4
2,2,0
3,4,1
1,1,0
2,2,0
3,3,0
2,8,6
42,42,0
74,74,0
1,1,0
2,11,9
2,3,1
2,2,0
2,2,0
3,3,0
3,5,2
3,14,11
3,9,6
3,3,0
3,3,0
2,2,0
3,3,0
1,1,0
2,5,3
11,12,1
1,1,0
1,22,21
253,485,232
2,2,0
1,23,22
2,2,0
0,0,0
7,7,0
2,3,1
1,1,0
2,80,78
3,3,0
1,8,7
1,2,1
3,9,6
2,4,2
2,2,0
8,9,1
2,4,2
3,3,0
1,1,0
3,7,4
8,8,0
2,2,0
2,2,0
8,8,0
2,2,0
2,4,2
1,2,1
2,3,1
2,2,0
2,4,2
2,2,0
2,2,0
2,4,2
7,12,5
8,8,0
3,3,0
2,2,0
2,2,0
3,3,0
2,2,0
7,7,0
2,2,0
2,2,0
3,3,0
11,11,0
0,0,0
2,5,3
1,1,0
4,4,0
3,3,0
2,2,0
2,3,1
9,9,0
3,3,0
2,4,2
2,2,0
2,11,9
16,16,0
9,9,0
2,2,0
2,2,0
2,4,2
3,3,0
3,5,2
3,5,2
2,10,8
2,2,0
3,5,2
3,3,0
2,2,0
2,2,0
3,3,0
2,2,0
2,2,0
3,6,3
12,12,0
2,2,0
3,3,0
10,23,13
2,2,0
2,2,0
1,1,0
8,8,0
1,2,1
3,5,2
2,2,0
8,9,1
2,2,0
2,26,24
1,3,2
2,3,1
2,2,0
1,3,2
2,2,0
2,3,1
2,2,0
2,4,2
6,6,0
48,50,2
3,3,0
2,2,0
2,2,0
6,6,0
2,2,0
2,2,0
2,2,0
2,5,3
2,4,2
2,2,0
1,5,4
2,2,0
2,5,3
5,5,0
3,4,1
8,8,0
22,22,0
2,2,0
1,1,0
3,3,0
1,2,1
9,10,1
8,8,0
9,9,0
2,4,2
2,4,2
2,2,0
9,9,0
3,3,0
2,4,2
2,17,15
3,5,2
2,2,0
9,9,0
98,98,0
2,2,0
2,2,0
4,14,10
3,4,1
3,3,0
1,1,0
2,2,0
3,5,2
2,2,0
4,4,0
2,2,0
2,2,0
2,2,0
8,16,8
1,2,1
5,5,0
2,2,0
4,4,0
3,6,3
4,4,0
7,7,0
2,2,0
2,2,0
1,11,10
2,3,1
2,2,0
3,3,0
20,20,0
7,7,0
1,26,25
26,26,0
3,3,0
8,8,0
0,0,0
2,2,0
2,2,0
2,5,3
1,3,2
2,2,0
3,5,2
3,3,0
2,2,0
1,2,1
2,2,0
2,2,0
1,2,1
45,45,0
3,3,0
8,8,0
8,8,0
3,6,3
3,5,2
2,12,10
1,1,0
2,7,5
2,2,0
3,3,0
0,0,0
1,1,0
2,2,0
2,20,18
2,2,0
2,2,0
2,2,0
2,2,0
3,9,6
2,2,0
1,9,8
8,8,0
2,5,3
3,3,0
4,8,4
3,7,4
2,2,0
81,206,125
9,10,1
1,1,0
3,22,19
3,3,0
2,2,0
1,3,2
3,3,0
3,3,0
1,2,1
3,3,0
3,57,54
3,3,0
3,5,2
3,3,0
1,2,1
3,3,0
3,3,0
1,2,1
0,0,0
1,5,4
2,2,0
2,4,2
2,2,0
2,80,78
1,2,1
6,6,0
2,3,1
1,4,3
8,8,0
2,2,0
2,2,0
3,10,7
2,2,0
56,56,0
8,8,0
8,8,0
8,8,0
3,3,0
2,4,2
3,3,0
3,3,0
1,1,0
8,8,0
51,51,0
3,11,8
9,9,0
2,2,0
3,6,3
2,23,21
2,4,2
2,2,0
2,2,0
2,2,0
2,2,0
2,80,78
2,10,8
3,3,0
8,12,4
3,3,0
2,2,0
1,1,0
2,4,2
1,2,1
3,3,0
4,4,0
2,2,0
4,4,0
2,2,0
100,100,0
2,2,0
3,3,0
3,3,0
3,5,2
9,9,0
2,2,0
3,3,0
2,3,1
2,2,0
1,1,0
3,9,6
7,7,0
2,2,0
2,2,0
3,3,0
5,5,0
3,3,0
100,139,39
2,4,2
2,2,0
2,2,0
2,2,0
2,4,2
2,4,2
2,2,0
0,0,0
3,5,2
3,7,4
2,2,0
1,1,0
2,2,0
1,1,0
2,2,0
2,4,2
2,2,0
2,2,0
2,12,10
2,2,0
2,2,0
2,2,0
2,31,29
2,2,0
3,3,0
6,16,10
2,2,0
15,15,0
1,1,0
2,2,0
4,5,1
2,2,0
2,38,36
1,1,0
3,7,4
2,2,0
2,13,11
3,3,0
2,2,0
2,2,0
2,2,0
8,8,0
2,2,0
2,6,4
3,3,0
97,97,0
3,7,4
2,2,0
2,9,7
3,4,1
2,2,0
2,2,0
3,5,2
4,4,0
2,2,0
3,4,1
2,2,0
8,8,0
2,2,0
2,2,0
3,3,0
3,5,2
57,57,0
19,20,1
2,2,0
4,7,3
3,3,0
2,2,0
2,2,0
0,0,0
1,3,2
2,2,0
3,5,2
2,2,0
2,3,1
9,9,0
3,3,0
1,72,71
5,5,0
3,3,0
2,10,8
3,3,0
2,2,0
2,6,4
3,5,2
2,4,2
2,2,0
1,22,21
3,3,0
2,2,0
2,2,0
2,2,0
2,2,0
2,2,0
3,3,0
2,2,0
3,5,2
3,3,0
9,9,0
10,10,0
4,6,2
2,2,0
1,23,22
1,4,3
1,4,3
3,5,2
2,5,3
4,4,0
2,2,0
3,3,0
4,4,0
3,5,2
0,0,0
4,15,11
2,2,0
2,2,0
2,2,0
2,2,0
1,7,6
2,2,0
1,10,9
2,2,0
8,8,0
1,7,6
3,7,4
1,4,3
100,100,0
3,3,0
3,3,0
2,2,0
3,8,5
2,4,2
6,24,18
3,5,2
1,1,0
2,2,0
2,2,0
3,3,0
3,3,0
3,3,0
8,8,0
2,2,0
75,75,0
3,3,0
2,7,5
1,2,1
1,3,2
2,2,0
3,4,1
2,6,4
2,2,0
7,7,0
2,3,1
4,5,1
1,1,0
1,1,0
10,10,0
3,5,2
3,5,2
3,7,4
1,23,22
2,2,0
2,2,0
3,5,2
2,2,0
8,8,0
39,47,8
2,4,2
3,7,4
9,9,0
2,2,0
1,1,0
51,51,0
2,2,0
2,2,0
2,2,0
3,5,2
2,5,3
2,2,0
2,2,0
9,9,0
2,4,2
1,1,0
2,2,0
3,3,0
2,2,0
1,1,0
1,1,0
2,2,0
2,2,0
46,49,3
2,2,0
11,11,0
1,37,36
2,2,0
2,2,0
2,2,0
3,7,4
3,3,0
1,2,1
3,8,5
8,8,0
2,2,0
2,3,1
3,3,0
0,0,0
3,3,0
2,2,0
2,2,0
2,4,2
3,3,0
12,12,0
2,2,0
2,2,0
2,2,0
6,6,0
3,6,3
2,2,0
3,3,0
2,4,2
1,12,11
3,14,11
3,3,0
2,3,1
2,10,8
2,4,2
3,5,2
2,5,3
3,5,2
16,16,0
2,2,0
2,2,0
3,3,0
2,2,0
149,149,0
2,2,0
2,4,2
2,10,8
5,5,0
2,6,4
2,11,9
2,9,7
3,7,4
1,1,0
3,23,20
2,2,0
1,1,0
2,2,0
3,3,0
9,9,0
2,80,78
2,2,0
2,2,0
11,11,0
2,8,6
6,35,29
1,8,7
2,3,1
10,10,0
2,2,0
1,1,0
2,2,0
100,100,0
3,3,0
2,2,0
66,66,0
2,2,0
2,3,1
84,92,8
2,2,0
9,9,0
2,5,3
3,7,4
52,167,115
2,3,1
6,6,0
2,2,0
3,5,2
3,7,4
3,3,0
2,2,0
0,0,0
2,2,0
2,3,1
55,71,16
3,10,7
2,2,0
1,1,0
2,2,0
2,2,0
1,2,1
2,2,0
2,2,0
2,2,0
2,2,0
1,1,0
2,4,2
2,4,2
1,23,22
2,3,1
22,22,0
0,0,0
8,8,0
3,3,0
3,6,3
3,3,0
3,5,2
8,8,0
2,2,0
2,3,1
3,3,0
2,2,0
3,46,43
1,21,20
2,2,0
6,6,0
27,27,0
3,3,0
78,79,1
2,2,0
3,3,0
47,47,0
0,0,0
3,3,0
22,22,0
2,2,0
1,7,6
3,3,0
11,11,0
2,4,2
3,3,0
14,17,3
3,3,0
2,2,0
2,2,0
3,5,2
3,3,0
5,9,4
2,2,0
3,3,0
2,2,0
8,8,0
1,2,1
8,8,0
2,3,1
3,3,0
9,9,0
2,2,0
1,1,0
3,14,11
120,242,122
2,2,0
3,3,0
8,8,0
2,2,0
3,3,0
3,3,0
2,2,0
4,4,0
2,2,0
2,2,0
2,3,1
6,6,0
2,2,0
5,5,0
2,8,6
2,2,0
3,3,0
1,1,0
2,2,0
10,20,10
3,3,0
21,22,1
7,7,0
3,3,0
2,2,0
2,2,0
1,1,0
2,2,0
2,2,0
2,2,0
2,8,6
3,5,2
2,2,0
2,2,0
2,2,0
1,1,0
2,2,0
5,5,0
3,3,0
3,3,0
2,4,2
2,2,0
1,1,0
3,3,0
2,2,0
142,142,0
2,2,0
2,2,0
3,5,2
2,2,0
2,2,0
3,9,6
0,0,0
2,2,0
2,4,2
2,2,0
1,2,1
2,2,0
3,3,0
2,2,0
1,1,0
2,45,43
2,2,0
2,2,0
9,9,0
49,72,23
2,2,0
2,2,0
1,21,20
1,6,5
2,2,0
3,5,2
2,2,0
2,2,0
0,0,0
3,3,0
3,5,2
2,2,0
1,2,1
2,13,11
3,3,0
2,2,0
2,4,2
2,3,1
9,9,0
1,1,0
2,2,0
1,2,1
0,0,0
2,4,2
1,2,1
1,16,15
2,2,0
2,4,2
0,0,0
2,3,1
0,0,0
2,2,0
17,17,0
8,8,0
2,2,0
2,2,0
3,3,0
2,2,0
2,7,5
1,1,0
2,2,0
6,10,4
2,2,0
2,2,0
3,3,0
2,2,0
2,2,0
8,8,0
125,316,191
2,2,0
3,7,4
1,1,0
100,127,27
1,1,0
4,4,0
4,4,0
2,2,0
9,9,0
2,4,2
2,2,0
2,2,0
1,1,0
1,2,1
3,3,0
2,2,0
2,4,2
3,5,2
3,5,2
3,5,2
3,5,2
1,2,1
2,2,0
2,98,96
8,8,0
3,5,2
1,2,1
2,2,0
2,2,0
9,9,0
2,4,2
2,2,0
2,3,1
3,3,0
6,6,0
2,2,0
2,2,0
2,2,0
19,19,0
2,6,4
2,3,1
3,3,0
2,2,0
2,2,0
2,2,0
8,8,0
3,5,2
51,52,1
6,11,5
8,8,0
2,2,0
3,3,0
2,2,0
1,1,0
2,4,2
3,3,0
2,4,2
2,2,0
2,2,0
2,2,0
3,6,3
2,2,0
2,2,0
3,3,0
1,2,1
147,147,0
3,5,2
3,3,0
3,6,3
2,4,2
1,1,0
4,12,8
2,10,8
2,2,0
0,0,0
5,5,0
1,3,2
2,2,0
1,24,23
2,2,0
3,13,10
15,18,3
2,2,0
1,55,54
1,1,0
2,2,0
3,3,0
3,4,1
2,2,0
22,22,0
2,4,2
2,11,9
3,3,0
2,2,0
0,0,0
2,4,2
2,3,1
2,84,82
1,3,2
2,2,0
2,3,1
1,2,1
12,12,0
2,2,0
3,4,1
3,3,0
2,2,0
2,2,0
3,5,2
2,2,0
2,4,2
66,68,2
2,2,0
8,8,0
2,6,4
13,13,0
3,7,4
2,16,14
3,6,3
4,7,3
1,2,1
2,2,0
3,3,0
2,2,0
2,2,0
10,10,0
3,3,0
5,5,0
2,2,0
9,10,1
3,3,0
1,21,20
3,5,2
1,3,2
2,2,0
3,4,1
3,5,2
2,2,0
3,3,0
2,2,0
4,4,0
2,2,0
2,2,0
3,3,0
3,5,2
2,2,0
2,2,0
3,14,11
1,1,0
3,3,0
4,4,0
22,40,18
2,2,0
3,3,0
2,2,0
2,2,0
3,3,0
2,2,0
0,0,0
3,4,1
8,8,0
9,9,0
2,2,0
0,0,0
3,3,0
14,14,0
2,4,2
9,9,0
3,3,0
74,74,0
2,2,0
2,4,2
3,3,0
2,6,4
2,2,0
2,2,0
2,2,0
2,2,0
3,5,2
2,2,0
2,2,0
1,2,1
2,2,0
1,1,0
9,9,0
2,2,0
6,6,0
2,2,0
2,2,0
1,7,6
10,10,0
2,4,2
2,2,0
2,2,0
2,2,0
3,3,0
2,2,0
2,2,0
3,12,9
2,2,0
28,28,0
3,3,0
2,2,0
51,52,1
2,2,0
3,5,2
2,9,7
8,8,0
2,2,0
2,2,0
6,6,0
9,10,1
1,23,22
2,2,0
11,21,10
2,2,0
7,11,4
0,0,0
2,2,0
8,8,0
0,0,0
2,2,0
2,2,0
2,2,0
3,5,2
22,22,0
2,2,0
2,2,0
2,2,0
1,2,1
2,2,0
1,2,1
2,47,45
1,2,1
2,2,0
24,24,0
2,2,0
2,2,0
2,4,2
2,2,0
3,3,0
2,2,0
3,3,0
4,4,0
2,2,0
1,6,5
2,2,0
2,2,0
3,3,0
2,2,0
2,2,0
12,12,0
2,2,0
2,4,2
2,2,0
3,6,3
3,3,0
3,6,3
3,9,6
4,4,0
2,2,0
0,0,0
3,7,4
60,114,54
14,14,0
1,1,0
8,8,0
2,6,4
3,3,0
2,2,0
3,3,0
3,5,2
3,4,1
2,8,6
3,3,0
1,7,6
2,2,0
60,60,0
2,2,0
3,3,0
2,2,0
2,3,1
3,5,2
1,2,1
2,2,0
51,51,0
2,3,1
2,2,0
3,5,2
2,2,0
1,1,0
2,6,4
3,3,0
1,1,0
2,2,0
3,3,0
2,45,43
2,2,0
3,5,2
2,4,2
3,5,2
3,8,5
2,2,0
3,3,0
2,2,0
3,18,15
2,2,0
2,2,0
3,3,0
6,6,0
3,3,0
4,5,1
2,2,0
9,9,0
2,2,0
10,20,10
4,22,18
4,22,18
2,4,2
2,2,0
3,5,2
2,82,80
8,8,0
3,5,2
37,37,0
3,3,0
3,5,2
2,2,0
2,2,0
2,4,2
2,2,0
2,2,0
2,2,0
5,5,0
2,2,0
3,7,4
3,5,2
8,18,10
2,12,10
1,1,0
2,2,0
2,2,0
3,3,0
3,17,14
2,5,3
2,18,16
3,7,4
2,4,2
3,5,2
19,103,84
2,2,0
3,3,0
11,11,0
2,2,0
1,1,0
2,2,0
3,3,0
2,2,0
0,0,0
1,1,0
2,2,0
94,94,0
1,6,5
2,4,2
2,2,0
8,8,0
2,2,0
1,1,0
3,5,2
3,3,0
3,3,0
2,2,0
2,6,4
1,1,0
0,0,0
3,5,2
3,6,3
21,21,0
2,14,12
2,2,0
35,70,35
6,6,0
2,2,0
3,3,0
2,2,0
4,5,1
2,2,0
2,2,0
2,2,0
44,44,0
3,8,5
2,2,0
2,7,5
2,2,0
3,3,0
2,2,0
2,2,0
3,5,2
2,2,0
2,2,0
2,2,0
3,5,2
2,2,0
1,76,75
1,2,1
2,2,0
3,10,7
3,3,0
3,7,4
2,3,1
3,3,0
2,2,0
22,22,0
2,2,0
2,2,0
6,6,0
0,0,0
1,3,2
2,2,0
3,3,0
2,6,4
2,2,0
2,2,0
0,0,0
2,7,5
22,43,21
2,80,78
9,9,0
2,4,2
2,2,0
2,2,0
3,19,16
1,1,0
2,2,0
2,2,0
8,8,0
2,3,1
10,12,2
6,6,0
9,52,43
2,2,0
2,2,0
2,2,0
3,7,4
2,2,0
2,2,0
2,2,0
8,8,0
82,82,0
3,3,0
3,5,2
1,5,4
2,2,0
3,3,0
1,1,0
0,0,0
3,3,0
2,13,11
2,6,4
2,2,0
2,5,3
2,2,0
2,2,0
1,4,3
2,2,0
2,2,0
3,5,2
3,3,0
6,6,0
2,4,2
3,3,0
2,2,0
9,9,0
2,6,4
2,2,0
2,2,0
16,16,0
2,2,0
2,3,1
3,3,0
2,2,0
3,3,0
2,2,0
2,2,0
1,3,2
4,4,0
9,9,0
2,2,0
8,8,0
3,3,0
5,5,0
2,2,0
2,2,0
3,5,2
23,33,10
2,88,86
1,2,1
2,2,0
2,2,0
1,1,0
2,2,0
6,8,2
2,3,1
29,29,0
7,13,6
100,100,0
8,8,0
1,4,3
3,3,0
80,82,2
1,1,0
2,2,0
5,5,0
2,2,0
3,3,0
2,2,0
3,3,0
4,4,0
2,2,0
2,2,0
3,3,0
2,2,0
3,6,3
16,16,0
2,2,0
1,4,3
2,6,4
2,2,0
3,3,0
2,2,0
8,91,83
7,70,63
4,4,0
3,3,0
2,2,0
1,4,3
25,25,0
2,5,3
2,16,14
2,2,0
13,17,4
2,2,0
5,5,0
1,1,0
0,0,0
6,6,0
3,5,2
2,2,0
2,2,0
8,9,1
1,1,0
2,2,0
1,1,0
2,2,0
2,6,4
2,10,8
2,2,0
4,4,0
9,9,0
1,2,1
3,3,0
2,2,0
2,2,0
2,2,0
6,6,0
2,10,8
3,3,0
1,2,1
2,2,0
15,15,0
1,24,23
3,3,0
2,2,0
2,2,0
1,4,3
2,4,2
23,23,0
2,2,0
1,1,0
2,2,0
2,2,0
2,2,0
2,2,0
2,2,0
3,3,0
51,51,0
9,9,0
2,3,1
3,3,0
2,2,0
2,2,0
3,5,2
1,2,1
2,2,0
14,14,0
1,22,21
2,2,0
18,26,8
3,5,2
2,2,0
1,1,0
3,3,0
2,2,0
3,3,0
2,2,0
2,2,0
17,24,7
2,2,0
2,2,0
3,5,2
3,5,2
2,2,0
1,1,0
16,16,0
27,35,8
0,0,0
0,0,0
3,9,6
2,2,0
2,2,0
2,2,0
2,2,0
0,0,0
2,5,3
3,3,0
2,4,2
5,5,0
3,4,1
2,2,0
3,5,2
2,2,0
1,3,2
2,6,4
2,2,0
2,2,0
3,5,2
2,11,9
3,9,6
2,2,0
3,3,0
2,4,2
2,2,0
2,2,0
2,2,0
3,6,3
2,2,0
2,2,0
2,2,0
3,5,2
3,3,0
4,4,0
3,3,0
2,4,2
3,3,0
2,2,0
3,6,3
1,3,2
2,2,0
3,3,0
2,2,0
8,8,0
8,8,0
2,2,0
2,4,2
2,2,0
2,4,2
2,2,0
2,5,3
8,8,0
2,4,2
1,5,4
2,4,2
2,2,0
2,2,0
2,2,0
2,2,0
1,2,1
192,192,0
1,2,1
3,3,0
2,2,0
10,10,0
9,9,0
3,3,0
3,3,0
3,3,0
2,2,0
3,3,0
3,5,2
2,2,0
1,3,2
2,2,0
1,1,0
2,2,0
3,3,0
8,14,6
3,3,0
2,2,0
8,8,0
1,1,0
1,3,2
2,2,0
0,0,0
2,4,2
70,147,77
9,9,0
22,22,0
2,2,0
2,2,0
2,2,0
9,12,3
2,2,0
2,2,0
5,5,0
20,20,0
85,86,1
6,6,0
28,28,0
0,0,0
2,2,0
2,2,0
2,2,0
1,1,0
3,6,3
2,2,0
8,8,0
3,4,1
4,4,0
3,8,5
3,3,0
60,121,61
51,74,23
18,18,0
2,2,0
3,3,0
3,5,2
1,1,0
45,45,0
3,3,0
1,2,1
51,101,50
2,2,0
2,2,0
3,11,8
1,2,1
1,5,4
9,51,42
3,3,0
4,5,1
0,0,0
2,2,0
11,11,0
1,1,0
3,5,2
2,3,1
2,5,3
2,2,0
2,2,0
2,2,0
3,7,4
3,5,2
8,8,0
1,1,0
9,9,0
2,2,0
3,3,0
2,2,0
70,147,77
3,3,0
2,2,0
3,3,0
2,2,0
20,20,0
2,3,1
10,10,0
1,17,16
0,0,0
2,4,2
2,17,15
2,2,0
2,12,10
3,5,2
3,7,4
2,2,0
9,9,0
20,20,0
2,2,0
9,9,0
16,16,0
4,22,18
22,22,0
3,3,0
2,2,0
3,8,5
4,4,0
0,0,0
2,2,0
9,9,0
2,4,2
5,5,0
2,2,0
0,0,0
2,2,0
2,2,0
3,3,0
3,5,2
3,5,2
3,3,0
3,3,0
1,1,0
0,0,0
2,2,0
3,3,0
2,2,0
1,1,0
2,2,0
3,3,0
30,30,0
2,2,0
4,5,1
3,3,0
1,2,1
0,0,0
2,2,0
9,9,0
2,12,10
4,4,0
5,7,2
2,2,0
3,3,0
2,88,86
2,3,1
3,5,2
2,2,0
18,19,1
20,63,43
9,36,27
2,4,2
8,8,0
2,2,0
3,5,2
4,4,0
2,2,0
3,5,2
3,3,0
2,2,0
1,1,0
3,7,4
25,51,26
11,11,0
2,2,0
2,2,0
2,2,0
2,2,0
2,2,0
1,2,1
2,2,0
2,2,0
2,2,0
2,2,0
2,2,0
2,2,0
0,0,0
1,5,4
3,3,0
2,2,0
3,5,2
3,3,0
3,3,0
1,24,23
0,0,0
8,8,0
9,12,3
148,148,0
1,2,1
6,6,0
2,2,0
2,3,1
11,11,0
2,2,0
60,60,0
3,3,0
8,8,0
3,3,0
3,3,0
3,9,6
2,4,2
48,48,0
3,9,6
3,5,2
2,4,2
2,2,0
3,3,0
2,2,0
3,6,3
2,2,0
100,100,0
3,3,0
2,16,14
0,0,0
9,9,0
2,2,0
1,2,1
3,3,0
2,2,0
3,3,0
2,2,0
1,3,2
2,2,0
9,9,0
2,2,0
2,2,0
2,2,0
3,8,5
15,17,2
1,1,0
2,2,0
3,3,0
3,6,3
2,6,4
1,1,0
5,5,0
2,4,2
2,2,0
3,3,0
1,1,0
2,2,0
1,2,1
124,124,0
2,2,0
2,2,0
2,2,0
2,21,19
2,3,1
2,2,0
10,10,0
2,2,0
9,9,0
1,2,1
3,3,0
1,2,1
2,2,0
2,9,7
3,9,6
3,3,0
2,6,4
2,2,0
2,2,0
3,3,0
2,2,0
2,2,0
3,3,0
1,1,0
3,5,2
1,2,1
2,20,18
3,3,0
1,1,0
2,2,0
2,3,1
2,2,0
2,5,3
2,2,0
2,4,2
2,2,0
0,0,0
2,2,0
3,9,6
1,22,21
4,4,0
3,3,0
3,5,2
2,2,0
2,2,0
60,60,0
25,25,0
2,5,3
3,3,0
3,9,6
60,121,61
2,2,0
2,3,1
3,5,2
3,3,0
2,2,0
2,2,0
2,6,4
11,11,0
3,3,0
2,2,0
3,4,1
2,4,2
2,2,0
1,1,0
2,2,0
2,2,0
2,2,0
2,2,0
2,4,2
1,4,3
2,2,0
2,3,1
2,2,0
2,2,0
2,2,0
3,3,0
2,2,0
1,2,1
3,3,0
2,2,0
2,2,0
8,8,0
2,2,0
4,4,0
2,2,0
2,2,0
5,11,6
2,2,0
8,8,0
4,73,69
2,2,0
3,8,5
2,2,0
3,3,0
10,10,0
1,45,44
2,2,0
2,6,4
2,4,2
10,10,0
1,8,7
3,6,3
3,3,0
2,2,0
9,9,0
2,2,0
2,5,3
2,2,0
2,23,21
2,3,1
15,15,0
0,0,0
2,2,0
2,4,2
12,14,2
2,4,2
1,2,1
7,28,21
16,16,0
7,7,0
3,3,0
3,3,0
37,39,2
2,2,0
3,8,5
2,2,0
2,2,0
3,5,2
2,4,2
2,4,2
3,3,0
0,0,0
0,0,0
2,2,0
2,2,0
3,5,2
9,9,0
2,2,0
2,2,0
2,4,2
2,2,0
0,0,0
2,2,0
100,100,0
2,2,0
72,72,0
2,2,0
2,4,2
0,0,0
3,3,0
2,4,2
2,2,0
4,4,0
1,3,2
1,24,23
2,2,0
2,2,0
3,5,2
2,10,8
2,2,0
10,10,0
2,2,0
6,14,8
8,8,0
2,2,0
3,7,4
2,9,7
3,3,0
3,3,0
2,2,0
8,8,0
2,2,0
2,3,1
2,5,3
1,1,0
2,2,0
2,2,0
22,24,2
8,31,23
2,2,0
2,5,3
2,2,0
2,2,0
2,2,0
15,15,0
2,3,1
3,3,0
9,9,0
2,2,0
4,4,0
2,2,0
1,2,1
1,7,6
17,21,4
1,26,25
2,2,0
2,2,0
2,2,0
3,3,0
3,8,5
3,5,2
3,5,2
2,2,0
2,14,12
8,8,0
3,3,0
11,11,0
3,3,0
2,2,0
5,5,0
2,2,0
0,0,0
10,10,0
2,4,2
9,9,0
2,2,0
10,10,0
2,2,0
2,2,0
3,4,1
2,9,7
1,3,2
1,21,20
15,18,3
2,2,0
2,2,0
3,5,2
7,9,2
10,10,0
1,2,1
2,17,15
3,5,2
4,4,0
3,5,2
6,6,0
2,2,0
2,2,0
3,3,0
3,3,0
2,2,0
3,5,2
23,39,16
2,2,0
3,7,4
3,3,0
6,6,0
1,2,1
2,2,0
2,3,1
3,3,0
2,2,0
2,2,0
2,2,0
2,2,0
1,4,3
3,27,24
80,125,45
2,12,10
22,22,0
3,3,0
0,0,0
2,2,0
3,19,16
3,7,4
2,4,2
3,3,0
3,5,2
2,2,0
8,8,0
3,6,3
2,25,23
3,3,0
2,2,0
2,17,15
1,2,1
2,2,0
2,4,2
2,2,0
2,2,0
2,4,2
3,3,0
2,3,1
3,7,4
1,1,0
2,174,172
2,2,0
3,5,2
3,4,1
3,3,0
4,5,1
2,2,0
4,4,0
2,2,0
8,8,0
1,2,1
2,2,0
2,5,3
2,2,0
3,7,4
3,5,2
2,2,0
2,2,0
2,2,0
3,5,2
3,4,1
22,22,0
3,3,0
4,7,3
2,4,2
2,2,0
6,6,0
3,6,3
2,2,0
2,2,0
2,2,0
2,2,0
2,2,0
2,2,0
2,17,15
8,8,0
4,4,0
2,2,0
88,88,0
3,5,2
20,22,2
3,3,0
3,9,6
66,78,12
2,2,0
3,3,0
6,6,0
2,2,0
2,2,0
3,5,2
2,85,83
2,8,6
2,2,0
2,3,1
2,2,0
2,2,0
0,0,0
2,3,1
0,0,0
3,5,2
2,2,0
2,2,0
3,4,1
9,9,0
3,3,0
2,6,4
2,2,0
2,2,0
2,2,0
8,8,0
2,2,0
26,26,0
2,5,3
2,2,0
2,3,1
2,2,0
3,5,2
2,2,0
2,2,0
2,2,0
2,2,0
0,0,0
2,2,0
2,19,17
2,2,0
3,3,0
3,3,0
0,0,0
1,14,13
2,2,0
4,4,0
3,5,2
2,2,0
1,1,0
8,8,0
3,3,0
2,2,0
3,26,23
6,6,0
2,2,0
2,2,0
2,2,0
0,0,0
3,7,4
21,23,2
2,2,0
3,3,0
3,5,2
22,22,0
1,1,0
8,12,4
2,4,2
2,4,2
2,2,0
2,2,0
2,2,0
2,2,0
11,11,0
9,9,0
2,6,4
2,2,0
2,2,0
4,4,0
3,3,0
2,2,0
2,2,0
2,2,0
2,4,2
3,3,0
2,2,0
2,2,0
5,5,0
2,2,0
3,3,0
11,11,0
2,2,0
3,5,2
0,0,0
1,1,0
2,2,0
1,2,1
2,2,0
2,8,6
2,3,1
2,4,2
2,2,0
2,2,0
2,2,0
3,5,2
2,2,0
2,3,1
2,2,0
2,2,0
22,22,0
3,6,3
2,2,0
2,2,0
0,0,0
3,3,0
2,2,0
2,2,0
1,3,2
9,9,0
3,5,2
3,3,0
2,2,0
3,3,0
2,2,0
3,3,0
2,2,0
2,2,0
9,9,0
2,2,0
1,4,3
2,2,0
2,2,0
2,2,0
22,22,0
2,2,0
4,9,5
8,8,0
2,2,0
3,3,0
1,1,0
2,2,0
3,5,2
3,7,4
2,9,7
2,2,0
2,82,80
3,5,2
2,3,1
7,7,0
3,9,6
26,26,0
2,2,0
2,2,0
3,3,0
2,2,0
1,1,0
2,2,0
10,10,0
10,10,0
9,18,9
1,2,1
2,2,0
3,6,3
2,4,2
17,17,0
1,2,1
2,2,0
3,5,2
3,3,0
2,4,2
3,3,0
14,15,1
2,2,0
4,6,2
1,1,0
1,23,22
17,19,2
2,2,0
1,1,0
2,2,0
3,4,1
2,2,0
3,5,2
2,11,9
2,2,0
6,6,0
49,52,3
3,3,0
2,2,0
2,2,0
2,2,0
2,2,0
4,4,0
2,2,0
2,2,0
2,2,0
2,2,0
2,80,78
8,9,1
90,91,1
9,9,0
2,2,0
3,3,0
3,4,1
2,2,0
3,3,0
1,2,1
3,3,0
2,2,0
2,2,0
3,3,0
2,82,80
3,8,5
1,1,0
2,2,0
3,3,0
6,6,0
1,1,0
2,2,0
0,0,0
2,2,0
3,3,0
2,7,5
3,3,0
2,2,0
3,3,0
2,3,1
2,8,6
1,56,55
2,4,2
2,2,0
2,6,4
2,16,14
3,3,0
1,3,2
9,9,0
3,3,0
2,2,0
3,3,0
3,3,0
2,2,0
11,11,0
3,3,0
2,107,105
11,11,0
4,4,0
3,3,0
3,3,0
2,2,0
3,3,0
15,15,0
1,76,75
2,3,1
2,4,2
2,28,26
2,2,0
5,5,0
2,2,0
12,12,0
2,2,0
3,3,0
0,0,0
5,5,0
1,1,0
2,2,0
2,2,0
4,4,0
2,2,0
2,2,0
3,3,0
1,1,0
8,8,0
2,2,0
2,80,78
2,3,1
2,2,0
2,2,0
2,2,0
2,4,2
2,2,0
1,6,5
1,1,0
2,2,0
14,14,0
3,10,7
3,3,0
3,5,2
2,2,0
2,2,0
3,3,0
3,3,0
3,3,0
3,5,2
2,2,0
1,1,0
4,84,80
2,2,0
2,2,0
5,5,0
2,2,0
9,9,0
11,13,2
3,5,2
1,1,0
3,3,0
3,3,0
9,9,0
2,2,0
4,5,1
2,2,0
3,3,0
4,4,0
2,2,0
2,2,0
3,8,5
76,76,0
3,3,0
2,2,0
1,10,9
2,2,0
3,3,0
9,9,0
30,32,2
2,2,0
3,3,0
10,10,0
2,11,9
2,2,0
2,2,0
2,6,4
3,3,0
1,1,0
3,3,0
3,81,78
1,7,6
2,2,0
3,3,0
2,2,0
2,2,0
50,104,54
3,5,2
0,0,0
3,3,0
19,20,1
2,2,0
1,1,0
2,2,0
3,11,8
60,61,1
2,2,0
0,0,0
2,2,0
2,2,0
2,12,10
6,6,0
3,5,2
47,47,0
2,8,6
14,17,3
2,2,0
2,2,0
2,2,0
2,7,5
1,3,2
2,2,0
3,7,4
2,6,4
2,2,0
2,2,0
2,2,0
3,18,15
3,3,0
24,24,0
4,4,0
8,8,0
3,3,0
9,9,0
6,7,1
3,7,4
1,2,1
3,3,0
3,5,2
2,19,17
3,3,0
4,6,2
2,4,2
62,73,11
3,6,3
1,3,2
1,4,3
2,4,2
2,2,0
3,4,1
2,2,0
3,3,0
51,55,4
5,6,1
14,14,0
3,3,0
2,7,5
0,0,0
82,86,4
2,2,0
2,2,0
2,2,0
2,2,0
2,2,0
2,2,0
2,2,0
2,2,0
2,4,2
8,8,0
2,2,0
6,6,0
2,2,0
2,2,0
4,4,0
5,5,0
2,2,0
3,5,2
2,4,2
2,2,0
2,2,0
40,40,0
2,45,43
2,2,0
2,2,0
2,4,2
2,2,0
3,5,2
2,2,0
9,18,9
2,2,0
2,8,6
1,100,99
2,4,2
2,2,0
4,59,55
47,47,0
8,8,0
2,2,0
2,3,1
3,3,0
1,1,0
2,2,0
3,3,0
0,0,0
2,2,0
18,18,0
2,2,0
2,6,4
3,3,0
3,3,0
1,21,20
2,2,0
2,2,0
2,2,0
3,3,0
9,20,11
2,2,0
3,12,9
8,8,0
3,5,2
2,2,0
9,9,0
2,2,0
3,3,0
1,5,4
1,2,1
8,8,0
2,5,3
2,3,1
3,3,0
3,3,0
2,2,0
11,11,0
2,2,0
3,3,0
1,3,2
3,5,2
3,11,8
2,2,0
9,9,0
0,0,0
2,14,12
2,4,2
3,16,13
2,2,0
0,0,0
2,2,0
4,4,0
11,14,3
45,45,0
0,0,0
2,3,1
4,4,0
2,2,0
1,3,2
2,2,0
1,2,1
3,4,1
14,14,0
18,22,4
3,6,3
2,2,0
9,9,0
2,2,0
2,2,0
2,6,4
2,2,0
12,12,0
44,59,15
2,4,2
14,14,0
2,2,0
2,15,13
2,2,0
22,22,0
2,2,0
3,9,6
2,2,0
2,2,0
1,1,0
3,3,0
2,2,0
12,12,0
3,5,2
2,4,2
2,2,0
2,2,0
2,4,2
3,5,2
2,6,4
2,7,5
2,2,0
1,2,1
2,2,0
1,1,0
2,2,0
2,2,0
2,6,4
2,4,2
2,2,0
1,2,1
2,2,0
1,22,21
1,1,0
2,2,0
2,2,0
2,2,0
3,3,0
2,7,5
2,2,0
2,2,0
2,2,0
3,3,0
3,3,0
9,9,0
9,9,0
2,20,18
11,11,0
2,2,0
98,102,4
2,2,0
9,9,0
3,3,0
3,3,0
1,8,7
8,8,0
2,16,14
3,3,0
2,6,4
2,4,2
3,3,0
4,4,0
20,21,1
51,51,0
2,5,3
3,3,0
3,13,10
2,5,3
8,8,0
2,2,0
2,2,0
1,11,10
3,6,3
2,2,0
2,2,0
3,3,0
2,20,18
3,3,0
0,0,0
9,9,0
2,2,0
3,3,0
6,6,0
2,6,4
2,2,0
2,2,0
2,2,0
2,2,0
2,2,0
2,2,0
8,8,0
4,5,1
3,10,7
8,8,0
8,8,0
3,3,0
2,2,0
2,2,0
2,2,0
2,2,0
2,2,0
2,2,0
2,2,0
3,3,0
12,12,0
2,4,2
3,3,0
1,1,0
3,3,0
1,4,3
1,1,0
2,3,1
5,5,0
1,4,3
2,3,1
2,2,0
2,2,0
3,13,10
3,5,2
58,58,0
1,2,1
2,2,0
0,0,0
0,0,0
3,4,1
2,4,2
0,0,0
3,4,1
3,5,2
2,7,5
8,8,0
2,46,44
2,8,6
3,3,0
2,2,0
3,5,2
1,1,0
3,6,3
3,3,0
2,2,0
1,3,2
9,9,0
3,3,0
2,2,0
2,2,0
2,2,0
2,2,0
3,3,0
3,3,0
2,2,0
10,13,3
3,3,0
3,3,0
2,2,0
2,2,0
16,16,0
2,2,0
3,3,0
8,8,0
1,21,20
4,8,4
2,3,1
2,2,0
2,2,0
8,52,44
2,2,0
22,24,2
9,9,0
3,9,6
1,21,20
3,3,0
2,4,2
8,8,0
2,2,0
2,2,0
2,47,45
2,2,0
2,2,0
3,3,0
1,2,1
26,26,0
0,0,0
3,3,0
3,3,0
2,2,0
2,2,0
2,2,0
2,2,0
8,8,0
8,8,0
2,16,14
1,2,1
2,2,0
8,8,0
2,2,0
14,14,0
2,2,0
2,2,0
2,2,0
3,7,4
8,8,0
5,5,0
3,4,1
3,7,4
6,7,1
1,1,0
9,23,14
2,2,0
1,1,0
2,3,1
1,1,0
2,16,14
2,2,0
2,2,0
3,3,0
2,2,0
3,3,0
2,2,0
2,2,0
1,2,1
2,2,0
2,2,0
2,8,6
2,4,2
2,2,0
3,4,1
2,2,0
1,4,3
3,8,5
3,6,3
2,4,2
8,10,2
2,2,0
2,2,0
2,4,2
2,3,1
2,2,0
3,5,2
18,18,0
1,1,0
2,41,39
2,2,0
1,2,1
1,1,0
3,5,2
2,2,0
1,1,0
2,2,0
6,6,0
2,4,2
1,1,0
2,2,0
1,63,62
3,3,0
2,2,0
2,2,0
3,5,2
2,3,1
2,2,0
2,2,0
3,3,0
12,12,0
2,6,4
2,2,0
2,2,0
2,2,0
1,3,2
22,22,0
3,22,19
2,2,0
8,8,0
2,4,2
2,2,0
2,9,7
2,2,0
2,2,0
1,23,22
2,2,0
14,24,10
3,3,0
2,2,0
1,4,3
9,9,0
2,4,2
2,4,2
2,3,1
5,41,36
3,3,0
2,2,0
1,2,1
1,8,7
3,9,6
2,2,0
42,42,0
2,4,2
3,7,4
2,2,0
11,13,2
3,3,0
8,8,0
3,3,0
3,3,0
3,3,0
1,1,0
2,2,0
3,13,10
2,2,0
3,5,2
2,2,0
2,7,5
2,2,0
2,4,2
2,2,0
2,2,0
3,7,4
3,3,0
2,2,0
2,11,9
2,3,1
2,2,0
3,5,2
1,1,0
6,6,0
2,2,0
5,5,0
9,9,0
2,2,0
2,2,0
2,2,0
2,2,0
3,5,2
2,2,0
3,3,0
2,2,0
1,1,0
3,3,0
3,3,0
3,11,8
2,2,0
2,2,0
3,5,2
5,5,0
2,2,0
2,2,0
3,9,6
2,2,0
3,3,0
2,2,0
2,6,4
2,2,0
2,2,0
1,2,1
3,4,1
2,2,0
1,1,0
1,32,31
2,2,0
1,2,1
3,3,0
2,2,0
1,2,1
2,3,1
2,7,5
2,2,0
70,71,1
0,0,0
2,2,0
2,2,0
16,16,0
6,6,0
3,3,0
3,13,10
3,6,3
3,5,2
3,3,0
1,1,0
1,2,1
3,3,0
2,18,16
2,2,0
2,2,0
1,74,73
9,9,0
3,5,2
3,47,44
0,0,0
11,11,0
6,6,0
2,2,0
2,2,0
8,8,0
9,9,0
3,3,0
1,3,2
3,3,0
1,20,19
2,2,0
1,24,23
2,2,0
2,2,0
2,2,0
1,4,3
3,9,6
2,2,0
4,4,0
1,7,6
3,18,15
8,8,0
2,8,6
3,3,0
2,2,0
2,2,0
3,86,83
2,2,0
1,10,9
3,3,0
3,5,2
8,8,0
2,2,0
2,2,0
2,2,0
2,2,0
2,2,0
2,2,0
1,1,0
10,10,0
2,2,0
2,3,1
2,2,0
2,2,0
2,2,0
1,2,1
2,2,0
1,2,1
3,7,4
2,2,0
3,3,0
2,2,0
2,2,0
2,2,0
2,2,0
3,7,4
2,2,0
20,27,7
3,3,0
2,2,0
3,3,0
2,2,0
2,2,0
2,2,0
1,7,6
2,4,2
2,4,2
4,4,0
2,4,2
2,2,0
7,9,2
0,0,0
2,2,0
2,2,0
1,2,1
6,11,5
2,6,4
1,22,21
3,3,0
8,8,0
3,9,6
3,3,0
2,2,0
2,2,0
2,2,0
3,5,2
5,5,0
3,3,0
11,24,13
2,2,0
0,0,0
2,2,0
6,6,0
2,2,0
2,5,3
45,45,0
10,22,12
3,3,0
2,2,0
2,4,2
2,6,4
2,2,0
8,8,0
1,2,1
3,3,0
3,5,2
9,9,0
11,11,0
2,2,0
2,2,0
2,2,0
2,2,0
1,23,22
2,4,2
2,2,0
9,9,0
2,5,3
2,2,0
0,0,0
0,0,0
0,0,0
9,9,0
3,6,3
8,16,8
5,6,1
3,8,5
2,2,0
3,5,2
8,8,0
2,2,0
2,2,0
8,8,0
0,0,0
3,3,0
10,10,0
3,3,0
2,2,0
2,2,0
2,2,0
2,7,5
2,2,0
2,2,0
8,8,0
1,23,22
3,3,0
8,8,0
2,2,0
6,8,2
3,7,4
2,4,2
1,1,0
87,137,50
2,2,0
18,18,0
2,25,23
2,2,0
1,1,0
2,2,0
50,50,0
1,7,6
3,7,4
1,23,22
2,2,0
2,2,0
2,2,0
8,8,0
3,8,5
2,2,0
3,3,0
2,13,11
53,56,3
2,2,0
11,11,0
0,0,0
3,6,3
1,3,2
3,6,3
61,69,8
3,3,0
2,2,0
2,2,0
2,2,0
3,3,0
6,6,0
100,100,0
2,2,0
1,26,25
2,7,5
3,3,0
3,7,4
3,7,4
11,11,0
2,2,0
2,2,0
2,2,0
2,4,2
8,8,0
2,2,0
1,27,26
2,2,0
4,4,0
2,2,0
7,57,50
2,2,0
1,4,3
2,3,1
9,9,0
8,8,0
3,3,0
91,93,2
3,4,1
2,2,0
7,7,0
11,11,0
2,2,0
2,3,1
2,2,0
2,2,0
8,8,0
2,4,2
0,0,0
1,2,1
2,2,0
3,3,0
1,1,0
3,3,0
2,2,0
2,4,2
2,2,0
3,7,4
9,9,0
2,2,0
3,3,0
2,2,0
89,185,96
2,2,0
2,2,0
1,1,0
2,2,0
3,3,0
2,2,0
2,2,0
2,3,1
2,2,0
9,52,43
2,2,0
2,6,4
3,3,0
2,8,6
3,6,3
2,4,2
2,2,0
122,122,0
2,5,3
2,2,0
9,9,0
15,15,0
3,5,2
2,2,0
4,7,3
11,11,0
1,1,0
2,5,3
3,5,2
24,24,0
2,2,0
2,2,0
3,3,0
23,25,2
2,2,0
8,8,0
2,2,0
2,4,2
2,2,0
2,2,0
3,8,5
2,2,0
2,12,10
2,2,0
2,2,0
3,5,2
3,5,2
5,5,0
2,2,0
3,3,0
1,7,6
3,3,0
1,3,2
10,10,0
2,2,0
3,3,0
3,3,0
2,2,0
3,9,6
2,70,68
3,3,0
2,4,2
2,2,0
2,6,4
2,2,0
1,2,1
3,9,6
2,2,0
2,2,0
2,2,0
2,2,0
2,4,2
3,6,3
2,2,0
2,2,0
2,4,2
2,6,4
3,5,2
2,2,0
2,8,6
18,18,0
2,2,0
1,1,0
2,2,0
2,2,0
2,2,0
3,3,0
3,7,4
1,1,0
2,2,0
2,4,2
2,5,3
2,25,23
2,82,80
2,2,0
2,2,0
9,11,2
3,6,3
3,5,2
7,8,1
2,69,67
5,5,0
2,2,0
3,3,0
1,24,23
2,2,0
1,14,13
21,21,0
90,90,0
2,2,0
2,4,2
2,4,2
2,2,0
0,0,0
3,12,9
3,3,0
0,0,0
3,3,0
2,2,0
3,3,0
3,7,4
2,2,0
8,8,0
2,2,0
1,2,1
2,2,0
2,2,0
2,5,3
2,23,21
13,13,0
2,2,0
0,0,0
2,2,0
0,0,0
2,2,0
3,5,2
0,0,0
2,2,0
2,6,4
3,3,0
2,2,0
2,2,0
3,5,2
2,8,6
2,2,0
1,21,20
3,3,0
2,2,0
2,4,2
2,2,0
2,4,2
2,6,4
2,2,0
2,45,43
0,0,0
3,5,2
1,3,2
51,51,0
3,3,0
2,3,1
3,8,5
1,55,54
8,8,0
10,10,0
3,5,2
2,2,0
8,18,10
2,2,0
3,7,4
23,23,0
3,3,0
76,79,3
0,0,0
2,4,2
1,1,0
0,0,0
2,2,0
62,72,10
2,2,0
2,2,0
6,7,1
2,4,2
2,6,4
3,3,0
2,4,2
2,4,2
20,20,0
3,3,0
0,0,0
22,22,0
2,2,0
2,2,0
0,0,0
2,2,0
3,78,75
2,2,0
2,2,0
2,2,0
2,2,0
3,3,0
3,5,2
2,2,0
3,3,0
9,9,0
2,2,0
4,6,2
2,2,0
2,2,0
2,2,0
3,3,0
1,2,1
2,7,5
2,2,0
2,3,1
59,59,0
2,3,1
3,5,2
2,2,0
2,4,2
2,3,1
1,2,1
3,5,2
2,3,1
2,6,4
2,2,0
3,3,0
2,2,0
3,3,0
2,2,0
3,3,0
1,1,0
46,46,0
2,2,0
2,2,0
3,3,0
2,2,0
0,0,0
2,2,0
10,18,8
8,8,0
2,2,0
4,4,0
3,15,12
2,2,0
36,38,2
3,5,2
2,2,0
0,0,0
1,7,6
20,20,0
2,4,2
4,5,1
3,11,8
2,2,0
3,3,0
2,6,4
2,5,3
3,3,0
2,2,0
2,4,2
1,22,21
2,2,0
52,167,115
8,8,0
3,3,0
2,2,0
2,2,0
0,0,0
1,1,0
2,2,0
2,32,30
2,2,0
2,2,0
9,9,0
3,3,0
0,0,0
2,17,15
8,8,0
2,5,3
7,10,3
2,2,0
2,7,5
4,4,0
2,2,0
2,3,1
2,2,0
2,2,0
2,2,0
3,3,0
2,2,0
3,3,0
9,9,0
3,3,0
2,2,0
2,2,0
11,11,0
3,5,2
2,2,0
1,1,0
2,2,0
1,1,0
3,8,5
8,8,0
2,2,0
3,5,2
3,7,4
12,12,0
3,4,1
2,3,1
2,2,0
1,1,0
2,4,2
22,22,0
0,0,0
3,3,0
2,4,2
4,4,0
2,2,0
11,11,0
2,4,2
3,3,0
1,2,1
9,9,0
2,2,0
2,2,0
2,3,1
2,10,8
2,2,0
101,102,1
0,0,0
2,2,0
3,3,0
2,2,0
2,3,1
2,2,0
8,8,0
2,2,0
2,2,0
0,0,0
1,31,30
2,2,0
2,7,5
2,3,1
8,8,0
8,8,0
3,3,0
8,8,0
3,8,5
2,2,0
2,6,4
2,2,0
1,3,2
3,4,1
2,2,0
2,2,0
3,3,0
2,2,0
3,3,0
3,3,0
2,2,0
2,2,0
2,2,0
2,2,0
2,2,0
2,2,0
96,174,78
3,5,2
3,3,0
2,2,0
2,7,5
3,5,2
2,4,2
2,2,0
2,10,8
2,2,0
2,7,5
10,10,0
2,2,0
2,2,0
3,3,0
2,3,1
9,9,0
8,8,0
2,28,26
2,2,0
3,3,0
2,2,0
3,10,7
2,2,0
2,2,0
2,2,0
2,2,0
2,41,39
2,2,0
4,5,1
1,20,19
3,3,0
1,24,23
8,13,5
9,9,0
2,2,0
3,5,2
3,4,1
8,8,0
1,1,0
2,2,0
2,3,1
0,0,0
8,10,2
20,20,0
3,11,8
1,2,1
29,29,0
2,2,0
3,3,0
2,2,0
2,2,0
2,2,0
50,50,0
2,2,0
2,2,0
2,6,4
8,8,0
3,10,7
2,2,0
2,2,0
2,2,0
2,2,0
2,2,0
3,10,7
1,2,1
42,45,3
2,2,0
2,2,0
4,12,8
2,2,0
0,0,0
2,2,0
2,2,0
46,46,0
3,3,0
2,6,4
2,2,0
3,3,0
2,2,0
3,3,0
2,2,0
3,3,0
1,2,1
3,3,0
2,2,0
2,8,6
9,9,0
2,2,0
2,2,0
1,1,0
0,0,0
2,2,0
5,5,0
3,24,21
66,67,1
3,3,0
2,2,0
1,7,6
3,3,0
2,2,0
2,2,0
1,23,22
1,1,0
2,2,0
3,6,3
2,3,1
2,4,2
8,8,0
2,50,48
2,2,0
2,2,0
7,7,0
60,75,15
3,5,2
8,8,0
2,2,0
2,2,0
2,2,0
2,2,0
2,2,0
2,2,0
3,3,0
11,11,0
2,9,7
1,2,1
5,5,0
3,8,5
3,3,0
3,7,4
2,2,0
3,3,0
2,5,3
2,2,0
3,7,4
2,2,0
23,23,0
2,2,0
11,25,14
3,5,2
2,4,2
2,2,0
3,3,0
3,9,6
2,2,0
2,2,0
8,8,0
2,2,0
2,2,0
1,1,0
2,2,0
6,6,0
2,2,0
3,5,2
15,15,0
1,2,1
2,4,2
4,4,0
2,2,0
3,3,0
3,3,0
2,12,10
3,3,0
8,8,0
2,2,0
2,2,0
1,1,0
0,0,0
16,16,0
3,3,0
3,3,0
3,3,0
2,2,0
3,10,7
2,4,2
2,2,0
2,3,1
2,2,0
2,2,0
1,1,0
3,5,2
1,2,1
3,6,3
3,5,2
4,4,0
2,2,0
1,4,3
3,7,4
0,0,0
1,3,2
0,0,0
143,143,0
2,3,1
2,4,2
3,7,4
48,48,0
3,5,2
8,8,0
2,3,1
3,3,0
3,3,0
9,9,0
0,0,0
2,3,1
2,8,6
2,3,1
7,7,0
2,2,0
2,4,2
2,4,2
2,2,0
8,8,0
2,4,2
2,3,1
1,4,3
2,2,0
22,22,0
2,2,0
3,5,2
51,51,0
2,2,0
8,8,0
3,3,0
50,50,0
11,11,0
3,15,12
3,3,0
2,2,0
1,1,0
2,4,2
2,2,0
0,0,0
2,4,2
2,2,0
2,2,0
2,3,1
0,0,0
8,8,0
3,3,0
3,3,0
1,2,1
99,105,6
3,3,0
3,5,2
3,3,0
3,3,0
2,2,0
3,3,0
25,25,0
2,2,0
2,2,0
2,3,1
2,2,0
1,1,0
1,1,0
3,3,0
2,2,0
3,3,0
3,6,3
0,0,0
2,2,0
3,5,2
2,2,0
2,14,12
2,2,0
2,2,0
10,10,0
2,2,0
2,2,0
3,5,2
2,2,0
2,2,0
1,1,0
3,3,0
3,3,0
1,2,1
2,2,0
2,2,0
2,2,0
2,2,0
2,7,5
2,17,15
2,6,4
1,1,0
3,5,2
2,2,0
11,25,14
2,2,0
2,6,4
2,2,0
100,104,4
2,21,19
3,3,0
1,22,21
2,2,0
3,7,4
3,3,0
6,6,0
2,2,0
2,2,0
2,4,2
3,5,2
2,2,0
2,2,0
1,1,0
11,11,0
141,141,0
2,2,0
3,3,0
2,2,0
2,3,1
4,4,0
3,28,25
9,9,0
2,2,0
3,3,0
2,4,2
2,2,0
8,8,0
2,2,0
3,3,0
3,11,8
9,9,0
1,2,1
0,0,0
2,2,0
6,7,1
2,2,0
1,4,3
3,3,0
2,3,1
1,7,6
4,34,30
3,7,4
2,9,7
4,4,0
3,10,7
3,3,0
3,3,0
3,3,0
1,1,0
3,5,2
2,12,10
2,2,0
20,20,0
10,12,2
2,3,1
2,5,3
3,4,1
3,3,0
8,8,0
3,14,11
10,11,1
2,2,0
2,2,0
3,4,1
3,12,9
2,5,3
3,5,2
3,4,1
2,2,0
0,0,0
1,21,20
2,2,0
1,57,56
2,2,0
2,3,1
2,2,0
2,2,0
3,3,0
2,4,2
3,3,0
22,24,2
1,2,1
2,6,4
100,100,0
68,68,0
9,9,0
13,37,24
2,2,0
2,2,0
5,5,0
2,4,2
17,17,0
2,82,80
2,74,72
2,4,2
2,4,2
8,8,0
3,7,4
3,3,0
3,5,2
2,4,2
2,3,1
3,7,4
2,2,0
2,2,0
1,3,2
2,2,0
2,2,0
2,4,2
3,3,0
2,7,5
1,3,2
3,4,1
2,2,0
2,2,0
2,2,0
3,10,7
2,2,0
2,2,0
2,4,2
2,2,0
2,2,0
1,1,0
2,2,0
2,4,2
2,2,0
3,4,1
2,2,0
3,3,0
2,2,0
81,81,0
8,8,0
1,29,28
3,3,0
2,2,0
2,2,0
2,2,0
2,3,1
9,12,3
2,2,0
13,14,1
1,6,5
1,1,0
4,4,0
2,10,8
8,8,0
2,2,0
2,2,0
1,1,0
1,6,5
8,8,0
2,8,6
2,2,0
2,2,0
2,13,11
10,18,8
2,2,0
3,25,22
3,3,0
2,2,0
1,4,3
3,3,0
1,4,3
1,1,0
2,2,0
3,3,0
0,0,0
2,4,2
11,11,0
2,2,0
1,8,7
2,2,0
7,9,2
3,3,0
3,3,0
2,4,2
3,3,0
1,6,5
2,2,0
2,2,0
2,6,4
2,2,0
2,2,0
3,8,5
2,2,0
8,8,0
3,5,2
2,2,0
17,17,0
2,2,0
2,2,0
2,2,0
2,2,0
2,7,5
2,3,1
3,5,2
9,9,0
2,2,0
1,2,1
2,2,0
15,15,0
2,2,0
3,3,0
9,9,0
3,5,2
1,2,1
1,20,19
3,5,2
3,11,8
10,10,0
2,16,14
1,3,2
3,3,0
3,3,0
2,2,0
1,2,1
2,3,1
2,4,2
1,1,0
2,2,0
2,2,0
2,2,0
2,2,0
2,2,0
96,96,0
2,2,0
1,4,3
2,2,0
109,109,0
20,22,2
10,10,0
3,3,0
2,2,0
3,4,1
2,4,2
3,3,0
2,3,1
2,2,0
2,2,0
1,16,15
2,4,2
3,3,0
12,12,0
3,5,2
3,3,0
1,1,0
3,3,0
5,5,0
3,3,0
4,6,2
3,3,0
3,5,2
2,2,0
2,2,0
0,0,0
2,2,0
2,2,0
4,4,0
2,2,0
9,9,0
2,2,0
3,23,20
3,3,0
2,2,0
10,12,2
2,2,0
2,2,0
2,8,6
2,2,0
2,2,0
2,2,0
2,2,0
2,2,0
2,2,0
2,2,0
12,12,0
2,2,0
2,2,0
3,6,3
3,7,4
2,82,80
3,5,2
3,5,2
2,2,0
1,2,1
2,2,0
2,4,2
14,14,0
3,3,0
2,2,0
2,2,0
2,2,0
3,3,0
5,5,0
2,2,0
3,7,4
2,2,0
3,5,2
2,4,2
3,11,8
3,5,2
2,2,0
2,2,0
2,2,0
3,3,0
2,5,3
2,2,0
3,4,1
2,5,3
3,3,0
2,2,0
1,10,9
3,3,0
10,10,0
55,104,49
2,2,0
74,74,0
9,9,0
2,2,0
2,2,0
0,0,0
3,6,3
0,0,0
0,0,0
2,4,2
3,3,0
3,5,2
0,0,0
3,6,3
2,2,0
3,3,0
24,24,0
2,4,2
9,20,11
3,3,0
2,4,2
1,22,21
3,7,4
1,2,1
1,1,0
2,2,0
2,4,2
2,2,0
2,10,8
1,22,21
2,2,0
1,35,34
2,2,0
3,15,12
2,2,0
6,35,29
1,1,0
9,9,0
9,9,0
2,3,1
0,0,0
3,3,0
2,2,0
1,2,1
6,9,3
3,5,2
2,2,0
2,2,0
3,5,2
1,2,1
2,2,0
2,2,0
4,4,0
3,3,0
2,3,1
11,11,0
8,8,0
0,0,0
0,0,0
2,2,0
2,2,0
2,2,0
1,1,0
3,3,0
0,0,0
2,2,0
3,5,2
3,3,0
2,4,2
3,9,6
1,7,6
2,2,0
23,23,0
3,5,2
3,3,0
2,2,0
6,6,0
1,2,1
11,11,0
8,8,0
4,4,0
2,3,1
2,2,0
51,52,1
2,2,0
3,3,0
1,7,6
2,2,0
9,9,0
3,12,9
2,3,1
1,1,0
1,25,24
2,4,2
3,3,0
0,0,0
3,7,4
3,8,5
3,7,4
3,15,12
9,11,2
3,14,11
1,1,0
6,6,0
1,29,28
1,2,1
2,6,4
1,24,23
3,3,0
2,2,0
22,25,3
0,0,0
2,2,0
2,2,0
2,3,1
3,3,0
1,2,1
2,2,0
1,22,21
0,0,0
3,5,2
3,6,3
1,2,1
2,2,0
2,2,0
2,2,0
5,5,0
1,23,22
8,8,0
23,23,0
1,2,1
1,1,0
2,2,0
1,8,7
3,3,0
2,2,0
4,6,2
3,3,0
3,3,0
2,2,0
2,2,0
0,0,0
20,20,0
2,3,1
2,2,0
3,3,0
2,2,0
3,3,0
4,7,3
2,2,0
2,33,31
2,3,1
3,3,0
2,17,15
0,0,0
2,2,0
3,11,8
100,100,0
2,4,2
2,5,3
2,9,7
2,2,0
4,4,0
22,22,0
2,2,0
2,28,26
2,2,0
3,5,2
2,4,2
2,2,0
2,4,2
3,3,0
0,0,0
0,0,0
2,2,0
97,97,0
1,37,36
1,2,1
15,20,5
2,2,0
3,7,4
3,3,0
2,21,19
2,4,2
3,3,0
2,4,2
2,2,0
0,0,0
3,3,0
3,3,0
3,3,0
94,94,0
1,4,3
2,2,0
0,0,0
8,8,0
2,4,2
2,2,0
8,8,0
3,4,1
2,92,90
1,1,0
1,4,3
3,4,1
3,3,0
3,7,4
8,8,0
2,2,0
1,1,0
8,8,0
2,2,0
3,3,0
2,2,0
2,2,0
1,1,0
2,2,0
1,47,46
11,11,0
14,14,0
3,9,6
1,2,1
2,2,0
8,8,0
2,2,0
10,10,0
1,6,5
2,8,6
6,6,0
3,3,0
2,2,0
3,10,7
10,10,0
2,2,0
3,3,0
84,84,0
3,3,0
2,6,4
2,2,0
9,17,8
3,5,2
3,5,2
0,0,0
3,5,2
120,242,122
3,7,4
1,24,23
2,2,0
1,2,1
100,100,0
2,2,0
2,2,0
2,2,0
2,6,4
2,2,0
2,2,0
2,82,80
10,49,39
4,15,11
1,1,0
2,4,2
2,2,0
2,2,0
11,11,0
4,6,2
2,2,0
1,4,3
2,2,0
2,8,6
2,4,2
2,2,0
2,5,3
47,47,0
3,3,0
9,9,0
2,2,0
2,2,0
2,2,0
2,4,2
2,8,6
2,8,6
3,3,0
2,2,0
2,2,0
2,2,0
26,39,13
4,5,1
4,13,9
2,4,2
8,8,0
2,2,0
19,97,78
3,3,0
2,2,0
1,21,20
1,4,3
1,1,0
1,1,0
2,2,0
6,6,0
2,2,0
1,2,1
2,19,17
2,6,4
2,2,0
9,9,0
2,2,0
3,3,0
2,2,0
8,8,0
2,4,2
2,3,1
3,5,2
2,2,0
1,2,1
2,2,0
2,2,0
2,11,9
2,2,0
3,10,7
30,30,0
3,3,0
3,5,2
1,2,1
2,3,1
85,93,8
0,0,0
0,0,0
71,168,97
2,2,0
2,2,0
3,3,0
3,5,2
3,3,0
3,3,0
3,5,2
3,7,4
2,2,0
2,3,1
1,3,2
2,2,0
2,2,0
2,2,0
9,9,0
2,2,0
2,4,2
2,3,1
1,1,0
5,5,0
2,2,0
8,8,0
0,0,0
8,10,2
2,2,0
2,2,0
2,2,0
3,4,1
2,2,0
2,6,4
2,2,0
51,51,0
2,2,0
21,21,0
1,22,21
2,2,0
1,5,4
2,2,0
3,3,0
1,1,0
6,6,0
2,2,0
3,4,1
1,1,0
9,9,0
2,2,0
2,2,0
2,2,0
3,79,76
2,2,0
2,3,1
1,1,0
3,6,3
2,6,4
3,5,2
20,20,0
3,5,2
11,11,0
3,3,0
1,8,7
2,2,0
4,4,0
3,3,0
76,76,0
3,5,2
2,2,0
3,3,0
2,2,0
4,4,0
2,2,0
2,2,0
2,2,0
14,35,21
3,5,2
3,3,0
36,36,0
3,3,0
9,9,0
3,5,2
1,1,0
1,2,1
3,5,2
3,3,0
2,2,0
8,17,9
3,3,0
1,4,3
2,2,0
2,4,2
2,4,2
3,5,2
2,2,0
2,2,0
1,3,2
3,3,0
10,15,5
8,8,0
4,4,0
1,2,1
2,6,4
2,2,0
3,7,4
1,1,0
34,34,0
3,3,0
9,9,0
3,3,0
3,3,0
2,2,0
3,3,0
3,5,2
2,2,0
2,2,0
3,3,0
3,5,2
2,2,0
3,17,14
2,2,0
2,2,0
2,2,0
24,24,0
2,6,4
9,9,0
2,5,3
2,4,2
2,2,0
2,2,0
4,4,0
2,4,2
3,3,0
2,28,26
3,4,1
3,7,4
3,3,0
3,5,2
2,6,4
2,2,0
2,2,0
3,3,0
2,2,0
2,2,0
2,2,0
3,3,0
2,2,0
3,5,2
3,20,17
2,4,2
2,2,0
3,3,0
5,5,0
2,2,0
3,3,0
0,0,0
4,10,6
2,4,2
3,9,6
3,5,2
2,4,2
2,2,0
2,2,0
9,9,0
3,3,0
3,7,4
2,2,0
10,10,0
2,2,0
3,3,0
2,14,12
2,4,2
6,6,0
2,2,0
3,3,0
2,6,4
2,2,0
9,9,0
3,5,2
2,2,0
8,32,24
1,1,0
3,3,0
2,2,0
13,13,0
3,3,0
3,5,2
5,8,3
2,10,8
2,2,0
3,3,0
5,5,0
2,2,0
51,51,0
2,2,0
3,9,6
2,2,0
0,0,0
3,5,2
9,9,0
3,3,0
1,2,1
2,2,0
3,9,6
3,10,7
3,3,0
2,2,0
0,0,0
60,60,0
3,3,0
2,4,2
2,12,10
2,5,3
51,101,50
3,3,0
3,3,0
3,3,0
2,2,0
2,68,66
3,9,6
2,10,8
5,6,1
2,4,2
9,13,4
9,9,0
2,2,0
15,15,0
2,2,0
0,0,0
2,2,0
2,2,0
2,2,0
2,2,0
2,6,4
2,2,0
2,2,0
2,2,0
2,2,0
2,2,0
9,9,0
4,4,0
9,9,0
3,15,12
10,22,12
2,2,0
3,3,0
2,2,0
2,2,0
2,2,0
2,6,4
6,6,0
2,4,2
2,4,2
2,2,0
0,0,0
3,6,3
3,5,2
2,2,0
2,2,0
7,87,80
1,1,0
2,4,2
1,1,0
3,3,0
3,9,6
2,2,0
3,5,2
3,8,5
2,2,0
2,24,22
3,7,4
2,2,0
3,3,0
2,2,0
13,13,0
2,2,0
2,2,0
2,2,0
9,9,0
2,6,4
66,66,0
1,22,21
1,4,3
2,2,0
2,2,0
2,2,0
2,6,4
66,175,109
3,12,9
3,5,2
3,5,2
3,3,0
1,73,72
1,2,1
3,3,0
3,22,19
3,5,2
2,2,0
2,2,0
1,2,1
100,104,4
51,51,0
2,2,0
0,0,0
1,1,0
0,0,0
2,4,2
3,5,2
2,4,2
2,2,0
2,5,3
1,2,1
2,2,0
2,2,0
2,4,2
1,6,5
74,74,0
2,2,0
1,2,1
9,9,0
1,26,25
2,6,4
1,1,0
9,9,0
1,1,0
2,6,4
2,2,0
2,3,1
2,4,2
7,13,6
3,9,6
2,2,0
1,9,8
3,5,2
2,6,4
2,2,0
2,2,0
2,2,0
3,3,0
3,5,2
12,99,87
9,9,0
2,9,7
9,16,7
2,2,0
4,4,0
3,3,0
2,2,0
3,8,5
2,2,0
3,3,0
0,0,0
2,2,0
67,140,73
1,1,0
27,27,0
0,0,0
2,2,0
2,2,0
0,0,0
1,1,0
3,3,0
8,8,0
2,2,0
2,2,0
75,75,0
21,21,0
6,6,0
3,3,0
2,2,0
2,4,2
2,2,0
2,2,0
3,5,2
3,7,4
2,17,15
8,10,2
2,6,4
1,2,1
9,9,0
8,12,4
3,3,0
2,2,0
2,2,0
2,2,0
9,9,0
24,24,0
2,2,0
1,1,0
2,3,1
2,2,0
1,9,8
2,2,0
1,3,2
3,5,2
2,2,0
2,2,0
3,5,2
2,3,1
3,5,2
4,5,1
3,3,0
6,6,0
9,9,0
0,0,0
2,2,0
2,2,0
3,3,0
2,11,9
1,2,1
11,11,0
1,1,0
2,2,0
1,2,1
2,2,0
10,10,0
3,7,4
2,4,2
2,2,0
2,2,0
2,5,3
3,3,0
2,2,0
2,43,41
6,6,0
3,3,0
100,104,4
2,3,1
3,3,0
8,8,0
2,2,0
3,3,0
2,2,0
9,9,0
0,0,0
2,2,0
2,2,0
2,2,0
2,2,0
3,5,2
2,17,15
2,2,0
2,2,0
1,1,0
2,2,0
1,3,2
3,4,1
3,5,2
2,2,0
2,2,0
2,4,2
5,5,0
3,3,0
9,9,0
2,2,0
2,2,0
2,4,2
5,8,3
2,5,3
1,1,0
43,44,1
47,47,0
3,9,6
2,2,0
2,2,0
2,2,0
1,2,1
2,2,0
2,2,0
2,6,4
8,8,0
2,2,0
3,3,0
8,16,8
3,3,0
8,8,0
3,5,2
2,2,0
2,3,1
3,7,4
3,9,6
2,5,3
3,3,0
3,3,0
3,3,0
23,63,40
0,0,0
2,7,5
2,2,0
2,2,0
8,8,0
1,3,2
3,3,0
2,2,0
3,10,7
3,5,2
3,7,4
2,2,0
1,1,0
1,2,1
2,4,2
3,4,1
2,2,0
5,5,0
2,4,2
2,4,2
2,88,86
2,2,0
2,2,0
2,2,0
2,2,0
11,11,0
2,2,0
2,3,1
2,2,0
2,2,0
9,9,0
2,2,0
2,2,0
2,2,0
2,4,2
6,6,0
6,6,0
3,3,0
2,2,0
3,3,0
2,2,0
3,10,7
2,2,0
2,2,0
7,23,16
2,2,0
27,98,71
3,3,0
2,2,0
2,3,1
3,9,6
2,4,2
2,6,4
1,2,1
2,4,2
2,2,0
2,2,0
25,27,2
2,2,0
3,3,0
2,2,0
1,1,0
2,6,4
3,3,0
7,7,0
15,18,3
2,2,0
94,96,2
9,11,2
1,25,24
18,18,0
0,0,0
8,8,0
2,2,0
8,8,0
1,2,1
2,2,0
2,2,0
2,6,4
1,4,3
3,3,0
2,2,0
3,3,0
2,2,0
3,3,0
3,3,0
2,2,0
2,4,2
3,3,0
4,4,0
3,3,0
3,3,0
1,3,2
2,2,0
1,1,0
14,14,0
3,6,3
3,3,0
1,3,2
1,7,6
2,4,2
2,2,0
3,3,0
2,2,0
3,3,0
2,2,0
3,3,0
2,2,0
2,2,0
3,3,0
3,3,0
2,2,0
2,2,0
3,3,0
3,7,4
2,2,0
8,8,0
2,3,1
3,51,48
3,9,6
2,4,2
2,2,0
129,236,107
8,8,0
3,3,0
2,2,0
4,7,3
3,4,1
3,11,8
1,22,21
1,2,1
2,2,0
3,3,0
3,7,4
1,1,0
2,5,3
2,7,5
2,2,0
6,6,0
3,11,8
3,3,0
8,8,0
9,9,0
2,2,0
11,11,0
8,8,0
6,6,0
3,3,0
3,3,0
2,2,0
3,7,4
2,2,0
2,2,0
3,3,0
1,1,0
2,2,0
3,3,0
2,2,0
1,2,1
2,2,0
2,23,21
2,3,1
2,2,0
2,2,0
2,2,0
1,1,0
8,8,0
9,29,20
2,8,6
3,5,2
100,100,0
2,2,0
2,2,0
2,4,2
2,4,2
3,6,3
3,8,5
2,2,0
2,4,2
2,2,0
12,12,0
2,57,55
1,1,0
2,2,0
8,8,0
3,3,0
3,3,0
11,11,0
2,2,0
1,2,1
2,2,0
2,25,23
3,6,3
3,3,0
2,2,0
5,5,0
3,3,0
3,3,0
2,2,0
2,2,0
2,2,0
2,4,2
8,8,0
2,2,0
2,2,0
3,9,6
3,12,9
8,8,0
2,2,0
3,3,0
2,2,0
2,4,2
2,2,0
3,6,3
2,2,0
3,5,2
2,2,0
4,4,0
3,3,0
9,9,0
2,2,0
3,5,2
9,11,2
2,2,0
2,3,1
3,3,0
4,4,0
2,2,0
3,3,0
3,3,0
3,3,0
3,3,0
3,3,0
2,4,2
25,25,0
2,2,0
2,8,6
1,2,1
3,3,0
1,1,0
3,3,0
2,2,0
3,6,3
0,0,0
2,2,0
2,2,0
2,2,0
1,2,1
0,0,0
3,7,4
1,1,0
2,2,0
4,4,0
2,2,0
2,2,0
40,40,0
2,2,0
3,7,4
2,2,0
2,2,0
2,2,0
3,3,0
8,8,0
8,10,2
3,5,2
3,7,4
1,1,0
3,3,0
4,4,0
2,2,0
1,2,1
2,2,0
2,2,0
8,13,5
2,3,1
0,0,0
1,8,7
1,1,0
9,9,0
51,51,0
3,3,0
2,2,0
3,8,5
2,8,6
3,3,0
1,23,22
2,2,0
2,4,2
2,8,6
3,3,0
1,2,1
2,4,2
2,6,4
2,6,4
2,2,0
71,71,0
2,2,0
3,5,2
21,21,0
2,2,0
2,2,0
1,22,21
3,3,0
2,2,0
2,2,0
0,0,0
0,0,0
2,4,2
2,2,0
2,2,0
0,0,0
119,119,0
2,2,0
2,6,4
2,2,0
2,2,0
5,7,2
1,1,0
2,80,78
2,2,0
2,2,0
3,3,0
1,9,8
2,3,1
8,8,0
2,2,0
8,8,0
2,3,1
2,4,2
1,1,0
2,4,2
3,11,8
2,2,0
2,2,0
2,2,0
2,2,0
3,3,0
1,1,0
2,4,2
3,13,10
0,0,0
11,11,0
2,14,12
3,3,0
2,2,0
2,2,0
51,51,0
3,5,2
2,4,2
2,2,0
2,2,0
2,5,3
3,9,6
2,4,2
3,3,0
11,11,0
1,2,1
3,5,2
2,2,0
2,2,0
3,3,0
2,2,0
2,2,0
3,11,8
2,2,0
2,12,10
10,10,0
3,3,0
2,2,0
3,5,2
8,8,0
2,2,0
2,2,0
3,3,0
2,2,0
2,2,0
1,2,1
3,6,3
2,2,0
2,2,0
2,2,0
2,2,0
5,11,6
2,10,8
1,2,1
3,3,0
2,2,0
2,2,0
2,3,1
2,2,0
3,3,0
11,19,8
2,2,0
3,3,0
2,4,2
2,2,0
0,0,0
2,7,5
3,7,4
0,0,0
2,2,0
2,2,0
3,11,8
6,6,0
47,130,83
3,3,0
2,2,0
1,4,3
8,8,0
2,2,0
2,2,0
7,9,2
2,2,0
0,0,0
2,2,0
2,2,0
2,2,0
2,2,0
2,2,0
2,2,0
2,2,0
2,4,2
2,2,0
3,3,0
4,4,0
2,7,5
12,12,0
2,2,0
3,5,2
51,62,11
9,9,0
2,2,0
2,4,2
1,1,0
5,5,0
3,6,3
2,2,0
2,2,0
2,2,0
1,2,1
2,4,2
13,13,0
2,2,0
3,6,3
3,3,0
3,3,0
2,2,0
3,3,0
2,4,2
2,2,0
2,2,0
3,3,0
3,3,0
9,9,0
2,2,0
3,13,10
3,5,2
2,6,4
5,5,0
3,5,2
1,1,0
8,8,0
1,1,0
14,25,11
2,2,0
8,8,0
3,3,0
2,2,0
2,10,8
2,2,0
2,2,0
4,4,0
2,2,0
6,6,0
2,2,0
3,3,0
3,24,21
2,3,1
2,2,0
46,46,0
2,2,0
11,11,0
1,1,0
2,2,0
3,3,0
1,2,1
2,2,0
6,6,0
8,8,0
10,10,0
3,3,0
2,2,0
2,22,20
3,3,0
3,3,0
2,4,2
2,2,0
2,2,0
3,3,0
2,2,0
2,2,0
6,111,105
2,2,0
2,2,0
2,2,0
6,6,0
2,5,3
6,6,0
3,3,0
1,1,0
2,2,0
3,7,4
3,7,4
2,46,44
2,4,2
2,2,0
2,2,0
3,3,0
3,3,0
3,6,3
2,2,0
2,2,0
2,2,0
2,3,1
118,207,89
2,2,0
2,2,0
10,10,0
2,2,0
1,10,9
100,100,0
3,3,0
8,8,0
3,10,7
3,5,2
8,8,0
2,4,2
3,7,4
2,2,0
98,98,0
3,9,6
1,3,2
2,2,0
2,2,0
3,5,2
3,7,4
100,100,0
2,2,0
2,2,0
2,2,0
2,2,0
2,2,0
20,20,0
1,1,0
2,2,0
3,3,0
4,4,0
8,8,0
0,0,0
8,8,0
2,2,0
2,47,45
9,9,0
2,2,0
3,3,0
2,2,0
3,3,0
21,21,0
23,23,0
2,5,3
0,0,0
3,3,0
9,9,0
2,2,0
3,3,0
2,2,0
2,2,0
6,6,0
2,2,0
3,3,0
20,20,0
2,2,0
1,1,0
2,5,3
3,3,0
20,20,0
2,7,5
2,2,0
3,5,2
3,3,0
3,3,0
2,2,0
3,3,0
2,2,0
24,24,0
1,34,33
3,7,4
2,2,0
2,2,0
1,1,0
13,13,0
2,2,0
3,3,0
100,100,0
2,2,0
3,9,6
1,68,67
0,0,0
2,2,0
9,9,0
1,21,20
2,2,0
2,2,0
2,3,1
3,5,2
4,4,0
2,90,88
3,9,6
2,2,0
3,6,3
3,3,0
2,14,12
1,1,0
2,2,0
2,84,82
3,3,0
2,2,0
2,2,0
3,11,8
3,5,2
2,2,0
1,1,0
1,1,0
6,8,2
2,2,0
2,2,0
2,2,0
2,2,0
3,3,0
18,18,0
1,2,1
22,24,2
2,2,0
3,3,0
2,2,0
1,2,1
2,2,0
2,2,0
2,2,0
3,3,0
0,0,0
1,1,0
2,7,5
2,4,2
3,3,0
3,5,2
2,2,0
2,3,1
3,5,2
2,7,5
7,7,0
20,20,0
3,3,0
1,1,0
1,5,4
2,4,2
2,2,0
3,14,11
3,9,6
10,10,0
3,3,0
1,57,56
2,2,0
0,0,0
2,2,0
1,1,0
4,4,0
2,3,1
2,2,0
2,2,0
2,2,0
2,11,9
1,2,1
8,12,4
3,7,4
2,4,2
3,6,3
15,15,0
2,2,0
3,9,6
7,8,1
3,3,0
0,0,0
9,9,0
1,3,2
15,15,0
3,3,0
1,1,0
3,3,0
2,2,0
2,2,0
9,19,10
22,22,0
3,3,0
2,2,0
3,3,0
2,2,0
9,9,0
1,5,4
2,3,1
2,2,0
2,2,0
1,2,1
11,20,9
3,3,0
2,2,0
9,9,0
3,5,2
8,8,0
8,8,0
2,2,0
2,2,0
2,2,0
2,2,0
1,2,1
6,6,0
1,2,1
1,3,2
2,2,0
2,2,0
2,2,0
2,2,0
3,3,0
20,20,0
2,27,25
3,3,0
2,2,0
2,2,0
9,9,0
3,5,2
3,3,0
2,2,0
2,2,0
2,4,2
3,3,0
10,10,0
2,2,0
2,6,4
0,0,0
8,8,0
0,0,0
2,6,4
4,4,0
2,4,2
4,5,1
2,2,0
2,2,0
2,2,0
2,4,2
2,2,0
2,2,0
26,26,0
7,7,0
2,8,6
2,2,0
2,2,0
3,5,2
2,2,0
2,2,0
3,8,5
2,2,0
10,10,0
1,3,2
3,5,2
2,2,0
2,2,0
1,2,1
55,55,0
3,3,0
1,1,0
2,2,0
3,7,4
2,2,0
1,1,0
3,5,2
2,2,0
3,3,0
1,23,22
3,6,3
1,1,0
1,8,7
3,3,0
0,0,0
3,5,2
2,2,0
2,2,0
2,2,0
0,0,0
8,8,0
8,8,0
3,6,3
2,3,1
2,4,2
6,6,0
2,2,0
5,5,0
4,5,1
2,2,0
2,2,0
2,2,0
3,3,0
3,3,0
2,4,2
2,4,2
3,6,3
2,70,68
2,4,2
1,1,0
2,2,0
2,4,2
2,6,4
3,3,0
3,7,4
20,20,0
1,16,15
2,2,0
3,3,0
2,2,0
2,13,11
3,6,3
4,11,7
0,0,0
8,8,0
2,5,3
3,3,0
2,4,2
12,12,0
0,0,0
3,3,0
3,3,0
2,2,0
2,2,0
3,6,3
7,17,10
3,3,0
2,2,0
3,5,2
2,2,0
3,14,11
4,18,14
2,2,0
1,25,24
36,39,3
2,16,14
51,51,0
2,2,0
14,18,4
3,12,9
3,3,0
3,3,0
3,5,2
2,6,4
3,3,0
0,0,0
2,80,78
2,2,0
2,12,10
1,1,0
6,17,11
4,4,0
3,5,2
8,8,0
1,7,6
3,3,0
11,11,0
30,30,0
2,2,0
2,5,3
3,3,0
42,44,2
3,5,2
10,10,0
2,2,0
4,4,0
1,2,1
2,4,2
3,3,0
3,3,0
2,2,0
2,2,0
1,1,0
3,5,2
97,97,0
2,2,0
2,82,80
8,8,0
2,2,0
2,2,0
2,82,80
3,3,0
8,8,0
3,7,4
3,6,3
8,8,0
3,3,0
2,2,0
8,8,0
8,8,0
31,31,0
2,2,0
0,0,0
2,2,0
3,3,0
2,4,2
3,3,0
2,2,0
9,9,0
2,4,2
3,7,4
20,20,0
3,3,0
1,1,0
2,3,1
2,2,0
2,2,0
2,2,0
2,2,0
2,2,0
3,15,12
3,3,0
2,2,0
9,9,0
3,3,0
2,2,0
32,32,0
2,2,0
2,2,0
2,11,9
3,3,0
3,9,6
24,26,2
32,32,0
3,5,2
1,3,2
2,2,0
2,2,0
3,5,2
2,2,0
29,29,0
2,12,10
2,2,0
3,3,0
2,14,12
2,2,0
9,9,0
3,5,2
2,2,0
6,6,0
1,2,1
2,6,4
1,4,3
2,2,0
1,1,0
18,18,0
2,2,0
3,7,4
2,3,1
2,2,0
2,2,0
2,2,0
3,3,0
3,3,0
2,2,0
2,4,2
2,2,0
3,3,0
3,3,0
2,2,0
1,24,23
8,8,0
2,4,2
22,28,6
16,16,0
12,13,1
1,2,1
21,21,0
3,5,2
3,8,5
2,17,15
3,3,0
3,5,2
2,2,0
6,6,0
2,3,1
3,5,2
3,3,0
2,2,0
2,2,0
2,9,7
8,8,0
2,2,0
2,4,2
1,1,0
1,2,1
12,12,0
3,3,0
3,3,0
2,2,0
2,2,0
2,80,78
3,5,2
3,3,0
3,6,3
0,0,0
2,4,2
2,2,0
3,5,2
1,1,0
2,2,0
6,6,0
2,2,0
3,4,1
2,3,1
2,6,4
22,22,0
3,3,0
2,5,3
2,2,0
1,1,0
1,45,44
2,2,0
2,2,0
6,6,0
4,8,4
2,2,0
1,3,2
4,5,1
2,2,0
2,5,3
143,143,0
1,3,2
3,3,0
2,2,0
1,3,2
1,4,3
3,3,0
3,3,0
3,3,0
5,5,0
2,2,0
14,14,0
1,3,2
52,52,0
41,41,0
2,4,2
2,2,0
8,8,0
2,2,0
51,51,0
2,2,0
0,0,0
4,4,0
2,2,0
4,25,21
2,7,5
1,2,1
3,5,2
0,0,0
2,2,0
6,6,0
3,3,0
3,3,0
3,3,0
3,3,0
2,2,0
2,2,0
8,8,0
1,1,0
2,5,3
2,2,0
3,5,2
3,3,0
2,2,0
14,25,11
2,5,3
3,3,0
3,3,0
1,4,3
51,51,0
3,3,0
31,31,0
7,7,0
1,1,0
3,4,1
2,10,8
2,2,0
3,3,0
2,8,6
2,2,0
10,20,10
2,2,0
2,2,0
2,6,4
2,2,0
10,10,0
2,2,0
2,2,0
3,3,0
9,9,0
2,5,3
12,12,0
2,2,0
2,2,0
2,2,0
6,6,0
3,8,5
2,5,3
2,2,0
2,2,0
4,4,0
1,2,1
2,3,1
4,47,43
2,2,0
2,2,0
1,2,1
2,2,0
0,0,0
2,4,2
3,3,0
3,5,2
1,1,0
2,2,0
3,3,0
9,9,0
2,2,0
2,2,0
2,2,0
2,2,0
3,5,2
1,1,0
3,5,2
3,3,0
3,5,2
2,82,80
3,9,6
23,23,0
2,4,2
3,3,0
3,4,1
3,3,0
3,6,3
2,4,2
2,2,0
1,1,0
2,2,0
3,6,3
1,1,0
1,1,0
2,2,0
4,4,0
2,2,0
2,5,3
4,6,2
2,2,0
1,5,4
2,2,0
2,6,4
8,8,0
2,2,0
32,34,2
3,5,2
2,2,0
7,7,0
7,7,0
2,2,0
2,12,10
2,4,2
2,7,5
9,9,0
3,5,2
2,2,0
4,4,0
2,2,0
2,2,0
2,2,0
2,2,0
2,2,0
3,4,1
2,6,4
2,2,0
26,26,0
116,116,0
3,7,4
2,2,0
2,2,0
3,3,0
6,86,80
8,8,0
1,26,25
8,8,0
6,6,0
3,5,2
2,2,0
11,13,2
8,8,0
2,10,8
3,3,0
2,2,0
3,3,0
3,3,0
3,5,2
1,5,4
3,3,0
1,4,3
11,11,0
3,5,2
2,2,0
2,2,0
2,2,0
1,1,0
2,2,0
2,2,0
3,4,1
51,51,0
2,2,0
3,3,0
2,4,2
2,2,0
2,4,2
9,9,0
2,2,0
2,2,0
3,3,0
36,36,0
2,2,0
2,2,0
2,2,0
2,14,12
9,9,0
3,3,0
1,31,30
8,8,0
2,2,0
3,7,4
3,7,4
5,5,0
2,2,0
2,2,0
2,2,0
1,1,0
2,2,0
2,3,1
3,3,0
0,0,0
3,15,12
2,2,0
2,2,0
2,2,0
11,11,0
2,4,2
7,7,0
1,2,1
2,4,2
2,2,0
3,3,0
1,20,19
2,2,0
2,4,2
4,29,25
140,140,0
3,3,0
3,3,0
3,3,0
2,2,0
3,3,0
24,28,4
3,3,0
10,10,0
2,5,3
2,2,0
9,9,0
2,2,0
2,2,0
3,6,3
2,2,0
2,2,0
2,2,0
2,8,6
3,3,0
2,2,0
1,1,0
9,9,0
0,0,0
2,2,0
51,51,0
3,7,4
2,2,0
2,2,0
2,2,0
3,3,0
6,8,2
2,6,4
2,2,0
2,2,0
22,22,0
2,2,0
9,9,0
2,2,0
2,14,12
9,9,0
2,4,2
2,4,2
2,3,1
8,8,0
1,2,1
2,2,0
2,2,0
15,15,0
53,53,0
2,2,0
40,40,0
3,10,7
2,2,0
1,2,1
1,1,0
2,3,1
3,3,0
3,5,2
3,3,0
2,2,0
10,20,10
3,5,2
2,2,0
2,2,0
11,11,0
8,40,32
1,2,1
3,3,0
2,2,0
2,2,0
9,11,2
3,3,0
1,1,0
188,192,4
3,18,15
3,3,0
3,3,0
2,2,0
2,2,0
2,2,0
2,10,8
2,4,2
1,1,0
8,8,0
2,2,0
3,3,0
2,2,0
3,5,2
4,4,0
2,2,0
2,2,0
2,3,1
1,1,0
1,3,2
2,3,1
2,2,0
7,7,0
2,2,0
2,2,0
3,3,0
3,4,1
22,22,0
2,2,0
3,3,0
2,4,2
2,2,0
2,2,0
2,2,0
2,2,0
14,14,0
2,4,2
2,2,0
2,2,0
2,3,1
3,3,0
2,2,0
2,2,0
1,2,1
3,3,0
1,1,0
2,2,0
3,3,0
3,5,2
2,5,3
2,2,0
100,100,0
2,2,0
3,12,9
2,4,2
2,3,1
2,2,0
2,2,0
2,2,0
1,4,3
2,2,0
3,6,3
10,12,2
1,1,0
1,1,0
3,3,0
2,2,0
2,2,0
3,5,2
2,2,0
2,4,2
2,7,5
1,1,0
0,0,0
1,1,0
9,9,0
2,6,4
4,7,3
2,3,1
2,2,0
10,10,0
2,2,0
2,2,0
1,2,1
2,138,136
2,2,0
2,2,0
5,7,2
3,5,2
56,58,2
2,68,66
1,3,2
2,5,3
9,9,0
3,3,0
2,2,0
2,2,0
4,5,1
28,28,0
0,0,0
2,4,2
2,2,0
2,4,2
3,3,0
4,4,0
1,3,2
1,20,19
3,3,0
2,2,0
2,2,0
1,2,1
3,3,0
2,6,4
2,4,2
3,3,0
2,2,0
3,5,2
2,29,27
2,2,0
3,7,4
2,2,0
1,1,0
35,35,0
1,5,4
2,2,0
9,9,0
3,3,0
3,6,3
2,2,0
3,5,2
49,49,0
2,6,4
3,3,0
2,24,22
2,3,1
2,2,0
2,2,0
2,2,0
2,2,0
1,2,1
2,2,0
4,4,0
8,8,0
2,2,0
1,26,25
14,14,0
3,5,2
44,44,0
2,2,0
2,2,0
20,20,0
2,4,2
3,5,2
1,2,1
1,1,0
3,23,20
2,2,0
2,16,14
9,21,12
2,2,0
2,2,0
2,2,0
2,2,0
1,1,0
2,2,0
0,0,0
1,3,2
2,6,4
1,5,4
3,9,6
1,8,7
2,2,0
3,9,6
1,1,0
2,2,0
1,2,1
2,2,0
1,2,1
1,1,0
3,23,20
2,71,69
8,8,0
2,2,0
0,0,0
2,4,2
2,2,0
8,8,0
0,0,0
2,2,0
1,22,21
2,4,2
2,2,0
2,2,0
3,27,24
3,3,0
1,1,0
0,0,0
2,2,0
2,8,6
100,100,0
8,10,2
2,4,2
5,6,1
4,13,9
3,3,0
6,6,0
3,3,0
2,2,0
11,11,0
3,6,3
4,10,6
2,2,0
4,4,0
3,3,0
2,2,0
4,4,0
4,4,0
2,4,2
7,15,8
1,2,1
3,3,0
2,2,0
2,2,0
2,4,2
3,7,4
3,5,2
2,4,2
2,2,0
25,27,2
2,2,0
2,5,3
2,4,2
3,3,0
11,20,9
6,6,0
3,11,8
3,3,0
2,82,80
3,5,2
1,2,1
2,2,0
3,3,0
1,2,1
3,3,0
2,2,0
3,3,0
2,2,0
3,3,0
2,3,1
2,2,0
7,13,6
2,2,0
2,2,0
2,4,2
3,3,0
49,49,0
2,2,0
3,3,0
2,2,0
2,4,2
5,5,0
2,4,2
8,8,0
3,3,0
1,1,0
2,2,0
2,2,0
3,76,73
0,0,0
2,2,0
3,3,0
2,2,0
2,2,0
1,1,0
1,1,0
1,3,2
2,2,0
1,1,0
8,8,0
2,4,2
3,7,4
2,2,0
3,5,2
2,2,0
2,3,1
2,2,0
17,17,0
4,4,0
4,5,1
8,8,0
3,5,2
2,2,0
3,3,0
2,2,0
1,5,4
3,3,0
3,17,14
2,2,0
2,4,2
100,100,0
6,9,3
8,8,0
2,5,3
1,1,0
2,2,0
3,3,0
3,3,0
9,9,0
2,2,0
2,2,0
2,2,0
3,6,3
3,3,0
2,2,0
2,6,4
0,0,0
2,6,4
3,3,0
3,3,0
6,6,0
3,3,0
2,2,0
3,3,0
2,2,0
1,24,23
22,22,0
2,2,0
2,2,0
2,2,0
1,2,1
2,2,0
2,2,0
0,0,0
3,3,0
1,2,1
8,8,0
2,80,78
2,2,0
3,5,2
3,3,0
3,7,4
2,4,2
2,2,0
8,16,8
2,2,0
2,2,0
4,4,0
3,9,6
0,0,0
2,2,0
3,5,2
2,3,1
12,12,0
2,2,0
2,4,2
2,2,0
3,3,0
100,100,0
3,3,0
2,2,0
11,16,5
1,4,3
1,3,2
3,16,13
8,8,0
3,3,0
9,9,0
3,5,2
3,3,0
0,0,0
2,2,0
140,140,0
2,31,29
2,2,0
1,2,1
2,2,0
2,2,0
3,3,0
9,9,0
2,2,0
9,9,0
3,3,0
2,2,0
2,2,0
24,24,0
2,2,0
0,0,0
36,44,8
3,9,6
0,0,0
2,10,8
2,2,0
2,2,0
3,23,20
1,3,2
3,3,0
2,2,0
2,2,0
2,2,0
3,3,0
3,5,2
1,1,0
3,3,0
2,3,1
3,6,3
2,2,0
48,50,2
3,3,0
1,3,2
2,2,0
2,2,0
100,200,100
1,2,1
3,6,3
2,5,3
3,3,0
2,2,0
2,2,0
2,5,3
5,5,0
2,7,5
8,8,0
2,4,2
2,3,1
2,2,0
8,47,39
3,5,2
2,2,0
3,3,0
2,2,0
3,3,0
3,7,4
2,2,0
2,2,0
2,2,0
1,5,4
2,2,0
3,5,2
2,2,0
2,4,2
2,3,1
11,11,0
2,2,0
1,1,0
8,8,0
4,7,3
4,4,0
3,9,6
20,20,0
2,4,2
2,2,0
2,2,0
1,1,0
3,6,3
2,2,0
3,3,0
3,5,2
3,5,2
8,8,0
2,2,0
2,3,1
1,1,0
2,2,0
0,0,0
3,9,6
2,4,2
2,3,1
10,10,0
2,2,0
9,9,0
3,3,0
2,2,0
2,3,1
12,12,0
2,2,0
1,1,0
9,9,0
2,2,0
2,2,0
2,2,0
9,9,0
2,7,5
2,7,5
3,3,0
8,8,0
9,9,0
8,8,0
1,67,66
1,3,2
2,2,0
1,3,2
0,0,0
2,2,0
3,3,0
2,2,0
2,4,2
3,3,0
2,2,0
2,7,5
2,2,0
2,23,21
9,9,0
2,2,0
2,12,10
2,113,111
2,2,0
2,2,0
100,104,4
2,2,0
3,3,0
12,12,0
2,2,0
2,4,2
2,2,0
2,2,0
2,2,0
2,5,3
2,2,0
3,3,0
1,4,3
2,2,0
9,9,0
2,2,0
2,2,0
1,1,0
1,4,3
2,8,6
2,2,0
2,2,0
2,2,0
2,5,3
3,3,0
2,4,2
1,1,0
2,6,4
2,2,0
3,3,0
8,22,14
0,0,0
2,8,6
4,5,1
2,2,0
2,2,0
22,22,0
3,3,0
1,3,2
100,100,0
2,14,12
3,3,0
4,4,0
5,5,0
2,2,0
9,9,0
2,2,0
4,4,0
2,2,0
1,1,0
3,3,0
3,23,20
2,5,3
2,23,21
2,2,0
2,4,2
2,2,0
2,3,1
2,2,0
1,1,0
11,11,0
3,9,6
3,3,0
2,2,0
2,2,0
2,2,0
3,3,0
2,2,0
1,25,24
2,4,2
2,2,0
3,5,2
3,7,4
9,9,0
1,3,2
1,1,0
1,3,2
66,67,1
2,2,0
2,4,2
1,31,30
2,10,8
2,2,0
1,1,0
2,2,0
2,2,0
4,4,0
2,2,0
2,9,7
2,4,2
3,5,2
2,2,0
8,8,0
2,2,0
1,29,28
2,25,23
2,10,8
2,4,2
2,2,0
2,2,0
2,14,12
1,1,0
0,0,0
2,2,0
2,2,0
7,9,2
1,1,0
2,2,0
3,3,0
3,11,8
2,8,6
3,3,0
8,8,0
2,2,0
1,60,59
3,5,2
3,3,0
3,3,0
2,5,3
2,2,0
7,7,0
2,2,0
11,11,0
2,4,2
11,11,0
2,2,0
3,3,0
2,2,0
1,4,3
2,2,0
3,5,2
5,5,0
3,3,0
83,178,95
6,6,0
2,2,0
98,102,4
9,9,0
2,2,0
7,7,0
3,3,0
2,4,2
2,2,0
2,6,4
3,3,0
3,3,0
1,23,22
12,12,0
6,6,0
2,2,0
2,2,0
2,2,0
3,3,0
1,29,28
1,1,0
2,3,1
2,2,0
3,3,0
2,3,1
11,11,0
2,2,0
3,3,0
3,3,0
2,2,0
3,5,2
4,4,0
3,3,0
2,2,0
1,2,1
1,1,0
2,2,0
8,8,0
6,6,0
3,3,0
3,4,1
2,2,0
2,2,0
3,5,2
17,17,0
1,8,7
2,2,0
9,9,0
1,1,0
3,3,0
2,2,0
2,2,0
1,1,0
3,3,0
2,2,0
0,0,0
2,2,0
2,2,0
1,12,11
3,7,4
0,0,0
11,11,0
2,2,0
6,6,0
1,1,0
0,0,0
2,18,16
2,2,0
2,2,0
3,3,0
3,5,2
8,8,0
3,8,5
3,7,4
2,2,0
3,3,0
2,2,0
1,2,1
51,51,0
3,5,2
1,2,1
8,8,0
8,8,0
3,7,4
2,2,0
2,2,0
2,3,1
3,3,0
3,3,0
3,3,0
1,1,0
0,0,0
3,5,2
1,1,0
3,3,0
2,2,0
2,2,0
2,2,0
3,5,2
3,11,8
0,0,0
3,7,4
2,2,0
0,0,0
2,84,82
0,0,0
3,3,0
2,2,0
2,8,6
0,0,0
2,32,30
2,2,0
2,2,0
4,13,9
2,2,0
4,7,3
3,6,3
4,6,2
11,11,0
2,3,1
3,28,25
3,3,0
2,2,0
2,4,2
8,8,0
3,3,0
3,3,0
2,2,0
2,8,6
0,0,0
3,3,0
3,3,0
3,3,0
2,2,0
0,0,0
2,3,1
2,4,2
2,2,0
2,2,0
9,9,0
3,3,0
8,8,0
2,2,0
2,2,0
20,20,0
2,2,0
3,5,2
0,0,0
3,7,4
2,2,0
3,5,2
2,3,1
1,1,0
2,2,0
2,4,2
69,74,5
2,2,0
3,6,3
10,10,0
3,3,0
1,2,1
3,3,0
2,2,0
1,8,7
2,2,0
2,2,0
8,8,0
0,0,0
2,11,9
2,2,0
3,9,6
3,5,2
2,2,0
12,12,0
3,3,0
3,3,0
3,3,0
2,2,0
1,1,0
3,7,4
0,0,0
2,2,0
3,3,0
4,4,0
4,4,0
3,5,2
4,4,0
2,82,80
100,200,100
8,10,2
0,0,0
2,2,0
2,2,0
11,54,43
3,5,2
4,4,0
2,2,0
2,2,0
12,12,0
2,2,0
2,2,0
1,26,25
3,3,0
3,9,6
2,2,0
2,33,31
2,2,0
3,3,0
2,2,0
2,80,78
2,2,0
1,7,6
10,10,0
3,3,0
2,6,4
3,3,0
2,2,0
1,24,23
3,8,5
2,4,2
2,2,0
3,8,5
1,22,21
0,0,0
2,7,5
3,3,0
16,16,0
2,4,2
5,5,0
2,2,0
47,48,1
1,1,0
0,0,0
3,3,0
3,3,0
2,4,2
3,3,0
2,2,0
3,3,0
8,8,0
5,5,0
1,1,0
2,105,103
1,2,1
3,3,0
2,2,0
46,57,11
3,3,0
2,2,0
3,3,0
0,0,0
2,2,0
19,19,0
4,7,3
3,7,4
1,1,0
2,2,0
2,2,0
2,2,0
3,5,2
3,3,0
3,3,0
9,9,0
2,3,1
2,2,0
3,3,0
6,6,0
4,4,0
2,2,0
2,3,1
2,2,0
1,3,2
2,2,0
2,2,0
2,2,0
2,2,0
2,3,1
11,11,0
3,3,0
3,3,0
8,8,0
6,22,16
1,1,0
3,5,2
3,3,0
3,3,0
2,2,0
0,0,0
3,11,8
3,3,0
3,4,1
1,1,0
2,4,2
2,2,0
2,2,0
4,51,47
3,3,0
2,6,4
3,3,0
8,8,0
1,1,0
3,12,9
3,9,6
2,2,0
2,4,2
2,2,0
2,2,0
3,3,0
3,4,1
3,10,7
2,4,2
8,16,8
3,3,0
2,2,0
2,2,0
2,2,0
6,6,0
3,4,1
2,2,0
2,2,0
132,132,0
8,8,0
1,1,0
2,2,0
51,51,0
2,2,0
2,14,12
3,3,0
6,6,0
3,3,0
2,2,0
2,2,0
2,5,3
2,8,6
2,2,0
2,2,0
2,3,1
3,3,0
3,3,0
1,5,4
9,9,0
2,3,1
3,6,3
0,0,0
2,2,0
2,20,18
2,2,0
2,2,0
2,2,0
3,6,3
0,0,0
8,8,0
2,2,0
2,2,0
6,6,0
0,0,0
15,15,0
1,1,0
3,7,4
9,9,0
2,26,24
7,8,1
3,4,1
9,9,0
2,8,6
2,2,0
2,4,2
3,5,2
2,2,0
2,2,0
3,21,18
2,2,0
2,4,2
2,2,0
22,22,0
3,8,5
3,3,0
2,5,3
2,4,2
2,2,0
2,4,2
0,0,0
2,24,22
3,3,0
2,2,0
2,2,0
1,1,0
8,8,0
3,3,0
2,5,3
2,2,0
2,2,0
2,2,0
12,12,0
1,1,0
3,3,0
3,5,2
2,4,2
2,2,0
2,2,0
3,5,2
11,25,14
3,3,0
0,0,0
100,100,0
2,3,1
2,2,0
2,2,0
2,3,1
6,6,0
2,4,2
0,0,0
3,3,0
3,3,0
2,2,0
5,28,23
2,2,0
2,4,2
3,3,0
3,3,0
2,2,0
2,2,0
3,5,2
3,11,8
1,2,1
1,1,0
2,4,2
3,3,0
2,2,0
3,5,2
3,5,2
3,3,0
3,3,0
12,12,0
2,4,2
9,18,9
0,0,0
8,8,0
10,22,12
2,2,0
2,2,0
1,1,0
0,0,0
0,0,0
2,2,0
3,3,0
2,2,0
2,2,0
6,6,0
2,3,1
2,2,0
9,9,0
7,7,0
2,3,1
2,2,0
3,3,0
2,2,0
2,2,0
3,3,0
8,8,0
3,4,1
2,2,0
2,2,0
2,2,0
2,2,0
14,14,0
9,32,23
2,2,0
2,2,0
2,2,0
6,6,0
2,2,0
1,3,2
3,7,4
3,3,0
3,3,0
2,2,0
3,7,4
2,2,0
3,3,0
2,4,2
19,19,0
7,8,1
0,0,0
3,3,0
4,4,0
8,16,8
2,2,0
0,0,0
3,7,4
3,3,0
2,6,4
1,1,0
2,2,0
2,2,0
2,11,9
3,7,4
2,2,0
2,2,0
2,3,1
8,8,0
1,2,1
2,2,0
2,2,0
3,5,2
6,6,0
1,2,1
3,3,0
2,2,0
0,0,0
1,3,2
2,8,6
2,2,0
2,2,0
2,2,0
63,63,0
6,6,0
2,2,0
2,2,0
2,2,0
20,20,0
3,3,0
1,1,0
4,7,3
147,147,0
2,2,0
2,2,0
2,2,0
49,49,0
1,5,4
2,2,0
25,61,36
1,2,1
2,2,0
2,2,0
2,2,0
2,3,1
3,5,2
3,3,0
100,104,4
3,7,4
9,9,0
3,3,0
3,7,4
2,2,0
2,4,2
2,2,0
8,8,0
3,3,0
2,2,0
1,24,23
2,2,0
2,41,39
2,2,0
2,3,1
2,2,0
11,11,0
2,4,2
1,2,1
1,1,0
2,2,0
0,0,0
2,2,0
3,3,0
9,9,0
3,5,2
21,21,0
3,7,4
3,5,2
2,4,2
2,2,0
2,2,0
0,0,0
2,2,0
2,2,0
9,9,0
3,3,0
2,2,0
3,3,0
2,2,0
2,4,2
2,2,0
2,2,0
3,5,2
2,2,0
2,2,0
2,2,0
1,1,0
2,2,0
0,0,0
7,8,1
6,6,0
1,22,21
2,2,0
2,14,12
2,4,2
2,54,52
2,2,0
2,3,1
2,2,0
20,20,0
2,2,0
2,2,0
9,9,0
11,11,0
9,9,0
3,3,0
2,5,3
2,2,0
3,5,2
1,2,1
2,2,0
3,3,0
2,2,0
2,5,3
2,2,0
0,0,0
2,2,0
1,2,1
1,1,0
22,24,2
2,8,6
2,11,9
2,2,0
2,2,0
2,2,0
3,71,68
1,2,1
1,7,6
3,5,2
3,19,16
104,104,0
9,9,0
9,9,0
2,2,0
2,2,0
2,8,6
3,3,0
3,3,0
2,2,0
0,0,0
2,2,0
1,3,2
1,2,1
2,2,0
2,2,0
2,2,0
7,7,0
3,29,26
2,2,0
2,2,0
3,3,0
3,5,2
5,5,0
9,13,4
3,6,3
2,4,2
3,3,0
3,3,0
2,2,0
4,4,0
100,100,0
2,2,0
2,2,0
2,6,4
2,2,0
2,2,0
2,2,0
2,2,0
2,4,2
0,0,0
3,3,0
2,2,0
1,8,7
3,3,0
1,3,2
2,2,0
2,2,0
23,23,0
18,36,18
3,3,0
3,3,0
2,2,0
2,9,7
15,58,43
3,5,2
2,15,13
2,2,0
100,104,4
2,2,0
2,10,8
2,2,0
3,3,0
1,1,0
8,10,2
3,5,2
2,82,80
3,3,0
8,8,0
8,8,0
1,1,0
3,7,4
2,2,0
6,17,11
3,3,0
2,20,18
5,5,0
2,2,0
1,5,4
2,2,0
12,12,0
1,2,1
3,7,4
6,6,0
2,2,0
3,9,6
2,2,0
4,4,0
2,5,3
2,2,0
10,10,0
2,2,0
2,2,0
2,2,0
2,168,166
2,2,0
2,2,0
1,1,0
3,3,0
9,9,0
2,2,0
2,2,0
2,2,0
2,2,0
3,9,6
1,12,11
2,7,5
1,22,21
2,13,11
2,2,0
24,24,0
3,3,0
3,3,0
2,2,0
2,2,0
2,2,0
1,1,0
2,4,2
4,4,0
9,9,0
9,9,0
3,3,0
2,2,0
2,18,16
2,2,0
3,5,2
3,3,0
2,2,0
1,2,1
2,2,0
9,9,0
2,2,0
2,2,0
2,2,0
2,2,0
22,22,0
2,6,4
2,2,0
2,2,0
2,2,0
3,3,0
3,5,2
86,86,0
1,17,16
2,2,0
2,2,0
2,2,0
3,3,0
2,2,0
3,5,2
11,12,1
3,3,0
9,9,0
0,0,0
3,5,2
5,5,0
4,4,0
2,2,0
3,3,0
0,0,0
2,2,0
2,2,0
2,2,0
9,9,0
40,43,3
2,2,0
9,9,0
2,2,0
2,3,1
2,2,0
3,3,0
2,5,3
74,74,0
0,0,0
3,3,0
2,2,0
3,5,2
3,3,0
6,6,0
3,3,0
1,1,0
2,2,0
2,2,0
2,2,0
2,2,0
2,2,0
8,8,0
2,2,0
2,4,2
3,3,0
2,2,0
2,4,2
3,3,0
2,3,1
1,2,1
3,3,0
3,9,6
3,9,6
2,2,0
2,4,2
6,6,0
1,1,0
3,7,4
1,1,0
2,2,0
2,2,0
60,60,0
2,2,0
3,5,2
3,3,0
8,8,0
5,5,0
3,20,17
2,2,0
3,4,1
3,3,0
2,2,0
4,10,6
17,17,0
4,60,56
5,5,0
3,5,2
2,2,0
2,4,2
2,4,2
4,4,0
5,5,0
3,4,1
2,2,0
3,3,0
2,2,0
2,2,0
17,19,2
7,7,0
14,14,0
10,10,0
2,2,0
2,2,0
2,2,0
2,2,0
2,2,0
2,6,4
8,8,0
3,14,11
1,23,22
3,3,0
2,2,0
3,7,4
9,9,0
3,5,2
2,4,2
3,3,0
3,5,2
4,4,0
3,3,0
2,2,0
2,2,0
3,3,0
3,7,4
3,3,0
2,82,80
2,2,0
2,2,0
2,80,78
2,2,0
1,6,5
2,2,0
2,2,0
2,15,13
10,10,0
11,11,0
2,2,0
3,3,0
2,2,0
3,12,9
89,89,0
2,2,0
3,5,2
2,2,0
2,2,0
2,2,0
2,4,2
2,2,0
2,6,4
2,2,0
3,3,0
2,3,1
2,2,0
2,2,0
2,3,1
3,5,2
2,6,4
1,3,2
3,3,0
0,0,0
2,2,0
2,2,0
0,0,0
8,8,0
3,3,0
2,2,0
0,0,0
1,16,15
11,11,0
2,6,4
1,1,0
2,2,0
3,3,0
3,15,12
1,2,1
8,16,8
3,3,0
9,9,0
2,4,2
3,3,0
3,7,4
9,9,0
2,2,0
2,2,0
2,3,1
2,2,0
2,2,0
26,30,4
3,11,8
85,85,0
0,0,0
3,3,0
1,5,4
3,5,2
1,1,0
2,3,1
87,87,0
2,2,0
2,5,3
1,27,26
5,5,0
1,1,0
2,2,0
0,0,0
3,5,2
1,2,1
2,8,6
3,3,0
3,3,0
2,19,17
3,3,0
2,2,0
9,9,0
2,2,0
2,2,0
2,32,30
2,2,0
57,57,0
1,2,1
5,5,0
1,1,0
2,2,0
2,2,0
2,2,0
3,13,10
8,8,0
1,7,6
18,18,0
2,2,0
1,1,0
0,0,0
3,43,40
3,5,2
2,2,0
1,1,0
2,4,2
3,3,0
9,9,0
78,79,1
2,4,2
3,3,0
3,3,0
51,51,0
2,3,1
2,4,2
51,74,23
2,2,0
2,4,2
3,3,0
2,2,0
1,1,0
3,5,2
3,3,0
3,3,0
2,3,1
3,5,2
3,3,0
2,2,0
3,15,12
2,4,2
4,27,23
2,2,0
3,9,6
88,88,0
2,12,10
3,10,7
1,2,1
2,2,0
1,44,43
21,21,0
2,2,0
14,40,26
2,2,0
9,11,2
3,3,0
2,2,0
9,9,0
4,4,0
2,2,0
3,3,0
1,27,26
3,3,0
2,3,1
2,2,0
3,3,0
1,80,79
2,2,0
85,87,2
2,2,0
2,2,0
2,4,2
2,2,0
3,3,0
3,7,4
3,5,2
2,2,0
1,3,2
3,3,0
3,9,6
3,3,0
2,2,0
3,10,7
3,3,0
2,2,0
22,22,0
2,3,1
8,8,0
75,81,6
3,3,0
2,2,0
88,270,182
2,2,0
2,2,0
2,3,1
3,6,3
2,2,0
2,2,0
3,3,0
2,2,0
2,2,0
3,7,4
2,5,3
3,7,4
3,3,0
4,27,23
2,2,0
8,8,0
2,2,0
0,0,0
15,15,0
2,2,0
3,12,9
2,2,0
3,3,0
2,2,0
2,2,0
8,8,0
2,7,5
3,3,0
2,2,0
3,5,2
2,107,105
1,2,1
2,2,0
8,8,0
2,4,2
1,5,4
2,4,2
12,12,0
2,2,0
2,2,0
28,105,77
2,2,0
3,9,6
9,11,2
3,3,0
32,34,2
3,3,0
3,5,2
3,3,0
3,3,0
3,3,0
2,2,0
0,0,0
50,55,5
3,3,0
3,3,0
2,2,0
3,3,0
2,2,0
9,9,0
3,3,0
2,2,0
2,2,0
3,3,0
2,2,0
2,2,0
2,2,0
2,2,0
2,81,79
4,4,0
1,1,0
2,2,0
100,104,4
3,6,3
5,6,1
2,2,0
8,8,0
3,3,0
2,2,0
8,8,0
3,3,0
2,2,0
8,22,14
2,7,5
1,23,22
2,135,133
6,7,1
100,100,0
3,3,0
2,2,0
2,2,0
2,2,0
2,3,1
2,2,0
2,2,0
2,2,0
2,2,0
3,3,0
2,2,0
2,2,0
2,5,3
3,3,0
0,0,0
2,2,0
3,3,0
2,2,0
2,4,2
2,2,0
2,4,2
9,9,0
3,6,3
3,5,2
3,3,0
1,12,11
2,2,0
2,2,0
2,14,12
9,9,0
2,2,0
12,14,2
2,5,3
1,2,1
3,5,2
8,8,0
3,5,2
1,3,2
1,1,0
2,2,0
2,2,0
2,3,1
1,2,1
10,10,0
9,9,0
2,10,8
3,3,0
2,2,0
9,11,2
2,2,0
1,2,1
2,2,0
3,3,0
1,23,22
2,2,0
1,2,1
1,2,1
2,8,6
2,2,0
2,2,0
6,6,0
2,2,0
2,16,14
2,4,2
2,2,0
3,3,0
2,2,0
3,3,0
3,3,0
2,2,0
3,5,2
2,2,0
2,4,2
2,2,0
2,2,0
2,2,0
3,3,0
2,2,0
3,13,10
60,121,61
2,2,0
2,2,0
2,2,0
2,2,0
2,2,0
2,15,13
1,5,4
3,5,2
12,12,0
46,46,0
6,6,0
20,21,1
4,4,0
2,2,0
3,7,4
2,2,0
2,2,0
98,98,0
1,7,6
3,5,2
3,13,10
2,8,6
5,5,0
139,139,0
1,5,4
2,3,1
2,4,2
2,4,2
3,3,0
2,2,0
2,2,0
2,9,7
51,52,1
2,2,0
81,95,14
2,4,2
22,22,0
2,4,2
2,4,2
0,0,0
2,7,5
2,4,2
2,17,15
8,8,0
2,2,0
2,2,0
2,2,0
2,20,18
2,3,1
2,2,0
2,2,0
2,2,0
2,2,0
3,3,0
2,2,0
4,4,0
4,4,0
100,100,0
2,13,11
3,3,0
1,1,0
3,3,0
2,2,0
2,4,2
2,2,0
2,2,0
2,2,0
2,2,0
1,1,0
2,10,8
3,4,1
3,3,0
1,2,1
3,3,0
16,16,0
16,16,0
3,3,0
2,4,2
3,3,0
4,4,0
2,2,0
1,24,23
2,2,0
3,3,0
2,118,116
3,3,0
7,9,2
51,103,52
2,2,0
2,2,0
1,102,101
8,8,0
9,9,0
2,2,0
3,3,0
2,2,0
0,0,0
3,3,0
9,9,0
8,8,0
2,2,0
3,3,0
2,2,0
2,2,0
1,1,0
2,18,16
2,2,0
2,2,0
2,2,0
8,8,0
2,4,2
2,2,0
1,9,8
2,2,0
98,98,0
3,5,2
51,65,14
2,3,1
2,21,19
2,3,1
4,4,0
2,2,0
3,3,0
2,2,0
1,1,0
2,10,8
4,5,1
3,3,0
3,3,0
3,3,0
2,2,0
8,10,2
2,4,2
10,16,6
3,3,0
2,7,5
2,2,0
3,5,2
1,25,24
3,3,0
2,2,0
2,2,0
2,2,0
2,2,0
2,2,0
3,3,0
9,9,0
3,3,0
2,7,5
10,10,0
2,2,0
11,13,2
2,2,0
2,2,0
9,9,0
0,0,0
2,2,0
3,3,0
2,2,0
4,12,8
2,6,4
2,2,0
2,2,0
8,8,0
2,2,0
1,1,0
2,2,0
2,2,0
71,71,0
2,6,4
100,100,0
2,6,4
1,3,2
3,5,2
4,4,0
9,9,0
2,2,0
2,4,2
1,2,1
3,3,0
3,4,1
2,2,0
8,8,0
3,6,3
3,12,9
9,11,2
2,4,2
10,10,0
2,2,0
4,6,2
2,2,0
4,4,0
2,3,1
2,2,0
1,5,4
19,19,0
9,9,0
1,1,0
3,7,4
3,3,0
2,2,0
4,6,2
1,1,0
8,8,0
2,2,0
3,3,0
2,2,0
5,26,21
7,10,3
17,17,0
2,2,0
2,2,0
3,9,6
1,1,0
2,2,0
2,6,4
1,1,0
3,3,0
0,0,0
22,93,71
1,6,5
3,7,4
2,7,5
2,2,0
2,2,0
2,8,6
2,2,0
3,3,0
2,2,0
2,2,0
2,4,2
3,5,2
3,3,0
8,8,0
1,7,6
2,2,0
2,2,0
4,4,0
2,2,0
8,8,0
10,46,36
2,2,0
4,4,0
2,2,0
3,3,0
2,2,0
3,5,2
2,2,0
2,2,0
1,1,0
3,3,0
1,3,2
5,5,0
2,2,0
2,2,0
3,3,0
1,1,0
2,2,0
7,7,0
2,2,0
2,2,0
18,18,0
1,1,0
2,4,2
5,10,5
2,2,0
2,2,0
1,7,6
2,2,0
2,2,0
1,2,1
3,12,9
0,0,0
2,2,0
2,2,0
3,3,0
8,8,0
2,2,0
2,2,0
3,28,25
3,3,0
3,3,0
1,24,23
2,2,0
2,3,1
6,11,5
1,2,1
2,2,0
2,2,0
2,4,2
12,12,0
2,2,0
1,2,1
50,50,0
2,2,0
8,8,0
2,2,0
2,2,0
3,3,0
6,6,0
3,14,11
3,3,0
3,3,0
2,2,0
2,2,0
2,2,0
2,4,2
0,0,0
2,2,0
2,2,0
1,2,1
4,5,1
4,11,7
3,3,0
2,2,0
3,3,0
1,62,61
3,3,0
1,25,24
1,1,0
2,2,0
2,4,2
8,8,0
2,2,0
1,1,0
3,3,0
2,2,0
3,3,0
4,5,1
3,3,0
2,2,0
127,190,63
2,3,1
2,4,2
3,3,0
9,9,0
6,6,0
1,1,0
3,3,0
2,2,0
2,2,0
9,9,0
2,2,0
6,6,0
7,7,0
3,3,0
9,9,0
3,3,0
2,2,0
3,3,0
6,6,0
1,8,7
99,99,0
1,6,5
3,5,2
3,5,2
2,2,0
22,22,0
1,2,1
3,5,2
45,45,0
0,0,0
54,54,0
9,9,0
3,23,20
2,2,0
2,2,0
2,2,0
2,3,1
2,2,0
2,2,0
2,2,0
3,3,0
2,2,0
2,80,78
2,2,0
2,2,0
2,2,0
2,2,0
2,4,2
2,2,0
1,8,7
1,20,19
2,2,0
2,2,0
2,4,2
4,6,2
3,11,8
1,2,1
14,18,4
2,2,0
0,0,0
2,2,0
3,3,0
2,2,0
2,2,0
1,22,21
12,12,0
3,3,0
2,2,0
3,7,4
2,2,0
3,3,0
2,2,0
2,2,0
2,2,0
2,8,6
1,2,1
2,2,0
3,5,2
3,5,2
3,7,4
2,2,0
2,2,0
3,5,2
1,1,0
25,49,24
2,2,0
2,2,0
2,2,0
2,2,0
1,1,0
17,17,0
3,3,0
2,2,0
2,2,0
2,2,0
3,5,2
1,25,24
2,7,5
1,12,11
2,2,0
2,2,0
3,3,0
3,29,26
2,2,0
4,6,2
3,3,0
3,5,2
2,3,1
3,7,4
8,8,0
2,2,0
8,8,0
1,6,5
1,73,72
2,2,0
2,2,0
13,13,0
2,4,2
5,6,1
1,34,33
48,48,0
3,3,0
2,2,0
8,8,0
3,3,0
5,5,0
2,2,0
3,3,0
0,0,0
2,2,0
1,2,1
2,2,0
2,4,2
1,10,9
3,3,0
3,8,5
2,2,0
2,2,0
2,2,0
2,2,0
3,3,0
0,0,0
2,2,0
2,4,2
4,7,3
10,10,0
2,2,0
2,2,0
6,6,0
3,3,0
2,7,5
2,2,0
2,2,0
2,2,0
8,8,0
106,109,3
2,2,0
0,0,0
1,4,3
9,9,0
2,2,0
2,2,0
9,10,1
51,51,0
1,15,14
2,4,2
2,2,0
2,2,0
2,2,0
2,4,2
0,0,0
3,3,0
2,2,0
2,2,0
1,1,0
3,5,2
56,83,27
2,7,5
3,6,3
3,3,0
2,2,0
0,0,0
3,3,0
2,2,0
2,2,0
2,2,0
2,2,0
2,3,1
9,9,0
1,3,2
2,2,0
2,2,0
2,2,0
2,2,0
2,2,0
8,8,0
2,2,0
3,7,4
11,11,0
1,23,22
2,2,0
2,19,17
3,3,0
10,10,0
19,19,0
3,5,2
2,12,10
2,2,0
3,7,4
3,3,0
3,5,2
2,2,0
2,2,0
2,2,0
2,4,2
0,0,0
2,80,78
2,5,3
2,2,0
3,5,2
2,2,0
2,2,0
62,68,6
1,2,1
2,5,3
2,4,2
2,2,0
1,11,10
2,2,0
4,4,0
1,2,1
3,5,2
9,9,0
2,2,0
2,2,0
2,2,0
2,4,2
2,2,0
3,5,2
9,9,0
2,2,0
2,2,0
2,2,0
100,100,0
1,4,3
2,45,43
8,8,0
2,2,0
3,3,0
2,3,1
3,22,19
2,4,2
3,3,0
2,2,0
2,2,0
2,2,0
2,2,0
2,2,0
2,2,0
3,3,0
1,2,1
2,2,0
3,9,6
3,3,0
2,2,0
3,4,1
22,22,0
2,2,0
2,3,1
9,11,2
11,11,0
2,45,43
2,4,2
2,2,0
2,2,0
2,2,0
11,11,0
1,2,1
11,11,0
2,11,9
3,3,0
2,4,2
3,3,0
2,2,0
3,3,0
2,2,0
2,2,0
1,8,7
3,14,11
6,10,4
2,4,2
11,11,0
3,6,3
2,2,0
2,3,1
2,4,2
2,2,0
2,10,8
2,2,0
3,3,0
2,2,0
3,3,0
3,3,0
2,2,0
2,2,0
3,3,0
2,2,0
3,3,0
2,4,2
2,2,0
3,5,2
2,2,0
3,7,4
16,18,2
2,2,0
3,3,0
3,3,0
3,6,3
1,4,3
22,22,0
2,2,0
3,6,3
5,5,0
2,3,1
2,2,0
1,2,1
1,1,0
11,11,0
0,0,0
2,2,0
3,3,0
2,2,0
2,2,0
1,1,0
6,7,1
3,3,0
2,2,0
3,10,7
3,3,0
2,2,0
2,2,0
3,3,0
2,4,2
3,3,0
2,9,7
2,2,0
2,2,0
10,10,0
2,6,4
2,2,0
2,2,0
2,5,3
3,3,0
19,19,0
4,4,0
0,0,0
2,2,0
2,4,2
2,2,0
3,3,0
2,2,0
1,2,1
2,2,0
2,2,0
3,10,7
1,1,0
1,1,0
3,3,0
1,7,6
2,2,0
3,9,6
2,2,0
2,4,2
3,8,5
2,2,0
3,5,2
3,3,0
2,26,24
1,2,1
1,4,3
2,2,0
2,2,0
2,26,24
1,1,0
3,7,4
3,3,0
3,3,0
3,3,0
1,2,1
2,5,3
3,6,3
3,3,0
9,9,0
2,5,3
2,2,0
2,2,0
2,2,0
2,2,0
19,19,0
3,7,4
2,4,2
3,5,2
2,2,0
2,4,2
1,1,0
6,6,0
4,6,2
2,80,78
3,3,0
3,9,6
2,2,0
8,8,0
50,50,0
3,3,0
2,2,0
9,9,0
2,2,0
3,3,0
1,3,2
30,30,0
3,14,11
2,2,0
2,2,0
1,5,4
3,3,0
2,2,0
11,11,0
1,4,3
2,2,0
2,2,0
2,2,0
3,3,0
3,3,0
2,4,2
4,4,0
2,2,0
12,12,0
2,15,13
3,4,1
2,2,0
142,142,0
2,16,14
1,2,1
3,6,3
3,3,0
4,4,0
1,1,0
2,2,0
3,10,7
2,2,0
1,20,19
2,2,0
2,2,0
3,8,5
3,13,10
2,18,16
2,17,15
3,5,2
3,5,2
3,7,4
3,10,7
2,3,1
2,4,2
1,1,0
3,3,0
9,9,0
0,0,0
3,3,0
2,2,0
2,3,1
3,7,4
2,2,0
16,16,0
8,8,0
2,2,0
1,2,1
1,7,6
3,3,0
14,14,0
3,3,0
2,6,4
2,2,0
3,3,0
2,2,0
8,10,2
2,2,0
3,6,3
2,2,0
2,2,0
3,20,17
3,3,0
0,0,0
2,2,0
3,5,2
2,2,0
2,2,0
77,77,0
4,4,0
3,13,10
3,5,2
2,2,0
1,1,0
1,1,0
2,2,0
1,6,5
0,0,0
14,16,2
2,2,0
8,8,0
2,2,0
2,2,0
2,3,1
2,2,0
1,29,28
2,2,0
100,100,0
3,3,0
2,6,4
3,3,0
2,14,12
6,8,2
2,2,0
2,2,0
2,4,2
2,2,0
3,3,0
1,29,28
3,3,0
3,3,0
2,2,0
2,2,0
100,200,100
2,3,1
0,0,0
4,4,0
2,2,0
1,1,0
7,7,0
2,2,0
3,5,2
1,8,7
51,51,0
5,5,0
3,5,2
3,16,13
2,2,0
2,2,0
3,3,0
2,2,0
3,15,12
9,9,0
6,6,0
4,4,0
51,51,0
2,2,0
3,3,0
2,4,2
2,2,0
2,2,0
3,9,6
2,2,0
7,7,0
2,4,2
3,5,2
2,2,0
3,3,0
2,10,8
3,6,3
4,4,0
9,18,9
1,74,73
2,4,2
2,4,2
2,4,2
2,2,0
2,2,0
2,3,1
40,40,0
2,2,0
2,2,0
2,2,0
1,1,0
2,3,1
9,9,0
9,9,0
2,3,1
3,5,2
3,12,9
2,2,0
2,2,0
6,6,0
2,2,0
3,3,0
2,5,3
2,4,2
2,2,0
2,2,0
2,2,0
51,51,0
2,15,13
3,3,0
40,43,3
1,16,15
1,4,3
3,3,0
1,25,24
3,3,0
1,20,19
3,3,0
8,8,0
2,2,0
2,8,6
0,0,0
3,3,0
3,3,0
4,5,1
77,112,35
1,10,9
3,3,0
4,4,0
8,8,0
3,9,6
1,2,1
9,9,0
5,5,0
2,4,2
2,2,0
12,12,0
1,2,1
2,3,1
1,3,2
2,3,1
2,10,8
3,3,0
2,2,0
3,22,19
9,9,0
2,2,0
6,6,0
2,2,0
1,2,1
3,3,0
1,2,1
3,5,2
3,3,0
1,21,20
74,76,2
8,8,0
2,2,0
2,2,0
2,2,0
2,3,1
9,9,0
3,3,0
2,4,2
3,4,1
2,2,0
2,2,0
3,3,0
3,3,0
4,5,1
2,2,0
15,15,0
2,2,0
9,9,0
2,2,0
2,2,0
3,5,2
2,2,0
2,2,0
2,2,0
2,2,0
3,4,1
4,17,13
3,3,0
0,0,0
3,3,0
3,5,2
1,8,7
2,2,0
2,2,0
2,2,0
24,24,0
2,2,0
51,51,0
2,2,0
11,11,0
9,9,0
2,2,0
2,2,0
4,4,0
3,3,0
1,11,10
1,1,0
1,5,4
2,2,0
8,8,0
2,2,0
2,2,0
2,2,0
3,3,0
6,6,0
2,2,0
3,13,10
36,36,0
9,9,0
2,2,0
48,48,0
3,3,0
2,3,1
2,2,0
2,2,0
2,2,0
3,3,0
2,2,0
1,3,2
2,5,3
2,8,6
3,9,6
8,12,4
2,2,0
9,9,0
121,121,0
2,2,0
2,2,0
3,5,2
2,3,1
2,2,0
2,2,0
2,2,0
3,22,19
3,5,2
2,2,0
3,3,0
2,2,0
2,2,0
1,8,7
2,2,0
2,2,0
2,2,0
55,55,0
2,3,1
0,0,0
3,5,2
1,1,0
2,2,0
2,2,0
9,9,0
2,2,0
2,2,0
2,2,0
2,4,2
1,20,19
3,3,0
4,4,0
5,5,0
63,131,68
2,2,0
2,2,0
2,2,0
2,2,0
2,2,0
3,5,2
2,25,23
2,2,0
4,4,0
2,4,2
2,2,0
2,2,0
3,3,0
2,4,2
2,5,3
2,2,0
2,6,4
9,9,0
2,4,2
3,3,0
4,4,0
2,5,3
2,2,0
1,2,1
2,3,1
2,2,0
9,9,0
1,24,23
2,97,95
2,2,0
2,2,0
2,80,78
3,5,2
2,2,0
12,12,0
2,2,0
2,2,0
2,2,0
2,2,0
3,5,2
3,3,0
3,3,0
2,4,2
3,3,0
2,2,0
3,3,0
2,2,0
0,0,0
2,2,0
100,100,0
3,3,0
3,7,4
3,5,2
3,3,0
2,2,0
14,14,0
2,2,0
1,2,1
1,14,13
1,1,0
2,2,0
2,2,0
2,7,5
2,10,8
1,1,0
1,20,19
9,9,0
3,3,0
2,3,1
9,9,0
2,2,0
51,51,0
2,4,2
2,2,0
3,4,1
3,3,0
3,5,2
2,9,7
3,3,0
43,47,4
29,31,2
2,4,2
23,23,0
1,60,59
2,6,4
2,2,0
3,3,0
3,3,0
2,2,0
1,1,0
4,4,0
3,3,0
2,11,9
2,4,2
2,2,0
8,16,8
3,5,2
3,3,0
2,2,0
2,4,2
2,2,0
2,2,0
2,2,0
2,2,0
3,6,3
2,2,0
2,29,27
3,5,2
3,3,0
32,128,96
3,3,0
3,3,0
3,5,2
9,9,0
3,3,0
2,2,0
2,2,0
4,5,1
6,7,1
2,2,0
2,2,0
3,3,0
2,2,0
2,2,0
1,20,19
3,3,0
1,21,20
2,2,0
14,14,0
1,1,0
2,5,3
2,2,0
1,1,0
2,2,0
2,2,0
2,80,78
3,3,0
2,2,0
0,0,0
2,4,2
0,0,0
3,9,6
1,2,1
2,2,0
2,2,0
3,6,3
3,5,2
3,3,0
1,1,0
2,4,2
2,2,0
2,2,0
3,3,0
22,22,0
3,3,0
2,84,82
1,3,2
2,4,2
1,6,5
3,3,0
2,4,2
2,2,0
2,2,0
8,8,0
3,5,2
2,60,58
1,3,2
2,2,0
2,2,0
0,0,0
2,2,0
3,5,2
5,5,0
3,16,13
3,9,6
2,2,0
3,3,0
2,2,0
2,2,0
8,8,0
4,8,4
10,10,0
2,6,4
50,50,0
3,5,2
2,8,6
2,2,0
3,13,10
4,4,0
2,2,0
1,2,1
2,2,0
2,4,2
2,4,2
2,6,4
2,13,11
8,8,0
3,3,0
5,120,115
5,6,1
2,2,0
4,4,0
42,42,0
1,1,0
8,8,0
3,9,6
2,2,0
2,2,0
2,2,0
7,9,2
1,1,0
2,4,2
3,5,2
9,9,0
2,2,0
3,3,0
6,12,6
42,44,2
2,2,0
1,1,0
4,4,0
6,6,0
2,2,0
125,136,11
1,5,4
2,2,0
3,3,0
2,2,0
2,4,2
2,2,0
8,8,0
0,0,0
2,2,0
3,3,0
2,19,17
3,5,2
2,2,0
1,1,0
2,2,0
11,11,0
2,2,0
3,3,0
0,0,0
2,2,0
1,1,0
3,5,2
2,2,0
3,5,2
1,1,0
2,3,1
2,2,0
2,2,0
2,2,0
3,3,0
2,2,0
2,49,47
2,2,0
2,2,0
26,27,1
3,5,2
3,4,1
2,98,96
3,5,2
3,3,0
3,5,2
9,9,0
2,4,2
2,2,0
2,2,0
2,4,2
2,2,0
2,2,0
6,11,5
2,4,2
0,0,0
3,5,2
100,100,0
2,2,0
2,2,0
3,3,0
3,3,0
2,3,1
1,1,0
3,3,0
3,5,2
51,101,50
2,2,0
2,42,40
2,6,4
2,2,0
2,2,0
2,2,0
2,2,0
1,5,4
3,3,0
2,2,0
2,6,4
2,2,0
0,0,0
2,4,2
1,10,9
3,6,3
7,7,0
2,2,0
2,2,0
1,1,0
3,3,0
2,2,0
3,5,2
2,2,0
1,3,2
2,2,0
5,5,0
2,19,17
2,2,0
49,49,0
100,100,0
3,7,4
2,3,1
2,2,0
3,3,0
24,35,11
2,4,2
3,5,2
1,1,0
8,8,0
2,2,0
2,2,0
1,17,16
3,3,0
100,100,0
2,4,2
3,3,0
2,2,0
2,2,0
2,2,0
3,3,0
2,2,0
2,8,6
4,5,1
3,3,0
2,2,0
2,2,0
3,3,0
2,2,0
1,1,0
2,2,0
3,7,4
16,16,0
2,2,0
2,2,0
2,2,0
2,2,0
3,25,22
2,2,0
3,3,0
66,77,11
2,2,0
2,2,0
1,12,11
2,2,0
9,9,0
8,8,0
3,5,2
3,3,0
2,4,2
2,2,0
3,7,4
3,3,0
8,8,0
26,26,0
3,3,0
2,2,0
0,0,0
2,2,0
2,2,0
40,43,3
2,2,0
2,2,0
3,3,0
2,5,3
1,1,0
2,2,0
3,3,0
2,5,3
60,62,2
0,0,0
2,2,0
2,2,0
2,2,0
45,45,0
2,3,1
2,2,0
2,2,0
3,3,0
1,1,0
2,4,2
8,16,8
1,1,0
2,2,0
2,3,1
2,4,2
2,2,0
81,83,2
8,8,0
3,3,0
8,8,0
2,2,0
2,2,0
3,3,0
2,2,0
3,5,2
2,2,0
2,10,8
150,150,0
2,2,0
3,6,3
2,2,0
1,1,0
8,8,0
3,3,0
2,2,0
7,9,2
2,2,0
2,2,0
2,2,0
4,4,0
2,4,2
0,0,0
2,2,0
1,4,3
2,2,0
2,2,0
3,3,0
3,3,0
2,2,0
2,4,2
9,9,0
2,84,82
2,6,4
52,53,1
2,8,6
135,174,39
3,5,2
3,3,0
2,2,0
1,7,6
8,8,0
2,8,6
8,8,0
2,2,0
2,2,0
3,3,0
1,23,22
2,4,2
2,45,43
26,26,0
3,5,2
2,2,0
3,3,0
9,9,0
2,4,2
2,2,0
2,4,2
9,12,3
1,37,36
2,2,0
2,2,0
2,2,0
2,2,0
2,2,0
2,2,0
2,2,0
2,4,2
2,2,0
9,9,0
2,2,0
2,4,2
2,2,0
2,2,0
2,3,1
1,1,0
2,2,0
3,4,1
2,86,84
2,2,0
2,2,0
1,2,1
2,2,0
3,3,0
1,6,5
51,51,0
2,4,2
15,15,0
3,3,0
2,2,0
2,2,0
2,2,0
2,2,0
2,2,0
1,1,0
1,59,58
2,2,0
2,14,12
2,2,0
10,10,0
67,67,0
2,2,0
9,9,0
3,3,0
2,2,0
1,25,24
3,3,0
5,5,0
2,2,0
2,4,2
3,11,8
2,2,0
2,2,0
9,24,15
24,30,6
3,7,4
4,4,0
8,8,0
2,4,2
2,5,3
2,2,0
1,2,1
0,0,0
2,2,0
4,4,0
9,9,0
2,2,0
1,20,19
2,3,1
0,0,0
9,9,0
2,2,0
1,1,0
0,0,0
1,1,0
2,2,0
2,2,0
20,20,0
2,2,0
41,139,98
3,3,0
2,2,0
3,3,0
2,2,0
3,3,0
10,10,0
3,5,2
2,2,0
136,148,12
2,2,0
2,9,7
2,4,2
2,2,0
3,3,0
3,9,6
3,8,5
2,2,0
1,1,0
2,2,0
2,6,4
2,4,2
2,4,2
3,3,0
2,2,0
3,5,2
2,2,0
2,2,0
3,6,3
2,2,0
1,1,0
3,23,20
2,2,0
8,8,0
2,2,0
4,4,0
2,2,0
2,4,2
78,78,0
2,13,11
2,2,0
9,9,0
2,2,0
2,2,0
5,5,0
60,114,54
124,124,0
3,3,0
3,3,0
2,2,0
3,3,0
1,1,0
2,2,0
1,1,0
1,2,1
1,1,0
3,3,0
2,12,10
2,2,0
2,2,0
8,16,8
6,8,2
8,8,0
2,2,0
9,9,0
3,3,0
3,3,0
2,2,0
2,14,12
2,2,0
2,4,2
5,5,0
2,2,0
6,7,1
11,11,0
1,2,1
106,106,0
3,3,0
2,2,0
3,3,0
2,2,0
2,2,0
0,0,0
62,62,0
2,2,0
3,5,2
2,12,10
3,3,0
2,46,44
2,2,0
2,7,5
1,6,5
4,4,0
2,2,0
2,6,4
2,4,2
2,12,10
22,22,0
2,2,0
40,40,0
3,6,3
4,4,0
1,1,0
2,4,2
3,7,4
2,2,0
2,5,3
6,9,3
2,2,0
5,5,0
3,3,0
2,2,0
3,3,0
2,2,0
2,2,0
3,51,48
3,3,0
3,4,1
2,4,2
2,2,0
9,9,0
2,2,0
2,8,6
2,2,0
2,4,2
3,11,8
2,2,0
2,6,4
2,2,0
1,1,0
3,3,0
2,2,0
2,2,0
3,3,0
3,5,2
0,0,0
2,2,0
2,2,0
6,6,0
1,3,2
3,7,4
3,3,0
1,45,44
2,2,0
2,12,10
3,8,5
2,2,0
2,2,0
0,0,0
8,8,0
3,5,2
2,2,0
16,16,0
1,2,1
2,2,0
9,9,0
2,2,0
1,3,2
2,2,0
2,2,0
1,1,0
3,3,0
1,21,20
2,2,0
2,2,0
8,8,0
0,0,0
2,2,0
1,7,6
3,7,4
3,3,0
3,5,2
2,13,11
3,3,0
1,17,16
2,2,0
2,3,1
8,8,0
2,4,2
2,2,0
2,2,0
2,2,0
2,4,2
3,3,0
3,3,0
2,2,0
3,13,10
2,2,0
2,2,0
25,123,98
3,7,4
3,4,1
2,2,0
4,5,1
2,2,0
2,2,0
1,1,0
3,9,6
0,0,0
3,3,0
2,2,0
2,6,4
2,5,3
2,2,0
1,62,61
1,1,0
8,8,0
15,16,1
3,8,5
10,10,0
2,48,46
2,2,0
3,3,0
2,2,0
2,2,0
2,11,9
4,4,0
10,12,2
3,3,0
3,3,0
2,82,80
2,2,0
2,2,0
2,2,0
2,4,2
2,2,0
1,1,0
2,6,4
0,0,0
2,3,1
2,2,0
2,2,0
3,6,3
12,12,0
2,2,0
2,2,0
2,8,6
8,13,5
6,6,0
2,2,0
3,3,0
2,2,0
2,3,1
8,8,0
2,2,0
1,20,19
10,12,2
3,3,0
2,2,0
2,12,10
3,5,2
20,20,0
2,2,0
1,1,0
2,2,0
1,26,25
2,2,0
2,2,0
3,3,0
8,8,0
22,22,0
2,2,0
1,1,0
2,3,1
2,93,91
3,3,0
2,2,0
2,2,0
3,5,2
2,2,0
3,3,0
2,36,34
2,2,0
4,4,0
8,8,0
2,2,0
1,1,0
1,45,44
2,2,0
1,2,1
3,7,4
3,3,0
0,0,0
1,7,6
2,2,0
3,7,4
2,2,0
3,3,0
2,52,50
2,2,0
2,3,1
2,4,2
3,7,4
8,27,19
8,8,0
3,3,0
2,4,2
2,3,1
2,13,11
100,102,2
2,2,0
2,2,0
2,2,0
2,2,0
1,3,2
2,2,0
2,2,0
3,6,3
2,2,0
2,2,0
3,5,2
2,4,2
1,2,1
2,4,2
1,22,21
3,7,4
4,22,18
6,6,0
2,2,0
3,8,5
1,39,38
10,10,0
2,2,0
1,3,2
4,4,0
3,3,0
12,12,0
2,2,0
2,2,0
2,4,2
2,3,1
2,2,0
2,4,2
3,5,2
2,4,2
3,12,9
2,2,0
3,22,19
2,2,0
3,8,5
3,3,0
2,2,0
2,2,0
2,2,0
0,0,0
3,5,2
2,6,4
3,4,1
2,18,16
2,4,2
2,2,0
11,11,0
2,9,7
2,2,0
2,2,0
1,9,8
10,10,0
3,5,2
3,6,3
3,3,0
2,2,0
2,2,0
2,2,0
0,0,0
2,2,0
6,6,0
1,2,1
2,2,0
3,3,0
12,13,1
2,2,0
2,2,0
3,3,0
3,3,0
2,2,0
2,2,0
2,2,0
6,6,0
3,3,0
5,5,0
2,2,0
2,2,0
4,73,69
51,53,2
2,2,0
2,7,5
8,8,0
3,6,3
2,2,0
1,6,5
88,118,30
0,0,0
3,3,0
3,3,0
2,4,2
2,2,0
1,2,1
4,4,0
9,9,0
2,4,2
3,5,2
0,0,0
1,1,0
2,2,0
5,5,0
2,2,0
28,28,0
1,13,12
3,3,0
11,26,15
3,3,0
3,3,0
3,4,1
2,45,43
4,4,0
3,3,0
2,2,0
2,2,0
5,5,0
0,0,0
2,2,0
9,9,0
2,2,0
2,2,0
5,5,0
2,2,0
3,3,0
3,3,0
5,13,8
2,2,0
3,3,0
3,7,4
0,0,0
3,3,0
11,11,0
3,49,46
2,2,0
3,3,0
3,5,2
2,2,0
2,2,0
1,4,3
2,2,0
2,2,0
2,2,0
10,17,7
2,2,0
2,2,0
0,0,0
3,5,2
1,2,1
2,2,0
0,0,0
6,6,0
2,2,0
1,2,1
3,5,2
1,24,23
2,2,0
1,1,0
9,9,0
3,13,10
2,2,0
2,4,2
1,22,21
7,14,7
61,61,0
3,3,0
2,2,0
2,2,0
3,3,0
11,11,0
3,5,2
2,2,0
2,2,0
1,23,22
8,8,0
50,51,1
3,3,0
3,3,0
3,3,0
2,2,0
1,2,1
4,4,0
2,60,58
1,2,1
2,2,0
3,3,0
2,2,0
2,2,0
2,2,0
2,2,0
2,12,10
100,100,0
2,2,0
1,1,0
3,6,3
2,2,0
2,2,0
3,3,0
2,2,0
2,3,1
3,4,1
3,11,8
3,7,4
3,3,0
6,9,3
2,2,0
3,18,15
3,5,2
2,2,0
2,2,0
9,9,0
2,2,0
3,10,7
3,11,8
2,3,1
3,3,0
2,2,0
2,2,0
2,2,0
2,2,0
2,2,0
3,3,0
2,2,0
3,5,2
3,7,4
2,7,5
3,4,1
44,44,0
2,2,0
2,2,0
2,2,0
2,2,0
1,5,4
18,18,0
2,2,0
3,5,2
28,30,2
2,4,2
1,1,0
3,3,0
2,2,0
2,9,7
4,4,0
2,4,2
2,2,0
2,2,0
2,6,4
1,5,4
2,6,4
2,16,14
2,2,0
2,2,0
2,2,0
8,25,17
9,9,0
9,9,0
2,2,0
8,8,0
3,3,0
2,4,2
2,2,0
3,3,0
12,13,1
2,2,0
2,4,2
2,2,0
2,2,0
1,2,1
3,3,0
1,1,0
3,3,0
3,7,4
3,3,0
3,9,6
2,2,0
3,6,3
2,2,0
3,3,0
2,2,0
2,2,0
2,2,0
2,21,19
3,3,0
2,2,0
8,8,0
2,2,0
2,35,33
2,2,0
2,2,0
3,3,0
0,0,0
9,9,0
2,18,16
3,5,2
2,4,2
8,8,0
3,3,0
8,8,0
0,0,0
3,3,0
2,8,6
0,0,0
1,2,1
2,2,0
2,2,0
0,0,0
2,2,0
2,2,0
2,2,0
3,5,2
2,4,2
1,1,0
1,13,12
2,2,0
2,2,0
26,28,2
3,22,19
2,22,20
1,1,0
9,9,0
2,4,2
2,2,0
2,2,0
6,6,0
3,3,0
7,7,0
2,4,2
13,16,3
3,5,2
8,10,2
2,4,2
2,3,1
3,3,0
18,18,0
2,2,0
2,2,0
3,8,5
1,5,4
0,0,0
3,3,0
2,2,0
3,6,3
2,2,0
1,5,4
2,2,0
3,5,2
3,8,5
2,2,0
1,2,1
2,2,0
7,7,0
3,3,0
2,2,0
8,8,0
2,2,0
2,2,0
25,25,0
3,3,0
2,2,0
21,21,0
2,11,9
4,8,4
0,0,0
9,9,0
2,2,0
2,2,0
58,66,8
2,4,2
2,2,0
100,100,0
0,0,0
2,2,0
2,2,0
2,2,0
2,2,0
3,11,8
2,2,0
2,2,0
3,7,4
3,7,4
8,8,0
3,3,0
4,4,0
24,34,10
3,3,0
2,2,0
2,48,46
3,8,5
1,20,19
9,9,0
5,5,0
1,1,0
3,3,0
1,20,19
2,2,0
0,0,0
1,9,8
1,1,0
1,1,0
2,4,2
3,7,4
2,2,0
1,20,19
3,5,2
3,5,2
138,138,0
2,3,1
2,4,2
1,78,77
2,2,0
2,2,0
2,3,1
3,3,0
2,2,0
2,2,0
8,8,0
2,2,0
3,6,3
2,2,0
2,6,4
1,1,0
0,0,0
2,2,0
2,2,0
1,1,0
9,9,0
14,14,0
2,2,0
2,2,0
1,2,1
3,3,0
2,4,2
1,1,0
3,3,0
1,6,5
3,3,0
2,2,0
2,2,0
8,8,0
3,8,5
3,4,1
2,17,15
2,2,0
2,8,6
3,3,0
2,2,0
1,1,0
2,82,80
3,3,0
1,8,7
0,0,0
2,2,0
2,2,0
2,2,0
42,42,0
2,2,0
1,2,1
9,9,0
2,2,0
9,9,0
2,4,2
3,5,2
2,2,0
2,4,2
2,80,78
3,3,0
2,2,0
2,2,0
3,3,0
80,80,0
3,3,0
10,10,0
3,5,2
2,2,0
2,2,0
1,1,0
3,3,0
2,7,5
3,11,8
10,10,0
2,2,0
2,2,0
22,70,48
2,5,3
2,2,0
2,2,0
3,3,0
0,0,0
3,3,0
3,5,2
2,2,0
5,5,0
2,2,0
9,9,0
2,37,35
3,10,7
2,4,2
3,5,2
2,2,0
2,2,0
1,4,3
3,11,8
3,3,0
2,2,0
1,1,0
3,3,0
2,2,0
1,2,1
2,2,0
2,2,0
3,3,0
3,3,0
1,2,1
2,2,0
3,7,4
9,13,4
3,3,0
1,2,1
2,11,9
0,0,0
0,0,0
2,2,0
3,9,6
2,2,0
1,2,1
2,2,0
1,5,4
3,7,4
0,0,0
11,11,0
3,5,2
2,2,0
2,5,3
2,2,0
3,3,0
1,2,1
2,2,0
2,2,0
2,2,0
3,3,0
8,8,0
2,2,0
8,8,0
2,4,2
3,3,0
11,11,0
2,2,0
2,2,0
3,3,0
0,0,0
3,6,3
2,2,0
3,3,0
2,2,0
2,2,0
1,3,2
2,2,0
3,5,2
2,2,0
3,3,0
2,2,0
3,3,0
2,26,24
3,5,2
1,1,0
3,3,0
2,2,0
1,2,1
3,3,0
4,4,0
2,4,2
20,20,0
2,5,3
100,200,100
18,21,3
2,2,0
8,8,0
1,4,3
2,2,0
3,7,4
1,6,5
2,2,0
2,3,1
2,2,0
2,2,0
3,7,4
100,100,0
3,3,0
2,14,12
2,2,0
3,5,2
9,9,0
2,3,1
2,8,6
3,12,9
1,7,6
2,2,0
3,73,70
2,2,0
1,1,0
2,4,2
2,2,0
3,3,0
3,5,2
9,9,0
2,2,0
2,2,0
3,3,0
4,76,72
1,1,0
2,28,26
80,80,0
3,5,2
2,2,0
2,8,6
3,3,0
4,66,62
3,9,6
2,2,0
3,3,0
2,2,0
3,3,0
6,6,0
1,2,1
2,15,13
8,8,0
6,6,0
3,7,4
2,2,0
9,9,0
2,2,0
2,4,2
2,2,0
2,2,0
2,2,0
9,33,24
1,27,26
2,4,2
2,2,0
2,80,78
1,31,30
0,0,0
1,1,0
2,2,0
2,11,9
2,2,0
3,3,0
3,8,5
2,2,0
3,3,0
2,2,0
1,22,21
2,18,16
9,9,0
3,3,0
2,2,0
2,2,0
3,5,2
3,5,2
3,3,0
1,1,0
9,9,0
2,82,80
2,2,0
100,100,0
2,16,14
3,3,0
2,2,0
2,4,2
3,3,0
3,14,11
2,4,2
3,10,7
3,9,6
3,5,2
0,0,0
3,3,0
2,2,0
8,8,0
3,7,4
2,2,0
2,2,0
2,2,0
1,2,1
2,2,0
2,2,0
1,23,22
2,2,0
36,113,77
2,2,0
8,8,0
2,2,0
9,9,0
9,9,0
3,5,2
93,94,1
1,20,19
2,2,0
2,2,0
3,7,4
1,1,0
5,5,0
8,8,0
12,12,0
2,7,5
3,3,0
3,3,0
3,3,0
2,2,0
3,28,25
3,3,0
2,4,2
2,29,27
21,21,0
2,2,0
6,8,2
2,6,4
3,9,6
1,3,2
1,2,1
2,2,0
2,2,0
1,2,1
2,4,2
2,4,2
3,8,5
8,8,0
14,14,0
2,4,2
6,6,0
7,8,1
4,17,13
2,2,0
1,1,0
0,0,0
1,1,0
2,2,0
2,2,0
2,2,0
2,3,1
2,3,1
34,37,3
1,1,0
3,3,0
8,16,8
11,11,0
3,8,5
2,2,0
3,3,0
12,12,0
10,10,0
2,2,0
2,2,0
1,3,2
2,2,0
2,2,0
2,2,0
3,3,0
2,2,0
2,2,0
2,2,0
10,18,8
3,7,4
1,2,1
3,4,1
2,2,0
2,2,0
18,18,0
3,3,0
1,2,1
3,4,1
8,8,0
2,2,0
2,61,59
2,2,0
4,4,0
50,52,2
1,8,7
8,8,0
3,8,5
2,2,0
2,2,0
6,6,0
3,3,0
2,2,0
8,8,0
10,10,0
2,3,1
1,1,0
8,11,3
2,2,0
88,96,8
2,2,0
3,3,0
1,2,1
2,2,0
3,3,0
2,6,4
2,2,0
2,15,13
1,1,0
2,2,0
3,3,0
8,8,0
2,2,0
3,3,0
2,2,0
3,5,2
2,2,0
2,2,0
13,13,0
15,15,0
2,2,0
3,3,0
3,3,0
3,5,2
2,4,2
20,20,0
3,3,0
2,2,0
9,9,0
1,37,36
10,10,0
4,4,0
2,3,1
2,2,0
2,2,0
1,60,59
2,2,0
2,80,78
6,6,0
2,2,0
2,2,0
3,3,0
8,8,0
3,7,4
3,3,0
0,0,0
3,3,0
2,2,0
1,23,22
1,1,0
8,8,0
3,3,0
1,4,3
2,100,98
8,8,0
3,3,0
1,2,1
3,3,0
10,10,0
100,100,0
2,2,0
1,4,3
54,54,0
29,29,0
2,2,0
6,6,0
3,3,0
2,2,0
3,5,2
2,2,0
5,51,46
2,4,2
2,2,0
1,2,1
2,2,0
3,5,2
3,3,0
3,3,0
2,2,0
2,2,0
21,39,18
2,2,0
2,2,0
1,2,1
3,3,0
8,8,0
3,4,1
2,2,0
3,3,0
3,5,2
3,23,20
2,2,0
3,3,0
1,4,3
2,2,0
3,5,2
1,1,0
1,200,199
3,3,0
3,3,0
2,2,0
2,5,3
2,2,0
6,6,0
2,2,0
2,2,0
2,2,0
2,15,13
100,100,0
3,3,0
2,2,0
2,2,0
1,1,0
3,3,0
2,2,0
2,2,0
8,8,0
2,2,0
8,8,0
3,3,0
3,5,2
2,2,0
2,2,0
2,2,0
3,3,0
8,21,13
2,2,0
27,27,0
75,75,0
3,3,0
3,5,2
2,6,4
2,2,0
5,5,0
2,2,0
2,2,0
4,8,4
3,3,0
2,2,0
2,2,0
2,2,0
2,7,5
3,3,0
1,2,1
2,3,1
2,2,0
3,3,0
1,1,0
2,2,0
20,20,0
2,4,2
3,3,0
2,10,8
11,11,0
3,3,0
2,5,3
3,3,0
3,3,0
2,4,2
8,8,0
3,3,0
26,26,0
3,10,7
2,4,2
2,2,0
2,4,2
2,2,0
3,3,0
2,2,0
2,2,0
91,91,0
3,3,0
2,2,0
3,3,0
2,6,4
3,3,0
2,2,0
2,2,0
3,11,8
3,4,1
2,2,0
12,12,0
2,2,0
1,1,0
2,4,2
1,26,25
4,4,0
2,4,2
2,2,0
22,23,1
8,8,0
5,5,0
9,29,20
3,3,0
3,3,0
2,2,0
3,7,4
2,8,6
6,6,0
2,2,0
3,3,0
9,14,5
1,1,0
1,3,2
3,7,4
6,6,0
5,5,0
3,3,0
1,7,6
3,13,10
2,2,0
141,141,0
3,5,2
3,3,0
4,4,0
2,2,0
1,8,7
3,3,0
2,2,0
1,2,1
10,10,0
0,0,0
10,12,2
2,2,0
0,0,0
2,2,0
2,2,0
2,2,0
2,4,2
1,1,0
2,4,2
2,6,4
3,4,1
2,2,0
3,3,0
9,9,0
2,2,0
2,4,2
3,26,23
2,2,0
1,2,1
2,2,0
2,2,0
2,2,0
2,9,7
3,3,0
3,3,0
3,3,0
2,2,0
2,4,2
2,2,0
3,3,0
2,9,7
2,2,0
2,2,0
2,2,0
2,2,0
2,2,0
2,19,17
3,3,0
2,2,0
1,1,0
1,1,0
2,2,0
0,0,0
2,2,0
2,3,1
3,5,2
2,2,0
2,14,12
2,2,0
2,2,0
3,3,0
17,17,0
2,2,0
38,38,0
1,1,0
3,3,0
8,8,0
2,4,2
2,2,0
2,2,0
3,3,0
11,11,0
2,7,5
9,9,0
1,2,1
1,22,21
2,4,2
9,9,0
10,10,0
2,2,0
23,23,0
0,0,0
2,2,0
3,3,0
4,6,2
2,4,2
2,2,0
1,1,0
1,5,4
0,0,0
2,2,0
8,8,0
0,0,0
1,1,0
3,3,0
2,2,0
2,2,0
0,0,0
1,2,1
7,9,2
1,31,30
9,9,0
2,2,0
42,42,0
2,2,0
3,7,4
2,2,0
2,8,6
2,7,5
2,2,0
2,2,0
1,1,0
2,2,0
2,2,0
3,3,0
2,2,0
2,2,0
2,2,0
2,4,2
3,3,0
1,1,0
2,4,2
2,7,5
2,2,0
6,6,0
3,5,2
3,4,1
2,2,0
3,3,0
2,2,0
2,2,0
3,3,0
3,9,6
2,2,0
3,3,0
2,2,0
6,6,0
2,2,0
1,9,8
3,7,4
13,13,0
2,2,0
20,20,0
3,3,0
3,3,0
3,3,0
4,8,4
1,7,6
14,39,25
2,2,0
4,5,1
3,3,0
2,2,0
2,3,1
3,3,0
4,4,0
3,3,0
3,3,0
2,2,0
1,2,1
3,3,0
2,2,0
2,4,2
3,7,4
5,5,0
2,12,10
19,19,0
2,14,12
2,2,0
3,3,0
2,8,6
1,7,6
9,61,52
2,2,0
2,2,0
3,3,0
2,2,0
2,2,0
2,2,0
1,1,0
3,3,0
10,10,0
2,2,0
7,7,0
3,5,2
2,20,18
1,2,1
3,5,2
2,2,0
4,4,0
3,6,3
2,2,0
2,2,0
1,1,0
3,3,0
2,2,0
2,2,0
0,0,0
2,6,4
1,2,1
2,2,0
2,84,82
2,5,3
1,3,2
3,5,2
2,3,1
5,5,0
2,2,0
2,3,1
3,7,4
8,8,0
1,5,4
9,9,0
3,3,0
2,3,1
2,2,0
1,4,3
2,3,1
1,1,0
3,3,0
3,3,0
1,28,27
3,3,0
3,14,11
2,76,74
2,2,0
1,2,1
2,2,0
8,8,0
3,18,15
2,2,0
8,8,0
3,3,0
3,3,0
3,3,0
1,5,4
2,2,0
2,2,0
3,3,0
2,3,1
2,2,0
3,5,2
72,72,0
3,3,0
11,11,0
1,57,56
11,11,0
2,23,21
3,3,0
2,2,0
2,3,1
2,4,2
2,2,0
3,3,0
2,25,23
0,0,0
3,3,0
2,2,0
3,4,1
16,16,0
2,4,2
2,2,0
2,2,0
3,3,0
3,5,2
2,2,0
0,0,0
2,2,0
11,11,0
3,3,0
2,3,1
2,4,2
2,2,0
2,2,0
2,3,1
8,8,0
2,2,0
5,5,0
1,62,61
2,2,0
2,2,0
3,3,0
2,2,0
2,2,0
1,1,0
3,5,2
1,3,2
4,4,0
2,2,0
1,3,2
10,12,2
1,4,3
2,16,14
2,2,0
1,2,1
1,50,49
2,2,0
3,5,2
1,24,23
2,2,0
2,2,0
2,4,2
2,4,2
2,4,2
0,0,0
2,2,0
3,3,0
2,2,0
2,2,0
3,4,1
3,6,3
3,3,0
1,7,6
2,2,0
3,3,0
3,3,0
100,100,0
2,2,0
2,2,0
2,2,0
2,2,0
1,1,0
18,18,0
2,2,0
1,22,21
9,9,0
2,10,8
2,2,0
100,166,66
3,3,0
1,1,0
9,9,0
3,4,1
2,4,2
3,5,2
3,3,0
1,2,1
2,4,2
1,2,1
2,2,0
3,4,1
1,1,0
2,2,0
3,3,0
3,5,2
9,9,0
2,4,2
2,2,0
8,8,0
3,9,6
2,2,0
3,3,0
2,2,0
3,3,0
1,2,1
2,2,0
3,3,0
6,6,0
3,5,2
3,9,6
2,2,0
2,2,0
8,8,0
2,2,0
2,4,2
2,2,0
6,6,0
0,0,0
56,163,107
2,2,0
2,2,0
3,5,2
2,2,0
2,2,0
3,3,0
3,3,0
3,9,6
2,11,9
24,24,0
2,2,0
2,2,0
2,4,2
2,2,0
3,7,4
3,9,6
9,9,0
3,4,1
2,2,0
2,2,0
3,3,0
2,2,0
3,7,4
0,0,0
2,5,3
2,2,0
1,10,9
3,5,2
2,2,0
2,2,0
3,3,0
2,2,0
3,3,0
12,12,0
0,0,0
2,2,0
5,5,0
0,0,0
9,9,0
3,8,5
3,3,0
3,5,2
2,2,0
2,2,0
2,2,0
2,2,0
14,14,0
2,2,0
0,0,0
9,33,24
2,2,0
2,2,0
18,19,1
3,3,0
3,8,5
1,5,4
2,2,0
3,20,17
2,2,0
5,5,0
3,81,78
2,4,2
2,2,0
8,8,0
10,10,0
2,2,0
2,2,0
2,2,0
9,9,0
7,7,0
4,4,0
8,8,0
2,6,4
3,3,0
3,3,0
3,3,0
2,4,2
1,20,19
2,2,0
2,3,1
3,5,2
3,5,2
3,5,2
3,3,0
2,5,3
2,2,0
4,4,0
0,0,0
2,2,0
9,9,0
1,3,2
2,6,4
2,2,0
2,2,0
2,2,0
1,1,0
2,2,0
3,3,0
2,2,0
2,5,3
2,2,0
2,2,0
4,4,0
3,5,2
2,2,0
3,3,0
2,2,0
3,5,2
2,2,0
2,2,0
3,5,2
2,4,2
2,16,14
4,4,0
2,2,0
2,11,9
2,2,0
2,2,0
2,2,0
2,2,0
2,2,0
2,2,0
2,2,0
2,2,0
9,9,0
2,4,2
3,3,0
3,3,0
3,9,6
1,1,0
2,2,0
2,2,0
2,3,1
2,2,0
2,2,0
2,5,3
3,3,0
2,2,0
2,2,0
2,2,0
2,2,0
2,4,2
2,2,0
1,1,0
2,4,2
9,9,0
2,2,0
2,2,0
1,6,5
2,2,0
2,82,80
6,6,0
2,4,2
3,3,0
2,4,2
23,117,94
1,1,0
2,5,3
3,7,4
2,2,0
1,6,5
8,8,0
2,4,2
3,9,6
2,2,0
1,4,3
3,5,2
3,3,0
2,4,2
3,5,2
3,3,0
2,4,2
1,1,0
18,21,3
2,2,0
3,3,0
3,5,2
2,2,0
2,5,3
3,5,2
2,2,0
3,3,0
2,3,1
4,10,6
10,10,0
2,2,0
2,10,8
3,4,1
2,2,0
1,4,3
3,9,6
2,2,0
3,3,0
3,3,0
2,2,0
3,5,2
3,8,5
3,5,2
1,2,1
3,3,0
2,2,0
2,2,0
2,6,4
8,8,0
2,3,1
3,17,14
2,33,31
123,159,36
5,6,1
2,2,0
3,5,2
2,2,0
3,16,13
2,2,0
3,3,0
9,9,0
2,2,0
2,2,0
20,20,0
0,0,0
3,3,0
0,0,0
5,5,0
2,4,2
2,4,2
2,4,2
2,2,0
1,1,0
3,3,0
3,3,0
4,4,0
2,2,0
3,3,0
2,2,0
2,29,27
3,5,2
9,9,0
3,46,43
2,2,0
2,2,0
3,3,0
3,3,0
2,2,0
2,3,1
3,7,4
27,27,0
11,11,0
2,2,0
2,2,0
4,5,1
3,3,0
2,2,0
2,2,0
11,13,2
2,2,0
1,6,5
2,2,0
1,1,0
10,10,0
2,2,0
2,4,2
2,2,0
2,12,10
1,15,14
3,5,2
3,3,0
3,3,0
2,2,0
2,10,8
3,3,0
2,2,0
8,8,0
8,8,0
2,2,0
2,3,1
2,10,8
11,47,36
3,3,0
1,3,2
3,5,2
2,2,0
1,2,1
51,51,0
70,82,12
0,0,0
2,2,0
3,3,0
2,2,0
0,0,0
1,1,0
0,0,0
2,2,0
3,21,18
0,0,0
2,2,0
1,3,2
2,2,0
4,4,0
4,4,0
3,5,2
3,3,0
2,12,10
2,2,0
1,1,0
4,4,0
3,4,1
2,5,3
10,11,1
2,2,0
3,5,2
2,4,2
10,10,0
2,7,5
2,2,0
3,3,0
1,1,0
3,7,4
2,4,2
11,11,0
2,2,0
51,51,0
25,25,0
2,2,0
2,4,2
1,9,8
3,3,0
88,253,165
2,4,2
32,33,1
2,2,0
17,17,0
2,2,0
3,3,0
3,3,0
2,2,0
2,5,3
0,0,0
2,2,0
2,2,0
2,2,0
3,3,0
2,3,1
3,3,0
3,27,24
10,10,0
3,8,5
3,3,0
2,2,0
1,1,0
1,3,2
2,2,0
3,7,4
1,2,1
2,2,0
4,4,0
2,3,1
3,6,3
3,8,5
2,2,0
8,8,0
2,2,0
2,2,0
3,3,0
2,2,0
1,6,5
2,2,0
2,2,0
1,2,1
22,22,0
3,20,17
2,2,0
9,9,0
2,2,0
8,8,0
2,2,0
2,2,0
2,2,0
10,10,0
3,5,2
2,2,0
2,2,0
2,2,0
0,0,0
2,14,12
9,9,0
3,3,0
1,2,1
4,4,0
3,4,1
2,4,2
2,4,2
2,2,0
9,9,0
3,5,2
4,4,0
2,19,17
2,2,0
2,2,0
3,3,0
1,1,0
1,2,1
3,3,0
8,8,0
10,10,0
8,8,0
0,0,0
3,4,1
4,4,0
2,6,4
3,3,0
2,3,1
2,11,9
10,24,14
3,3,0
9,9,0
2,2,0
3,5,2
3,3,0
2,2,0
2,2,0
8,8,0
3,5,2
6,6,0
3,3,0
2,4,2
2,2,0
0,0,0
3,3,0
2,2,0
100,100,0
1,5,4
2,2,0
2,2,0
9,9,0
2,2,0
2,2,0
3,3,0
2,2,0
2,2,0
2,2,0
2,2,0
4,4,0
7,7,0
3,8,5
3,3,0
2,17,15
2,4,2
20,20,0
2,2,0
0,0,0
2,2,0
2,2,0
1,1,0
2,2,0
2,2,0
3,3,0
4,4,0
2,2,0
2,8,6
3,7,4
3,3,0
3,13,10
2,2,0
1,1,0
2,2,0
60,60,0
3,3,0
2,2,0
2,2,0
2,2,0
0,0,0
2,10,8
1,1,0
2,2,0
2,2,0
2,4,2
1,2,1
3,3,0
18,18,0
2,10,8
3,21,18
2,4,2
4,7,3
18,18,0
3,6,3
2,2,0
2,2,0
12,12,0
5,5,0
2,2,0
2,2,0
0,0,0
8,8,0
3,5,2
2,2,0
4,4,0
3,5,2
2,69,67
2,2,0
2,12,10
2,5,3
2,2,0
3,6,3
3,5,2
2,2,0
22,22,0
2,2,0
3,14,11
2,2,0
8,8,0
2,4,2
2,11,9
3,5,2
2,2,0
4,4,0
2,2,0
2,2,0
0,0,0
0,0,0
2,2,0
2,2,0
2,2,0
7,7,0
1,2,1
2,82,80
14,14,0
2,2,0
2,4,2
2,5,3
3,5,2
2,4,2
2,2,0
8,8,0
2,2,0
29,29,0
2,4,2
2,4,2
3,20,17
1,1,0
7,9,2
2,23,21
2,2,0
3,5,2
2,2,0
2,2,0
3,5,2
2,2,0
3,7,4
1,1,0
1,2,1
1,2,1
3,6,3
2,2,0
1,1,0
2,2,0
3,5,2
2,2,0
9,9,0
3,5,2
3,7,4
2,3,1
2,2,0
2,2,0
5,7,2
2,2,0
2,2,0
2,2,0
11,11,0
2,2,0
2,5,3
8,8,0
2,2,0
3,3,0
3,10,7
0,0,0
2,2,0
10,10,0
2,2,0
2,80,78
2,2,0
9,9,0
3,9,6
4,5,1
4,4,0
3,3,0
2,2,0
3,3,0
3,3,0
2,2,0
3,3,0
2,2,0
2,2,0
2,10,8
3,3,0
1,45,44
1,2,1
3,3,0
2,3,1
3,3,0
3,3,0
2,2,0
2,8,6
3,3,0
19,19,0
8,8,0
3,3,0
1,9,8
2,2,0
3,5,2
2,2,0
8,8,0
3,3,0
2,2,0
30,30,0
2,2,0
2,2,0
5,5,0
60,114,54
9,9,0
2,2,0
2,2,0
5,5,0
1,5,4
3,7,4
3,3,0
1,23,22
2,2,0
3,15,12
2,2,0
2,2,0
8,8,0
3,10,7
1,2,1
2,4,2
2,2,0
6,6,0
1,10,9
3,3,0
3,3,0
2,2,0
2,14,12
5,5,0
3,5,2
2,2,0
8,8,0
3,3,0
2,2,0
2,2,0
2,4,2
11,11,0
2,2,0
0,0,0
49,49,0
2,2,0
2,2,0
2,2,0
5,5,0
3,63,60
11,11,0
3,19,16
2,2,0
3,3,0
2,2,0
2,2,0
1,1,0
2,2,0
49,49,0
2,2,0
2,2,0
3,5,2
2,82,80
3,3,0
8,8,0
1,21,20
2,2,0
8,8,0
6,27,21
51,51,0
5,8,3
9,9,0
3,6,3
4,4,0
4,6,2
2,2,0
2,2,0
1,1,0
2,2,0
2,2,0
2,2,0
100,100,0
2,2,0
8,8,0
3,3,0
99,99,0
2,4,2
2,2,0
2,2,0
2,19,17
3,3,0
1,21,20
2,6,4
2,97,95
1,9,8
2,2,0
0,0,0
5,5,0
2,2,0
3,3,0
2,2,0
2,2,0
2,4,2
1,1,0
2,4,2
3,9,6
2,3,1
2,2,0
2,3,1
2,2,0
2,2,0
2,6,4
2,2,0
2,2,0
1,2,1
1,1,0
9,9,0
2,4,2
3,24,21
1,2,1
2,2,0
2,2,0
43,43,0
1,2,1
9,9,0
2,2,0
2,2,0
2,2,0
8,8,0
1,2,1
56,58,2
3,3,0
9,9,0
3,6,3
2,3,1
3,6,3
2,2,0
2,14,12
2,2,0
8,8,0
3,3,0
1,19,18
3,6,3
4,7,3
1,3,2
2,2,0
2,2,0
3,3,0
2,2,0
2,2,0
2,2,0
3,5,2
2,2,0
3,7,4
2,2,0
2,2,0
2,2,0
8,8,0
3,5,2
3,5,2
2,4,2
1,30,29
2,2,0
3,3,0
2,2,0
3,9,6
2,4,2
3,19,16
8,8,0
3,7,4
2,4,2
2,2,0
8,8,0
8,8,0
3,3,0
9,9,0
4,4,0
2,11,9
2,2,0
3,7,4
2,2,0
0,0,0
3,3,0
8,8,0
5,22,17
2,2,0
1,1,0
3,5,2
2,16,14
3,3,0
3,3,0
3,23,20
2,4,2
2,2,0
2,7,5
3,7,4
2,2,0
4,4,0
0,0,0
2,2,0
2,2,0
1,7,6
1,2,1
2,2,0
2,19,17
1,4,3
100,100,0
1,1,0
1,1,0
3,3,0
3,3,0
3,5,2
1,23,22
2,2,0
3,3,0
2,2,0
10,10,0
2,2,0
2,4,2
2,3,1
3,5,2
1,7,6
2,2,0
2,2,0
2,4,2
2,2,0
2,2,0
2,2,0
4,4,0
3,3,0
2,13,11
2,3,1
2,2,0
2,2,0
3,5,2
2,2,0
8,8,0
2,2,0
2,2,0
2,2,0
2,4,2
4,4,0
7,9,2
2,2,0
2,2,0
4,4,0
2,2,0
2,5,3
3,3,0
43,44,1
3,3,0
48,49,1
1,1,0
2,2,0
2,2,0
2,2,0
2,2,0
3,5,2
8,8,0
2,3,1
51,51,0
3,4,1
3,3,0
1,1,0
3,3,0
8,8,0
2,2,0
2,2,0
2,6,4
2,4,2
1,1,0
1,2,1
15,15,0
2,2,0
2,6,4
2,9,7
1,2,1
9,9,0
2,3,1
2,6,4
2,2,0
1,1,0
2,2,0
0,0,0
3,3,0
3,3,0
0,0,0
2,2,0
9,9,0
2,3,1
2,2,0
0,0,0
2,2,0
2,2,0
3,14,11
9,9,0
64,68,4
2,2,0
2,2,0
8,8,0
0,0,0
3,5,2
3,3,0
2,2,0
1,2,1
100,104,4
2,2,0
12,12,0
2,3,1
2,2,0
3,9,6
2,4,2
3,3,0
2,4,2
2,4,2
3,5,2
8,8,0
2,2,0
2,2,0
2,11,9
2,2,0
0,0,0
2,7,5
2,2,0
8,8,0
1,5,4
3,5,2
1,3,2
1,2,1
1,1,0
2,4,2
2,2,0
3,7,4
2,2,0
3,3,0
2,2,0
2,3,1
100,103,3
3,3,0
1,6,5
2,2,0
100,200,100
2,2,0
2,3,1
2,2,0
97,97,0
2,2,0
3,12,9
2,4,2
1,3,2
2,4,2
1,1,0
2,2,0
2,4,2
0,0,0
3,3,0
2,2,0
2,2,0
2,2,0
0,0,0
2,2,0
1,3,2
100,100,0
2,2,0
3,3,0
3,3,0
3,9,6
1,2,1
2,2,0
3,4,1
1,3,2
3,3,0
2,2,0
2,2,0
3,3,0
18,18,0
2,2,0
2,2,0
2,2,0
1,82,81
8,8,0
2,2,0
3,5,2
3,5,2
2,2,0
1,2,1
2,7,5
6,6,0
8,8,0
4,4,0
2,2,0
2,2,0
11,11,0
3,3,0
2,4,2
2,2,0
1,2,1
2,2,0
1,4,3
2,4,2
2,4,2
3,7,4
0,0,0
3,9,6
2,3,1
2,2,0
8,8,0
2,4,2
2,3,1
100,104,4
4,4,0
1,2,1
2,2,0
3,5,2
4,4,0
2,2,0
3,3,0
3,5,2
3,3,0
10,10,0
3,6,3
9,9,0
2,2,0
22,22,0
1,4,3
2,4,2
9,9,0
2,2,0
1,1,0
8,8,0
1,1,0
9,22,13
3,3,0
2,2,0
2,2,0
2,2,0
2,2,0
2,3,1
2,2,0
6,7,1
2,2,0
3,5,2
2,2,0
2,2,0
5,7,2
2,2,0
2,2,0
2,2,0
2,3,1
2,6,4
20,20,0
1,3,2
3,3,0
8,8,0
34,38,4
3,3,0
2,2,0
2,2,0
2,17,15
2,4,2
3,7,4
2,2,0
0,0,0
2,4,2
9,9,0
1,2,1
2,4,2
3,4,1
8,8,0
3,3,0
1,55,54
48,48,0
24,24,0
2,2,0
2,2,0
0,0,0
0,0,0
2,2,0
3,15,12
1,2,1
3,3,0
4,4,0
2,2,0
2,14,12
3,5,2
2,2,0
3,3,0
3,5,2
3,4,1
10,10,0
60,121,61
5,5,0
2,2,0
2,4,2
3,7,4
2,2,0
2,2,0
2,2,0
2,2,0
2,2,0
2,2,0
2,2,0
2,3,1
2,2,0
2,13,11
2,2,0
2,2,0
2,2,0
2,80,78
1,1,0
4,7,3
1,4,3
2,2,0
0,0,0
1,1,0
2,2,0
2,2,0
1,26,25
2,2,0
2,2,0
3,4,1
3,3,0
3,3,0
3,4,1
2,2,0
4,4,0
3,7,4
4,4,0
3,5,2
2,2,0
11,11,0
3,3,0
1,2,1
13,13,0
2,2,0
2,4,2
0,0,0
3,5,2
11,22,11
2,80,78
2,2,0
100,100,0
2,2,0
2,4,2
2,2,0
2,4,2
2,2,0
3,9,6
0,0,0
9,11,2
1,1,0
8,38,30
2,2,0
2,2,0
1,3,2
3,4,1
2,2,0
8,8,0
2,4,2
2,2,0
0,0,0
2,2,0
2,2,0
2,2,0
2,2,0
2,3,1
2,7,5
2,2,0
2,2,0
2,2,0
9,9,0
4,4,0
1,1,0
2,2,0
2,2,0
6,50,44
2,2,0
2,4,2
3,3,0
2,2,0
1,2,1
3,3,0
2,2,0
1,1,0
1,1,0
80,80,0
3,11,8
2,2,0
2,4,2
8,8,0
2,2,0
3,3,0
2,4,2
4,4,0
3,3,0
2,3,1
2,2,0
2,8,6
1,1,0
2,2,0
2,2,0
2,2,0
3,3,0
3,9,6
8,8,0
3,3,0
3,3,0
3,3,0
2,2,0
9,9,0
2,2,0
1,25,24
3,3,0
8,18,10
2,2,0
2,5,3
2,2,0
1,1,0
3,3,0
1,1,0
1,1,0
3,3,0
2,2,0
2,13,11
2,2,0
9,9,0
2,3,1
2,2,0
3,3,0
2,7,5
0,0,0
2,2,0
2,2,0
3,3,0
3,3,0
1,1,0
2,4,2
3,3,0
1,27,26
10,10,0
1,3,2
10,10,0
3,3,0
2,17,15
3,5,2
3,3,0
2,2,0
8,10,2
3,6,3
1,1,0
3,3,0
2,2,0
3,9,6
1,1,0
2,2,0
2,2,0
2,2,0
2,2,0
3,3,0
2,2,0
2,2,0
3,3,0
1,1,0
1,1,0
4,5,1
2,2,0
2,2,0
3,3,0
3,11,8
2,2,0
2,2,0
2,4,2
5,5,0
1,2,1
3,3,0
3,3,0
0,0,0
2,2,0
3,4,1
2,2,0
2,2,0
2,4,2
2,2,0
5,6,1
3,10,7
1,1,0
8,8,0
2,2,0
1,2,1
2,2,0
2,4,2
3,3,0
1,1,0
1,1,0
34,34,0
3,3,0
2,2,0
2,8,6
2,2,0
1,2,1
2,2,0
3,8,5
2,2,0
1,3,2
10,10,0
2,2,0
3,3,0
4,4,0
2,2,0
1,2,1
3,3,0
3,3,0
8,8,0
2,2,0
2,16,14
2,2,0
2,2,0
2,6,4
1,1,0
3,3,0
3,3,0
2,3,1
2,4,2
2,2,0
2,2,0
2,46,44
2,11,9
0,0,0
3,13,10
1,3,2
3,3,0
1,3,2
2,2,0
85,87,2
2,6,4
9,9,0
2,2,0
2,2,0
9,9,0
9,9,0
7,7,0
0,0,0
2,2,0
2,2,0
3,5,2
8,8,0
0,0,0
19,19,0
0,0,0
9,9,0
2,2,0
2,2,0
2,2,0
2,2,0
2,2,0
2,4,2
2,2,0
1,2,1
2,2,0
3,18,15
2,2,0
1,2,1
8,8,0
2,2,0
10,10,0
2,2,0
2,10,8
2,2,0
2,2,0
2,2,0
4,6,2
3,3,0
3,3,0
3,5,2
6,6,0
3,3,0
2,2,0
3,3,0
2,2,0
2,13,11
3,3,0
5,5,0
8,8,0
3,3,0
62,62,0
2,2,0
2,9,7
1,3,2
7,7,0
8,8,0
2,4,2
11,11,0
3,5,2
2,2,0
3,5,2
3,5,2
2,2,0
3,3,0
0,0,0
2,2,0
2,2,0
5,5,0
2,2,0
3,3,0
2,2,0
8,8,0
2,6,4
24,24,0
3,3,0
2,2,0
1,1,0
2,2,0
1,57,56
2,6,4
3,5,2
2,3,1
2,2,0
2,2,0
29,29,0
22,67,45
3,3,0
1,11,10
2,2,0
10,10,0
10,10,0
2,2,0
8,8,0
2,6,4
0,0,0
8,8,0
2,2,0
2,2,0
2,2,0
4,40,36
2,2,0
2,3,1
2,2,0
0,0,0
1,2,1
2,2,0
2,3,1
2,2,0
3,14,11
3,10,7
2,2,0
11,11,0
0,0,0
3,3,0
4,4,0
7,7,0
2,2,0
3,9,6
3,9,6
0,0,0
0,0,0
0,0,0
2,2,0
2,2,0
3,9,6
3,3,0
2,2,0
8,8,0
3,5,2
3,3,0
2,3,1
2,2,0
140,140,0
3,18,15
3,5,2
14,14,0
2,2,0
2,6,4
2,2,0
2,6,4
3,3,0
2,2,0
2,2,0
10,10,0
2,2,0
2,3,1
3,3,0
3,3,0
8,8,0
2,2,0
14,14,0
1,21,20
2,2,0
6,6,0
2,7,5
2,2,0
0,0,0
2,2,0
1,2,1
3,3,0
1,1,0
9,9,0
2,16,14
2,2,0
2,2,0
3,13,10
2,2,0
3,3,0
2,2,0
3,3,0
1,4,3
1,21,20
2,3,1
2,2,0
93,93,0
2,2,0
3,3,0
2,2,0
1,3,2
2,2,0
2,2,0
2,2,0
1,2,1
2,2,0
2,2,0
88,88,0
1,27,26
38,39,1
9,9,0
3,3,0
2,2,0
1,5,4
29,29,0
2,2,0
2,2,0
0,0,0
24,24,0
10,10,0
0,0,0
2,2,0
2,4,2
0,0,0
2,2,0
2,2,0
2,2,0
1,4,3
100,100,0
3,3,0
1,3,2
2,4,2
1,28,27
8,18,10
3,3,0
2,2,0
119,122,3
1,1,0
2,4,2
14,14,0
3,5,2
13,13,0
2,14,12
3,18,15
2,2,0
2,2,0
2,2,0
3,3,0
1,1,0
1,23,22
1,1,0
2,2,0
2,2,0
2,2,0
2,2,0
2,2,0
3,5,2
0,0,0
1,75,74
3,3,0
2,2,0
1,2,1
2,2,0
2,4,2
13,16,3
3,5,2
3,3,0
2,2,0
2,2,0
2,3,1
11,11,0
6,7,1
3,3,0
4,4,0
2,2,0
2,2,0
2,2,0
2,2,0
3,3,0
2,2,0
9,9,0
7,12,5
2,2,0
3,8,5
1,1,0
4,4,0
2,2,0
2,2,0
2,80,78
51,51,0
2,22,20
3,3,0
2,2,0
2,2,0
2,3,1
3,3,0
2,16,14
2,2,0
3,7,4
2,2,0
2,8,6
0,0,0
2,6,4
1,5,4
43,43,0
2,2,0
0,0,0
2,4,2
2,2,0
2,2,0
2,2,0
9,9,0
2,16,14
2,2,0
0,0,0
2,2,0
1,1,0
2,2,0
1,1,0
2,2,0
1,36,35
1,2,1
1,2,1
2,2,0
6,8,2
2,2,0
0,0,0
2,2,0
8,8,0
1,1,0
2,2,0
3,3,0
1,1,0
1,7,6
2,2,0
2,76,74
2,2,0
1,2,1
3,3,0
32,32,0
3,9,6
3,7,4
2,2,0
2,2,0
52,52,0
11,11,0
2,82,80
2,2,0
8,8,0
0,0,0
2,2,0
2,2,0
2,2,0
2,4,2
6,10,4
2,2,0
3,3,0
8,8,0
2,2,0
2,5,3
1,22,21
2,2,0
2,2,0
3,3,0
48,53,5
3,6,3
2,2,0
2,2,0
3,5,2
9,9,0
3,5,2
3,5,2
3,5,2
2,2,0
1,89,88
8,12,4
2,2,0
2,6,4
2,2,0
43,43,0
1,1,0
2,2,0
2,2,0
1,1,0
3,3,0
2,7,5
2,2,0
2,2,0
2,4,2
1,1,0
3,3,0
2,2,0
2,2,0
1,39,38
2,168,166
2,4,2
2,2,0
2,2,0
2,2,0
2,2,0
6,8,2
3,5,2
1,146,145
2,2,0
6,6,0
6,6,0
3,3,0
7,9,2
3,4,1
7,17,10
3,4,1
2,2,0
4,4,0
1,21,20
2,2,0
2,2,0
3,3,0
2,2,0
2,2,0
2,2,0
1,3,2
2,2,0
2,2,0
10,10,0
3,27,24
12,12,0
129,161,32
3,9,6
2,4,2
2,2,0
1,1,0
1,2,1
2,4,2
11,31,20
2,2,0
2,13,11
3,7,4
2,15,13
3,5,2
3,5,2
1,1,0
3,3,0
2,2,0
2,10,8
1,1,0
2,2,0
0,0,0
2,2,0
2,8,6
3,10,7
2,7,5
3,3,0
2,45,43
140,140,0
2,4,2
100,103,3
8,8,0
3,3,0
1,2,1
61,61,0
2,2,0
0,0,0
3,3,0
3,3,0
2,2,0
3,3,0
3,3,0
0,0,0
3,7,4
2,2,0
2,3,1
2,2,0
1,1,0
2,2,0
2,2,0
3,3,0
1,2,1
1,11,10
88,118,30
2,2,0
9,9,0
9,9,0
2,2,0
2,2,0
3,3,0
2,2,0
3,4,1
4,4,0
2,2,0
2,2,0
3,3,0
2,7,5
2,2,0
2,2,0
1,20,19
2,2,0
1,1,0
6,6,0
10,18,8
9,9,0
6,6,0
1,1,0
1,1,0
2,2,0
2,2,0
2,82,80
100,100,0
2,5,3
2,5,3
2,2,0
2,2,0
99,168,69
12,12,0
1,1,0
3,7,4
2,2,0
2,82,80
3,3,0
3,4,1
2,2,0
9,9,0
2,2,0
2,4,2
3,3,0
2,2,0
2,28,26
3,17,14
2,2,0
1,7,6
2,3,1
2,2,0
2,2,0
2,2,0
1,3,2
8,8,0
2,2,0
51,51,0
3,3,0
2,6,4
4,5,1
1,2,1
1,1,0
2,2,0
3,11,8
3,3,0
1,1,0
5,5,0
2,2,0
3,6,3
2,16,14
3,3,0
2,2,0
1,5,4
1,1,0
2,2,0
2,6,4
2,2,0
3,3,0
9,9,0
2,2,0
3,3,0
2,2,0
3,3,0
2,4,2
2,2,0
2,2,0
2,2,0
2,2,0
2,2,0
9,9,0
2,2,0
3,3,0
2,2,0
3,7,4
2,2,0
24,24,0
42,63,21
3,3,0
3,10,7
3,3,0
3,4,1
1,1,0
2,2,0
9,9,0
2,2,0
1,1,0
3,11,8
1,2,1
3,3,0
2,2,0
3,3,0
1,4,3
2,2,0
6,6,0
3,5,2
5,5,0
3,3,0
5,5,0
1,1,0
1,1,0
2,2,0
3,6,3
2,66,64
0,0,0
3,6,3
2,2,0
2,6,4
2,2,0
2,2,0
3,3,0
60,121,61
2,2,0
2,2,0
3,4,1
2,12,10
51,51,0
3,3,0
2,3,1
2,2,0
2,7,5
2,4,2
2,2,0
2,2,0
2,16,14
3,6,3
0,0,0
3,7,4
0,0,0
6,6,0
3,4,1
2,2,0
3,3,0
8,8,0
3,7,4
2,2,0
2,2,0
2,6,4
4,4,0
2,2,0
1,3,2
8,10,2
4,10,6
2,2,0
3,3,0
2,2,0
2,2,0
9,9,0
2,2,0
1,2,1
3,5,2
2,2,0
2,4,2
2,3,1
2,2,0
2,6,4
2,2,0
2,2,0
3,3,0
2,48,46
2,13,11
1,2,1
3,8,5
2,26,24
19,29,10
3,3,0
2,2,0
2,2,0
1,44,43
2,4,2
3,4,1
1,27,26
2,2,0
5,5,0
2,2,0
3,3,0
2,2,0
3,5,2
3,3,0
1,20,19
2,2,0
2,2,0
2,2,0
2,2,0
2,2,0
1,1,0
1,1,0
2,2,0
2,4,2
2,2,0
2,2,0
2,2,0
2,19,17
11,11,0
2,2,0
3,3,0
2,4,2
3,3,0
2,2,0
8,8,0
4,18,14
2,81,79
1,1,0
9,9,0
10,10,0
3,3,0
2,2,0
3,4,1
2,2,0
2,2,0
2,4,2
2,2,0
3,3,0
2,8,6
1,26,25
9,9,0
0,0,0
2,4,2
2,11,9
7,7,0
1,1,0
0,0,0
3,5,2
1,1,0
3,3,0
3,5,2
4,4,0
2,2,0
2,4,2
19,19,0
10,10,0
2,2,0
2,2,0
3,6,3
2,5,3
3,3,0
2,2,0
2,2,0
2,2,0
2,4,2
1,3,2
2,40,38
3,3,0
2,6,4
3,3,0
2,2,0
3,5,2
1,1,0
3,5,2
1,21,20
2,2,0
3,5,2
3,3,0
2,47,45
1,1,0
3,3,0
2,2,0
9,9,0
2,2,0
3,3,0
1,1,0
2,2,0
2,2,0
2,6,4
42,42,0
1,1,0
3,3,0
8,8,0
2,5,3
10,10,0
2,2,0
80,87,7
1,45,44
2,2,0
2,2,0
25,25,0
3,3,0
1,2,1
2,2,0
1,1,0
2,4,2
3,3,0
2,2,0
1,2,1
4,4,0
1,1,0
2,2,0
2,2,0
2,2,0
2,2,0
3,3,0
3,3,0
2,2,0
2,11,9
2,2,0
3,5,2
3,5,2
3,5,2
11,11,0
1,1,0
8,8,0
3,7,4
3,3,0
0,0,0
3,3,0
87,96,9
3,3,0
2,2,0
3,3,0
1,1,0
2,2,0
4,6,2
3,9,6
2,2,0
2,2,0
3,3,0
2,2,0
2,2,0
0,0,0
3,9,6
3,3,0
2,3,1
165,186,21
2,2,0
2,2,0
3,3,0
8,8,0
1,1,0
2,2,0
2,2,0
2,2,0
2,3,1
9,9,0
1,2,1
2,2,0
1,22,21
2,16,14
2,2,0
2,4,2
3,3,0
2,2,0
3,5,2
2,23,21
1,21,20
4,4,0
2,2,0
11,11,0
1,1,0
1,23,22
2,2,0
4,4,0
3,3,0
2,2,0
2,2,0
2,2,0
3,3,0
3,3,0
2,2,0
3,47,44
2,2,0
2,2,0
3,5,2
3,6,3
2,80,78
2,2,0
2,2,0
9,9,0
9,9,0
2,6,4
3,5,2
2,2,0
2,5,3
3,5,2
3,7,4
106,106,0
0,0,0
2,10,8
3,3,0
2,2,0
1,2,1
2,16,14
1,1,0
2,2,0
47,130,83
2,2,0
2,2,0
2,2,0
0,0,0
0,0,0
2,2,0
2,2,0
2,2,0
3,5,2
3,3,0
2,2,0
1,1,0
2,4,2
3,7,4
3,3,0
2,2,0
3,5,2
3,5,2
2,2,0
3,8,5
3,3,0
1,1,0
2,2,0
3,6,3
8,8,0
2,2,0
0,0,0
2,2,0
2,2,0
1,6,5
2,2,0
8,8,0
2,2,0
5,5,0
0,0,0
2,2,0
2,2,0
3,3,0
1,1,0
2,2,0
2,2,0
1,2,1
2,2,0
2,6,4
9,9,0
3,3,0
3,3,0
3,3,0
0,0,0
3,3,0
2,2,0
2,2,0
11,11,0
2,2,0
2,2,0
2,2,0
12,12,0
3,19,16
42,44,2
2,2,0
1,23,22
2,2,0
2,3,1
2,2,0
2,2,0
2,13,11
20,23,3
3,5,2
1,27,26
2,2,0
1,5,4
5,5,0
2,2,0
2,2,0
2,2,0
2,2,0
3,5,2
2,2,0
2,2,0
2,4,2
2,2,0
3,7,4
2,2,0
3,11,8
5,12,7
3,5,2
2,4,2
2,3,1
8,8,0
2,3,1
2,2,0
22,22,0
2,4,2
10,10,0
2,2,0
3,3,0
2,2,0
2,5,3
2,2,0
2,82,80
8,8,0
2,2,0
0,0,0
22,22,0
1,26,25
38,38,0
2,6,4
3,7,4
2,4,2
4,4,0
2,5,3
2,2,0
4,4,0
2,2,0
15,15,0
4,4,0
0,0,0
1,1,0
3,3,0
2,2,0
2,2,0
3,3,0
3,5,2
1,1,0
1,1,0
1,1,0
2,2,0
3,8,5
3,3,0
2,11,9
2,2,0
1,1,0
2,2,0
2,2,0
2,3,1
3,4,1
2,16,14
2,15,13
2,2,0
1,3,2
2,80,78
2,4,2
3,5,2
2,6,4
3,3,0
1,1,0
3,3,0
2,2,0
3,3,0
9,25,16
3,3,0
2,2,0
2,28,26
1,1,0
2,2,0
2,3,1
2,4,2
4,4,0
1,2,1
2,8,6
2,2,0
2,2,0
1,2,1
3,6,3
2,2,0
14,14,0
3,3,0
2,33,31
13,15,2
0,0,0
3,3,0
1,4,3
2,16,14
2,2,0
3,3,0
3,3,0
2,2,0
1,6,5
1,56,55
4,59,55
3,11,8
1,1,0
2,2,0
3,7,4
2,6,4
8,8,0
1,1,0
2,2,0
3,3,0
2,2,0
2,2,0
3,3,0
21,23,2
2,6,4
1,3,2
3,3,0
2,2,0
1,25,24
2,2,0
1,11,10
2,7,5
3,3,0
2,3,1
2,2,0
4,4,0
2,2,0
2,2,0
1,3,2
1,1,0
2,13,11
2,2,0
2,2,0
2,2,0
3,3,0
3,5,2
2,9,7
0,0,0
1,1,0
0,0,0
2,2,0
8,8,0
3,3,0
3,12,9
2,2,0
1,1,0
2,2,0
2,4,2
6,73,67
2,6,4
1,2,1
8,8,0
2,2,0
3,5,2
5,5,0
2,2,0
16,16,0
3,3,0
5,5,0
3,14,11
3,3,0
8,8,0
2,4,2
20,20,0
1,1,0
4,4,0
2,2,0
3,4,1
3,4,1
1,2,1
2,2,0
0,0,0
0,0,0
2,2,0
2,2,0
3,3,0
2,2,0
2,4,2
2,82,80
2,5,3
3,3,0
2,4,2
2,5,3
2,6,4
28,30,2
3,3,0
3,8,5
8,8,0
1,1,0
2,2,0
3,7,4
2,2,0
2,2,0
2,2,0
2,2,0
6,7,1
2,2,0
2,5,3
1,3,2
3,5,2
2,4,2
2,3,1
3,5,2
2,2,0
2,2,0
1,2,1
3,3,0
3,5,2
8,8,0
2,2,0
2,4,2
2,2,0
3,3,0
3,3,0
1,21,20
3,3,0
9,10,1
2,2,0
2,4,2
0,0,0
2,2,0
2,2,0
3,5,2
0,0,0
1,1,0
1,1,0
2,80,78
1,2,1
2,2,0
3,3,0
0,0,0
2,2,0
1,3,2
3,3,0
0,0,0
4,4,0
2,41,39
106,106,0
8,8,0
2,2,0
2,2,0
3,5,2
2,2,0
2,2,0
3,3,0
3,13,10
2,2,0
2,2,0
3,5,2
3,8,5
4,4,0
1,22,21
47,47,0
63,63,0
2,2,0
3,3,0
2,2,0
3,3,0
6,6,0
2,5,3
2,2,0
20,22,2
2,3,1
2,2,0
2,2,0
2,6,4
2,2,0
3,3,0
2,2,0
2,2,0
3,11,8
2,10,8
2,5,3
1,1,0
233,233,0
3,3,0
1,1,0
1,7,6
1,3,2
9,9,0
2,2,0
2,2,0
47,47,0
2,2,0
3,3,0
3,3,0
2,2,0
2,2,0
3,7,4
3,5,2
3,3,0
3,3,0
2,2,0
2,2,0
2,14,12
8,11,3
10,10,0
0,0,0
2,2,0
2,2,0
3,8,5
2,2,0
3,3,0
2,2,0
8,8,0
3,8,5
13,13,0
1,2,1
4,4,0
3,3,0
2,45,43
4,6,2
2,4,2
14,14,0
2,2,0
2,2,0
36,37,1
2,2,0
3,3,0
2,2,0
2,2,0
2,5,3
8,8,0
24,24,0
7,7,0
2,2,0
2,2,0
2,19,17
1,1,0
1,2,1
2,2,0
2,2,0
1,2,1
1,1,0
2,2,0
8,8,0
14,14,0
2,2,0
7,9,2
3,3,0
3,3,0
2,10,8
6,6,0
2,2,0
3,3,0
4,4,0
3,9,6
3,10,7
3,5,2
8,8,0
3,7,4
9,9,0
2,2,0
2,2,0
3,5,2
3,6,3
2,4,2
2,8,6
2,6,4
3,7,4
5,7,2
1,22,21
1,2,1
2,2,0
0,0,0
2,2,0
2,2,0
8,8,0
1,1,0
1,1,0
50,50,0
2,8,6
11,11,0
2,2,0
2,2,0
3,6,3
2,2,0
1,28,27
2,3,1
3,3,0
5,5,0
2,2,0
31,31,0
45,133,88
2,2,0
2,2,0
3,3,0
4,4,0
2,4,2
3,3,0
12,12,0
2,2,0
1,1,0
1,1,0
1,1,0
2,4,2
2,2,0
2,2,0
21,21,0
2,2,0
2,2,0
1,1,0
22,22,0
3,5,2
2,2,0
2,2,0
2,2,0
6,6,0
3,3,0
3,3,0
27,27,0
2,2,0
3,3,0
1,3,2
8,8,0
29,29,0
3,3,0
2,4,2
2,4,2
9,9,0
9,9,0
2,2,0
3,8,5
2,8,6
3,3,0
2,6,4
0,0,0
8,8,0
62,62,0
2,2,0
1,3,2
2,2,0
12,14,2
2,2,0
2,2,0
2,4,2
2,6,4
2,2,0
2,2,0
2,2,0
3,3,0
2,82,80
2,2,0
3,5,2
36,38,2
2,2,0
1,1,0
3,3,0
3,3,0
3,7,4
6,15,9
7,7,0
2,16,14
28,28,0
2,2,0
68,68,0
6,16,10
9,9,0
4,4,0
0,0,0
2,2,0
2,2,0
5,5,0
2,2,0
2,4,2
2,2,0
3,4,1
2,2,0
2,2,0
1,1,0
2,2,0
100,100,0
3,5,2
2,2,0
3,8,5
1,3,2
2,2,0
2,2,0
2,4,2
2,2,0
2,6,4
2,3,1
12,33,21
2,2,0
9,9,0
1,2,1
8,8,0
6,6,0
2,4,2
3,4,1
3,10,7
3,3,0
20,20,0
3,3,0
2,2,0
1,8,7
2,7,5
2,6,4
9,9,0
1,55,54
3,4,1
2,4,2
0,0,0
3,3,0
2,2,0
3,5,2
4,4,0
10,10,0
2,2,0
8,8,0
3,3,0
3,29,26
28,28,0
3,5,2
2,2,0
3,5,2
1,1,0
2,2,0
9,9,0
2,2,0
2,2,0
2,2,0
1,3,2
2,4,2
24,24,0
2,8,6
10,13,3
3,5,2
2,2,0
18,18,0
3,5,2
2,4,2
3,3,0
2,9,7
4,4,0
2,2,0
3,5,2
2,10,8
2,2,0
2,2,0
1,80,79
1,1,0
2,2,0
2,4,2
9,9,0
2,2,0
2,2,0
1,4,3
3,9,6
3,4,1
1,1,0
3,5,2
2,3,1
2,2,0
2,2,0
2,2,0
200,364,164
2,2,0
10,10,0
2,2,0
2,4,2
2,2,0
6,6,0
1,24,23
2,2,0
2,2,0
1,45,44
2,5,3
2,2,0
2,2,0
3,6,3
2,2,0
1,2,1
3,5,2
1,2,1
2,2,0
1,2,1
3,7,4
3,5,2
2,2,0
3,6,3
2,3,1
2,12,10
0,0,0
2,2,0
2,2,0
2,4,2
145,145,0
2,4,2
2,4,2
1,2,1
48,51,3
3,3,0
2,3,1
2,2,0
3,3,0
2,4,2
1,2,1
3,3,0
2,3,1
2,2,0
3,3,0
0,0,0
3,3,0
3,7,4
3,3,0
1,2,1
2,2,0
3,3,0
2,2,0
2,2,0
3,8,5
2,2,0
2,2,0
1,2,1
2,2,0
2,2,0
2,2,0
8,8,0
2,2,0
43,43,0
2,6,4
3,3,0
3,3,0
71,71,0
8,17,9
2,2,0
2,2,0
3,3,0
3,9,6
6,6,0
2,2,0
2,2,0
3,7,4
22,23,1
3,3,0
12,12,0
8,8,0
3,3,0
2,2,0
2,2,0
2,2,0
0,0,0
1,2,1
2,2,0
2,2,0
2,4,2
2,2,0
10,10,0
3,3,0
3,5,2
3,5,2
1,1,0
2,2,0
84,84,0
8,8,0
2,2,0
2,2,0
2,2,0
2,2,0
1,27,26
2,2,0
10,16,6
2,2,0
1,23,22
2,2,0
2,2,0
2,2,0
2,2,0
2,2,0
2,2,0
9,9,0
3,6,3
2,2,0
2,2,0
1,21,20
2,2,0
2,3,1
2,2,0
3,12,9
2,2,0
2,2,0
1,2,1
2,2,0
3,3,0
1,2,1
8,12,4
2,2,0
9,9,0
3,3,0
2,6,4
2,2,0
2,2,0
1,27,26
2,37,35
3,3,0
1,1,0
2,5,3
2,8,6
2,44,42
2,2,0
2,3,1
2,2,0
1,3,2
22,22,0
2,2,0
2,4,2
2,2,0
40,40,0
2,2,0
3,5,2
3,3,0
8,8,0
3,3,0
3,6,3
1,1,0
2,2,0
3,3,0
1,2,1
3,7,4
3,5,2
3,9,6
2,8,6
2,60,58
1,3,2
7,7,0
20,20,0
3,3,0
2,16,14
5,10,5
3,6,3
3,3,0
2,2,0
11,11,0
2,2,0
2,2,0
11,11,0
2,2,0
96,96,0
2,2,0
10,10,0
0,0,0
2,10,8
2,23,21
2,2,0
2,2,0
2,3,1
9,9,0
2,47,45
3,3,0
4,4,0
2,4,2
2,3,1
3,5,2
3,3,0
9,9,0
2,2,0
3,7,4
2,2,0
2,2,0
2,2,0
11,23,12
0,0,0
3,3,0
11,11,0
2,2,0
3,3,0
3,4,1
3,7,4
3,3,0
2,2,0
4,4,0
3,3,0
2,2,0
2,2,0
2,2,0
2,2,0
2,2,0
2,3,1
2,2,0
1,2,1
2,45,43
2,2,0
3,3,0
2,2,0
0,0,0
3,5,2
9,9,0
0,0,0
2,4,2
1,2,1
2,2,0
13,13,0
2,4,2
0,0,0
2,2,0
2,3,1
1,3,2
19,19,0
3,3,0
3,3,0
2,2,0
2,2,0
2,2,0
3,5,2
3,3,0
2,2,0
2,4,2
2,2,0
2,2,0
2,2,0
2,2,0
3,5,2
3,3,0
6,6,0
1,2,1
2,2,0
2,4,2
1,1,0
3,17,14
3,3,0
0,0,0
2,3,1
2,2,0
8,8,0
2,2,0
2,4,2
2,2,0
3,4,1
3,9,6
2,2,0
1,2,1
2,2,0
3,3,0
2,2,0
2,8,6
3,3,0
6,6,0
1,2,1
2,2,0
2,2,0
2,2,0
6,6,0
3,3,0
2,2,0
0,0,0
1,1,0
8,8,0
1,23,22
2,2,0
2,4,2
2,2,0
1,1,0
3,3,0
2,4,2
9,9,0
4,4,0
2,2,0
2,2,0
2,2,0
2,3,1
3,3,0
1,10,9
2,2,0
2,14,12
3,3,0
3,3,0
2,2,0
22,22,0
8,8,0
3,3,0
3,5,2
9,9,0
3,3,0
3,3,0
3,3,0
2,4,2
3,3,0
2,2,0
10,10,0
9,9,0
2,2,0
2,2,0
2,2,0
2,2,0
2,82,80
2,2,0
0,0,0
3,9,6
2,2,0
3,3,0
0,0,0
2,2,0
3,4,1
24,28,4
2,3,1
1,2,1
3,3,0
3,5,2
3,3,0
2,2,0
0,0,0
2,2,0
2,4,2
9,9,0
1,1,0
7,7,0
11,11,0
2,4,2
2,2,0
3,30,27
3,3,0
2,2,0
140,140,0
3,3,0
2,2,0
3,3,0
2,2,0
2,2,0
2,2,0
2,2,0
8,8,0
3,3,0
3,3,0
2,2,0
1,1,0
2,53,51
2,8,6
18,107,89
2,2,0
1,9,8
1,1,0
3,5,2
1,2,1
2,4,2
3,3,0
4,4,0
2,2,0
1,2,1
2,4,2
1,4,3
3,3,0
11,11,0
10,10,0
3,3,0
3,10,7
2,2,0
3,5,2
3,6,3
2,2,0
2,2,0
10,10,0
9,9,0
8,12,4
1,1,0
1,1,0
2,2,0
3,3,0
1,1,0
2,2,0
2,8,6
6,25,19
3,5,2
2,4,2
9,9,0
45,45,0
2,4,2
2,2,0
3,3,0
3,5,2
2,11,9
2,2,0
2,2,0
3,5,2
2,2,0
3,3,0
2,82,80
2,2,0
3,12,9
7,13,6
3,3,0
3,3,0
2,2,0
2,10,8
2,2,0
9,11,2
51,51,0
1,6,5
3,3,0
2,4,2
3,3,0
1,3,2
2,2,0
3,7,4
2,4,2
3,36,33
3,3,0
4,84,80
2,2,0
2,2,0
8,8,0
2,3,1
1,2,1
1,23,22
3,8,5
3,3,0
2,2,0
1,2,1
2,2,0
2,2,0
2,2,0
2,3,1
1,1,0
3,3,0
3,5,2
2,2,0
4,4,0
4,4,0
1,1,0
2,2,0
3,3,0
2,2,0
1,1,0
14,14,0
2,2,0
2,2,0
3,7,4
2,3,1
1,4,3
2,2,0
2,2,0
2,2,0
3,3,0
2,2,0
2,2,0
7,7,0
2,3,1
2,2,0
2,8,6
7,7,0
4,26,22
8,8,0
1,2,1
1,4,3
10,52,42
2,2,0
0,0,0
2,2,0
2,2,0
2,2,0
2,2,0
2,4,2
1,2,1
2,2,0
3,5,2
2,2,0
2,3,1
1,1,0
2,2,0
3,3,0
2,6,4
3,3,0
2,12,10
1,3,2
3,3,0
3,10,7
11,11,0
3,5,2
2,4,2
9,9,0
11,11,0
2,3,1
2,2,0
9,9,0
3,5,2
1,1,0
19,19,0
2,2,0
3,14,11
2,2,0
2,3,1
8,8,0
2,2,0
2,2,0
2,28,26
2,2,0
2,2,0
3,3,0
3,3,0
3,3,0
2,2,0
3,3,0
3,19,16
2,4,2
3,4,1
9,9,0
2,3,1
2,2,0
8,8,0
2,4,2
2,2,0
8,8,0
1,2,1
2,2,0
2,2,0
96,113,17
2,2,0
2,2,0
19,29,10
2,2,0
1,4,3
2,2,0
2,2,0
3,3,0
2,2,0
71,126,55
2,2,0
2,2,0
2,2,0
2,2,0
3,5,2
1,2,1
2,2,0
2,2,0
2,4,2
2,3,1
2,2,0
2,2,0
2,2,0
2,2,0
7,9,2
3,3,0
3,3,0
3,5,2
3,3,0
1,9,8
3,3,0
26,28,2
2,2,0
2,2,0
2,3,1
7,7,0
2,2,0
2,6,4
1,23,22
2,2,0
3,3,0
6,6,0
75,75,0
1,26,25
3,3,0
3,3,0
3,7,4
100,100,0
2,2,0
1,2,1
3,3,0
2,2,0
1,1,0
24,24,0
4,4,0
0,0,0
2,2,0
2,4,2
3,5,2
3,3,0
2,2,0
3,3,0
9,9,0
2,4,2
3,10,7
2,2,0
1,2,1
2,8,6
2,2,0
3,3,0
2,4,2
2,2,0
3,3,0
3,5,2
2,2,0
1,1,0
5,5,0
9,9,0
3,7,4
0,0,0
3,4,1
2,2,0
2,4,2
2,2,0
3,5,2
2,4,2
4,71,67
3,18,15
3,7,4
2,2,0
3,7,4
2,2,0
2,6,4
2,2,0
3,3,0
3,5,2
2,2,0
3,3,0
2,2,0
2,2,0
4,4,0
3,4,1
2,2,0
2,2,0
21,21,0
5,5,0
2,2,0
1,1,0
2,2,0
2,2,0
3,6,3
2,2,0
2,2,0
1,3,2
8,8,0
2,2,0
1,1,0
3,3,0
3,3,0
2,4,2
1,2,1
2,2,0
2,2,0
8,24,16
2,2,0
2,2,0
5,6,1
6,6,0
3,3,0
3,5,2
11,11,0
10,10,0
2,4,2
3,3,0
2,2,0
2,2,0
3,5,2
8,23,15
9,9,0
2,3,1
11,11,0
3,16,13
4,4,0
23,23,0
2,2,0
2,2,0
2,2,0
2,2,0
2,2,0
3,4,1
2,4,2
0,0,0
3,3,0
2,2,0
3,3,0
2,11,9
2,2,0
2,2,0
2,10,8
2,2,0
4,4,0
23,23,0
4,4,0
3,3,0
1,1,0
8,8,0
4,7,3
2,4,2
3,3,0
2,3,1
9,9,0
2,8,6
2,2,0
1,24,23
3,5,2
3,5,2
2,2,0
29,29,0
3,3,0
3,3,0
3,3,0
2,4,2
8,8,0
51,51,0
3,3,0
3,7,4
2,2,0
2,5,3
2,2,0
3,3,0
2,2,0
2,2,0
3,7,4
3,9,6
3,3,0
3,3,0
3,4,1
1,2,1
2,2,0
1,2,1
2,2,0
3,3,0
2,2,0
2,4,2
2,2,0
2,10,8
43,43,0
3,14,11
2,3,1
2,2,0
2,2,0
2,2,0
2,2,0
3,5,2
3,3,0
2,6,4
2,2,0
2,2,0
2,2,0
2,4,2
2,2,0
3,3,0
2,2,0
2,2,0
1,1,0
2,2,0
3,3,0
3,3,0
2,2,0
2,2,0
2,2,0
3,3,0
2,2,0
2,2,0
10,13,3
8,8,0
2,2,0
2,2,0
30,30,0
2,2,0
9,9,0
3,5,2
10,10,0
2,2,0
8,8,0
10,10,0
2,2,0
3,7,4
0,0,0
2,2,0
3,5,2
13,13,0
2,2,0
5,11,6
2,2,0
3,9,6
2,2,0
2,2,0
2,7,5
3,3,0
1,2,1
2,2,0
4,5,1
2,123,121
3,3,0
3,3,0
2,13,11
2,2,0
3,3,0
3,5,2
0,0,0
5,5,0
3,7,4
9,9,0
1,26,25
2,2,0
4,10,6
3,3,0
12,12,0
0,0,0
3,3,0
2,2,0
2,2,0
2,2,0
3,3,0
3,3,0
3,4,1
4,20,16
4,5,1
2,2,0
1,3,2
2,20,18
3,3,0
1,1,0
2,2,0
2,2,0
2,2,0
170,170,0
2,2,0
2,2,0
2,3,1
2,2,0
2,2,0
15,38,23
3,4,1
3,3,0
2,7,5
8,8,0
8,8,0
2,2,0
3,7,4
2,2,0
1,1,0
9,39,30
3,3,0
7,12,5
3,3,0
3,3,0
2,2,0
2,2,0
2,2,0
1,1,0
38,59,21
2,2,0
2,2,0
1,6,5
1,27,26
3,5,2
2,2,0
3,3,0
3,3,0
3,3,0
5,5,0
2,2,0
8,8,0
2,2,0
3,5,2
2,2,0
2,2,0
0,0,0
3,3,0
3,3,0
2,2,0
3,7,4
2,2,0
1,2,1
0,0,0
2,2,0
2,2,0
2,2,0
2,2,0
3,5,2
2,11,9
2,2,0
1,2,1
1,1,0
19,19,0
20,20,0
3,5,2
2,2,0
20,20,0
2,2,0
3,10,7
8,8,0
1,1,0
3,3,0
3,8,5
2,2,0
2,12,10
3,3,0
9,10,1
2,2,0
1,1,0
2,2,0
3,16,13
1,1,0
1,1,0
2,80,78
6,6,0
8,8,0
2,2,0
2,2,0
1,1,0
9,9,0
3,5,2
2,5,3
9,9,0
10,10,0
3,5,2
2,2,0
2,2,0
10,10,0
2,21,19
16,16,0
2,2,0
1,2,1
2,2,0
5,5,0
3,3,0
2,2,0
3,3,0
3,7,4
1,1,0
2,2,0
2,2,0
3,5,2
2,2,0
3,3,0
10,17,7
1,1,0
9,9,0
3,3,0
3,7,4
3,3,0
2,10,8
1,1,0
2,2,0
2,2,0
2,2,0
2,4,2
9,9,0
2,2,0
3,3,0
3,5,2
46,46,0
8,8,0
2,2,0
2,2,0
2,2,0
9,35,26
2,2,0
2,2,0
3,3,0
14,17,3
8,8,0
3,16,13
3,3,0
3,5,2
3,3,0
2,2,0
0,0,0
3,3,0
8,8,0
1,3,2
2,2,0
20,20,0
2,3,1
9,9,0
3,4,1
100,100,0
0,0,0
8,8,0
1,3,2
1,3,2
9,9,0
2,2,0
2,2,0
2,10,8
3,11,8
2,7,5
3,3,0
2,2,0
2,2,0
0,0,0
100,100,0
2,2,0
0,0,0
2,10,8
2,27,25
3,3,0
154,154,0
2,2,0
1,4,3
2,2,0
2,4,2
1,2,1
8,8,0
0,0,0
2,2,0
2,2,0
1,8,7
51,51,0
2,2,0
1,3,2
0,0,0
3,4,1
3,3,0
2,2,0
2,2,0
3,8,5
1,2,1
100,100,0
2,2,0
11,25,14
3,3,0
1,5,4
2,4,2
3,4,1
2,2,0
2,3,1
2,2,0
2,2,0
2,16,14
2,2,0
3,25,22
2,2,0
2,2,0
2,2,0
2,82,80
2,4,2
2,2,0
2,4,2
5,15,10
8,8,0
2,2,0
2,2,0
1,4,3
8,24,16
17,17,0
8,8,0
3,3,0
3,3,0
2,2,0
1,3,2
3,3,0
2,2,0
1,2,1
0,0,0
1,2,1
2,2,0
2,2,0
3,3,0
3,6,3
2,2,0
2,2,0
2,2,0
9,9,0
2,2,0
100,100,0
3,3,0
51,83,32
2,5,3
4,4,0
2,2,0
0,0,0
2,2,0
100,100,0
3,12,9
0,0,0
2,4,2
2,2,0
2,2,0
4,4,0
14,14,0
3,3,0
98,181,83
2,2,0
2,2,0
1,1,0
2,2,0
3,3,0
2,2,0
4,28,24
2,2,0
2,10,8
10,39,29
22,22,0
3,5,2
0,0,0
3,22,19
2,2,0
3,3,0
1,1,0
3,3,0
3,3,0
2,4,2
2,2,0
3,9,6
2,2,0
2,2,0
3,3,0
2,3,1
3,3,0
3,5,2
3,10,7
3,5,2
2,2,0
2,2,0
3,3,0
2,2,0
2,2,0
2,6,4
2,2,0
51,51,0
3,3,0
3,3,0
3,5,2
2,3,1
2,6,4
2,2,0
3,5,2
1,10,9
2,2,0
10,10,0
34,34,0
1,1,0
2,2,0
9,9,0
4,4,0
2,2,0
1,3,2
2,4,2
22,22,0
0,0,0
2,2,0
3,3,0
1,22,21
2,2,0
2,2,0
2,2,0
2,2,0
2,3,1
2,2,0
3,3,0
93,93,0
9,9,0
2,2,0
2,2,0
2,2,0
3,7,4
5,5,0
1,4,3
1,2,1
3,3,0
5,5,0
3,3,0
2,2,0
2,8,6
2,2,0
51,51,0
3,3,0
1,74,73
2,3,1
2,2,0
12,13,1
3,93,90
6,35,29
2,2,0
2,2,0
0,0,0
3,3,0
2,2,0
4,4,0
0,0,0
2,2,0
2,2,0
9,9,0
1,1,0
0,0,0
2,3,1
1,1,0
2,3,1
145,145,0
2,3,1
2,2,0
1,1,0
2,2,0
2,4,2
3,6,3
44,44,0
0,0,0
9,9,0
3,3,0
4,73,69
4,5,1
11,11,0
2,7,5
2,3,1
3,3,0
2,2,0
1,3,2
3,3,0
3,3,0
9,9,0
2,2,0
3,3,0
2,2,0
2,2,0
3,5,2
2,2,0
2,6,4
2,2,0
4,4,0
2,2,0
3,3,0
3,7,4
8,8,0
2,2,0
1,1,0
2,2,0
8,8,0
3,3,0
2,2,0
3,3,0
2,2,0
2,2,0
2,16,14
4,4,0
3,6,3
8,8,0
2,2,0
2,2,0
3,3,0
8,8,0
2,2,0
2,4,2
1,1,0
1,2,1
9,9,0
2,2,0
2,2,0
4,5,1
2,2,0
2,2,0
2,6,4
2,10,8
1,1,0
2,6,4
3,3,0
2,2,0
2,2,0
2,2,0
2,2,0
2,10,8
3,3,0
4,4,0
3,6,3
2,2,0
8,8,0
3,4,1
2,2,0
0,0,0
2,2,0
2,2,0
3,3,0
3,3,0
3,5,2
2,3,1
1,20,19
2,2,0
2,82,80
4,4,0
3,3,0
1,7,6
2,2,0
2,10,8
10,10,0
3,3,0
1,2,1
1,1,0
4,23,19
3,3,0
2,2,0
3,13,10
2,2,0
4,4,0
3,3,0
3,7,4
2,2,0
2,2,0
3,3,0
2,2,0
2,2,0
3,3,0
2,2,0
2,2,0
3,3,0
100,100,0
2,2,0
3,3,0
2,12,10
1,1,0
2,2,0
0,0,0
3,7,4
2,2,0
2,2,0
3,7,4
1,8,7
2,15,13
2,2,0
2,4,2
11,11,0
6,6,0
3,3,0
3,9,6
98,98,0
2,2,0
2,2,0
2,4,2
2,2,0
2,2,0
3,12,9
2,2,0
2,2,0
1,3,2
3,3,0
1,1,0
8,8,0
3,3,0
2,2,0
2,2,0
2,4,2
2,2,0
3,3,0
2,2,0
7,7,0
21,21,0
9,9,0
0,0,0
1,1,0
1,8,7
2,2,0
2,2,0
3,13,10
3,7,4
1,4,3
3,3,0
2,2,0
2,3,1
2,2,0
9,9,0
0,0,0
1,1,0
3,4,1
2,4,2
2,2,0
2,6,4
2,2,0
2,2,0
2,2,0
9,9,0
2,6,4
2,2,0
2,2,0
2,2,0
3,3,0
0,0,0
1,1,0
2,4,2
2,12,10
2,2,0
3,3,0
3,3,0
10,10,0
0,0,0
3,7,4
4,13,9
4,4,0
1,1,0
2,2,0
3,7,4
2,2,0
2,2,0
12,14,2
0,0,0
2,2,0
37,108,71
1,2,1
1,1,0
3,3,0
0,0,0
2,3,1
2,2,0
2,2,0
2,2,0
2,2,0
1,5,4
2,45,43
2,2,0
3,5,2
2,2,0
1,5,4
2,2,0
3,86,83
2,8,6
8,8,0
2,2,0
8,8,0
3,11,8
2,2,0
2,2,0
3,3,0
2,2,0
1,78,77
2,2,0
4,6,2
10,10,0
3,8,5
2,73,71
2,2,0
2,3,1
3,3,0
6,22,16
2,2,0
2,5,3
2,2,0
2,2,0
9,9,0
2,2,0
2,41,39
3,4,1
43,43,0
3,3,0
9,9,0
3,9,6
3,3,0
3,3,0
2,3,1
69,69,0
3,5,2
2,4,2
2,4,2
2,2,0
3,3,0
5,5,0
1,45,44
3,14,11
2,8,6
2,2,0
1,2,1
2,4,2
2,2,0
3,3,0
2,2,0
1,25,24
2,2,0
3,3,0
1,22,21
2,2,0
2,3,1
2,8,6
2,2,0
2,2,0
2,2,0
8,8,0
1,2,1
2,2,0
3,3,0
1,1,0
12,169,157
2,2,0
11,11,0
2,2,0
3,3,0
3,3,0
2,2,0
2,2,0
3,3,0
2,2,0
1,12,11
4,4,0
8,8,0
3,5,2
2,2,0
2,2,0
2,2,0
2,2,0
3,5,2
3,3,0
2,2,0
3,6,3
3,3,0
4,4,0
3,3,0
9,11,2
2,80,78
2,9,7
2,2,0
0,0,0
3,14,11
3,3,0
2,4,2
0,0,0
2,2,0
2,2,0
18,18,0
100,100,0
3,3,0
3,5,2
2,2,0
2,2,0
2,5,3
2,2,0
3,5,2
2,2,0
4,4,0
2,2,0
3,3,0
2,2,0
175,175,0
6,6,0
3,3,0
2,2,0
3,6,3
2,2,0
3,7,4
3,23,20
2,2,0
1,1,0
2,2,0
3,3,0
3,3,0
3,15,12
2,2,0
2,4,2
14,14,0
1,1,0
2,2,0
2,2,0
2,15,13
0,0,0
3,3,0
2,3,1
3,4,1
2,2,0
1,2,1
1,11,10
3,7,4
3,7,4
2,4,2
2,2,0
2,2,0
1,2,1
0,0,0
0,0,0
2,4,2
2,2,0
1,2,1
3,3,0
3,3,0
2,2,0
8,8,0
2,2,0
3,5,2
2,2,0
2,2,0
3,3,0
2,4,2
1,1,0
2,2,0
2,2,0
2,2,0
2,2,0
2,4,2
2,2,0
1,1,0
2,2,0
2,2,0
2,3,1
0,0,0
9,32,23
1,1,0
3,3,0
14,14,0
2,2,0
3,9,6
3,12,9
2,2,0
16,16,0
2,2,0
2,2,0
2,2,0
4,4,0
2,4,2
5,13,8
1,1,0
8,8,0
1,1,0
0,0,0
3,5,2
2,2,0
3,7,4
27,28,1
3,5,2
2,2,0
2,2,0
2,2,0
24,25,1
2,2,0
2,2,0
2,2,0
17,17,0
2,2,0
2,6,4
2,2,0
2,2,0
2,2,0
2,2,0
2,2,0
1,2,1
8,8,0
13,13,0
2,2,0
2,2,0
3,3,0
2,4,2
3,28,25
49,52,3
2,2,0
4,6,2
3,3,0
2,2,0
3,5,2
39,39,0
3,3,0
2,2,0
2,2,0
6,8,2
3,8,5
9,9,0
2,7,5
3,3,0
2,2,0
12,12,0
2,2,0
1,27,26
2,4,2
2,2,0
2,2,0
2,4,2
2,4,2
3,7,4
3,10,7
2,3,1
3,3,0
2,2,0
3,5,2
10,10,0
3,3,0
3,3,0
11,11,0
2,13,11
3,3,0
2,4,2
3,5,2
2,2,0
1,22,21
64,64,0
2,2,0
8,8,0
30,30,0
3,6,3
2,2,0
7,7,0
2,7,5
2,2,0
2,44,42
1,1,0
9,9,0
4,6,2
3,3,0
1,2,1
18,41,23
3,3,0
2,3,1
2,2,0
2,2,0
4,4,0
1,21,20
2,2,0
3,5,2
3,3,0
1,1,0
3,3,0
2,2,0
2,2,0
2,2,0
5,5,0
1,1,0
3,3,0
2,50,48
2,2,0
3,3,0
30,30,0
1,2,1
4,25,21
5,19,14
2,2,0
2,2,0
2,14,12
3,3,0
2,2,0
2,4,2
2,19,17
1,1,0
2,16,14
1,1,0
3,3,0
2,2,0
2,2,0
1,1,0
2,2,0
2,4,2
2,2,0
8,8,0
2,2,0
6,6,0
1,3,2
2,2,0
2,12,10
2,2,0
11,11,0
8,8,0
1,2,1
1,1,0
1,9,8
10,10,0
10,14,4
1,1,0
1,1,0
16,18,2
3,3,0
120,242,122
2,2,0
2,2,0
2,2,0
2,2,0
1,2,1
3,3,0
2,2,0
3,3,0
2,124,122
2,6,4
3,5,2
2,2,0
8,8,0
2,13,11
3,3,0
3,7,4
2,2,0
1,4,3
2,2,0
1,2,1
2,2,0
2,6,4
3,3,0
100,104,4
2,2,0
2,2,0
2,2,0
3,7,4
1,2,1
8,8,0
3,5,2
2,2,0
2,2,0
2,2,0
3,3,0
3,14,11
100,100,0
3,5,2
3,3,0
2,3,1
2,2,0
2,2,0
2,2,0
13,14,1
2,3,1
2,2,0
2,4,2
2,2,0
51,69,18
4,4,0
2,5,3
5,7,2
2,2,0
3,5,2
2,84,82
3,5,2
1,1,0
3,3,0
3,3,0
2,4,2
1,1,0
3,11,8
2,2,0
2,2,0
2,2,0
3,3,0
2,2,0
2,2,0
3,3,0
51,51,0
6,6,0
1,2,1
3,3,0
1,24,23
2,5,3
2,2,0
0,0,0
2,4,2
3,3,0
3,5,2
3,3,0
3,9,6
1,1,0
2,2,0
3,3,0
9,9,0
3,3,0
3,6,3
2,2,0
3,5,2
2,2,0
2,2,0
2,2,0
2,2,0
2,2,0
2,2,0
1,1,0
3,3,0
2,2,0
2,2,0
2,2,0
3,3,0
3,7,4
3,3,0
2,2,0
11,11,0
1,1,0
3,8,5
2,2,0
8,8,0
3,5,2
0,0,0
2,2,0
3,6,3
1,3,2
2,2,0
2,2,0
2,2,0
1,1,0
1,3,2
12,36,24
2,2,0
2,2,0
1,5,4
3,3,0
2,2,0
57,60,3
2,2,0
6,6,0
3,12,9
1,2,1
9,14,5
2,2,0
2,9,7
11,11,0
34,34,0
4,8,4
2,2,0
2,2,0
2,2,0
6,14,8
3,6,3
2,2,0
2,2,0
9,9,0
2,2,0
3,3,0
1,2,1
3,5,2
2,4,2
3,10,7
3,3,0
0,0,0
0,0,0
6,8,2
22,68,46
90,267,177
78,78,0
8,8,0
1,21,20
3,3,0
8,8,0
2,2,0
3,3,0
0,0,0
3,5,2
2,6,4
3,3,0
18,18,0
2,2,0
3,15,12
2,2,0
4,69,65
8,8,0
2,2,0
8,8,0
2,2,0
50,50,0
2,2,0
9,9,0
2,2,0
2,6,4
3,5,2
2,2,0
2,2,0
2,47,45
22,22,0
5,5,0
97,97,0
3,3,0
3,9,6
2,2,0
3,80,77
1,2,1
1,1,0
1,26,25
3,5,2
2,14,12
2,2,0
2,2,0
2,4,2
2,4,2
3,5,2
2,2,0
1,1,0
2,48,46
2,2,0
3,5,2
9,9,0
2,2,0
0,0,0
2,13,11
46,74,28
3,5,2
1,2,1
1,3,2
4,9,5
2,2,0
2,2,0
1,22,21
3,3,0
3,5,2
0,0,0
2,2,0
2,2,0
2,2,0
3,3,0
1,1,0
2,2,0
3,3,0
100,100,0
0,0,0
2,3,1
2,2,0
2,2,0
8,8,0
1,2,1
2,2,0
2,2,0
2,2,0
8,8,0
8,18,10
2,2,0
8,8,0
2,2,0
3,11,8
3,3,0
2,2,0
21,21,0
3,5,2
2,2,0
3,3,0
2,101,99
2,2,0
55,55,0
2,4,2
3,8,5
2,2,0
2,2,0
9,9,0
3,4,1
2,2,0
3,3,0
9,9,0
3,5,2
2,2,0
1,1,0
2,4,2
4,9,5
9,9,0
9,9,0
1,3,2
2,2,0
2,2,0
2,2,0
2,2,0
2,19,17
2,2,0
16,16,0
30,30,0
1,2,1
3,3,0
1,1,0
8,8,0
1,5,4
2,2,0
2,3,1
2,4,2
9,9,0
1,1,0
4,5,1
2,2,0
3,3,0
9,9,0
1,1,0
3,3,0
2,2,0
9,9,0
2,2,0
2,8,6
2,2,0
3,3,0
2,2,0
2,2,0
2,2,0
2,4,2
2,2,0
2,3,1
2,2,0
3,3,0
1,1,0
2,2,0
2,2,0
11,11,0
2,2,0
2,2,0
1,2,1
2,2,0
3,3,0
2,2,0
11,11,0
3,24,21
1,5,4
2,2,0
2,2,0
3,14,11
3,5,2
2,3,1
11,11,0
3,3,0
2,2,0
3,3,0
8,14,6
190,190,0
2,2,0
1,1,0
2,7,5
3,3,0
2,2,0
3,3,0
3,5,2
2,4,2
2,2,0
1,3,2
2,2,0
2,2,0
3,5,2
8,8,0
9,9,0
2,3,1
2,2,0
0,0,0
2,2,0
2,2,0
2,2,0
3,8,5
8,8,0
3,6,3
1,2,1
2,2,0
2,2,0
2,2,0
3,3,0
2,2,0
2,2,0
3,3,0
2,2,0
2,5,3
2,2,0
27,27,0
2,2,0
2,2,0
1,1,0
2,2,0
3,11,8
3,3,0
2,2,0
95,95,0
2,2,0
1,2,1
2,18,16
3,3,0
40,40,0
2,20,18
2,2,0
18,18,0
2,2,0
2,2,0
1,2,1
3,13,10
2,2,0
2,4,2
2,2,0
16,16,0
7,7,0
2,6,4
3,3,0
2,2,0
4,4,0
2,3,1
2,2,0
2,11,9
2,2,0
2,2,0
1,3,2
0,0,0
21,21,0
2,2,0
1,25,24
5,5,0
1,79,78
2,2,0
11,11,0
2,2,0
2,2,0
3,7,4
2,80,78
2,4,2
3,3,0
2,2,0
5,5,0
8,9,1
2,2,0
2,82,80
1,1,0
2,2,0
3,3,0
2,10,8
2,2,0
2,2,0
7,7,0
3,5,2
2,2,0
2,4,2
76,79,3
3,3,0
2,2,0
0,0,0
3,3,0
2,2,0
1,3,2
3,5,2
1,1,0
51,51,0
3,10,7
9,9,0
4,4,0
2,2,0
8,8,0
3,12,9
2,6,4
2,15,13
3,3,0
1,2,1
2,2,0
2,2,0
3,3,0
3,3,0
2,2,0
2,3,1
2,2,0
2,2,0
3,3,0
3,3,0
2,10,8
1,4,3
20,95,75
3,3,0
0,0,0
2,2,0
2,2,0
3,3,0
1,24,23
2,2,0
3,6,3
100,107,7
2,2,0
3,10,7
1,16,15
2,2,0
1,2,1
2,2,0
2,2,0
1,1,0
3,5,2
2,2,0
12,12,0
2,2,0
2,2,0
1,2,1
2,2,0
2,2,0
2,2,0
2,20,18
2,2,0
3,3,0
2,2,0
1,8,7
9,9,0
0,0,0
3,3,0
1,1,0
2,7,5
3,5,2
32,32,0
1,1,0
3,3,0
5,7,2
2,2,0
2,2,0
3,3,0
2,4,2
2,2,0
8,8,0
1,1,0
2,2,0
2,2,0
2,2,0
2,2,0
1,2,1
3,3,0
2,4,2
2,2,0
2,2,0
1,1,0
3,3,0
3,5,2
20,20,0
2,4,2
11,11,0
2,2,0
3,5,2
2,2,0
1,1,0
3,4,1
3,3,0
2,2,0
4,8,4
9,9,0
3,3,0
3,3,0
3,7,4
4,4,0
3,3,0
3,3,0
1,4,3
2,2,0
2,2,0
2,2,0
8,405,397
3,4,1
2,2,0
2,2,0
3,3,0
2,2,0
3,5,2
2,2,0
2,2,0
12,12,0
9,9,0
2,2,0
3,16,13
2,3,1
2,4,2
2,2,0
2,2,0
6,6,0
2,5,3
3,3,0
3,3,0
3,5,2
1,1,0
2,6,4
2,2,0
2,2,0
2,2,0
2,11,9
3,3,0
2,2,0
2,2,0
2,2,0
2,2,0
2,2,0
2,17,15
2,2,0
2,5,3
1,2,1
3,5,2
2,4,2
2,2,0
3,3,0
1,4,3
2,45,43
2,2,0
3,25,22
2,2,0
1,3,2
2,2,0
2,13,11
2,2,0
3,6,3
2,2,0
1,7,6
2,2,0
1,2,1
1,19,18
2,2,0
2,2,0
2,4,2
2,2,0
8,8,0
8,8,0
3,5,2
2,2,0
4,4,0
2,2,0
1,8,7
2,2,0
2,2,0
2,2,0
0,0,0
9,9,0
2,2,0
3,3,0
1,1,0
2,5,3
2,2,0
7,7,0
13,13,0
2,2,0
7,7,0
0,0,0
3,18,15
2,35,33
2,2,0
6,6,0
2,2,0
3,3,0
3,5,2
2,2,0
9,9,0
2,2,0
8,8,0
2,2,0
1,6,5
2,2,0
1,1,0
2,10,8
8,8,0
2,2,0
2,2,0
2,2,0
2,2,0
0,0,0
11,11,0
2,3,1
2,2,0
0,0,0
2,2,0
1,49,48
1,9,8
0,0,0
2,2,0
2,2,0
100,100,0
2,2,0
1,30,29
3,3,0
3,3,0
2,2,0
8,8,0
6,6,0
1,2,1
2,2,0
20,20,0
2,2,0
2,2,0
3,5,2
9,9,0
8,8,0
3,11,8
1,2,1
1,1,0
7,16,9
2,2,0
2,3,1
2,2,0
2,2,0
2,2,0
3,3,0
2,2,0
2,4,2
2,10,8
9,11,2
2,2,0
2,4,2
2,2,0
2,2,0
4,4,0
2,2,0
2,3,1
4,4,0
2,6,4
8,8,0
1,2,1
2,2,0
2,2,0
2,2,0
6,10,4
2,2,0
2,2,0
2,4,2
0,0,0
2,2,0
1,1,0
0,0,0
2,2,0
2,2,0
3,3,0
2,4,2
3,5,2
4,6,2
3,3,0
2,2,0
5,5,0
2,4,2
8,8,0
2,2,0
7,7,0
2,2,0
7,7,0
1,2,1
1,2,1
0,0,0
2,2,0
3,3,0
3,7,4
3,3,0
2,2,0
3,3,0
0,0,0
2,4,2
2,2,0
3,3,0
3,3,0
2,2,0
24,24,0
2,4,2
1,23,22
2,2,0
2,2,0
3,3,0
2,10,8
2,7,5
5,5,0
2,2,0
1,4,3
3,4,1
2,4,2
3,5,2
2,2,0
2,2,0
3,5,2
94,94,0
2,2,0
3,3,0
1,1,0
8,8,0
2,2,0
2,2,0
2,2,0
2,4,2
1,2,1
2,6,4
3,3,0
2,2,0
3,5,2
2,2,0
2,2,0
3,5,2
2,2,0
0,0,0
2,2,0
100,100,0
2,6,4
3,3,0
2,2,0
3,8,5
3,5,2
3,3,0
3,3,0
8,19,11
3,3,0
8,8,0
7,7,0
2,2,0
1,2,1
2,5,3
2,2,0
41,41,0
3,3,0
1,2,1
11,11,0
3,3,0
3,3,0
2,4,2
3,3,0
1,3,2
1,22,21
2,2,0
3,3,0
6,6,0
2,4,2
2,2,0
6,6,0
2,10,8
3,8,5
2,4,2
2,2,0
5,5,0
3,5,2
2,4,2
2,2,0
3,11,8
2,2,0
2,34,32
2,4,2
1,2,1
9,9,0
3,5,2
2,13,11
3,3,0
3,8,5
7,7,0
2,2,0
2,2,0
3,8,5
0,0,0
15,15,0
18,35,17
0,0,0
0,0,0
3,5,2
2,2,0
2,2,0
2,2,0
47,47,0
2,3,1
1,1,0
2,2,0
22,22,0
7,7,0
2,2,0
2,3,1
9,9,0
9,9,0
2,2,0
16,16,0
3,4,1
6,6,0
2,2,0
2,4,2
3,3,0
3,3,0
3,3,0
2,2,0
2,2,0
2,2,0
3,4,1
8,8,0
2,2,0
2,2,0
3,3,0
2,4,2
3,6,3
3,23,20
2,2,0
2,2,0
2,2,0
2,2,0
8,8,0
1,3,2
3,3,0
1,1,0
3,3,0
14,14,0
1,1,0
2,2,0
3,3,0
3,5,2
2,2,0
3,3,0
2,2,0
2,9,7
3,8,5
0,0,0
1,2,1
2,2,0
3,3,0
10,10,0
2,2,0
2,2,0
3,5,2
3,5,2
2,2,0
1,9,8
2,2,0
2,2,0
2,4,2
2,8,6
3,3,0
2,3,1
51,53,2
3,6,3
3,3,0
2,2,0
10,11,1
2,17,15
8,8,0
1,4,3
2,2,0
6,7,1
3,5,2
1,20,19
82,82,0
2,4,2
2,2,0
2,2,0
5,5,0
3,3,0
2,2,0
0,0,0
2,2,0
3,3,0
8,8,0
1,1,0
3,3,0
12,21,9
1,4,3
2,2,0
2,2,0
3,3,0
2,3,1
1,46,45
3,3,0
3,5,2
2,2,0
2,4,2
3,3,0
2,2,0
3,3,0
2,2,0
2,2,0
2,2,0
4,4,0
3,3,0
7,7,0
2,2,0
3,4,1
62,62,0
73,75,2
3,5,2
2,3,1
0,0,0
9,9,0
11,11,0
1,2,1
2,4,2
20,20,0
2,2,0
2,2,0
2,4,2
8,8,0
1,1,0
3,5,2
2,2,0
2,3,1
2,2,0
9,9,0
10,10,0
8,8,0
2,2,0
10,10,0
1,22,21
3,5,2
2,4,2
2,2,0
2,2,0
12,12,0
2,9,7
3,3,0
3,3,0
2,2,0
6,28,22
82,82,0
2,2,0
2,2,0
2,2,0
2,2,0
2,4,2
2,2,0
1,5,4
2,2,0
2,2,0
8,8,0
2,2,0
2,2,0
3,3,0
11,11,0
2,8,6
2,2,0
12,12,0
2,80,78
3,7,4
11,11,0
0,0,0
2,6,4
2,2,0
2,4,2
100,100,0
2,2,0
3,15,12
3,7,4
6,6,0
1,3,2
2,2,0
2,2,0
2,86,84
3,3,0
2,2,0
2,2,0
2,4,2
11,11,0
4,4,0
2,2,0
2,2,0
2,2,0
3,11,8
3,3,0
2,3,1
3,3,0
1,25,24
3,3,0
2,2,0
0,0,0
1,2,1
2,2,0
2,2,0
2,2,0
2,2,0
100,100,0
2,2,0
2,2,0
3,7,4
10,10,0
1,1,0
8,8,0
2,2,0
2,2,0
100,100,0
9,9,0
3,3,0
63,67,4
2,2,0
5,6,1
2,6,4
2,4,2
2,2,0
2,2,0
4,4,0
94,94,0
2,4,2
2,9,7
2,4,2
3,5,2
2,4,2
2,2,0
3,21,18
0,0,0
7,12,5
2,2,0
2,3,1
96,96,0
1,22,21
2,4,2
2,2,0
2,2,0
20,20,0
2,2,0
2,2,0
1,1,0
2,6,4
3,3,0
2,5,3
2,2,0
2,2,0
2,2,0
2,2,0
9,9,0
3,3,0
1,1,0
2,4,2
8,8,0
28,28,0
2,2,0
2,2,0
3,3,0
1,2,1
1,1,0
2,2,0
8,8,0
2,2,0
3,3,0
0,0,0
14,14,0
2,2,0
2,2,0
3,30,27
0,0,0
2,2,0
3,3,0
2,2,0
2,2,0
2,2,0
3,5,2
3,5,2
1,2,1
8,8,0
1,25,24
8,8,0
2,4,2
2,12,10
3,7,4
2,2,0
1,1,0
3,7,4
8,8,0
2,4,2
3,3,0
2,21,19
2,2,0
3,3,0
2,4,2
2,2,0
3,3,0
3,3,0
3,3,0
2,2,0
3,3,0
1,5,4
3,5,2
2,2,0
1,11,10
0,0,0
2,2,0
2,4,2
2,2,0
1,11,10
1,22,21
3,5,2
2,2,0
1,1,0
3,26,23
1,4,3
3,5,2
2,2,0
2,11,9
3,3,0
2,2,0
3,3,0
3,5,2
8,8,0
2,45,43
3,4,1
2,2,0
3,3,0
0,0,0
3,9,6
3,3,0
1,8,7
3,3,0
3,3,0
2,2,0
2,2,0
2,24,22
3,3,0
2,100,98
3,3,0
2,2,0
2,2,0
2,3,1
8,8,0
2,4,2
3,3,0
3,3,0
9,9,0
2,2,0
1,2,1
3,23,20
3,5,2
2,2,0
8,8,0
1,4,3
6,6,0
2,2,0
2,2,0
2,2,0
2,2,0
8,10,2
2,41,39
3,3,0
3,5,2
2,2,0
2,2,0
2,3,1
6,6,0
3,5,2
0,0,0
4,4,0
2,2,0
8,16,8
2,13,11
2,2,0
2,2,0
2,2,0
11,11,0
6,6,0
2,15,13
2,2,0
2,2,0
2,4,2
2,2,0
2,2,0
2,2,0
0,0,0
2,2,0
3,3,0
2,3,1
3,5,2
2,2,0
1,24,23
34,47,13
2,2,0
2,2,0
2,2,0
3,9,6
1,2,1
4,4,0
10,10,0
2,5,3
2,4,2
2,2,0
110,110,0
2,2,0
2,2,0
1,2,1
8,8,0
2,2,0
2,2,0
2,2,0
2,8,6
2,2,0
6,8,2
2,2,0
3,3,0
2,8,6
0,0,0
12,12,0
10,10,0
2,2,0
3,6,3
3,3,0
1,1,0
3,5,2
2,4,2
1,1,0
2,2,0
1,23,22
2,2,0
9,9,0
1,1,0
11,11,0
1,2,1
2,2,0
20,20,0
2,2,0
1,54,53
2,2,0
3,3,0
2,2,0
2,2,0
2,2,0
4,10,6
2,4,2
2,2,0
3,5,2
1,4,3
1,2,1
3,3,0
2,13,11
2,3,1
3,3,0
1,22,21
3,3,0
2,2,0
2,3,1
3,5,2
2,4,2
2,2,0
11,11,0
4,4,0
3,6,3
2,2,0
2,2,0
0,0,0
3,5,2
2,2,0
2,3,1
2,2,0
3,3,0
2,2,0
2,4,2
3,7,4
2,2,0
28,30,2
1,6,5
3,3,0
6,9,3
8,8,0
8,8,0
2,8,6
2,2,0
1,1,0
2,2,0
3,8,5
2,2,0
2,2,0
2,5,3
3,3,0
3,3,0
2,4,2
10,10,0
2,2,0
2,2,0
2,2,0
2,2,0
1,25,24
0,0,0
2,2,0
3,3,0
18,18,0
3,3,0
2,6,4
2,2,0
0,0,0
4,13,9
3,6,3
0,0,0
2,2,0
3,5,2
2,2,0
3,4,1
2,2,0
2,2,0
2,5,3
1,1,0
2,7,5
2,2,0
3,3,0
2,2,0
2,2,0
2,2,0
3,3,0
3,3,0
2,23,21
1,1,0
3,3,0
2,2,0
2,37,35
8,8,0
2,3,1
2,4,2
2,2,0
3,5,2
2,7,5
1,2,1
2,2,0
2,2,0
3,3,0
2,2,0
8,8,0
3,11,8
100,100,0
1,1,0
2,2,0
1,1,0
8,8,0
2,2,0
23,23,0
8,8,0
2,2,0
2,2,0
1,1,0
8,8,0
3,3,0
24,24,0
2,2,0
9,9,0
2,2,0
1,1,0
1,2,1
2,2,0
2,2,0
3,3,0
3,5,2
98,98,0
2,2,0
3,3,0
2,2,0
8,8,0
2,2,0
2,2,0
2,2,0
2,2,0
3,8,5
2,2,0
2,5,3
8,8,0
3,3,0
3,3,0
2,2,0
3,3,0
1,3,2
2,5,3
3,3,0
1,8,7
2,4,2
8,8,0
2,2,0
2,2,0
6,6,0
3,5,2
2,25,23
2,2,0
2,6,4
3,5,2
2,2,0
9,14,5
2,2,0
2,2,0
1,2,1
4,4,0
2,2,0
3,3,0
2,4,2
3,3,0
1,2,1
3,3,0
8,8,0
2,2,0
2,4,2
2,2,0
0,0,0
0,0,0
3,3,0
3,3,0
9,15,6
0,0,0
2,2,0
1,6,5
20,20,0
2,2,0
51,51,0
3,14,11
3,3,0
2,3,1
2,2,0
2,2,0
18,27,9
2,2,0
3,3,0
3,16,13
2,2,0
1,7,6
7,7,0
1,1,0
2,5,3
1,1,0
5,5,0
2,2,0
2,2,0
2,2,0
2,2,0
2,2,0
4,4,0
2,2,0
6,11,5
2,2,0
2,2,0
3,3,0
13,13,0
3,3,0
2,2,0
2,2,0
3,3,0
2,2,0
2,2,0
0,0,0
2,2,0
2,2,0
2,16,14
2,2,0
2,4,2
0,0,0
5,5,0
2,2,0
2,2,0
17,25,8
1,4,3
3,3,0
3,3,0
2,2,0
2,82,80
3,5,2
3,3,0
3,3,0
2,2,0
10,14,4
2,2,0
0,0,0
3,7,4
1,1,0
3,3,0
8,8,0
2,29,27
3,3,0
7,7,0
2,5,3
2,2,0
3,7,4
1,77,76
10,10,0
4,4,0
1,56,55
2,2,0
2,8,6
2,2,0
3,5,2
2,2,0
3,3,0
2,97,95
2,2,0
1,21,20
2,8,6
2,2,0
2,2,0
3,3,0
2,2,0
0,0,0
0,0,0
4,4,0
3,5,2
3,3,0
2,9,7
2,2,0
2,2,0
0,0,0
3,7,4
2,2,0
3,3,0
3,3,0
2,2,0
2,80,78
2,2,0
3,9,6
2,5,3
2,2,0
100,227,127
2,2,0
2,2,0
2,2,0
20,20,0
2,2,0
2,3,1
4,6,2
3,3,0
2,12,10
2,6,4
2,11,9
2,2,0
2,4,2
0,0,0
2,2,0
1,2,1
3,5,2
2,2,0
3,15,12
2,3,1
3,4,1
2,2,0
2,2,0
3,5,2
1,2,1
2,2,0
1,2,1
4,4,0
22,22,0
2,2,0
0,0,0
2,7,5
0,0,0
2,2,0
2,23,21
3,3,0
2,2,0
2,2,0
1,2,1
3,4,1
0,0,0
3,3,0
9,9,0
4,6,2
2,2,0
1,4,3
3,3,0
3,3,0
3,3,0
1,2,1
3,3,0
2,2,0
1,2,1
3,5,2
3,3,0
2,2,0
3,5,2
1,1,0
3,5,2
10,12,2
9,9,0
2,2,0
3,3,0
2,2,0
5,5,0
2,2,0
3,3,0
3,7,4
0,0,0
2,2,0
1,2,1
1,2,1
2,2,0
3,3,0
2,2,0
101,101,0
8,9,1
1,11,10
3,3,0
2,12,10
13,13,0
8,8,0
2,2,0
2,14,12
2,2,0
2,2,0
2,2,0
2,41,39
4,4,0
2,2,0
2,2,0
2,2,0
4,4,0
1,2,1
0,0,0
2,2,0
2,2,0
3,5,2
3,3,0
0,0,0
3,5,2
2,103,101
2,2,0
3,5,2
3,5,2
2,2,0
8,16,8
2,2,0
9,9,0
2,2,0
2,2,0
2,2,0
2,2,0
2,2,0
8,8,0
3,3,0
3,3,0
3,7,4
2,3,1
3,3,0
2,2,0
3,5,2
2,2,0
10,10,0
2,2,0
2,3,1
2,2,0
1,1,0
8,8,0
4,4,0
1,1,0
2,2,0
6,35,29
5,5,0
5,5,0
2,4,2
2,7,5
2,2,0
2,2,0
9,9,0
2,2,0
2,2,0
2,2,0
2,5,3
3,3,0
2,10,8
2,2,0
1,1,0
0,0,0
9,9,0
2,2,0
2,2,0
2,4,2
2,2,0
122,122,0
2,2,0
2,2,0
3,3,0
77,121,44
3,8,5
2,2,0
2,2,0
1,9,8
3,8,5
2,2,0
2,2,0
2,2,0
2,4,2
2,2,0
2,2,0
2,2,0
2,4,2
3,3,0
2,8,6
56,56,0
1,1,0
2,2,0
2,2,0
33,34,1
2,3,1
3,3,0
1,1,0
4,4,0
2,4,2
3,16,13
2,2,0
1,4,3
9,9,0
3,3,0
2,2,0
2,27,25
3,3,0
2,2,0
2,2,0
2,2,0
3,3,0
1,25,24
4,4,0
1,1,0
2,2,0
2,2,0
2,84,82
2,2,0
2,2,0
1,7,6
1,1,0
3,5,2
3,5,2
42,42,0
2,8,6
2,59,57
2,16,14
6,35,29
2,3,1
2,4,2
1,1,0
22,22,0
2,4,2
50,50,0
2,2,0
9,9,0
7,8,1
2,6,4
4,4,0
2,2,0
9,9,0
3,3,0
2,2,0
3,3,0
1,2,1
9,9,0
2,2,0
2,2,0
3,5,2
2,6,4
9,9,0
2,2,0
2,2,0
2,2,0
2,2,0
2,2,0
2,2,0
2,3,1
2,2,0
2,2,0
2,2,0
2,2,0
2,2,0
1,2,1
2,2,0
6,12,6
2,2,0
2,2,0
3,7,4
2,2,0
1,1,0
3,3,0
2,2,0
4,4,0
2,2,0
2,4,2
2,2,0
3,5,2
3,3,0
1,2,1
100,100,0
22,22,0
2,2,0
3,5,2
3,3,0
1,2,1
2,2,0
1,1,0
2,2,0
2,2,0
2,2,0
156,156,0
2,2,0
1,1,0
2,2,0
1,1,0
2,2,0
2,3,1
1,2,1
2,3,1
1,1,0
1,3,2
1,2,1
2,2,0
2,2,0
2,2,0
3,5,2
2,28,26
2,2,0
2,2,0
3,3,0
3,3,0
2,2,0
2,2,0
0,0,0
2,3,1
3,3,0
2,2,0
1,26,25
1,1,0
2,2,0
2,2,0
13,13,0
3,6,3
3,3,0
2,4,2
2,2,0
2,2,0
87,94,7
3,5,2
1,4,3
2,2,0
2,15,13
2,2,0
2,2,0
2,2,0
3,35,32
8,8,0
2,2,0
2,3,1
1,55,54
2,2,0
3,3,0
2,2,0
3,3,0
1,21,20
2,2,0
3,3,0
3,5,2
7,7,0
20,20,0
2,4,2
2,2,0
3,3,0
2,2,0
2,2,0
2,2,0
2,2,0
2,2,0
1,1,0
1,5,4
2,2,0
2,2,0
22,22,0
2,2,0
3,14,11
3,3,0
3,3,0
3,3,0
2,4,2
2,2,0
1,1,0
1,1,0
1,2,1
8,8,0
3,3,0
3,3,0
1,1,0
9,9,0
2,2,0
3,15,12
1,20,19
2,2,0
2,2,0
2,2,0
2,2,0
3,4,1
4,4,0
2,2,0
2,2,0
2,2,0
2,2,0
2,2,0
3,3,0
2,2,0
3,3,0
0,0,0
2,2,0
2,2,0
2,7,5
2,2,0
2,4,2
1,1,0
3,6,3
3,3,0
2,6,4
2,6,4
1,2,1
2,2,0
2,3,1
9,9,0
2,2,0
8,8,0
2,2,0
2,3,1
3,3,0
4,4,0
2,2,0
1,51,50
2,4,2
2,2,0
3,3,0
3,3,0
9,9,0
2,2,0
3,3,0
59,59,0
2,4,2
8,8,0
2,2,0
3,9,6
11,11,0
2,2,0
0,0,0
100,100,0
1,8,7
0,0,0
2,6,4
2,2,0
3,9,6
3,3,0
3,3,0
100,100,0
9,11,2
2,2,0
2,2,0
23,23,0
2,2,0
2,2,0
20,20,0
3,4,1
2,2,0
2,4,2
4,4,0
2,2,0
2,2,0
5,5,0
3,3,0
2,7,5
3,3,0
3,3,0
2,2,0
6,8,2
2,2,0
2,2,0
2,2,0
8,8,0
1,5,4
2,2,0
2,4,2
2,6,4
3,11,8
2,2,0
2,2,0
3,3,0
8,8,0
3,3,0
2,2,0
3,5,2
4,4,0
2,2,0
3,3,0
3,3,0
2,2,0
7,8,1
10,10,0
2,4,2
2,4,2
2,2,0
2,2,0
3,3,0
33,33,0
3,10,7
2,6,4
8,8,0
1,1,0
3,7,4
8,8,0
8,8,0
3,3,0
8,8,0
9,9,0
2,2,0
2,2,0
2,4,2
2,2,0
3,3,0
0,0,0
1,1,0
11,11,0
1,2,1
2,2,0
7,7,0
2,2,0
1,25,24
4,4,0
2,2,0
9,9,0
2,2,0
0,0,0
4,4,0
20,20,0
3,8,5
1,2,1
3,3,0
2,2,0
20,20,0
3,5,2
2,9,7
3,5,2
24,24,0
1,1,0
3,9,6
48,48,0
3,5,2
8,8,0
14,14,0
3,3,0
2,2,0
3,14,11
3,3,0
2,2,0
11,11,0
3,3,0
0,0,0
3,3,0
2,2,0
2,2,0
2,2,0
1,3,2
66,66,0
2,4,2
2,2,0
9,60,51
2,2,0
2,6,4
2,2,0
3,5,2
5,5,0
3,3,0
10,10,0
2,8,6
2,2,0
1,1,0
2,2,0
2,2,0
13,13,0
1,3,2
1,1,0
7,7,0
2,3,1
2,2,0
2,2,0
2,2,0
0,0,0
2,2,0
2,6,4
3,5,2
51,101,50
2,4,2
2,4,2
2,2,0
9,9,0
2,2,0
1,1,0
6,6,0
2,2,0
7,36,29
1,3,2
1,1,0
8,11,3
4,5,1
2,2,0
2,2,0
0,0,0
2,4,2
3,3,0
156,243,87
3,8,5
22,22,0
2,2,0
8,8,0
2,8,6
1,1,0
3,3,0
3,5,2
3,7,4
10,16,6
2,2,0
2,2,0
3,3,0
2,2,0
9,9,0
2,3,1
2,2,0
3,3,0
3,5,2
2,3,1
3,3,0
3,9,6
2,2,0
2,2,0
2,2,0
2,24,22
1,2,1
1,4,3
0,0,0
3,3,0
1,2,1
4,4,0
2,2,0
2,2,0
2,2,0
1,3,2
3,3,0
2,2,0
2,4,2
3,3,0
2,2,0
3,3,0
2,2,0
2,2,0
2,2,0
2,2,0
3,3,0
7,7,0
3,5,2
1,2,1
2,4,2
3,5,2
2,2,0
2,5,3
2,2,0
13,13,0
2,4,2
16,18,2
0,0,0
2,2,0
1,8,7
8,8,0
2,2,0
2,2,0
2,11,9
2,2,0
2,2,0
2,2,0
8,8,0
2,2,0
2,2,0
1,1,0
3,3,0
2,2,0
2,5,3
3,3,0
2,2,0
2,2,0
5,23,18
2,2,0
2,2,0
1,1,0
3,3,0
2,6,4
6,6,0
3,5,2
2,2,0
2,3,1
2,2,0
2,2,0
2,8,6
2,2,0
2,2,0
2,13,11
3,5,2
1,14,13
3,6,3
2,2,0
2,6,4
2,4,2
1,1,0
2,2,0
8,8,0
2,2,0
0,0,0
3,3,0
100,104,4
2,2,0
13,13,0
2,5,3
1,1,0
2,2,0
20,20,0
6,6,0
2,2,0
3,7,4
2,2,0
2,12,10
2,2,0
62,62,0
2,2,0
0,0,0
2,4,2
2,2,0
2,3,1
11,11,0
3,5,2
2,2,0
8,8,0
2,2,0
3,3,0
3,6,3
3,5,2
2,2,0
2,3,1
3,3,0
9,9,0
2,4,2
2,2,0
2,82,80
3,5,2
3,7,4
0,0,0
2,9,7
11,11,0
2,4,2
2,4,2
2,2,0
2,2,0
3,3,0
122,202,80
2,4,2
2,2,0
2,2,0
3,11,8
3,5,2
315,513,198
1,5,4
0,0,0
34,37,3
8,8,0
3,3,0
0,0,0
2,2,0
3,3,0
2,2,0
7,15,8
2,2,0
2,2,0
3,5,2
2,2,0
3,3,0
0,0,0
2,2,0
3,12,9
2,2,0
1,2,1
2,2,0
1,102,101
9,12,3
2,2,0
1,29,28
3,5,2
3,3,0
5,5,0
1,1,0
2,2,0
8,8,0
2,2,0
1,1,0
2,2,0
3,3,0
3,3,0
3,3,0
2,2,0
4,4,0
1,1,0
2,2,0
2,7,5
1,3,2
2,2,0
2,2,0
2,2,0
2,4,2
0,0,0
1,2,1
3,11,8
2,2,0
2,6,4
8,8,0
1,2,1
2,2,0
2,4,2
3,3,0
3,3,0
8,8,0
3,7,4
11,11,0
3,7,4
2,2,0
6,6,0
1,1,0
8,8,0
2,2,0
2,2,0
2,2,0
2,2,0
3,4,1
3,18,15
1,12,11
9,9,0
1,19,18
8,8,0
3,3,0
3,11,8
11,11,0
3,3,0
5,5,0
1,22,21
2,2,0
3,6,3
2,2,0
3,3,0
2,2,0
0,0,0
2,2,0
2,4,2
3,3,0
100,100,0
3,3,0
2,2,0
3,3,0
2,2,0
2,2,0
1,3,2
12,12,0
2,2,0
3,5,2
3,11,8
3,3,0
2,2,0
2,13,11
2,2,0
3,5,2
2,2,0
22,22,0
2,2,0
3,5,2
2,2,0
2,2,0
2,2,0
2,2,0
10,10,0
50,100,50
2,2,0
0,0,0
139,139,0
3,3,0
2,2,0
3,6,3
16,16,0
3,4,1
3,3,0
2,2,0
2,2,0
2,5,3
2,4,2
0,0,0
8,8,0
2,2,0
2,2,0
2,2,0
0,0,0
3,7,4
11,11,0
2,7,5
2,2,0
1,2,1
8,8,0
8,8,0
8,8,0
2,2,0
3,8,5
2,2,0
1,1,0
8,8,0
2,5,3
2,2,0
2,2,0
2,2,0
2,2,0
2,4,2
10,10,0
63,63,0
2,2,0
1,2,1
2,2,0
4,6,2
2,2,0
1,28,27
3,5,2
100,100,0
3,3,0
0,0,0
3,3,0
2,2,0
2,6,4
1,1,0
2,2,0
3,3,0
3,4,1
2,2,0
1,6,5
2,2,0
3,3,0
2,3,1
3,5,2
2,2,0
197,197,0
2,2,0
2,2,0
2,2,0
6,6,0
3,6,3
2,2,0
3,5,2
2,2,0
2,4,2
3,3,0
3,3,0
3,3,0
2,4,2
1,26,25
3,3,0
3,3,0
3,6,3
9,9,0
9,9,0
2,2,0
1,2,1
2,2,0
2,8,6
8,8,0
6,6,0
1,1,0
18,18,0
1,1,0
3,4,1
2,2,0
0,0,0
3,3,0
2,2,0
2,2,0
3,8,5
16,18,2
1,2,1
1,1,0
2,2,0
1,7,6
3,3,0
2,2,0
2,2,0
6,6,0
3,3,0
3,22,19
2,2,0
4,7,3
2,4,2
2,2,0
3,3,0
2,2,0
2,2,0
3,3,0
3,5,2
2,8,6
9,48,39
2,6,4
2,2,0
2,2,0
3,3,0
2,3,1
3,3,0
2,2,0
1,1,0
2,2,0
0,0,0
0,0,0
2,2,0
2,2,0
0,0,0
3,3,0
2,2,0
3,3,0
2,2,0
3,3,0
2,4,2
2,13,11
2,4,2
8,8,0
0,0,0
1,78,77
2,4,2
5,10,5
8,8,0
2,2,0
2,4,2
1,21,20
9,9,0
3,5,2
2,4,2
2,3,1
2,13,11
3,3,0
3,3,0
2,2,0
8,8,0
6,8,2
2,2,0
2,2,0
3,3,0
0,0,0
3,3,0
3,3,0
8,8,0
11,11,0
2,2,0
3,3,0
2,2,0
8,8,0
4,4,0
2,8,6
8,8,0
9,9,0
2,2,0
2,2,0
3,3,0
2,2,0
1,3,2
3,3,0
2,6,4
26,27,1
2,2,0
1,1,0
9,9,0
52,165,113
2,2,0
3,4,1
2,6,4
3,3,0
1,3,2
3,7,4
2,35,33
2,2,0
2,4,2
2,4,2
1,3,2
1,3,2
2,2,0
1,1,0
2,4,2
2,2,0
2,2,0
3,5,2
2,3,1
2,3,1
2,8,6
2,3,1
2,2,0
2,26,24
2,2,0
3,27,24
2,2,0
2,2,0
1,21,20
2,2,0
2,2,0
3,6,3
1,26,25
2,2,0
3,5,2
2,4,2
3,5,2
3,10,7
2,2,0
0,0,0
2,2,0
4,4,0
3,9,6
11,11,0
2,2,0
2,2,0
2,2,0
0,0,0
3,3,0
0,0,0
1,1,0
3,5,2
2,2,0
1,13,12
3,7,4
2,2,0
1,3,2
9,9,0
2,4,2
2,2,0
2,2,0
6,12,6
2,14,12
26,26,0
2,2,0
2,2,0
2,2,0
2,4,2
2,2,0
0,0,0
2,2,0
3,5,2
2,2,0
3,7,4
2,2,0
2,4,2
6,6,0
1,1,0
2,2,0
1,1,0
10,10,0
2,2,0
1,2,1
1,1,0
2,2,0
3,3,0
3,4,1
2,2,0
9,9,0
9,9,0
3,3,0
24,24,0
2,2,0
2,2,0
1,2,1
1,10,9
1,1,0
2,2,0
1,1,0
4,4,0
2,4,2
2,2,0
2,2,0
1,4,3
3,9,6
1,1,0
2,2,0
3,7,4
2,2,0
2,5,3
9,9,0
2,2,0
3,8,5
19,35,16
1,2,1
2,2,0
3,5,2
18,110,92
1,4,3
1,23,22
4,4,0
2,2,0
3,3,0
4,4,0
2,2,0
2,2,0
1,2,1
2,2,0
1,5,4
3,7,4
2,2,0
3,3,0
2,2,0
2,3,1
2,2,0
2,2,0
8,8,0
2,2,0
2,2,0
2,2,0
2,3,1
2,7,5
2,2,0
1,2,1
2,2,0
2,2,0
18,19,1
3,5,2
1,25,24
2,30,28
6,8,2
2,2,0
3,5,2
18,18,0
3,3,0
2,2,0
4,4,0
2,2,0
2,2,0
3,9,6
2,10,8
2,2,0
2,2,0
2,2,0
2,2,0
2,4,2
3,5,2
2,23,21
2,2,0
2,2,0
21,21,0
3,9,6
3,3,0
3,6,3
1,1,0
9,9,0
1,3,2
3,7,4
3,7,4
2,6,4
16,16,0
3,8,5
2,4,2
1,20,19
2,2,0
3,6,3
2,2,0
3,5,2
1,22,21
11,11,0
2,2,0
2,2,0
2,2,0
2,2,0
2,2,0
3,3,0
9,9,0
4,4,0
1,26,25
9,9,0
2,3,1
2,5,3
8,8,0
2,2,0
2,2,0
1,2,1
2,2,0
2,2,0
10,10,0
2,2,0
3,3,0
1,1,0
2,2,0
2,3,1
3,24,21
9,9,0
2,4,2
1,2,1
2,2,0
2,3,1
3,3,0
1,5,4
2,6,4
2,2,0
2,2,0
2,2,0
1,24,23
8,8,0
8,8,0
17,17,0
2,2,0
2,2,0
2,4,2
1,1,0
3,3,0
6,49,43
2,2,0
1,27,26
0,0,0
2,2,0
2,2,0
0,0,0
2,28,26
3,3,0
2,2,0
3,3,0
11,11,0
6,8,2
9,9,0
2,2,0
2,2,0
1,57,56
20,20,0
2,2,0
2,2,0
3,3,0
5,5,0
2,2,0
2,2,0
2,2,0
3,5,2
1,7,6
139,139,0
2,2,0
8,8,0
2,4,2
3,3,0
22,22,0
9,9,0
3,3,0
2,2,0
2,3,1
3,4,1
2,2,0
2,2,0
2,4,2
2,2,0
173,294,121
1,1,0
2,2,0
2,12,10
3,3,0
6,6,0
2,2,0
3,10,7
2,2,0
4,4,0
1,2,1
2,2,0
3,4,1
3,14,11
8,8,0
2,2,0
2,2,0
1,2,1
2,2,0
2,2,0
3,3,0
6,6,0
2,4,2
2,2,0
3,22,19
2,2,0
1,5,4
3,3,0
2,2,0
20,20,0
2,2,0
4,4,0
2,2,0
2,2,0
5,5,0
2,2,0
2,2,0
3,3,0
1,30,29
2,2,0
2,4,2
2,2,0
1,2,1
32,32,0
3,4,1
51,51,0
8,8,0
2,2,0
8,8,0
2,2,0
10,10,0
3,3,0
0,0,0
3,5,2
1,2,1
2,2,0
3,12,9
2,2,0
2,6,4
2,2,0
57,57,0
2,2,0
2,2,0
3,3,0
2,2,0
0,0,0
2,2,0
3,5,2
2,27,25
2,5,3
2,8,6
3,3,0
12,12,0
2,2,0
3,3,0
2,8,6
1,2,1
2,2,0
2,6,4
2,4,2
2,8,6
2,4,2
5,7,2
12,12,0
38,38,0
2,2,0
1,3,2
3,3,0
2,2,0
2,2,0
3,7,4
2,2,0
2,2,0
3,3,0
8,8,0
2,4,2
2,2,0
16,16,0
2,2,0
11,11,0
2,2,0
2,2,0
1,45,44
2,2,0
2,2,0
2,45,43
3,3,0
5,10,5
3,3,0
3,3,0
3,5,2
2,2,0
2,2,0
2,2,0
2,2,0
2,2,0
2,2,0
2,2,0
2,2,0
0,0,0
2,2,0
2,27,25
5,5,0
2,2,0
1,2,1
2,2,0
9,11,2
8,8,0
2,2,0
2,4,2
12,12,0
2,2,0
2,2,0
3,14,11
2,2,0
6,6,0
3,5,2
3,5,2
2,2,0
2,2,0
6,6,0
2,13,11
3,3,0
3,15,12
3,6,3
2,2,0
3,3,0
3,5,2
2,2,0
2,2,0
100,104,4
3,3,0
3,3,0
5,5,0
2,2,0
3,20,17
3,3,0
2,2,0
2,2,0
8,8,0
2,4,2
2,2,0
3,78,75
2,7,5
3,7,4
1,2,1
2,5,3
3,3,0
2,2,0
17,17,0
2,2,0
8,8,0
2,2,0
2,6,4
2,2,0
2,2,0
3,3,0
1,1,0
7,9,2
2,2,0
2,2,0
2,15,13
1,1,0
2,4,2
2,8,6
3,6,3
2,2,0
1,26,25
2,2,0
8,9,1
4,71,67
8,17,9
4,4,0
8,8,0
4,15,11
2,2,0
2,84,82
3,3,0
1,25,24
4,4,0
2,2,0
2,2,0
2,7,5
3,7,4
0,0,0
0,0,0
8,8,0
2,2,0
1,3,2
2,2,0
3,5,2
2,2,0
2,2,0
1,1,0
2,2,0
2,4,2
1,2,1
0,0,0
2,2,0
8,8,0
1,1,0
2,2,0
3,3,0
2,2,0
2,3,1
2,6,4
2,2,0
3,3,0
3,3,0
22,22,0
2,2,0
1,1,0
2,2,0
6,6,0
2,2,0
3,3,0
2,2,0
3,5,2
8,8,0
3,3,0
3,3,0
22,22,0
8,8,0
8,8,0
1,2,1
2,6,4
2,2,0
3,5,2
2,2,0
2,2,0
9,9,0
4,4,0
2,7,5
2,2,0
0,0,0
2,2,0
10,10,0
3,3,0
1,1,0
3,3,0
3,7,4
1,2,1
2,4,2
3,3,0
2,3,1
10,10,0
134,134,0
3,7,4
1,3,2
4,50,46
2,2,0
2,10,8
2,4,2
2,2,0
2,4,2
2,2,0
1,3,2
2,2,0
20,20,0
8,8,0
9,9,0
2,2,0
3,5,2
8,8,0
2,2,0
2,2,0
2,2,0
2,123,121
2,2,0
2,4,2
2,80,78
2,37,35
8,18,10
3,3,0
3,8,5
2,2,0
3,3,0
2,2,0
2,2,0
3,3,0
1,1,0
3,3,0
8,8,0
3,3,0
10,10,0
6,6,0
2,3,1
3,3,0
51,51,0
3,25,22
3,5,2
5,5,0
2,2,0
3,5,2
2,2,0
2,2,0
2,2,0
3,3,0
2,2,0
2,4,2
0,0,0
2,2,0
3,3,0
1,2,1
2,2,0
2,2,0
2,2,0
3,3,0
3,5,2
7,119,112
1,3,2
3,3,0
2,2,0
3,3,0
1,1,0
4,4,0
2,4,2
24,24,0
2,2,0
2,2,0
8,8,0
1,62,61
2,2,0
2,2,0
2,4,2
3,3,0
2,2,0
2,2,0
74,74,0
2,2,0
3,3,0
2,2,0
7,7,0
2,2,0
3,3,0
3,5,2
2,2,0
1,2,1
3,3,0
4,4,0
3,12,9
1,10,9
3,3,0
2,2,0
2,2,0
3,5,2
3,11,8
2,2,0
2,2,0
3,3,0
2,2,0
10,10,0
2,45,43
1,1,0
2,2,0
15,15,0
16,16,0
0,0,0
3,5,2
3,3,0
2,2,0
2,2,0
1,2,1
1,3,2
3,10,7
2,2,0
3,77,74
2,2,0
2,2,0
1,1,0
3,20,17
1,1,0
3,5,2
3,3,0
2,2,0
3,5,2
2,2,0
4,4,0
3,3,0
1,2,1
2,4,2
3,8,5
10,11,1
2,2,0
47,49,2
3,3,0
2,2,0
9,9,0
2,58,56
3,3,0
2,3,1
3,3,0
2,4,2
2,2,0
2,2,0
1,1,0
1,2,1
2,2,0
2,5,3
2,4,2
2,2,0
9,9,0
1,24,23
0,0,0
9,13,4
2,2,0
2,2,0
3,3,0
2,5,3
2,2,0
5,5,0
2,4,2
0,0,0
3,4,1
2,15,13
2,2,0
2,2,0
5,5,0
2,6,4
1,2,1
2,2,0
13,13,0
2,2,0
4,9,5
7,9,2
2,3,1
2,2,0
2,2,0
2,4,2
2,2,0
3,6,3
2,8,6
2,2,0
2,2,0
6,8,2
2,2,0
0,0,0
4,4,0
3,7,4
24,49,25
3,3,0
3,7,4
2,2,0
3,6,3
60,62,2
8,8,0
2,6,4
9,9,0
22,22,0
2,2,0
12,14,2
2,2,0
2,2,0
2,2,0
1,22,21
2,2,0
2,2,0
3,6,3
2,2,0
2,2,0
1,2,1
2,2,0
2,2,0
3,3,0
2,2,0
3,9,6
3,4,1
3,3,0
3,3,0
3,8,5
2,2,0
6,6,0
2,2,0
9,9,0
2,2,0
2,3,1
2,2,0
8,8,0
1,3,2
2,2,0
2,2,0
2,2,0
2,3,1
2,2,0
2,6,4
1,24,23
2,3,1
2,3,1
2,4,2
2,2,0
3,5,2
8,8,0
1,3,2
1,1,0
2,2,0
2,2,0
1,5,4
1,1,0
2,2,0
8,8,0
1,1,0
9,9,0
2,5,3
24,24,0
1,7,6
2,2,0
8,8,0
3,3,0
3,7,4
0,0,0
1,1,0
2,5,3
8,8,0
1,7,6
0,0,0
3,3,0
2,3,1
1,2,1
2,2,0
3,7,4
3,3,0
2,2,0
3,5,2
2,2,0
2,2,0
3,6,3
2,2,0
2,2,0
2,2,0
1,2,1
2,2,0
3,11,8
2,2,0
7,9,2
3,3,0
8,8,0
2,2,0
3,3,0
3,3,0
2,4,2
2,2,0
2,2,0
3,3,0
1,21,20
0,0,0
2,2,0
2,2,0
2,2,0
3,11,8
2,2,0
3,4,1
2,2,0
3,7,4
2,2,0
3,3,0
3,3,0
2,2,0
3,7,4
3,5,2
2,2,0
9,9,0
3,7,4
3,3,0
2,2,0
3,5,2
2,2,0
3,5,2
2,2,0
2,2,0
6,9,3
2,2,0
2,7,5
3,6,3
3,3,0
1,7,6
10,12,2
1,3,2
2,2,0
2,7,5
2,11,9
3,5,2
2,4,2
2,4,2
0,0,0
2,3,1
2,2,0
2,4,2
3,6,3
3,5,2
2,2,0
34,34,0
3,3,0
10,10,0
1,4,3
0,0,0
4,4,0
3,5,2
2,2,0
3,16,13
90,167,77
1,1,0
3,3,0
0,0,0
1,4,3
1,2,1
9,13,4
1,1,0
2,2,0
3,7,4
2,2,0
2,2,0
2,21,19
4,8,4
1,2,1
30,30,0
2,2,0
1,1,0
2,2,0
3,3,0
2,2,0
4,4,0
2,2,0
42,42,0
3,5,2
2,2,0
2,3,1
2,3,1
2,2,0
1,8,7
96,96,0
2,2,0
4,4,0
2,2,0
1,2,1
2,2,0
3,6,3
2,2,0
14,14,0
1,10,9
3,7,4
2,3,1
1,1,0
0,0,0
45,119,74
2,2,0
3,3,0
3,3,0
3,5,2
2,2,0
1,9,8
1,1,0
1,1,0
2,2,0
1,1,0
6,6,0
2,6,4
3,5,2
3,3,0
2,2,0
2,2,0
2,4,2
7,107,100
2,2,0
3,3,0
2,30,28
10,10,0
1,20,19
9,9,0
8,8,0
1,10,9
3,3,0
2,2,0
1,1,0
2,2,0
1,1,0
3,3,0
100,100,0
1,1,0
2,2,0
2,2,0
3,3,0
2,2,0
11,11,0
3,3,0
2,2,0
8,8,0
9,9,0
2,8,6
13,13,0
2,2,0
2,2,0
2,2,0
2,6,4
2,2,0
46,46,0
3,3,0
4,4,0
1,1,0
3,3,0
1,2,1
2,2,0
2,2,0
3,3,0
2,2,0
1,5,4
9,35,26
3,9,6
2,2,0
2,2,0
2,4,2
1,11,10
2,2,0
2,3,1
1,4,3
3,3,0
2,2,0
4,5,1
3,9,6
10,10,0
3,3,0
2,2,0
8,8,0
3,3,0
2,13,11
79,79,0
2,16,14
3,8,5
2,6,4
3,3,0
2,2,0
2,4,2
11,14,3
2,50,48
22,22,0
1,2,1
2,2,0
2,2,0
3,5,2
1,1,0
1,3,2
2,10,8
8,8,0
2,10,8
2,4,2
1,3,2
9,9,0
2,3,1
3,3,0
2,2,0
4,40,36
2,2,0
43,140,97
2,6,4
2,2,0
2,2,0
2,2,0
6,6,0
2,4,2
5,5,0
3,3,0
3,5,2
11,11,0
2,2,0
9,9,0
8,8,0
3,8,5
3,5,2
2,4,2
9,9,0
8,8,0
2,2,0
6,7,1
2,2,0
3,3,0
2,2,0
2,3,1
8,8,0
1,1,0
2,3,1
2,2,0
3,5,2
3,3,0
11,11,0
2,2,0
8,8,0
0,0,0
3,8,5
2,2,0
2,2,0
100,153,53
2,4,2
1,22,21
12,12,0
3,3,0
1,23,22
3,6,3
3,7,4
2,2,0
8,12,4
3,3,0
1,2,1
12,12,0
2,2,0
2,2,0
2,2,0
3,3,0
2,2,0
3,3,0
2,2,0
5,6,1
3,5,2
2,2,0
1,1,0
2,3,1
3,3,0
3,3,0
0,0,0
2,2,0
3,3,0
2,2,0
3,3,0
2,2,0
3,5,2
6,6,0
2,2,0
9,9,0
1,2,1
8,8,0
2,2,0
0,0,0
3,5,2
5,5,0
2,3,1
2,4,2
2,2,0
100,100,0
1,2,1
2,2,0
2,2,0
3,6,3
2,2,0
1,2,1
2,2,0
2,8,6
0,0,0
1,22,21
3,3,0
2,2,0
2,2,0
3,3,0
1,1,0
3,11,8
8,8,0
0,0,0
3,3,0
2,2,0
8,8,0
2,4,2
3,3,0
2,2,0
2,2,0
2,5,3
3,3,0
2,2,0
2,2,0
2,2,0
3,3,0
2,2,0
4,4,0
2,2,0
3,3,0
3,3,0
1,58,57
3,5,2
2,4,2
3,5,2
2,2,0
12,14,2
8,8,0
3,3,0
2,2,0
8,10,2
2,2,0
1,3,2
2,2,0
1,1,0
1,1,0
2,2,0
6,8,2
5,5,0
3,11,8
2,2,0
2,4,2
1,2,1
2,2,0
3,3,0
2,2,0
2,4,2
3,5,2
2,7,5
2,2,0
2,4,2
2,2,0
4,4,0
2,2,0
2,2,0
8,8,0
2,2,0
2,5,3
16,18,2
3,3,0
2,2,0
2,82,80
2,2,0
2,4,2
2,2,0
8,8,0
10,10,0
2,2,0
2,2,0
2,2,0
4,4,0
2,2,0
1,1,0
14,14,0
3,3,0
2,2,0
0,0,0
2,2,0
1,3,2
1,7,6
3,3,0
2,2,0
1,2,1
3,5,2
1,7,6
2,2,0
3,3,0
2,2,0
2,4,2
3,5,2
1,22,21
2,2,0
2,2,0
2,2,0
9,10,1
2,2,0
5,5,0
1,6,5
1,2,1
2,2,0
1,2,1
2,16,14
2,4,2
2,2,0
2,4,2
2,2,0
11,11,0
1,3,2
8,8,0
2,2,0
2,11,9
1,1,0
2,2,0
1,1,0
3,30,27
2,11,9
2,3,1
1,5,4
2,18,16
2,2,0
2,2,0
3,3,0
2,4,2
2,2,0
2,6,4
2,4,2
1,3,2
2,2,0
11,11,0
3,5,2
2,2,0
3,5,2
4,4,0
2,2,0
2,4,2
2,2,0
1,1,0
1,1,0
3,3,0
9,9,0
2,2,0
21,21,0
1,5,4
145,145,0
100,104,4
3,6,3
26,27,1
12,12,0
3,3,0
2,4,2
2,2,0
16,16,0
2,2,0
3,5,2
2,8,6
2,3,1
2,2,0
3,5,2
3,6,3
2,4,2
9,14,5
3,3,0
20,22,2
2,2,0
2,5,3
1,1,0
1,1,0
22,22,0
2,2,0
2,2,0
100,100,0
2,86,84
8,8,0
2,2,0
2,2,0
2,4,2
2,2,0
8,19,11
2,2,0
1,2,1
3,3,0
2,2,0
2,2,0
2,4,2
2,2,0
2,2,0
2,2,0
3,3,0
2,2,0
2,5,3
12,13,1
1,1,0
3,7,4
3,3,0
3,5,2
2,2,0
3,5,2
2,4,2
2,2,0
3,3,0
1,8,7
3,3,0
3,3,0
5,5,0
2,4,2
2,2,0
2,2,0
7,7,0
3,3,0
2,4,2
1,2,1
2,3,1
3,3,0
2,2,0
2,16,14
2,2,0
2,2,0
2,2,0
1,1,0
8,8,0
3,7,4
3,13,10
2,5,3
3,5,2
36,41,5
2,2,0
2,2,0
3,17,14
2,2,0
9,11,2
2,2,0
2,2,0
2,2,0
2,2,0
2,4,2
3,9,6
3,3,0
2,2,0
2,2,0
9,9,0
1,28,27
2,2,0
20,20,0
2,4,2
2,2,0
2,2,0
2,2,0
3,3,0
6,12,6
6,6,0
2,23,21
2,3,1
3,7,4
9,9,0
0,0,0
9,9,0
1,3,2
2,4,2
8,8,0
2,2,0
2,6,4
24,24,0
1,3,2
3,5,2
2,2,0
2,10,8
1,2,1
3,7,4
6,12,6
1,3,2
3,3,0
3,5,2
11,11,0
2,2,0
3,23,20
1,8,7
2,6,4
2,2,0
2,2,0
3,3,0
2,2,0
2,19,17
2,12,10
2,2,0
2,2,0
1,26,25
2,45,43
1,1,0
6,6,0
3,3,0
3,5,2
1,4,3
2,2,0
2,4,2
3,3,0
6,6,0
2,2,0
2,2,0
1,1,0
3,3,0
2,2,0
2,10,8
1,1,0
0,0,0
2,2,0
2,2,0
3,3,0
8,8,0
2,4,2
0,0,0
3,9,6
9,9,0
2,2,0
2,2,0
2,2,0
2,2,0
2,4,2
3,3,0
50,50,0
11,11,0
2,2,0
2,10,8
3,4,1
2,2,0
200,300,100
3,3,0
1,4,3
3,3,0
2,2,0
2,28,26
3,3,0
2,2,0
3,5,2
4,4,0
2,2,0
1,66,65
4,4,0
2,2,0
2,2,0
2,2,0
2,2,0
2,2,0
3,5,2
8,8,0
3,8,5
38,38,0
0,0,0
2,2,0
2,4,2
3,7,4
9,9,0
2,2,0
3,28,25
2,2,0
6,6,0
2,2,0
2,2,0
2,2,0
8,8,0
2,4,2
0,0,0
1,1,0
2,2,0
2,2,0
2,2,0
2,2,0
3,5,2
3,23,20
2,2,0
2,2,0
2,2,0
2,4,2
3,5,2
3,5,2
9,9,0
2,9,7
2,4,2
3,3,0
2,2,0
3,16,13
1,1,0
2,3,1
2,4,2
2,2,0
1,1,0
3,3,0
2,2,0
1,2,1
3,9,6
3,3,0
2,11,9
3,7,4
2,5,3
3,5,2
3,3,0
2,4,2
2,4,2
2,4,2
3,3,0
2,2,0
2,2,0
3,7,4
2,2,0
2,5,3
100,100,0
22,22,0
82,105,23
8,8,0
2,2,0
3,5,2
3,3,0
2,2,0
3,3,0
3,5,2
3,3,0
3,5,2
2,4,2
1,1,0
134,134,0
1,1,0
2,2,0
3,13,10
3,5,2
16,16,0
52,163,111
2,2,0
3,3,0
3,3,0
2,42,40
2,2,0
4,4,0
2,2,0
8,8,0
2,2,0
3,3,0
2,4,2
2,2,0
3,7,4
3,5,2
2,2,0
8,8,0
2,8,6
1,1,0
1,3,2
2,2,0
2,6,4
3,3,0
2,2,0
0,0,0
10,11,1
0,0,0
2,4,2
2,2,0
1,3,2
3,3,0
2,2,0
2,2,0
3,5,2
2,2,0
2,2,0
2,2,0
2,2,0
2,2,0
2,2,0
1,1,0
2,3,1
2,4,2
2,2,0
2,3,1
3,3,0
3,3,0
2,2,0
2,4,2
2,2,0
2,2,0
2,11,9
1,2,1
11,11,0
2,2,0
2,82,80
1,1,0
3,3,0
3,6,3
9,9,0
2,2,0
2,2,0
11,11,0
3,3,0
2,2,0
2,4,2
3,3,0
2,2,0
2,2,0
2,5,3
2,2,0
1,1,0
2,4,2
2,2,0
2,2,0
1,2,1
2,2,0
2,2,0
8,8,0
3,16,13
2,2,0
1,1,0
2,2,0
3,7,4
3,12,9
3,3,0
3,3,0
3,3,0
2,2,0
1,2,1
2,2,0
3,3,0
2,2,0
2,2,0
2,2,0
2,2,0
8,10,2
0,0,0
3,3,0
2,7,5
3,3,0
2,5,3
3,7,4
2,28,26
2,2,0
2,2,0
3,3,0
2,2,0
3,3,0
3,3,0
9,9,0
2,2,0
6,6,0
2,2,0
3,3,0
3,3,0
2,2,0
0,0,0
10,10,0
3,7,4
2,2,0
4,4,0
2,2,0
2,2,0
5,5,0
0,0,0
1,4,3
2,2,0
3,5,2
3,3,0
2,2,0
2,7,5
3,3,0
6,8,2
3,12,9
2,2,0
3,3,0
2,2,0
2,28,26
3,3,0
2,2,0
3,3,0
3,38,35
3,3,0
1,24,23
3,7,4
3,3,0
2,2,0
2,3,1
3,3,0
3,3,0
8,8,0
2,5,3
2,4,2
11,25,14
3,6,3
2,86,84
2,2,0
4,4,0
1,1,0
1,1,0
4,4,0
2,2,0
2,252,250
3,7,4
8,8,0
3,3,0
2,2,0
3,5,2
4,5,1
2,2,0
2,3,1
3,3,0
2,2,0
2,25,23
3,4,1
8,8,0
2,2,0
2,2,0
2,2,0
3,3,0
2,7,5
4,6,2
3,7,4
2,2,0
1,1,0
2,2,0
2,2,0
3,3,0
3,3,0
2,2,0
66,70,4
0,0,0
2,3,1
6,6,0
1,6,5
20,20,0
2,2,0
2,2,0
2,2,0
2,2,0
2,2,0
2,4,2
1,1,0
9,9,0
0,0,0
1,30,29
3,3,0
66,68,2
2,2,0
4,4,0
3,5,2
1,2,1
3,3,0
2,2,0
2,4,2
2,2,0
1,2,1
1,2,1
2,9,7
2,2,0
3,9,6
119,122,3
3,5,2
2,2,0
35,35,0
9,9,0
1,2,1
2,17,15
3,3,0
1,5,4
2,2,0
0,0,0
2,6,4
2,2,0
6,7,1
51,51,0
2,4,2
2,2,0
2,2,0
2,3,1
2,4,2
3,5,2
2,4,2
1,1,0
0,0,0
1,1,0
3,3,0
2,2,0
2,2,0
66,104,38
3,6,3
2,6,4
2,8,6
6,34,28
2,2,0
2,2,0
1,58,57
1,1,0
2,2,0
2,8,6
3,3,0
3,3,0
3,3,0
4,71,67
1,1,0
2,2,0
2,2,0
2,11,9
2,12,10
2,2,0
2,2,0
3,3,0
2,4,2
2,3,1
11,11,0
2,2,0
9,9,0
3,47,44
8,8,0
58,60,2
2,2,0
2,2,0
3,3,0
9,9,0
9,9,0
0,0,0
2,9,7
3,5,2
2,2,0
2,2,0
1,1,0
3,3,0
2,2,0
2,2,0
2,2,0
1,1,0
2,2,0
8,9,1
3,3,0
8,8,0
2,2,0
10,10,0
10,10,0
2,2,0
3,4,1
1,1,0
2,6,4
3,5,2
6,6,0
2,2,0
2,2,0
2,5,3
3,3,0
2,2,0
3,3,0
2,2,0
5,5,0
8,8,0
2,8,6
2,2,0
4,5,1
1,80,79
2,3,1
1,1,0
2,2,0
2,2,0
2,2,0
2,2,0
5,5,0
3,3,0
3,3,0
2,2,0
1,2,1
1,1,0
2,2,0
2,2,0
6,6,0
3,3,0
2,2,0
8,8,0
2,10,8
0,0,0
2,3,1
3,3,0
3,3,0
2,4,2
10,10,0
2,2,0
2,4,2
2,2,0
8,8,0
2,2,0
2,2,0
2,2,0
1,7,6
2,69,67
1,11,10
8,8,0
9,11,2
0,0,0
3,3,0
3,3,0
2,2,0
2,4,2
2,2,0
3,3,0
2,8,6
2,2,0
2,2,0
2,2,0
1,1,0
3,7,4
3,4,1
2,12,10
2,2,0
8,8,0
2,2,0
2,18,16
0,0,0
11,11,0
2,2,0
2,2,0
2,4,2
2,2,0
1,5,4
2,2,0
5,6,1
2,2,0
2,2,0
2,2,0
2,2,0
3,34,31
1,2,1
12,13,1
3,3,0
3,3,0
1,2,1
2,2,0
20,56,36
2,6,4
11,11,0
1,4,3
1,1,0
3,3,0
3,5,2
2,2,0
1,2,1
3,9,6
3,3,0
2,2,0
3,3,0
8,8,0
3,5,2
3,4,1
6,6,0
2,2,0
2,2,0
2,2,0
3,5,2
2,2,0
3,3,0
2,2,0
2,2,0
2,10,8
8,8,0
3,3,0
2,3,1
8,8,0
4,11,7
2,2,0
2,8,6
206,208,2
1,4,3
2,2,0
3,5,2
24,24,0
8,8,0
1,1,0
6,6,0
2,5,3
2,2,0
9,9,0
1,2,1
1,2,1
3,5,2
10,10,0
3,3,0
61,61,0
2,80,78
3,5,2
6,6,0
3,3,0
2,2,0
2,2,0
2,2,0
2,4,2
2,2,0
3,3,0
7,9,2
1,2,1
2,3,1
1,1,0
2,2,0
9,9,0
2,2,0
2,2,0
9,9,0
3,5,2
2,2,0
141,141,0
2,2,0
2,2,0
2,2,0
2,4,2
2,4,2
3,9,6
2,2,0
2,2,0
9,9,0
2,2,0
2,2,0
2,2,0
2,2,0
3,5,2
3,3,0
3,7,4
0,0,0
3,3,0
2,11,9
10,12,2
100,100,0
2,2,0
9,9,0
1,1,0
2,2,0
3,3,0
2,2,0
3,5,2
10,10,0
3,3,0
2,2,0
2,4,2
54,54,0
2,4,2
0,0,0
3,4,1
2,2,0
8,8,0
8,8,0
2,2,0
2,2,0
5,5,0
3,3,0
2,2,0
2,4,2
3,3,0
2,2,0
2,2,0
2,2,0
3,3,0
3,7,4
3,3,0
2,2,0
9,9,0
2,2,0
3,3,0
3,6,3
2,2,0
2,2,0
2,2,0
4,4,0
3,3,0
4,4,0
3,6,3
1,22,21
2,2,0
2,2,0
3,3,0
2,2,0
2,16,14
1,2,1
2,2,0
2,4,2
3,5,2
2,2,0
1,1,0
9,9,0
2,2,0
2,15,13
3,3,0
3,3,0
12,12,0
3,3,0
3,3,0
2,2,0
2,2,0
2,45,43
3,8,5
3,5,2
2,2,0
3,10,7
2,2,0
2,5,3
1,2,1
3,5,2
9,9,0
3,3,0
2,2,0
3,3,0
2,4,2
28,30,2
84,88,4
1,3,2
8,8,0
3,3,0
2,2,0
8,8,0
2,19,17
3,3,0
1,2,1
11,27,16
2,2,0
3,5,2
3,7,4
3,3,0
3,3,0
1,2,1
2,2,0
3,3,0
2,2,0
2,4,2
9,19,10
3,3,0
2,4,2
8,8,0
2,2,0
3,3,0
2,19,17
3,3,0
2,2,0
9,9,0
2,4,2
9,21,12
2,6,4
2,6,4
2,6,4
2,2,0
0,0,0
2,2,0
3,3,0
2,3,1
2,2,0
20,21,1
2,5,3
0,0,0
2,2,0
3,5,2
2,2,0
2,10,8
1,4,3
3,3,0
2,2,0
22,23,1
3,3,0
0,0,0
1,1,0
2,2,0
2,3,1
3,3,0
1,21,20
2,2,0
2,2,0
2,2,0
9,9,0
3,3,0
0,0,0
3,3,0
2,2,0
1,1,0
3,3,0
2,2,0
3,3,0
2,2,0
2,4,2
2,2,0
2,4,2
1,1,0
2,80,78
7,7,0
1,4,3
8,8,0
3,3,0
6,10,4
1,2,1
3,5,2
1,2,1
1,2,1
3,3,0
2,2,0
2,6,4
2,2,0
3,5,2
9,9,0
60,121,61
1,3,2
2,5,3
2,2,0
2,8,6
2,2,0
9,9,0
0,0,0
2,2,0
1,1,0
2,6,4
1,5,4
2,2,0
2,2,0
3,7,4
2,10,8
2,10,8
3,13,10
2,4,2
2,2,0
2,2,0
2,10,8
4,4,0
3,3,0
8,8,0
2,2,0
2,2,0
10,10,0
22,28,6
9,9,0
37,44,7
2,2,0
2,2,0
2,2,0
2,8,6
1,2,1
1,1,0
2,2,0
2,4,2
1,2,1
3,71,68
2,2,0
2,2,0
3,4,1
2,2,0
2,2,0
3,13,10
2,2,0
2,2,0
9,9,0
3,4,1
2,6,4
3,15,12
3,5,2
3,3,0
3,3,0
2,8,6
2,2,0
0,0,0
2,2,0
2,4,2
2,2,0
2,2,0
1,1,0
3,3,0
2,2,0
2,2,0
2,2,0
2,4,2
75,75,0
2,2,0
33,135,102
0,0,0
11,11,0
0,0,0
18,18,0
3,10,7
2,2,0
8,8,0
9,9,0
2,4,2
3,7,4
3,4,1
2,2,0
97,97,0
3,3,0
2,2,0
2,2,0
3,3,0
2,2,0
2,2,0
5,5,0
1,1,0
3,3,0
3,7,4
1,3,2
2,2,0
0,0,0
2,6,4
3,9,6
9,9,0
1,2,1
2,2,0
2,2,0
12,12,0
3,8,5
2,2,0
5,5,0
2,2,0
2,2,0
2,2,0
3,3,0
3,9,6
2,2,0
2,2,0
3,70,67
2,2,0
3,3,0
2,2,0
2,16,14
3,3,0
0,0,0
3,8,5
2,2,0
0,0,0
42,42,0
1,2,1
3,5,2
11,11,0
2,2,0
2,2,0
9,9,0
2,2,0
10,10,0
1,76,75
3,3,0
2,2,0
3,7,4
0,0,0
2,2,0
2,2,0
8,8,0
3,3,0
2,4,2
2,2,0
3,7,4
155,185,30
2,2,0
2,2,0
2,2,0
4,71,67
2,4,2
1,76,75
2,2,0
2,2,0
2,2,0
0,0,0
9,9,0
6,6,0
2,2,0
3,3,0
2,2,0
16,40,24
2,2,0
1,2,1
3,5,2
4,6,2
4,4,0
2,2,0
1,1,0
2,2,0
1,66,65
2,2,0
1,1,0
2,2,0
3,3,0
3,3,0
2,2,0
2,25,23
19,19,0
3,7,4
3,6,3
2,2,0
2,2,0
2,2,0
2,2,0
3,3,0
3,3,0
2,2,0
3,3,0
3,3,0
3,3,0
1,6,5
1,6,5
2,2,0
1,2,1
2,4,2
3,5,2
3,3,0
3,3,0
3,5,2
2,4,2
2,2,0
3,3,0
42,42,0
2,2,0
2,2,0
4,4,0
3,3,0
2,3,1
99,168,69
8,8,0
2,4,2
2,2,0
3,3,0
1,1,0
4,58,54
3,3,0
0,0,0
3,13,10
8,8,0
3,5,2
8,8,0
2,8,6
3,10,7
2,2,0
3,9,6
0,0,0
2,2,0
2,2,0
1,1,0
2,4,2
3,3,0
3,7,4
9,9,0
2,3,1
5,6,1
16,26,10
3,3,0
3,8,5
8,17,9
0,0,0
2,2,0
2,2,0
2,2,0
2,2,0
3,8,5
3,3,0
60,61,1
3,3,0
100,100,0
0,0,0
7,29,22
2,4,2
2,45,43
10,10,0
11,11,0
3,3,0
1,2,1
3,8,5
2,2,0
1,25,24
2,2,0
8,8,0
2,2,0
1,5,4
3,5,2
3,3,0
1,16,15
2,2,0
3,3,0
3,3,0
2,7,5
2,2,0
2,2,0
2,2,0
3,14,11
0,0,0
15,32,17
12,12,0
8,8,0
2,2,0
1,1,0
1,21,20
3,3,0
2,2,0
8,10,2
3,3,0
7,7,0
3,5,2
15,15,0
2,2,0
4,4,0
1,1,0
2,2,0
2,2,0
3,5,2
3,3,0
10,10,0
100,175,75
3,3,0
2,13,11
3,4,1
2,2,0
3,3,0
2,2,0
0,0,0
24,24,0
2,3,1
4,4,0
2,2,0
3,5,2
2,8,6
8,8,0
2,2,0
7,7,0
2,2,0
9,9,0
2,2,0
2,2,0
1,1,0
2,2,0
0,0,0
3,5,2
2,2,0
2,2,0
2,2,0
3,5,2
9,9,0
2,2,0
2,2,0
60,121,61
1,1,0
2,3,1
51,51,0
1,2,1
1,4,3
2,2,0
2,2,0
4,6,2
2,2,0
2,2,0
1,1,0
2,2,0
1,24,23
2,2,0
3,3,0
9,9,0
1,1,0
3,4,1
5,5,0
8,8,0
3,7,4
2,4,2
22,24,2
2,2,0
3,3,0
1,74,73
2,2,0
0,0,0
2,2,0
1,2,1
0,0,0
5,5,0
1,2,1
2,2,0
16,16,0
2,2,0
3,3,0
3,14,11
2,4,2
3,5,2
2,4,2
2,13,11
3,5,2
2,2,0
2,2,0
3,3,0
1,2,1
2,2,0
3,5,2
9,9,0
1,1,0
1,2,1
2,2,0
2,2,0
2,2,0
2,2,0
6,6,0
94,101,7
8,18,10
2,2,0
2,3,1
8,18,10
2,4,2
2,2,0
1,23,22
2,13,11
3,5,2
2,2,0
2,2,0
2,2,0
2,2,0
3,9,6
1,5,4
33,34,1
5,5,0
2,82,80
3,7,4
2,2,0
2,2,0
9,9,0
10,10,0
1,7,6
22,37,15
7,7,0
2,2,0
2,2,0
3,8,5
1,2,1
9,9,0
2,3,1
2,3,1
10,10,0
3,7,4
2,2,0
3,3,0
1,2,1
3,11,8
2,2,0
2,2,0
81,138,57
1,1,0
2,2,0
1,4,3
2,2,0
2,2,0
2,12,10
2,2,0
8,8,0
0,0,0
3,3,0
3,3,0
2,2,0
2,4,2
3,3,0
3,3,0
2,2,0
8,8,0
2,2,0
3,3,0
1,1,0
4,15,11
2,47,45
8,17,9
2,10,8
1,1,0
9,9,0
1,2,1
3,3,0
2,2,0
9,9,0
3,3,0
100,158,58
2,2,0
2,2,0
3,3,0
3,3,0
2,2,0
2,2,0
2,2,0
3,3,0
10,36,26
1,1,0
3,3,0
1,5,4
16,18,2
2,2,0
2,5,3
2,2,0
1,2,1
3,7,4
2,2,0
1,1,0
2,5,3
1,1,0
100,100,0
3,3,0
2,4,2
2,2,0
8,8,0
3,3,0
2,46,44
4,4,0
3,3,0
2,4,2
2,2,0
8,8,0
2,2,0
2,2,0
6,6,0
1,80,79
2,2,0
2,2,0
3,5,2
5,11,6
2,2,0
2,2,0
2,2,0
3,3,0
2,2,0
2,2,0
2,4,2
3,3,0
1,4,3
10,10,0
4,4,0
3,21,18
4,6,2
3,3,0
2,3,1
2,2,0
76,82,6
2,2,0
2,2,0
5,5,0
8,8,0
2,4,2
3,3,0
3,3,0
3,3,0
52,52,0
2,2,0
2,2,0
3,4,1
1,22,21
2,2,0
2,5,3
6,35,29
2,2,0
1,27,26
3,3,0
3,7,4
2,5,3
3,5,2
3,5,2
5,5,0
2,2,0
3,3,0
8,8,0
3,3,0
5,5,0
5,5,0
2,2,0
2,2,0
2,2,0
3,5,2
1,4,3
1,2,1
0,0,0
3,7,4
1,22,21
3,7,4
2,2,0
2,2,0
2,6,4
2,13,11
3,8,5
1,3,2
3,3,0
3,27,24
2,2,0
4,4,0
2,2,0
2,2,0
2,6,4
2,2,0
2,3,1
2,2,0
2,2,0
3,3,0
2,2,0
2,2,0
3,3,0
76,76,0
3,3,0
2,2,0
2,2,0
2,3,1
2,2,0
93,173,80
0,0,0
2,2,0
3,3,0
135,135,0
10,10,0
1,1,0
2,2,0
1,1,0
2,2,0
2,2,0
1,2,1
2,2,0
1,1,0
2,16,14
2,2,0
8,8,0
3,3,0
2,3,1
2,2,0
2,16,14
2,2,0
2,2,0
3,5,2
3,3,0
2,2,0
2,5,3
3,3,0
2,2,0
2,2,0
2,2,0
1,31,30
2,2,0
10,10,0
2,2,0
3,9,6
2,5,3
2,4,2
2,5,3
8,8,0
26,26,0
1,2,1
19,19,0
8,18,10
2,5,3
3,13,10
3,3,0
2,2,0
12,12,0
1,1,0
3,3,0
0,0,0
0,0,0
3,3,0
2,4,2
3,3,0
20,20,0
2,2,0
2,2,0
2,2,0
2,34,32
2,2,0
2,2,0
3,3,0
2,2,0
2,6,4
1,22,21
2,2,0
8,10,2
6,9,3
2,3,1
9,11,2
2,2,0
3,8,5
9,9,0
2,2,0
1,2,1
8,8,0
2,2,0
2,2,0
6,6,0
6,7,1
3,7,4
0,0,0
6,6,0
2,2,0
2,10,8
9,9,0
1000,1000,0
2,2,0
68,68,0
2,2,0
2,2,0
2,8,6
0,0,0
2,2,0
1,5,4
2,2,0
4,4,0
1,1,0
2,2,0
8,10,2
2,2,0
3,5,2
0,0,0
11,15,4
2,2,0
3,14,11
2,2,0
1,25,24
3,5,2
4,4,0
2,2,0
3,5,2
1,2,1
3,3,0
1,2,1
2,4,2
2,48,46
3,7,4
2,2,0
3,18,15
2,2,0
2,2,0
2,4,2
2,2,0
2,2,0
2,2,0
8,15,7
2,19,17
1,44,43
2,4,2
2,2,0
2,13,11
3,5,2
1,2,1
2,2,0
2,2,0
40,40,0
2,2,0
2,5,3
2,4,2
29,29,0
2,2,0
2,2,0
2,4,2
3,3,0
2,5,3
3,3,0
1,1,0
0,0,0
2,2,0
2,2,0
83,83,0
8,8,0
3,6,3
2,4,2
2,2,0
2,5,3
2,2,0
2,2,0
2,3,1
2,4,2
0,0,0
2,4,2
2,2,0
3,3,0
0,0,0
5,7,2
2,2,0
8,8,0
2,5,3
2,2,0
36,38,2
2,2,0
2,2,0
7,7,0
2,4,2
1,3,2
1,1,0
2,46,44
2,2,0
3,3,0
9,9,0
2,2,0
3,10,7
2,2,0
3,5,2
2,2,0
1,6,5
1,1,0
2,3,1
1,2,1
3,3,0
1,1,0
10,10,0
2,5,3
4,4,0
1,3,2
2,2,0
8,25,17
2,2,0
10,10,0
4,4,0
2,2,0
5,5,0
2,45,43
2,4,2
2,2,0
0,0,0
2,2,0
8,8,0
0,0,0
2,2,0
2,2,0
2,2,0
3,5,2
2,2,0
2,2,0
2,2,0
3,10,7
2,2,0
3,3,0
2,2,0
1,55,54
50,50,0
2,2,0
9,9,0
1,1,0
1,1,0
9,9,0
10,10,0
2,13,11
2,4,2
2,2,0
2,2,0
8,88,80
1,2,1
2,2,0
10,18,8
2,2,0
1,2,1
2,4,2
1,1,0
3,9,6
2,2,0
41,41,0
2,2,0
3,3,0
0,0,0
8,8,0
3,3,0
10,10,0
2,3,1
2,2,0
2,2,0
2,2,0
1,2,1
2,4,2
2,2,0
2,2,0
3,5,2
92,94,2
3,3,0
3,7,4
9,9,0
2,2,0
8,8,0
2,2,0
3,6,3
2,2,0
22,23,1
2,2,0
26,32,6
1,2,1
2,2,0
3,7,4
1,1,0
3,5,2
10,10,0
3,3,0
2,2,0
10,10,0
9,9,0
3,6,3
1,24,23
2,14,12
2,2,0
2,2,0
2,4,2
2,2,0
2,2,0
1,3,2
0,0,0
2,3,1
8,8,0
2,3,1
10,10,0
2,2,0
1,2,1
9,11,2
2,2,0
1,3,2
3,12,9
3,7,4
2,5,3
1,1,0
7,9,2
2,2,0
100,103,3
2,2,0
6,6,0
2,2,0
1,1,0
9,9,0
2,4,2
1,2,1
2,2,0
2,2,0
2,2,0
2,2,0
1,1,0
2,2,0
3,3,0
2,4,2
9,9,0
2,2,0
2,4,2
2,2,0
3,5,2
2,2,0
2,4,2
3,3,0
3,11,8
2,2,0
2,2,0
2,2,0
8,8,0
8,8,0
2,2,0
3,3,0
2,2,0
3,3,0
28,40,12
2,5,3
2,3,1
8,8,0
2,2,0
1,24,23
3,4,1
100,100,0
2,4,2
3,3,0
3,3,0
8,8,0
2,2,0
2,2,0
2,2,0
9,9,0
4,4,0
2,2,0
8,8,0
2,2,0
2,2,0
3,19,16
2,4,2
20,20,0
2,2,0
86,88,2
3,5,2
3,7,4
2,2,0
2,2,0
24,24,0
2,2,0
2,2,0
1,8,7
3,7,4
3,3,0
1,3,2
2,2,0
3,3,0
12,14,2
4,4,0
2,2,0
2,8,6
2,9,7
2,2,0
0,0,0
2,2,0
2,2,0
1,22,21
3,7,4
1,9,8
5,5,0
2,2,0
2,2,0
8,8,0
2,2,0
2,2,0
2,5,3
4,5,1
1,1,0
1,1,0
3,5,2
3,3,0
8,8,0
3,3,0
1,2,1
2,3,1
4,4,0
1,1,0
2,4,2
2,2,0
2,2,0
17,17,0
100,100,0
8,8,0
3,11,8
1,2,1
2,2,0
3,7,4
1,74,73
2,6,4
3,3,0
4,4,0
2,2,0
2,2,0
2,2,0
51,51,0
3,3,0
8,8,0
2,2,0
2,2,0
1,1,0
1,1,0
28,32,4
1,1,0
2,3,1
2,2,0
3,3,0
1,4,3
3,3,0
73,73,0
8,8,0
2,4,2
8,8,0
3,11,8
2,2,0
2,6,4
0,0,0
2,4,2
2,2,0
1,1,0
1,4,3
8,16,8
3,5,2
2,2,0
2,2,0
2,2,0
30,30,0
2,2,0
3,3,0
3,3,0
2,2,0
3,3,0
2,2,0
2,2,0
3,5,2
1,24,23
2,2,0
3,3,0
3,3,0
2,2,0
3,3,0
3,3,0
1,1,0
3,3,0
2,2,0
2,3,1
2,2,0
9,9,0
2,2,0
2,2,0
2,84,82
2,96,94
2,2,0
8,8,0
2,2,0
2,2,0
2,5,3
2,2,0
3,5,2
1,4,3
2,2,0
3,5,2
3,3,0
3,5,2
2,3,1
1,1,0
2,2,0
2,4,2
2,2,0
3,3,0
3,7,4
0,0,0
3,5,2
8,8,0
2,2,0
1,3,2
3,3,0
11,11,0
3,7,4
0,0,0
2,2,0
2,2,0
2,2,0
3,10,7
77,79,2
3,26,23
2,2,0
12,14,2
2,30,28
2,2,0
2,17,15
2,2,0
1,24,23
2,2,0
0,0,0
2,4,2
2,2,0
3,3,0
3,3,0
95,97,2
2,2,0
2,2,0
1,2,1
4,4,0
3,5,2
27,29,2
4,7,3
2,2,0
2,7,5
2,4,2
1,23,22
0,0,0
3,3,0
2,2,0
198,287,89
94,94,0
2,11,9
3,10,7
3,7,4
2,2,0
3,3,0
2,2,0
2,4,2
3,5,2
3,5,2
2,2,0
2,2,0
2,2,0
3,17,14
2,2,0
2,2,0
2,8,6
3,3,0
2,3,1
1,1,0
2,2,0
3,5,2
3,3,0
8,8,0
0,0,0
5,5,0
2,4,2
3,4,1
8,8,0
3,5,2
2,2,0
2,2,0
3,7,4
1,1,0
2,2,0
2,2,0
2,2,0
51,74,23
3,3,0
2,6,4
2,3,1
22,22,0
0,0,0
8,8,0
2,2,0
2,4,2
2,7,5
8,8,0
62,66,4
3,3,0
8,8,0
3,3,0
3,3,0
36,36,0
2,4,2
2,2,0
2,2,0
8,8,0
2,2,0
1,1,0
6,6,0
3,10,7
1,19,18
1,2,1
2,2,0
1,2,1
2,2,0
3,13,10
4,4,0
2,2,0
3,7,4
88,144,56
10,14,4
2,2,0
3,5,2
3,9,6
2,2,0
32,32,0
2,2,0
10,10,0
48,98,50
6,6,0
2,11,9
2,26,24
2,2,0
3,11,8
2,2,0
2,2,0
2,2,0
2,4,2
2,2,0
3,5,2
11,11,0
25,25,0
1,2,1
2,2,0
3,3,0
20,26,6
2,2,0
1,2,1
45,45,0
2,11,9
40,40,0
2,2,0
3,10,7
9,9,0
11,11,0
3,4,1
2,2,0
32,32,0
3,7,4
2,2,0
3,3,0
4,4,0
2,2,0
2,2,0
1,1,0
2,4,2
1,1,0
2,2,0
1,1,0
2,3,1
18,18,0
2,21,19
2,9,7
1,2,1
1,2,1
18,18,0
2,2,0
3,5,2
2,2,0
253,485,232
2,4,2
15,15,0
3,47,44
2,2,0
3,7,4
2,2,0
2,17,15
3,5,2
9,9,0
2,2,0
2,2,0
2,2,0
2,4,2
2,2,0
2,2,0
3,7,4
2,2,0
2,4,2
100,100,0
0,0,0
1,1,0
2,4,2
4,4,0
7,14,7
2,4,2
2,4,2
3,3,0
2,2,0
1,1,0
3,7,4
3,3,0
2,2,0
2,3,1
3,3,0
3,3,0
1,5,4
2,2,0
2,4,2
3,5,2
3,3,0
2,2,0
1,3,2
3,5,2
0,0,0
3,3,0
2,2,0
2,2,0
1,1,0
2,4,2
1,1,0
3,3,0
8,8,0
1,2,1
8,8,0
2,2,0
4,4,0
2,3,1
2,2,0
2,2,0
3,5,2
0,0,0
3,7,4
2,2,0
3,4,1
4,8,4
1,1,0
2,2,0
2,2,0
2,2,0
1,11,10
2,2,0
2,2,0
19,21,2
3,3,0
1,9,8
2,4,2
2,2,0
2,2,0
0,0,0
2,2,0
5,5,0
3,7,4
2,2,0
10,10,0
1,3,2
1,3,2
2,2,0
3,5,2
2,6,4
2,2,0
1,2,1
0,0,0
2,2,0
3,13,10
0,0,0
1,1,0
5,25,20
2,2,0
3,5,2
2,2,0
4,4,0
8,8,0
0,0,0
16,21,5
88,88,0
9,9,0
2,2,0
2,86,84
9,9,0
2,2,0
2,2,0
2,3,1
2,2,0
8,8,0
2,2,0
2,6,4
100,100,0
2,2,0
2,2,0
3,6,3
2,2,0
3,3,0
8,8,0
3,3,0
1,1,0
3,5,2
8,8,0
2,2,0
0,0,0
4,4,0
8,8,0
1,2,1
1,2,1
1,1,0
2,2,0
2,2,0
2,6,4
2,4,2
2,2,0
2,19,17
2,11,9
1,29,28
3,3,0
2,2,0
3,3,0
2,2,0
1,15,14
2,6,4
100,100,0
2,4,2
1,4,3
1,3,2
3,3,0
0,0,0
3,7,4
2,2,0
3,3,0
2,2,0
0,0,0
2,28,26
3,8,5
1,25,24
2,2,0
3,34,31
3,3,0
3,7,4
3,3,0
9,9,0
1,2,1
3,3,0
2,2,0
1,2,1
2,4,2
11,11,0
2,2,0
2,2,0
3,6,3
2,4,2
2,2,0
6,9,3
4,6,2
2,2,0
3,4,1
2,2,0
2,5,3
8,8,0
2,2,0
2,5,3
8,8,0
4,6,2
2,3,1
1,7,6
3,5,2
3,3,0
2,2,0
3,3,0
2,2,0
3,5,2
1,2,1
22,42,20
11,11,0
2,2,0
2,8,6
9,9,0
2,2,0
3,7,4
2,2,0
2,2,0
2,31,29
2,2,0
2,2,0
2,2,0
9,9,0
2,2,0
2,2,0
2,14,12
2,2,0
3,3,0
2,2,0
13,13,0
23,23,0
2,2,0
3,5,2
6,6,0
1,7,6
3,11,8
2,2,0
2,2,0
7,7,0
2,2,0
3,3,0
3,5,2
1,1,0
0,0,0
2,2,0
3,5,2
2,2,0
2,2,0
5,5,0
2,2,0
12,12,0
2,10,8
3,7,4
2,2,0
2,5,3
10,18,8
0,0,0
3,11,8
3,3,0
2,2,0
1,6,5
2,2,0
2,2,0
0,0,0
11,25,14
5,5,0
36,36,0
3,3,0
2,2,0
6,7,1
3,3,0
3,3,0
3,3,0
4,4,0
2,2,0
36,36,0
2,2,0
3,3,0
2,2,0
1,5,4
0,0,0
3,3,0
4,4,0
0,0,0
2,4,2
10,12,2
3,3,0
2,4,2
2,2,0
2,2,0
11,11,0
9,9,0
3,8,5
6,6,0
2,6,4
2,2,0
1,1,0
3,5,2
2,2,0
2,2,0
1,4,3
0,0,0
3,3,0
8,8,0
8,16,8
2,2,0
0,0,0
2,2,0
12,12,0
3,3,0
1,2,1
2,2,0
2,6,4
3,3,0
2,2,0
1,3,2
3,3,0
2,4,2
1,1,0
2,2,0
3,3,0
2,2,0
3,8,5
3,3,0
5,5,0
28,28,0
2,2,0
2,2,0
3,3,0
3,7,4
2,2,0
4,24,20
147,147,0
2,2,0
7,7,0
2,5,3
2,2,0
1,46,45
2,5,3
2,2,0
1,2,1
8,8,0
2,2,0
1,19,18
2,4,2
3,4,1
2,4,2
2,2,0
2,2,0
2,2,0
3,3,0
1,1,0
3,3,0
2,2,0
0,0,0
3,3,0
8,8,0
2,2,0
3,5,2
9,9,0
1,2,1
3,5,2
3,3,0
71,71,0
2,4,2
2,2,0
2,2,0
0,0,0
3,5,2
9,9,0
2,2,0
2,2,0
2,2,0
20,20,0
2,2,0
2,2,0
2,2,0
2,2,0
3,3,0
2,2,0
2,2,0
2,2,0
2,2,0
9,9,0
8,16,8
2,2,0
3,3,0
2,2,0
1,5,4
2,2,0
2,2,0
2,2,0
2,2,0
3,13,10
22,22,0
3,5,2
2,2,0
3,3,0
8,8,0
2,6,4
3,3,0
2,2,0
3,3,0
2,2,0
3,5,2
2,2,0
2,2,0
2,4,2
1,5,4
2,2,0
3,5,2
3,3,0
21,21,0
1,3,2
10,10,0
2,102,100
2,3,1
1,44,43
3,15,12
3,7,4
3,7,4
2,2,0
3,103,100
6,9,3
3,7,4
3,3,0
9,9,0
9,9,0
9,9,0
8,8,0
3,7,4
56,58,2
1,1,0
2,2,0
2,2,0
12,12,0
2,47,45
2,2,0
2,2,0
2,4,2
8,8,0
2,2,0
3,5,2
2,2,0
2,20,18
2,4,2
6,6,0
2,2,0
1,6,5
2,54,52
2,2,0
3,3,0
0,0,0
1,1,0
2,31,29
2,2,0
2,2,0
2,2,0
5,5,0
1,2,1
3,3,0
2,2,0
2,13,11
3,3,0
20,20,0
3,3,0
3,3,0
1,1,0
4,4,0
2,2,0
2,2,0
2,2,0
1,2,1
3,3,0
2,4,2
2,3,1
1,57,56
2,6,4
2,2,0
2,2,0
2,8,6
3,6,3
8,8,0
8,8,0
2,2,0
2,2,0
2,8,6
2,2,0
0,0,0
8,8,0
2,2,0
2,4,2
2,80,78
2,2,0
1,5,4
6,6,0
3,3,0
2,29,27
2,2,0
58,68,10
6,6,0
87,88,1
2,2,0
2,2,0
13,13,0
3,11,8
2,2,0
3,3,0
3,3,0
2,4,2
2,2,0
1,2,1
2,2,0
1,1,0
1,6,5
2,2,0
2,2,0
3,3,0
1,1,0
3,3,0
1,10,9
2,2,0
2,4,2
3,5,2
2,2,0
2,2,0
3,4,1
4,10,6
2,2,0
1,1,0
5,5,0
2,2,0
22,22,0
2,2,0
2,2,0
4,4,0
103,110,7
3,3,0
2,3,1
3,7,4
6,8,2
2,2,0
2,2,0
0,0,0
3,3,0
2,2,0
1,77,76
2,2,0
2,2,0
9,9,0
2,2,0
3,6,3
10,11,1
3,3,0
2,2,0
3,3,0
1,1,0
3,3,0
2,3,1
2,3,1
2,2,0
6,6,0
3,3,0
4,6,2
2,2,0
2,2,0
2,2,0
3,10,7
1,2,1
3,3,0
3,3,0
2,2,0
2,2,0
2,2,0
3,3,0
2,2,0
2,7,5
33,72,39
1,4,3
2,2,0
2,2,0
2,2,0
0,0,0
8,8,0
2,2,0
2,2,0
2,2,0
9,10,1
1,2,1
1,2,1
2,2,0
2,2,0
11,11,0
3,5,2
3,3,0
2,3,1
3,6,3
9,9,0
2,2,0
6,6,0
2,12,10
2,2,0
4,7,3
2,4,2
2,2,0
2,2,0
2,2,0
8,8,0
9,9,0
1,1,0
2,2,0
2,170,168
50,50,0
2,2,0
3,5,2
84,178,94
1,1,0
2,2,0
2,2,0
3,5,2
68,68,0
2,2,0
1,10,9
2,13,11
16,16,0
2,2,0
18,18,0
2,2,0
2,81,79
8,8,0
2,2,0
5,5,0
2,2,0
2,4,2
7,7,0
1,2,1
3,4,1
3,3,0
2,2,0
2,2,0
9,9,0
2,2,0
3,3,0
22,22,0
29,29,0
3,3,0
3,3,0
3,16,13
2,2,0
3,11,8
2,2,0
3,7,4
1,1,0
3,3,0
3,3,0
1,4,3
90,190,100
2,2,0
1,6,5
3,5,2
2,2,0
1,1,0
2,2,0
3,3,0
2,36,34
2,2,0
3,6,3
2,4,2
1,4,3
2,6,4
2,2,0
2,4,2
2,2,0
6,6,0
2,2,0
2,2,0
3,3,0
3,3,0
2,3,1
2,2,0
2,2,0
2,2,0
2,2,0
0,0,0
2,2,0
2,2,0
2,6,4
2,4,2
1,1,0
0,0,0
2,4,2
2,2,0
2,13,11
2,2,0
3,3,0
2,2,0
1,1,0
8,8,0
4,6,2
1,2,1
3,3,0
28,29,1
2,4,2
2,2,0
2,2,0
3,5,2
6,7,1
1,2,1
2,4,2
2,3,1
2,6,4
2,2,0
2,4,2
2,2,0
1,1,0
3,5,2
2,2,0
2,2,0
3,3,0
2,2,0
94,112,18
2,2,0
2,2,0
4,4,0
1,4,3
2,2,0
3,3,0
2,2,0
2,4,2
3,3,0
2,2,0
2,2,0
2,2,0
2,2,0
100,100,0
10,10,0
2,2,0
11,11,0
8,8,0
2,2,0
2,4,2
1,1,0
2,2,0
3,3,0
2,2,0
2,2,0
8,9,1
9,9,0
8,11,3
2,2,0
11,11,0
2,2,0
2,2,0
1,6,5
3,3,0
2,2,0
3,7,4
2,2,0
20,22,2
2,2,0
2,7,5
6,6,0
2,2,0
3,3,0
1,2,1
1,3,2
2,2,0
2,4,2
3,3,0
2,3,1
51,51,0
3,3,0
3,3,0
2,2,0
6,6,0
1,1,0
3,5,2
3,3,0
2,2,0
2,2,0
2,34,32
3,3,0
3,3,0
3,3,0
1,2,1
2,2,0
3,3,0
2,4,2
2,2,0
2,2,0
80,80,0
2,2,0
8,8,0
61,61,0
3,3,0
3,5,2
2,2,0
9,9,0
3,3,0
1,2,1
2,2,0
4,4,0
2,6,4
5,5,0
3,3,0
2,2,0
46,46,0
2,4,2
2,2,0
2,2,0
1,1,0
13,16,3
9,9,0
1,9,8
8,8,0
6,6,0
9,9,0
3,3,0
3,5,2
1,2,1
2,2,0
20,20,0
5,5,0
2,2,0
1,1,0
3,3,0
2,10,8
2,3,1
3,3,0
7,9,2
3,4,1
1,2,1
1,3,2
0,0,0
2,2,0
1,1,0
2,2,0
2,2,0
2,2,0
2,2,0
14,14,0
1,2,1
80,80,0
2,6,4
1,9,8
106,106,0
1,2,1
23,23,0
3,5,2
1,1,0
1,1,0
3,5,2
4,4,0
3,3,0
2,4,2
2,2,0
3,3,0
3,3,0
2,2,0
7,7,0
2,4,2
1,1,0
2,2,0
3,5,2
2,2,0
2,2,0
2,10,8
2,2,0
8,8,0
3,3,0
3,3,0
3,4,1
13,13,0
1,2,1
1,1,0
7,7,0
2,2,0
0,0,0
2,2,0
2,2,0
1,1,0
8,8,0
2,6,4
1,1,0
2,2,0
5,5,0
2,2,0
2,2,0
3,9,6
1,16,15
2,4,2
3,5,2
1,23,22
4,4,0
0,0,0
2,49,47
100,104,4
1,2,1
51,74,23
1,2,1
3,3,0
9,9,0
3,3,0
2,2,0
2,2,0
9,9,0
2,2,0
2,6,4
3,5,2
1,3,2
2,2,0
3,7,4
2,2,0
3,3,0
2,2,0
2,2,0
2,2,0
1,1,0
9,9,0
3,5,2
2,4,2
3,3,0
2,2,0
8,8,0
2,7,5
2,2,0
7,7,0
3,6,3
2,2,0
3,3,0
3,5,2
11,11,0
3,3,0
1,1,0
3,9,6
2,14,12
2,2,0
2,2,0
1,1,0
3,3,0
9,9,0
3,3,0
1,25,24
2,2,0
2,2,0
3,3,0
3,3,0
9,9,0
2,2,0
2,4,2
1,2,1
4,4,0
2,82,80
2,2,0
3,3,0
3,3,0
2,2,0
2,2,0
2,2,0
2,2,0
1,2,1
3,3,0
4,4,0
1,2,1
0,0,0
1,1,0
2,2,0
2,2,0
2,2,0
2,3,1
0,0,0
3,3,0
20,20,0
8,8,0
3,3,0
1,3,2
2,2,0
4,4,0
2,2,0
100,100,0
8,8,0
0,0,0
2,2,0
2,6,4
3,3,0
2,2,0
2,4,2
2,2,0
3,3,0
2,6,4
3,3,0
1,1,0
1,1,0
2,2,0
2,2,0
1,4,3
2,2,0
1,1,0
1,1,0
3,3,0
18,18,0
3,3,0
2,5,3
3,3,0
2,2,0
3,3,0
3,3,0
3,5,2
2,2,0
1,1,0
3,3,0
22,44,22
2,2,0
2,2,0
3,3,0
2,2,0
2,2,0
0,0,0
2,6,4
14,14,0
8,8,0
3,6,3
2,2,0
2,4,2
1,1,0
2,2,0
3,3,0
1,1,0
12,12,0
1,1,0
8,8,0
2,2,0
5,10,5
17,17,0
2,2,0
2,4,2
4,5,1
2,2,0
2,9,7
0,0,0
1,4,3
3,7,4
9,9,0
2,2,0
2,13,11
1,1,0
2,16,14
9,9,0
2,2,0
2,2,0
2,2,0
2,4,2
5,5,0
3,49,46
9,57,48
2,4,2
0,0,0
1,8,7
2,2,0
3,3,0
2,9,7
9,9,0
1,10,9
2,50,48
2,2,0
4,4,0
1,1,0
1,1,0
3,5,2
2,2,0
2,2,0
2,4,2
3,5,2
2,4,2
2,2,0
2,2,0
9,9,0
2,2,0
2,2,0
8,8,0
1,2,1
2,7,5
3,3,0
0,0,0
3,3,0
2,146,144
2,2,0
2,2,0
2,2,0
2,80,78
1,1,0
2,45,43
3,7,4
2,4,2
2,2,0
1,1,0
2,2,0
2,3,1
2,9,7
0,0,0
2,2,0
1,1,0
2,2,0
2,13,11
2,2,0
8,16,8
2,2,0
2,4,2
2,2,0
1,2,1
2,2,0
2,2,0
2,2,0
2,4,2
2,2,0
2,201,199
3,3,0
9,9,0
2,2,0
1,1,0
2,2,0
3,12,9
2,2,0
3,3,0
3,3,0
2,3,1
3,5,2
11,11,0
2,2,0
2,2,0
2,2,0
2,2,0
2,2,0
3,3,0
2,2,0
2,2,0
44,53,9
3,7,4
2,2,0
4,4,0
3,5,2
8,8,0
1,2,1
2,2,0
2,7,5
3,4,1
2,2,0
3,3,0
3,3,0
2,2,0
3,4,1
20,20,0
3,3,0
3,5,2
1,1,0
2,2,0
2,2,0
2,6,4
1,3,2
2,2,0
0,0,0
2,6,4
32,32,0
2,2,0
3,3,0
1,2,1
44,44,0
8,8,0
3,3,0
2,2,0
1,2,1
1,3,2
2,2,0
2,2,0
91,92,1
8,8,0
9,9,0
2,2,0
10,10,0
2,45,43
3,3,0
2,7,5
2,2,0
2,2,0
47,47,0
0,0,0
3,6,3
2,2,0
2,2,0
1,2,1
3,3,0
4,4,0
2,2,0
3,5,2
2,2,0
2,5,3
0,0,0
2,4,2
3,7,4
3,3,0
9,9,0
2,2,0
2,2,0
3,5,2
3,5,2
2,2,0
2,2,0
2,2,0
1,2,1
2,2,0
2,2,0
2,2,0
2,2,0
3,3,0
1,18,17
2,14,12
3,3,0
8,8,0
0,0,0
2,8,6
1,1,0
0,0,0
3,3,0
1,2,1
18,18,0
2,2,0
2,4,2
2,2,0
3,3,0
5,5,0
1,22,21
2,2,0
2,2,0
3,3,0
11,15,4
2,2,0
2,2,0
3,3,0
20,20,0
3,3,0
2,2,0
1,1,0
2,2,0
8,8,0
66,77,11
4,4,0
7,7,0
3,3,0
2,2,0
3,3,0
3,3,0
0,0,0
2,3,1
2,2,0
2,2,0
3,7,4
2,2,0
3,6,3
2,2,0
2,2,0
2,2,0
2,4,2
3,3,0
2,2,0
2,2,0
2,7,5
2,2,0
2,2,0
8,8,0
2,4,2
3,3,0
2,2,0
2,2,0
3,3,0
11,11,0
0,0,0
20,20,0
3,15,12
2,7,5
2,2,0
8,8,0
3,3,0
2,2,0
1,2,1
1,4,3
3,5,2
4,4,0
3,9,6
1,20,19
2,2,0
115,115,0
3,3,0
3,3,0
4,4,0
9,9,0
2,4,2
3,3,0
2,2,0
2,2,0
3,3,0
4,4,0
2,2,0
2,2,0
2,2,0
2,2,0
1,2,1
2,4,2
2,2,0
3,3,0
3,3,0
4,4,0
2,2,0
2,4,2
2,4,2
3,3,0
2,2,0
2,4,2
2,2,0
3,5,2
2,2,0
2,9,7
56,56,0
0,0,0
3,5,2
2,2,0
2,2,0
2,2,0
2,2,0
147,147,0
2,2,0
3,3,0
1,3,2
1,1,0
1,2,1
3,3,0
2,2,0
8,8,0
1,23,22
2,2,0
1,1,0
7,7,0
3,3,0
99,192,93
8,10,2
2,2,0
90,90,0
0,0,0
2,4,2
3,7,4
3,3,0
12,12,0
1,2,1
26,26,0
2,9,7
2,2,0
8,8,0
9,9,0
2,2,0
2,2,0
2,2,0
2,2,0
12,13,1
9,9,0
3,3,0
2,2,0
3,3,0
2,2,0
3,9,6
2,2,0
3,3,0
3,3,0
2,15,13
3,10,7
2,4,2
2,2,0
2,2,0
2,2,0
2,4,2
2,2,0
2,2,0
1,2,1
2,4,2
38,38,0
3,3,0
2,2,0
2,2,0
2,2,0
2,2,0
2,6,4
2,2,0
1,4,3
2,2,0
2,6,4
3,3,0
3,3,0
40,40,0
2,6,4
2,5,3
3,3,0
2,2,0
2,2,0
3,3,0
2,4,2
3,3,0
2,2,0
2,2,0
1,2,1
3,3,0
9,9,0
8,8,0
10,10,0
2,4,2
1,23,22
3,3,0
2,2,0
4,4,0
4,4,0
0,0,0
2,2,0
3,3,0
3,5,2
2,2,0
3,3,0
8,13,5
9,9,0
2,2,0
3,5,2
2,2,0
3,3,0
3,5,2
2,2,0
4,25,21
2,80,78
1,22,21
9,9,0
3,3,0
2,2,0
3,5,2
10,18,8
2,2,0
2,2,0
2,2,0
27,27,0
1,12,11
50,50,0
4,4,0
1,2,1
2,4,2
2,2,0
2,2,0
2,4,2
0,0,0
1,2,1
2,2,0
2,2,0
2,5,3
2,2,0
2,2,0
3,3,0
8,8,0
1,1,0
100,200,100
9,9,0
2,2,0
2,2,0
2,2,0
3,5,2
2,6,4
2,2,0
2,2,0
2,4,2
2,2,0
2,2,0
1,2,1
6,6,0
2,2,0
2,2,0
2,2,0
2,2,0
2,2,0
1,1,0
1,1,0
2,5,3
2,2,0
3,3,0
2,2,0
2,2,0
2,2,0
50,57,7
2,2,0
3,7,4
1,1,0
2,2,0
1,1,0
3,3,0
2,2,0
2,12,10
3,3,0
7,7,0
0,0,0
3,3,0
2,3,1
3,3,0
1,1,0
2,2,0
2,82,80
3,3,0
3,3,0
3,5,2
11,11,0
2,2,0
2,2,0
2,4,2
3,3,0
2,2,0
2,2,0
11,11,0
3,3,0
3,5,2
3,3,0
3,3,0
2,4,2
5,5,0
24,24,0
3,7,4
3,5,2
3,10,7
2,2,0
6,6,0
3,3,0
2,7,5
2,2,0
2,2,0
2,2,0
2,2,0
3,5,2
2,2,0
8,8,0
51,51,0
2,2,0
0,0,0
2,2,0
2,2,0
3,5,2
2,2,0
2,2,0
3,3,0
3,4,1
2,2,0
2,2,0
3,3,0
3,3,0
2,2,0
3,5,2
5,5,0
2,2,0
3,8,5
1,4,3
0,0,0
2,2,0
1,2,1
2,3,1
3,3,0
2,2,0
3,3,0
5,5,0
1,8,7
2,2,0
3,14,11
2,2,0
2,2,0
2,2,0
3,3,0
3,32,29
1,1,0
2,2,0
1,1,0
8,8,0
1,1,0
1,1,0
3,3,0
2,2,0
2,2,0
2,13,11
9,9,0
15,15,0
3,3,0
3,7,4
3,3,0
2,2,0
3,3,0
10,10,0
1,1,0
2,2,0
1,1,0
2,2,0
4,4,0
2,2,0
1,3,2
2,6,4
2,4,2
2,2,0
8,8,0
2,2,0
2,13,11
2,2,0
2,2,0
2,2,0
9,9,0
2,2,0
11,11,0
9,9,0
3,19,16
2,2,0
2,2,0
1,3,2
1,3,2
3,3,0
2,2,0
3,3,0
2,2,0
2,4,2
3,5,2
0,0,0
3,3,0
3,3,0
98,98,0
3,3,0
2,2,0
3,11,8
1,1,0
2,2,0
4,4,0
2,4,2
1,2,1
3,3,0
2,4,2
4,4,0
3,5,2
2,4,2
8,8,0
2,2,0
0,0,0
1,6,5
2,2,0
2,2,0
2,2,0
3,5,2
2,2,0
3,5,2
1,5,4
2,4,2
1,1,0
2,2,0
1,7,6
4,5,1
3,5,2
2,2,0
1,1,0
2,2,0
100,100,0
4,4,0
2,2,0
2,2,0
2,2,0
2,2,0
3,3,0
3,3,0
6,8,2
2,2,0
1,5,4
9,9,0
2,2,0
2,2,0
2,2,0
2,2,0
3,3,0
1,1,0
2,2,0
3,3,0
70,147,77
3,5,2
6,6,0
2,2,0
3,12,9
2,2,0
2,2,0
10,10,0
2,2,0
2,2,0
1,5,4
3,3,0
1,1,0
5,5,0
2,2,0
2,2,0
2,4,2
3,5,2
1,4,3
3,3,0
2,2,0
2,2,0
2,2,0
8,8,0
3,3,0
2,2,0
2,6,4
2,2,0
1,1,0
3,3,0
3,7,4
2,4,2
3,6,3
42,125,83
3,3,0
3,3,0
3,3,0
3,3,0
2,2,0
1,21,20
2,2,0
2,2,0
3,7,4
3,5,2
1,6,5
3,3,0
2,2,0
3,10,7
51,51,0
2,2,0
2,16,14
0,0,0
93,188,95
0,0,0
1,4,3
9,9,0
3,3,0
1,1,0
2,2,0
2,2,0
9,9,0
3,3,0
7,9,2
2,82,80
2,2,0
2,2,0
2,2,0
2,2,0
2,2,0
2,2,0
2,2,0
2,3,1
2,2,0
3,3,0
2,4,2
2,2,0
2,2,0
32,32,0
2,2,0
2,2,0
3,3,0
10,10,0
10,10,0
2,2,0
2,4,2
3,3,0
1,1,0
2,2,0
2,2,0
2,2,0
0,0,0
1,3,2
3,3,0
1,9,8
3,7,4
0,0,0
0,0,0
0,0,0
2,2,0
3,11,8
2,9,7
1,2,1
1,3,2
1,1,0
1,2,1
2,5,3
1,24,23
2,2,0
2,2,0
2,2,0
2,2,0
2,13,11
3,6,3
2,2,0
2,4,2
2,2,0
2,2,0
2,4,2
1,1,0
0,0,0
4,4,0
2,2,0
3,5,2
3,3,0
2,4,2
2,2,0
100,100,0
0,0,0
9,9,0
2,2,0
2,2,0
2,2,0
2,2,0
2,2,0
2,6,4
2,7,5
8,8,0
1,23,22
2,2,0
3,5,2
2,2,0
2,2,0
2,2,0
2,2,0
9,9,0
2,2,0
2,2,0
2,5,3
10,22,12
2,4,2
2,13,11
3,8,5
8,8,0
3,5,2
3,3,0
2,2,0
2,2,0
2,2,0
1,1,0
12,12,0
2,2,0
3,3,0
2,4,2
3,8,5
2,2,0
2,2,0
2,8,6
2,2,0
3,3,0
1,1,0
1,1,0
6,6,0
8,8,0
3,7,4
9,9,0
2,2,0
2,2,0
1,23,22
1,1,0
2,2,0
2,2,0
2,4,2
2,2,0
1,3,2
2,7,5
3,3,0
9,9,0
3,3,0
1,1,0
1,77,76
1,13,12
13,25,12
2,4,2
2,2,0
2,2,0
3,3,0
8,11,3
0,0,0
2,2,0
2,2,0
2,2,0
2,2,0
3,3,0
9,9,0
0,0,0
3,3,0
3,3,0
2,2,0
9,9,0
3,5,2
1,3,2
2,14,12
14,14,0
1,1,0
9,9,0
2,2,0
24,24,0
11,11,0
2,2,0
2,2,0
2,2,0
2,2,0
3,5,2
2,2,0
3,5,2
9,9,0
1,3,2
3,3,0
20,20,0
2,2,0
2,2,0
1,84,83
3,11,8
0,0,0
2,2,0
3,5,2
1,29,28
6,6,0
3,5,2
2,2,0
3,3,0
2,6,4
2,2,0
3,3,0
2,3,1
30,30,0
3,3,0
3,5,2
59,59,0
5,5,0
3,3,0
0,0,0
2,2,0
2,2,0
2,2,0
2,6,4
38,38,0
3,7,4
2,2,0
2,3,1
3,3,0
3,5,2
3,3,0
3,3,0
2,6,4
2,2,0
3,3,0
0,0,0
1,1,0
2,2,0
3,3,0
2,2,0
3,3,0
20,20,0
3,3,0
2,2,0
3,3,0
3,3,0
3,3,0
22,22,0
10,10,0
8,8,0
2,2,0
2,15,13
2,2,0
2,2,0
3,23,20
13,13,0
2,2,0
3,3,0
2,2,0
0,0,0
2,2,0
3,3,0
2,4,2
2,2,0
11,11,0
2,2,0
0,0,0
22,22,0
2,2,0
1,2,1
3,3,0
1,2,1
3,3,0
2,2,0
2,2,0
9,9,0
3,3,0
54,54,0
3,3,0
9,9,0
3,10,7
3,8,5
2,2,0
0,0,0
0,0,0
18,18,0
4,5,1
2,5,3
2,4,2
3,3,0
2,2,0
2,2,0
1,25,24
2,2,0
8,8,0
4,4,0
4,4,0
8,10,2
3,5,2
2,2,0
2,2,0
1,1,0
1,1,0
6,8,2
2,2,0
2,2,0
3,3,0
8,8,0
2,3,1
2,3,1
3,5,2
6,11,5
9,9,0
3,3,0
1,2,1
2,2,0
2,2,0
20,42,22
2,4,2
3,3,0
2,2,0
3,3,0
2,2,0
49,49,0
4,5,1
0,0,0
2,2,0
8,8,0
3,3,0
2,2,0
4,4,0
2,2,0
2,2,0
2,3,1
3,3,0
3,7,4
2,13,11
9,9,0
2,2,0
2,7,5
51,51,0
3,5,2
2,3,1
2,2,0
2,2,0
3,3,0
2,2,0
4,6,2
3,5,2
2,2,0
2,4,2
1,2,1
6,33,27
3,6,3
2,2,0
3,3,0
3,3,0
0,0,0
2,2,0
10,10,0
3,23,20
3,3,0
2,2,0
2,2,0
2,4,2
3,4,1
6,6,0
2,2,0
1,2,1
5,5,0
0,0,0
3,3,0
2,3,1
2,2,0
3,7,4
8,8,0
3,5,2
2,2,0
1,6,5
8,8,0
3,3,0
3,10,7
2,2,0
2,6,4
1,57,56
2,2,0
1,72,71
2,2,0
8,8,0
141,141,0
3,3,0
8,45,37
3,3,0
15,15,0
2,2,0
2,2,0
2,2,0
2,2,0
2,2,0
2,2,0
2,3,1
2,3,1
32,75,43
2,2,0
3,3,0
3,7,4
0,0,0
1,1,0
3,75,72
9,9,0
2,2,0
2,3,1
2,2,0
1,1,0
2,2,0
2,2,0
3,5,2
3,3,0
3,8,5
2,4,2
2,30,28
2,2,0
2,7,5
1,4,3
2,4,2
3,3,0
1,2,1
2,2,0
2,10,8
2,2,0
3,3,0
2,2,0
3,3,0
3,5,2
2,2,0
3,14,11
2,2,0
18,39,21
3,3,0
2,2,0
3,3,0
2,2,0
3,3,0
3,5,2
1,3,2
190,190,0
8,8,0
2,2,0
3,3,0
2,2,0
2,2,0
51,51,0
2,2,0
2,2,0
2,2,0
2,2,0
2,5,3
2,2,0
2,6,4
2,2,0
1,1,0
2,2,0
3,4,1
2,2,0
1,23,22
3,5,2
2,2,0
2,2,0
2,2,0
2,4,2
51,51,0
20,22,2
2,2,0
1,1,0
2,2,0
3,6,3
1,2,1
7,7,0
2,2,0
3,9,6
3,5,2
3,3,0
2,3,1
0,0,0
3,3,0
1,2,1
10,20,10
2,2,0
2,2,0
3,5,2
3,5,2
2,2,0
0,0,0
2,2,0
2,3,1
6,6,0
2,2,0
8,8,0
2,2,0
2,2,0
2,2,0
1,3,2
2,8,6
3,3,0
22,22,0
2,2,0
3,4,1
3,3,0
11,11,0
2,2,0
3,3,0
2,2,0
11,11,0
2,2,0
2,12,10
18,18,0
2,2,0
4,4,0
12,12,0
11,22,11
1,2,1
2,2,0
2,3,1
3,5,2
2,27,25
3,5,2
2,2,0
2,2,0
2,3,1
2,2,0
2,2,0
2,2,0
3,7,4
3,3,0
2,2,0
44,45,1
2,3,1
2,2,0
1,4,3
3,5,2
2,4,2
2,2,0
2,6,4
2,4,2
2,2,0
2,2,0
2,41,39
2,2,0
3,5,2
3,3,0
2,2,0
1,1,0
12,12,0
2,10,8
1,1,0
9,9,0
0,0,0
2,4,2
1,5,4
3,3,0
6,6,0
2,5,3
3,3,0
3,3,0
70,70,0
2,4,2
2,2,0
2,2,0
1,2,1
2,2,0
2,2,0
2,2,0
2,10,8
7,9,2
2,2,0
3,3,0
2,3,1
232,233,1
2,5,3
2,2,0
2,2,0
2,5,3
3,3,0
3,12,9
3,3,0
3,11,8
3,3,0
2,2,0
2,2,0
1,5,4
8,23,15
2,2,0
2,2,0
2,2,0
2,2,0
3,3,0
1,4,3
2,4,2
2,4,2
2,2,0
9,9,0
3,6,3
2,6,4
3,3,0
1,75,74
2,2,0
7,8,1
2,2,0
2,2,0
1,2,1
0,0,0
3,3,0
9,9,0
2,2,0
3,3,0
0,0,0
3,5,2
2,2,0
1,8,7
2,2,0
3,9,6
2,3,1
3,3,0
2,2,0
2,2,0
2,2,0
1,2,1
2,2,0
2,6,4
3,3,0
2,2,0
2,2,0
2,2,0
2,2,0
2,2,0
2,2,0
98,98,0
3,3,0
2,4,2
2,2,0
2,2,0
3,9,6
3,3,0
2,2,0
2,2,0
3,3,0
3,9,6
8,8,0
3,3,0
11,34,23
2,2,0
2,2,0
2,3,1
2,6,4
0,0,0
3,3,0
0,0,0
2,2,0
3,5,2
2,5,3
2,2,0
9,9,0
2,2,0
3,3,0
2,81,79
1,2,1
2,2,0
2,13,11
0,0,0
1,2,1
5,5,0
2,2,0
5,5,0
8,8,0
2,2,0
2,2,0
3,3,0
3,3,0
2,2,0
8,8,0
8,8,0
0,0,0
8,8,0
2,80,78
3,7,4
2,2,0
0,0,0
2,2,0
2,80,78
2,4,2
1,1,0
63,63,0
2,2,0
8,16,8
3,21,18
2,8,6
6,6,0
2,2,0
8,8,0
1,2,1
8,8,0
2,2,0
1,1,0
2,2,0
3,3,0
2,2,0
5,5,0
3,9,6
7,7,0
3,34,31
3,3,0
9,9,0
3,6,3
2,2,0
3,7,4
3,7,4
10,10,0
2,6,4
3,7,4
8,8,0
14,14,0
3,5,2
3,5,2
1,3,2
127,195,68
1,5,4
2,2,0
3,7,4
2,2,0
8,8,0
2,3,1
2,2,0
1,1,0
2,2,0
3,3,0
2,2,0
0,0,0
6,7,1
2,2,0
2,2,0
7,7,0
4,4,0
2,2,0
2,2,0
2,4,2
8,8,0
3,9,6
1,1,0
2,2,0
2,2,0
1,1,0
2,2,0
0,0,0
3,3,0
3,7,4
8,9,1
3,3,0
3,3,0
0,0,0
3,3,0
2,2,0
2,2,0
3,3,0
3,5,2
3,3,0
36,38,2
2,2,0
2,2,0
25,26,1
2,82,80
14,31,17
3,3,0
3,3,0
1,1,0
2,4,2
1,2,1
1,2,1
3,7,4
1,27,26
8,8,0
2,2,0
6,6,0
2,2,0
2,13,11
2,6,4
2,14,12
2,4,2
3,3,0
3,5,2
0,0,0
2,2,0
3,5,2
2,2,0
1,5,4
3,7,4
8,8,0
2,4,2
8,8,0
2,4,2
3,7,4
14,14,0
2,2,0
3,5,2
2,2,0
54,54,0
3,3,0
2,2,0
1,1,0
2,2,0
2,3,1
2,2,0
18,18,0
1,2,1
4,4,0
2,2,0
2,40,38
3,69,66
3,3,0
0,0,0
2,2,0
3,3,0
3,10,7
2,2,0
2,4,2
2,2,0
9,9,0
3,5,2
20,20,0
2,3,1
2,5,3
2,3,1
3,3,0
1,1,0
3,3,0
3,3,0
2,2,0
49,49,0
2,2,0
3,7,4
6,6,0
2,2,0
2,2,0
1,6,5
2,8,6
2,2,0
2,2,0
3,3,0
0,0,0
4,5,1
9,9,0
3,3,0
3,3,0
2,2,0
9,9,0
4,4,0
2,2,0
2,2,0
1,1,0
2,2,0
3,10,7
8,8,0
8,8,0
3,3,0
1,1,0
8,8,0
1,2,1
2,2,0
2,2,0
2,2,0
2,2,0
4,11,7
3,3,0
2,2,0
0,0,0
2,4,2
2,2,0
2,2,0
4,4,0
1,5,4
3,3,0
2,2,0
2,2,0
4,19,15
2,2,0
2,6,4
2,2,0
8,24,16
2,2,0
14,15,1
1,6,5
2,2,0
7,9,2
8,8,0
2,4,2
2,4,2
2,2,0
1,1,0
3,30,27
4,4,0
2,2,0
2,2,0
3,4,1
2,6,4
1,1,0
2,2,0
21,21,0
2,2,0
3,3,0
2,4,2
2,2,0
3,3,0
2,2,0
2,4,2
3,3,0
22,22,0
3,3,0
4,6,2
3,3,0
2,8,6
2,2,0
7,7,0
2,6,4
0,0,0
4,109,105
1,3,2
2,2,0
3,5,2
51,57,6
2,4,2
2,2,0
2,2,0
2,2,0
3,8,5
2,4,2
2,2,0
4,4,0
2,2,0
2,2,0
2,2,0
2,82,80
1,25,24
1,8,7
2,2,0
2,2,0
1,3,2
3,3,0
1,6,5
2,2,0
9,9,0
2,2,0
1,5,4
1,1,0
3,3,0
7,7,0
1,3,2
2,4,2
1,28,27
2,7,5
3,3,0
7,7,0
3,5,2
2,2,0
12,12,0
2,2,0
3,3,0
2,3,1
6,6,0
2,2,0
1,5,4
7,7,0
2,80,78
2,2,0
1,1,0
3,87,84
2,2,0
2,8,6
2,2,0
8,8,0
1,20,19
3,7,4
3,5,2
2,2,0
2,2,0
1,4,3
1,1,0
2,5,3
2,4,2
0,0,0
3,3,0
2,2,0
10,10,0
1,2,1
3,3,0
9,9,0
2,2,0
10,23,13
2,2,0
2,2,0
2,2,0
2,2,0
2,2,0
100,100,0
2,4,2
2,2,0
2,4,2
2,2,0
3,3,0
3,3,0
3,49,46
2,2,0
2,2,0
2,2,0
2,4,2
2,3,1
3,6,3
2,2,0
9,9,0
1,3,2
3,9,6
107,107,0
3,9,6
1,3,2
2,84,82
3,3,0
2,2,0
2,2,0
3,3,0
3,3,0
2,2,0
2,2,0
10,10,0
2,9,7
3,3,0
100,100,0
2,2,0
3,3,0
3,9,6
3,3,0
3,3,0
3,7,4
48,48,0
2,2,0
1,1,0
1,4,3
2,4,2
3,3,0
3,5,2
1,4,3
5,8,3
1,2,1
2,2,0
2,2,0
2,2,0
2,2,0
3,4,1
0,0,0
2,18,16
11,11,0
2,71,69
10,10,0
3,5,2
2,2,0
3,70,67
3,26,23
8,8,0
1,6,5
1,11,10
2,2,0
2,2,0
3,6,3
2,2,0
51,51,0
2,2,0
3,3,0
2,2,0
3,4,1
2,2,0
3,7,4
3,5,2
2,2,0
4,4,0
2,8,6
79,79,0
11,11,0
2,2,0
0,0,0
2,2,0
2,4,2
3,5,2
3,13,10
3,5,2
0,0,0
2,2,0
0,0,0
1,2,1
2,2,0
100,104,4
3,3,0
2,4,2
2,2,0
2,2,0
3,5,2
2,2,0
2,2,0
2,2,0
3,3,0
1,1,0
2,6,4
2,2,0
1,3,2
2,4,2
2,2,0
1,1,0
9,9,0
9,9,0
4,4,0
3,3,0
3,3,0
3,3,0
2,2,0
2,3,1
3,3,0
9,9,0
2,2,0
2,45,43
2,3,1
2,2,0
3,7,4
31,31,0
2,2,0
2,6,4
3,5,2
2,3,1
7,11,4
8,8,0
3,7,4
3,3,0
3,5,2
2,4,2
2,2,0
4,4,0
2,2,0
2,2,0
20,20,0
2,4,2
3,9,6
1,2,1
2,2,0
2,2,0
3,3,0
20,23,3
9,9,0
2,4,2
2,2,0
2,3,1
1,1,0
2,2,0
15,15,0
2,2,0
0,0,0
7,7,0
2,2,0
3,3,0
3,3,0
1,22,21
2,2,0
2,2,0
3,3,0
1,5,4
3,3,0
3,5,2
3,3,0
4,4,0
2,2,0
1,1,0
1,25,24
1,2,1
2,2,0
14,22,8
1,1,0
2,2,0
2,2,0
1,3,2
9,9,0
2,2,0
2,4,2
2,2,0
3,3,0
2,2,0
3,5,2
3,3,0
1,45,44
9,9,0
2,2,0
1,4,3
2,2,0
2,4,2
2,2,0
2,4,2
2,4,2
2,2,0
69,75,6
2,2,0
0,0,0
2,2,0
2,2,0
3,3,0
3,3,0
48,48,0
3,6,3
2,7,5
0,0,0
8,8,0
51,51,0
2,2,0
8,11,3
1,4,3
2,2,0
2,2,0
1,4,3
10,10,0
5,5,0
2,2,0
2,13,11
2,2,0
5,10,5
2,2,0
2,2,0
2,2,0
26,40,14
2,6,4
2,2,0
2,2,0
2,2,0
100,100,0
2,2,0
2,45,43
3,3,0
3,10,7
0,0,0
2,2,0
8,8,0
3,3,0
2,2,0
2,2,0
3,3,0
28,28,0
28,28,0
34,34,0
2,3,1
4,4,0
28,30,2
1,1,0
11,11,0
2,2,0
3,3,0
1,23,22
2,4,2
0,0,0
2,2,0
3,5,2
2,2,0
0,0,0
2,2,0
2,5,3
8,8,0
3,3,0
2,2,0
3,3,0
8,8,0
4,7,3
2,2,0
2,3,1
2,2,0
9,9,0
2,2,0
1,1,0
2,2,0
7,7,0
2,2,0
1,1,0
2,2,0
2,2,0
10,13,3
4,4,0
3,5,2
3,5,2
2,4,2
3,5,2
2,2,0
3,5,2
2,2,0
3,3,0
2,2,0
2,4,2
2,2,0
3,3,0
1,1,0
2,2,0
2,2,0
2,2,0
1,1,0
2,2,0
3,3,0
3,3,0
3,7,4
3,7,4
3,3,0
14,14,0
3,5,2
2,2,0
3,5,2
0,0,0
8,8,0
3,6,3
2,2,0
1,4,3
3,3,0
3,7,4
8,8,0
2,27,25
2,2,0
1,23,22
2,4,2
8,8,0
1,6,5
2,2,0
4,4,0
1,7,6
3,3,0
12,12,0
2,2,0
3,5,2
2,2,0
3,3,0
2,3,1
2,2,0
5,5,0
3,3,0
3,3,0
2,2,0
2,2,0
2,2,0
1,2,1
3,3,0
1,2,1
2,2,0
3,5,2
2,2,0
2,2,0
3,5,2
22,22,0
2,4,2
2,4,2
3,3,0
5,10,5
2,2,0
3,4,1
2,16,14
3,3,0
1,2,1
1,3,2
2,2,0
3,3,0
22,22,0
3,5,2
2,201,199
100,104,4
2,2,0
9,9,0
9,9,0
3,7,4
3,3,0
10,10,0
4,4,0
1,8,7
22,22,0
1,11,10
0,0,0
2,2,0
3,5,2
1,1,0
6,6,0
2,82,80
3,3,0
3,3,0
2,2,0
2,6,4
2,2,0
2,31,29
2,2,0
2,2,0
2,2,0
2,4,2
4,4,0
2,2,0
2,2,0
4,4,0
2,2,0
2,2,0
4,4,0
3,3,0
1,8,7
17,23,6
2,4,2
2,2,0
2,2,0
3,3,0
87,89,2
2,2,0
2,9,7
3,3,0
2,2,0
3,5,2
3,5,2
2,2,0
3,3,0
1,9,8
3,3,0
1,1,0
100,100,0
3,5,2
2,2,0
0,0,0
8,8,0
3,3,0
3,7,4
3,5,2
2,2,0
2,2,0
0,0,0
2,2,0
2,2,0
3,3,0
0,0,0
2,2,0
3,5,2
2,2,0
3,3,0
3,5,2
2,2,0
1,24,23
2,12,10
2,2,0
0,0,0
0,0,0
28,28,0
3,3,0
2,2,0
2,8,6
3,3,0
7,9,2
2,2,0
9,9,0
3,3,0
2,2,0
2,2,0
8,14,6
1,25,24
1,2,1
3,3,0
2,5,3
8,8,0
1,1,0
2,4,2
9,9,0
1,58,57
2,2,0
2,2,0
2,2,0
2,2,0
11,11,0
8,8,0
1,1,0
2,4,2
3,3,0
1,3,2
2,2,0
3,11,8
3,4,1
3,9,6
2,2,0
2,2,0
3,7,4
3,8,5
3,3,0
2,2,0
9,38,29
2,2,0
1,1,0
3,3,0
14,14,0
3,3,0
2,80,78
2,2,0
8,8,0
1,1,0
2,28,26
3,6,3
3,9,6
2,2,0
3,3,0
3,3,0
3,3,0
57,65,8
2,2,0
6,6,0
44,86,42
4,4,0
2,2,0
2,2,0
2,4,2
3,3,0
10,10,0
8,8,0
2,2,0
3,5,2
1,1,0
2,13,11
3,5,2
51,51,0
10,12,2
9,9,0
3,3,0
4,4,0
1,4,3
3,16,13
3,11,8
3,4,1
10,88,78
2,2,0
5,5,0
8,8,0
3,3,0
2,45,43
2,2,0
2,2,0
3,3,0
2,2,0
3,3,0
6,6,0
2,4,2
2,2,0
20,20,0
3,3,0
2,6,4
2,2,0
26,31,5
10,10,0
6,6,0
2,2,0
3,3,0
1,6,5
2,2,0
3,5,2
2,2,0
2,3,1
3,9,6
3,3,0
1,3,2
17,17,0
3,3,0
2,2,0
2,17,15
2,2,0
2,4,2
3,4,1
2,4,2
2,2,0
3,5,2
2,2,0
2,2,0
2,6,4
3,6,3
2,2,0
2,3,1
2,2,0
2,2,0
15,15,0
2,2,0
2,2,0
2,2,0
1,1,0
2,2,0
2,2,0
0,0,0
2,2,0
3,3,0
5,10,5
2,2,0
1,20,19
2,2,0
1,3,2
2,2,0
2,2,0
2,2,0
3,3,0
2,2,0
1,2,1
1,1,0
2,4,2
2,4,2
3,3,0
2,2,0
4,4,0
1,3,2
2,2,0
5,5,0
3,3,0
2,2,0
3,3,0
2,2,0
3,3,0
2,2,0
9,9,0
2,2,0
2,4,2
2,2,0
1,44,43
1,2,1
1,1,0
2,2,0
2,2,0
3,5,2
2,2,0
2,2,0
11,11,0
2,2,0
0,0,0
2,2,0
2,2,0
2,4,2
3,3,0
2,2,0
1,26,25
1,1,0
90,341,251
2,2,0
2,5,3
3,6,3
12,12,0
3,3,0
2,2,0
3,5,2
2,2,0
4,4,0
2,2,0
2,2,0
1,1,0
2,2,0
2,30,28
2,2,0
3,3,0
2,2,0
2,2,0
9,9,0
1,6,5
2,2,0
8,8,0
2,2,0
3,3,0
2,2,0
2,2,0
2,2,0
2,2,0
3,6,3
3,4,1
2,2,0
4,5,1
3,17,14
2,2,0
2,2,0
12,14,2
35,35,0
3,3,0
2,2,0
2,2,0
2,2,0
3,3,0
2,2,0
2,3,1
2,6,4
2,2,0
2,2,0
2,13,11
0,0,0
54,54,0
3,3,0
1,5,4
2,2,0
2,2,0
1,1,0
2,10,8
2,2,0
1,20,19
3,7,4
3,3,0
2,2,0
2,2,0
7,9,2
1,27,26
2,2,0
2,2,0
2,2,0
2,2,0
3,5,2
8,8,0
2,2,0
10,10,0
0,0,0
3,7,4
9,9,0
2,2,0
2,2,0
6,6,0
2,2,0
2,2,0
0,0,0
2,2,0
2,2,0
2,2,0
2,3,1
2,2,0
11,11,0
2,2,0
2,2,0
62,64,2
10,10,0
3,16,13
2,10,8
3,3,0
1,2,1
3,5,2
3,3,0
2,2,0
2,2,0
3,3,0
2,6,4
2,6,4
98,98,0
3,4,1
3,3,0
9,9,0
1,1,0
2,2,0
2,2,0
9,9,0
11,11,0
3,6,3
5,5,0
2,4,2
3,5,2
5,5,0
2,2,0
3,3,0
1,2,1
2,2,0
0,0,0
30,32,2
1,1,0
3,6,3
3,3,0
9,9,0
2,2,0
8,8,0
3,6,3
1,69,68
2,2,0
2,2,0
10,19,9
3,3,0
2,2,0
3,3,0
3,5,2
2,2,0
1,3,2
1,2,1
0,0,0
3,9,6
2,15,13
3,3,0
2,2,0
4,4,0
9,9,0
1,4,3
2,2,0
10,10,0
3,3,0
4,7,3
2,2,0
2,2,0
1,7,6
2,4,2
1,2,1
2,2,0
0,0,0
1,1,0
3,3,0
2,5,3
2,2,0
2,14,12
2,2,0
3,8,5
12,12,0
3,3,0
2,2,0
2,4,2
2,6,4
3,3,0
9,9,0
62,63,1
2,3,1
2,2,0
2,2,0
2,2,0
3,3,0
1,1,0
3,3,0
1,1,0
2,2,0
20,20,0
2,4,2
2,2,0
1,2,1
51,53,2
1,1,0
2,2,0
2,47,45
2,45,43
2,5,3
1,1,0
3,10,7
2,2,0
3,3,0
51,78,27
10,10,0
2,2,0
1,22,21
1,2,1
3,10,7
2,2,0
2,3,1
10,10,0
2,2,0
2,4,2
1,3,2
1,1,0
2,2,0
34,34,0
2,2,0
2,4,2
2,2,0
2,2,0
3,9,6
2,2,0
3,6,3
9,9,0
2,2,0
3,3,0
11,11,0
3,3,0
2,2,0
6,9,3
2,2,0
2,2,0
3,3,0
1,3,2
3,3,0
2,3,1
5,5,0
2,13,11
2,5,3
3,9,6
2,2,0
2,2,0
1,2,1
2,2,0
2,4,2
2,2,0
1,1,0
2,4,2
3,12,9
3,5,2
2,8,6
2,2,0
2,8,6
2,2,0
2,5,3
0,0,0
2,2,0
2,2,0
3,6,3
2,2,0
3,3,0
8,8,0
3,6,3
2,2,0
0,0,0
3,12,9
10,10,0
2,4,2
4,7,3
3,5,2
2,23,21
2,2,0
2,2,0
3,3,0
3,5,2
3,3,0
2,2,0
2,2,0
1,1,0
0,0,0
2,2,0
1,2,1
5,9,4
3,3,0
8,10,2
2,2,0
1,24,23
8,8,0
3,3,0
0,0,0
1,2,1
2,2,0
2,2,0
1,1,0
2,2,0
4,11,7
2,2,0
2,6,4
2,2,0
59,184,125
87,87,0
1,62,61
3,3,0
8,8,0
4,4,0
3,3,0
2,82,80
3,3,0
3,3,0
2,2,0
2,6,4
2,2,0
2,4,2
66,66,0
2,2,0
0,0,0
3,3,0
2,2,0
3,3,0
3,3,0
474,794,320
2,3,1
3,3,0
2,2,0
1,21,20
3,6,3
3,11,8
2,2,0
2,2,0
0,0,0
8,8,0
10,10,0
1,25,24
3,10,7
1,1,0
2,2,0
2,2,0
84,180,96
3,3,0
2,3,1
3,3,0
2,2,0
2,4,2
3,3,0
2,2,0
3,20,17
2,2,0
2,2,0
2,3,1
2,2,0
2,2,0
2,2,0
2,2,0
6,6,0
10,10,0
1,23,22
3,3,0
3,29,26
3,9,6
1,5,4
8,8,0
2,2,0
5,5,0
3,5,2
37,48,11
2,2,0
2,2,0
5,5,0
123,159,36
2,2,0
7,9,2
2,2,0
3,3,0
2,2,0
2,6,4
2,6,4
2,5,3
1,1,0
2,2,0
2,4,2
3,3,0
2,2,0
4,4,0
7,9,2
2,2,0
2,2,0
3,5,2
2,2,0
3,3,0
2,2,0
30,34,4
3,3,0
2,2,0
8,8,0
17,25,8
2,2,0
2,3,1
2,4,2
6,6,0
2,2,0
0,0,0
2,14,12
2,2,0
6,6,0
2,2,0
3,3,0
2,2,0
2,2,0
0,0,0
2,4,2
2,2,0
3,6,3
2,2,0
9,18,9
51,51,0
2,4,2
3,3,0
2,2,0
39,39,0
2,2,0
2,2,0
18,18,0
4,4,0
2,2,0
1,1,0
8,8,0
1,23,22
3,22,19
8,8,0
0,0,0
1,119,118
2,2,0
2,2,0
3,5,2
1,1,0
2,2,0
1,1,0
1,8,7
3,3,0
2,2,0
2,2,0
3,17,14
3,3,0
1,7,6
3,5,2
4,4,0
2,5,3
8,8,0
15,15,0
2,36,34
2,2,0
11,11,0
7,18,11
9,18,9
89,89,0
1,1,0
2,2,0
51,51,0
50,50,0
1,1,0
2,2,0
3,3,0
3,3,0
2,2,0
2,2,0
3,3,0
4,4,0
0,0,0
3,5,2
2,2,0
2,6,4
3,3,0
3,3,0
2,2,0
2,3,1
2,2,0
1,5,4
2,2,0
3,5,2
4,4,0
66,66,0
2,2,0
3,3,0
3,3,0
3,3,0
2,2,0
3,3,0
2,2,0
2,2,0
3,3,0
3,3,0
3,3,0
2,5,3
2,2,0
2,2,0
3,5,2
2,4,2
3,5,2
1,1,0
1,1,0
3,3,0
2,2,0
2,2,0
2,2,0
3,3,0
3,3,0
2,2,0
1,2,1
2,2,0
2,2,0
2,2,0
8,8,0
2,2,0
2,2,0
0,0,0
2,2,0
3,3,0
3,3,0
2,2,0
2,6,4
1,22,21
3,3,0
1,2,1
2,4,2
2,2,0
0,0,0
2,2,0
2,2,0
8,8,0
2,2,0
9,9,0
2,6,4
2,8,6
2,2,0
2,2,0
9,9,0
3,5,2
2,2,0
2,2,0
2,2,0
1,1,0
3,5,2
2,82,80
1,1,0
3,3,0
3,5,2
2,4,2
8,9,1
3,3,0
6,8,2
3,3,0
1,4,3
0,0,0
3,5,2
2,2,0
2,5,3
8,8,0
3,3,0
2,2,0
2,2,0
2,2,0
2,6,4
22,22,0
2,2,0
3,5,2
2,2,0
2,2,0
2,2,0
0,0,0
3,5,2
154,154,0
3,7,4
10,14,4
2,2,0
9,9,0
2,2,0
2,2,0
2,4,2
2,4,2
2,8,6
2,2,0
2,2,0
2,17,15
3,9,6
21,25,4
2,2,0
2,2,0
2,2,0
10,10,0
2,3,1
2,2,0
3,3,0
2,2,0
1,1,0
2,3,1
1,1,0
2,19,17
8,114,106
3,3,0
2,2,0
8,18,10
2,2,0
2,2,0
2,4,2
3,5,2
8,8,0
2,2,0
2,2,0
2,2,0
15,16,1
0,0,0
2,2,0
2,2,0
1,2,1
2,5,3
73,74,1
2,2,0
2,2,0
2,8,6
2,2,0
5,16,11
2,4,2
55,55,0
3,5,2
3,7,4
63,63,0
2,2,0
3,4,1
2,2,0
2,2,0
2,4,2
2,2,0
2,2,0
3,3,0
2,2,0
0,0,0
3,3,0
19,19,0
1,1,0
3,3,0
2,2,0
2,2,0
1,1,0
9,9,0
3,4,1
3,7,4
1,1,0
3,11,8
2,2,0
2,4,2
2,2,0
3,3,0
2,2,0
2,2,0
2,4,2
9,9,0
3,5,2
2,2,0
1,2,1
2,2,0
9,9,0
2,2,0
56,56,0
3,3,0
2,2,0
4,9,5
3,3,0
39,39,0
2,2,0
1,1,0
2,2,0
3,11,8
0,0,0
4,15,11
2,2,0
3,5,2
2,2,0
3,8,5
2,2,0
2,4,2
2,2,0
2,2,0
4,4,0
2,2,0
2,2,0
4,4,0
4,7,3
3,5,2
7,7,0
2,4,2
1,1,0
2,2,0
2,3,1
2,2,0
6,10,4
3,3,0
1,3,2
2,76,74
1,1,0
2,2,0
3,5,2
2,2,0
3,3,0
2,2,0
3,11,8
2,3,1
2,2,0
2,4,2
2,2,0
5,5,0
2,2,0
9,9,0
2,2,0
3,9,6
2,2,0
1,1,0
2,2,0
2,2,0
1,2,1
2,2,0
1,1,0
70,147,77
10,10,0
0,0,0
1,23,22
2,3,1
2,2,0
1,11,10
2,2,0
2,2,0
1,1,0
2,2,0
8,8,0
2,4,2
2,2,0
2,2,0
2,2,0
3,3,0
2,2,0
2,2,0
0,0,0
3,3,0
6,6,0
3,3,0
2,2,0
1,1,0
3,3,0
2,2,0
2,2,0
3,3,0
2,2,0
1,10,9
2,4,2
11,11,0
3,5,2
2,2,0
3,3,0
1,77,76
3,3,0
8,8,0
2,2,0
2,2,0
2,2,0
2,2,0
3,3,0
3,5,2
3,3,0
9,9,0
2,2,0
2,6,4
47,47,0
2,2,0
2,18,16
2,4,2
11,11,0
1,2,1
20,20,0
2,2,0
2,2,0
1,1,0
3,10,7
2,15,13
2,2,0
2,2,0
3,3,0
2,4,2
2,2,0
2,2,0
2,4,2
2,2,0
2,37,35
2,2,0
10,10,0
2,83,81
4,7,3
2,2,0
2,3,1
3,3,0
9,9,0
2,20,18
3,9,6
2,2,0
2,2,0
8,8,0
4,4,0
1,24,23
3,3,0
2,2,0
2,2,0
11,11,0
2,2,0
9,9,0
3,3,0
2,2,0
0,0,0
6,6,0
2,2,0
2,11,9
2,2,0
3,7,4
1,2,1
2,2,0
2,2,0
2,2,0
2,2,0
2,2,0
3,5,2
2,2,0
2,2,0
156,156,0
8,8,0
3,3,0
2,2,0
2,2,0
1,1,0
8,8,0
2,16,14
2,2,0
2,2,0
2,2,0
3,3,0
3,3,0
2,2,0
2,2,0
2,2,0
1,1,0
2,2,0
4,6,2
32,32,0
8,16,8
2,2,0
3,3,0
2,2,0
3,3,0
2,2,0
2,2,0
3,3,0
3,3,0
2,19,17
2,45,43
3,3,0
9,9,0
2,2,0
1,4,3
23,47,24
27,27,0
3,3,0
1,2,1
2,2,0
3,8,5
3,7,4
12,12,0
3,18,15
2,2,0
4,27,23
2,2,0
9,10,1
2,16,14
2,2,0
2,4,2
3,3,0
2,2,0
2,2,0
9,9,0
2,2,0
11,11,0
2,4,2
2,2,0
2,2,0
1,1,0
9,9,0
3,5,2
2,2,0
2,2,0
3,3,0
2,2,0
6,6,0
2,2,0
2,2,0
2,2,0
2,4,2
9,9,0
2,2,0
3,5,2
1,2,1
18,18,0
2,21,19
2,13,11
3,8,5
2,2,0
3,3,0
2,5,3
4,6,2
2,5,3
2,2,0
3,3,0
1,6,5
2,2,0
20,20,0
2,3,1
1,2,1
0,0,0
2,4,2
2,2,0
2,2,0
2,8,6
2,2,0
1,4,3
9,9,0
2,2,0
2,2,0
3,6,3
3,7,4
1,3,2
11,11,0
2,2,0
2,2,0
2,4,2
2,2,0
4,27,23
4,4,0
2,2,0
3,7,4
2,6,4
3,5,2
2,2,0
100,100,0
3,5,2
2,2,0
2,2,0
2,2,0
3,3,0
1,1,0
2,3,1
3,7,4
2,2,0
3,3,0
1,2,1
6,6,0
1,1,0
8,8,0
2,4,2
6,6,0
2,2,0
2,3,1
3,5,2
2,2,0
3,5,2
2,2,0
1,3,2
6,6,0
1,27,26
2,2,0
3,3,0
3,5,2
2,2,0
2,2,0
1,1,0
3,3,0
2,2,0
6,6,0
2,3,1
3,3,0
51,51,0
165,165,0
2,2,0
3,3,0
3,3,0
3,5,2
2,9,7
2,2,0
1,1,0
2,2,0
2,2,0
3,3,0
2,2,0
2,2,0
3,5,2
0,0,0
3,5,2
4,4,0
8,8,0
2,2,0
1,2,1
2,2,0
1,3,2
2,2,0
9,9,0
1,3,2
3,3,0
3,3,0
11,11,0
1,4,3
2,2,0
2,2,0
2,2,0
2,16,14
2,2,0
2,2,0
1,1,0
2,6,4
2,4,2
1,2,1
2,2,0
2,3,1
0,0,0
2,2,0
2,2,0
2,2,0
1,3,2
14,16,2
2,2,0
2,2,0
2,4,2
9,9,0
2,2,0
3,5,2
3,3,0
3,9,6
1,3,2
2,2,0
1,1,0
2,2,0
2,2,0
2,2,0
4,4,0
2,2,0
3,3,0
2,6,4
0,0,0
2,4,2
1,2,1
3,7,4
8,8,0
4,19,15
3,5,2
85,95,10
2,2,0
1,2,1
1,1,0
3,4,1
9,9,0
2,4,2
1,1,0
2,2,0
3,10,7
2,6,4
6,7,1
2,6,4
8,8,0
2,2,0
2,7,5
2,5,3
2,6,4
2,2,0
9,9,0
3,3,0
54,68,14
3,3,0
2,2,0
2,2,0
0,0,0
2,2,0
2,11,9
3,3,0
2,2,0
1,1,0
3,5,2
3,3,0
2,2,0
2,3,1
100,100,0
2,2,0
6,6,0
2,3,1
2,2,0
8,8,0
60,114,54
20,20,0
2,2,0
51,51,0
2,2,0
3,4,1
2,2,0
2,2,0
3,7,4
2,2,0
2,2,0
2,9,7
2,2,0
2,2,0
1,1,0
41,42,1
4,4,0
2,2,0
2,4,2
2,2,0
2,2,0
2,2,0
2,2,0
1,1,0
9,11,2
3,3,0
2,2,0
3,3,0
6,131,125
11,11,0
3,5,2
2,2,0
2,6,4
3,3,0
92,92,0
2,2,0
2,2,0
3,3,0
2,2,0
2,3,1
2,2,0
9,12,3
2,2,0
2,5,3
1,2,1
1,2,1
2,2,0
3,5,2
2,2,0
2,2,0
2,2,0
2,2,0
1,9,8
8,8,0
68,69,1
2,2,0
1,21,20
2,2,0
1,2,1
2,4,2
2,2,0
2,2,0
1,1,0
2,2,0
2,2,0
3,5,2
100,105,5
13,13,0
9,9,0
3,3,0
3,3,0
2,2,0
2,2,0
11,11,0
2,2,0
2,6,4
36,36,0
2,2,0
3,6,3
2,2,0
1,8,7
0,0,0
1,2,1
1,2,1
3,4,1
3,5,2
2,2,0
11,11,0
2,2,0
8,8,0
1,1,0
3,3,0
3,9,6
2,2,0
5,8,3
3,3,0
100,227,127
2,2,0
2,2,0
2,5,3
2,4,2
8,8,0
1,2,1
2,2,0
2,4,2
3,5,2
2,2,0
2,4,2
2,2,0
8,8,0
2,2,0
3,3,0
2,2,0
0,0,0
1,2,1
2,2,0
3,5,2
6,6,0
2,3,1
1,2,1
1,20,19
2,3,1
51,51,0
3,5,2
3,5,2
2,2,0
8,8,0
3,3,0
9,9,0
2,2,0
2,2,0
1,2,1
2,2,0
2,2,0
2,4,2
3,5,2
2,2,0
1,1,0
2,2,0
2,6,4
23,23,0
9,9,0
74,74,0
3,5,2
3,3,0
5,14,9
2,2,0
1,2,1
4,4,0
4,4,0
1,2,1
3,3,0
7,7,0
2,2,0
2,2,0
11,11,0
3,5,2
2,2,0
1,1,0
8,11,3
2,2,0
3,3,0
2,2,0
2,2,0
2,2,0
2,2,0
3,9,6
8,8,0
3,3,0
3,3,0
2,2,0
2,2,0
24,24,0
2,2,0
4,4,0
3,3,0
3,5,2
12,13,1
3,3,0
3,6,3
1,1,0
0,0,0
1,4,3
2,6,4
3,3,0
100,100,0
3,9,6
3,3,0
3,3,0
2,2,0
3,3,0
3,5,2
2,2,0
10,10,0
2,2,0
3,3,0
3,3,0
9,18,9
1,23,22
5,5,0
3,3,0
1,1,0
2,2,0
2,2,0
51,51,0
2,2,0
3,32,29
2,2,0
2,2,0
3,9,6
74,74,0
2,2,0
10,18,8
77,78,1
2,2,0
2,2,0
2,2,0
3,3,0
2,2,0
2,4,2
2,2,0
3,3,0
2,2,0
2,2,0
94,94,0
7,15,8
2,2,0
8,8,0
2,2,0
2,2,0
3,3,0
2,4,2
2,2,0
0,0,0
3,3,0
1,2,1
2,28,26
2,6,4
1,1,0
100,103,3
3,3,0
12,12,0
2,8,6
3,5,2
3,7,4
4,4,0
2,2,0
2,2,0
2,2,0
2,2,0
3,3,0
2,2,0
2,8,6
2,13,11
2,2,0
9,9,0
56,56,0
3,3,0
2,11,9
2,3,1
2,2,0
1,10,9
2,2,0
2,2,0
2,2,0
1,2,1
25,25,0
2,2,0
2,3,1
2,6,4
3,3,0
3,5,2
1,7,6
2,2,0
2,2,0
2,2,0
2,2,0
2,24,22
3,3,0
2,2,0
2,2,0
3,5,2
3,3,0
3,3,0
1,1,0
3,3,0
173,173,0
2,2,0
9,9,0
5,5,0
2,2,0
2,2,0
3,3,0
2,2,0
3,11,8
0,0,0
2,2,0
2,2,0
2,2,0
2,2,0
100,108,8
3,5,2
2,2,0
2,2,0
1,28,27
2,2,0
15,17,2
5,5,0
2,2,0
10,10,0
5,13,8
1,23,22
2,2,0
1,6,5
2,2,0
2,2,0
2,4,2
22,22,0
1,1,0
4,4,0
3,4,1
6,6,0
2,6,4
2,3,1
2,2,0
3,5,2
2,2,0
3,3,0
2,5,3
1,1,0
2,2,0
3,3,0
7,7,0
3,3,0
2,5,3
2,2,0
7,9,2
2,2,0
4,18,14
3,3,0
2,4,2
2,2,0
3,5,2
2,2,0
2,2,0
1,8,7
2,2,0
3,3,0
2,10,8
1,2,1
2,2,0
2,2,0
2,9,7
2,2,0
9,9,0
2,10,8
7,23,16
67,67,0
1,2,1
1,2,1
1,2,1
2,4,2
2,2,0
2,11,9
1,5,4
2,8,6
2,2,0
2,2,0
2,2,0
2,3,1
2,2,0
2,5,3
51,51,0
3,7,4
1,1,0
3,3,0
0,0,0
9,9,0
2,2,0
2,2,0
2,2,0
2,9,7
0,0,0
3,5,2
2,2,0
3,3,0
3,5,2
6,11,5
4,4,0
1,21,20
2,2,0
2,2,0
2,2,0
2,4,2
2,8,6
9,9,0
3,3,0
8,8,0
2,2,0
3,8,5
2,68,66
9,9,0
2,2,0
2,2,0
2,2,0
3,6,3
8,8,0
3,12,9
1,1,0
1,1,0
3,3,0
5,5,0
13,13,0
2,2,0
3,3,0
2,2,0
2,2,0
1,1,0
2,2,0
2,2,0
1,1,0
1,1,0
2,7,5
1,1,0
2,2,0
2,2,0
2,6,4
1,1,0
1,1,0
1,1,0
2,2,0
2,2,0
2,2,0
3,3,0
2,2,0
1,2,1
3,3,0
2,2,0
9,9,0
3,8,5
2,2,0
2,2,0
8,8,0
1,1,0
2,2,0
2,2,0
2,2,0
0,0,0
3,3,0
2,2,0
3,8,5
1,1,0
100,100,0
3,3,0
8,8,0
1,2,1
6,6,0
2,2,0
3,3,0
23,29,6
1,5,4
2,2,0
2,2,0
3,5,2
3,7,4
20,21,1
3,8,5
2,2,0
2,2,0
2,79,77
2,2,0
2,4,2
0,0,0
1,7,6
2,2,0
2,2,0
2,2,0
2,3,1
3,5,2
0,0,0
4,4,0
2,2,0
3,3,0
2,2,0
8,8,0
3,5,2
2,2,0
3,11,8
3,3,0
3,9,6
9,9,0
2,2,0
8,8,0
2,2,0
2,2,0
0,0,0
1,15,14
30,30,0
2,2,0
2,4,2
3,3,0
2,3,1
3,3,0
3,3,0
3,5,2
8,8,0
2,3,1
0,0,0
103,103,0
2,2,0
3,5,2
0,0,0
2,2,0
2,2,0
1,9,8
6,6,0
4,4,0
3,5,2
2,8,6
2,2,0
2,2,0
6,14,8
2,2,0
3,3,0
1,1,0
2,2,0
2,4,2
3,3,0
3,3,0
2,4,2
2,2,0
1,1,0
2,2,0
3,3,0
2,4,2
2,2,0
2,2,0
2,3,1
2,18,16
2,5,3
2,6,4
2,5,3
2,2,0
2,2,0
9,9,0
2,2,0
3,3,0
2,9,7
8,8,0
9,9,0
2,2,0
2,2,0
2,8,6
3,3,0
1,1,0
3,11,8
60,60,0
3,5,2
3,3,0
2,2,0
2,2,0
3,3,0
2,4,2
3,3,0
2,3,1
8,8,0
3,3,0
2,2,0
2,5,3
5,5,0
2,2,0
2,2,0
2,2,0
2,2,0
2,12,10
2,2,0
2,2,0
3,3,0
2,6,4
1,1,0
2,46,44
2,2,0
3,3,0
7,7,0
2,4,2
9,9,0
1,2,1
2,4,2
0,0,0
2,12,10
2,2,0
2,4,2
3,3,0
1,1,0
2,80,78
1,6,5
2,2,0
2,2,0
2,2,0
11,13,2
1,1,0
1,2,1
3,6,3
2,2,0
33,33,0
1,1,0
1,7,6
3,8,5
2,2,0
2,26,24
1,3,2
1,2,1
2,2,0
5,5,0
2,2,0
106,106,0
2,2,0
2,2,0
6,7,1
90,186,96
2,2,0
2,80,78
2,2,0
1,1,0
14,14,0
3,3,0
2,2,0
3,5,2
2,2,0
2,6,4
3,3,0
3,3,0
9,9,0
2,2,0
2,2,0
4,5,1
2,2,0
1,2,1
3,3,0
9,9,0
3,3,0
3,3,0
3,99,96
2,4,2
2,2,0
3,3,0
3,28,25
1,23,22
12,12,0
8,8,0
3,5,2
2,10,8
2,5,3
3,3,0
2,4,2
18,33,15
0,0,0
3,3,0
103,112,9
2,2,0
3,3,0
3,5,2
2,2,0
2,2,0
2,2,0
2,2,0
2,2,0
3,5,2
5,5,0
3,5,2
3,5,2
11,13,2
2,2,0
2,4,2
3,3,0
3,3,0
2,2,0
1,2,1
2,84,82
2,18,16
2,3,1
2,2,0
2,2,0
2,16,14
2,2,0
2,82,80
8,10,2
2,2,0
2,2,0
37,108,71
2,4,2
2,2,0
2,2,0
3,7,4
0,0,0
3,3,0
2,2,0
2,2,0
3,5,2
2,2,0
3,13,10
2,2,0
3,14,11
4,4,0
2,2,0
2,4,2
3,3,0
123,158,35
2,2,0
3,5,2
2,4,2
1,3,2
86,86,0
3,4,1
2,2,0
2,2,0
1,20,19
11,11,0
2,2,0
3,3,0
2,2,0
10,10,0
8,8,0
3,7,4
11,11,0
3,3,0
1,1,0
8,8,0
2,2,0
2,6,4
3,3,0
1,6,5
2,2,0
9,9,0
2,2,0
3,3,0
9,9,0
3,5,2
3,8,5
2,2,0
2,2,0
3,8,5
9,9,0
9,9,0
3,3,0
3,10,7
2,2,0
114,114,0
3,5,2
1,2,1
2,2,0
2,40,38
2,2,0
2,2,0
2,2,0
7,65,58
2,2,0
1,2,1
2,2,0
9,9,0
3,3,0
2,4,2
2,4,2
0,0,0
2,4,2
2,3,1
10,10,0
2,96,94
2,7,5
2,82,80
2,2,0
2,2,0
2,2,0
2,11,9
2,2,0
3,6,3
20,20,0
2,2,0
2,2,0
20,36,16
2,4,2
2,3,1
2,10,8
3,3,0
0,0,0
3,3,0
0,0,0
2,2,0
17,17,0
11,11,0
0,0,0
2,3,1
3,3,0
2,2,0
8,8,0
3,5,2
3,3,0
1,1,0
2,4,2
9,9,0
142,142,0
2,2,0
2,2,0
3,3,0
0,0,0
2,2,0
2,12,10
3,3,0
2,2,0
11,11,0
2,2,0
8,8,0
2,9,7
1,27,26
2,2,0
3,5,2
3,10,7
3,3,0
5,5,0
2,2,0
2,2,0
2,2,0
10,10,0
2,2,0
2,6,4
3,3,0
9,9,0
3,9,6
2,2,0
2,4,2
8,8,0
1,1,0
20,20,0
3,3,0
1,5,4
1,7,6
2,2,0
70,82,12
3,3,0
2,2,0
3,3,0
3,5,2
2,2,0
2,2,0
2,2,0
3,5,2
3,9,6
8,8,0
2,2,0
14,14,0
3,9,6
9,9,0
5,5,0
3,3,0
2,4,2
1,1,0
2,4,2
5,5,0
1,5,4
2,2,0
6,6,0
1,20,19
2,2,0
3,5,2
2,3,1
2,6,4
2,5,3
3,3,0
2,2,0
4,4,0
2,2,0
2,2,0
1,2,1
25,67,42
2,2,0
1,1,0
4,25,21
2,2,0
2,14,12
3,9,6
9,9,0
2,2,0
0,0,0
2,2,0
3,7,4
2,2,0
3,3,0
2,2,0
2,2,0
1,22,21
3,3,0
2,2,0
3,5,2
2,2,0
14,14,0
3,3,0
3,3,0
2,2,0
0,0,0
3,3,0
2,6,4
2,2,0
1,1,0
2,2,0
3,3,0
2,6,4
1,1,0
2,2,0
2,4,2
1,13,12
2,2,0
2,2,0
0,0,0
3,5,2
3,3,0
2,2,0
0,0,0
2,2,0
1,3,2
11,11,0
3,6,3
24,24,0
2,2,0
2,2,0
2,8,6
2,2,0
2,5,3
2,2,0
2,4,2
9,9,0
3,6,3
2,2,0
1,2,1
8,8,0
7,7,0
9,9,0
2,2,0
2,2,0
2,2,0
10,10,0
3,7,4
2,2,0
2,2,0
8,8,0
37,39,2
3,8,5
3,5,2
3,3,0
3,3,0
2,2,0
2,2,0
2,2,0
2,4,2
11,11,0
2,2,0
2,4,2
1,1,0
2,2,0
2,2,0
2,2,0
3,3,0
2,2,0
1,4,3
15,15,0
2,2,0
2,2,0
3,3,0
2,2,0
3,3,0
2,2,0
2,4,2
2,4,2
2,2,0
2,2,0
2,2,0
80,80,0
1,1,0
2,2,0
3,5,2
6,6,0
2,2,0
8,16,8
51,53,2
8,8,0
3,17,14
46,46,0
2,14,12
2,2,0
2,2,0
2,11,9
1,3,2
10,21,11
8,8,0
2,2,0
2,2,0
8,8,0
1,3,2
2,2,0
2,4,2
1,2,1
3,7,4
2,2,0
3,3,0
2,7,5
9,9,0
3,3,0
2,3,1
3,6,3
2,2,0
1,2,1
8,8,0
41,41,0
8,8,0
2,2,0
3,3,0
6,6,0
2,2,0
3,3,0
3,6,3
3,5,2
2,2,0
1,3,2
2,2,0
2,2,0
1,79,78
2,2,0
2,2,0
2,2,0
11,11,0
3,5,2
2,2,0
3,21,18
2,2,0
2,2,0
9,9,0
2,2,0
2,2,0
6,6,0
3,3,0
3,3,0
2,2,0
8,8,0
18,21,3
3,7,4
22,22,0
2,4,2
3,4,1
2,4,2
9,15,6
7,7,0
1,1,0
7,7,0
0,0,0
1,2,1
2,2,0
3,5,2
2,14,12
4,6,2
2,6,4
1,1,0
2,2,0
1,3,2
2,64,62
2,8,6
3,3,0
2,4,2
51,51,0
3,5,2
2,2,0
2,8,6
3,3,0
2,2,0
3,5,2
2,4,2
2,2,0
2,2,0
0,0,0
2,4,2
2,2,0
3,5,2
2,17,15
3,5,2
3,3,0
2,2,0
3,3,0
4,4,0
2,7,5
2,4,2
1,1,0
4,4,0
2,2,0
2,2,0
1,3,2
2,2,0
3,6,3
2,7,5
3,9,6
3,3,0
3,6,3
3,5,2
3,17,14
2,2,0
3,5,2
2,2,0
3,3,0
2,2,0
2,2,0
2,2,0
2,4,2
2,2,0
2,2,0
0,0,0
1,1,0
7,7,0
2,2,0
2,2,0
2,2,0
2,4,2
1,1,0
2,4,2
2,2,0
2,2,0
4,6,2
0,0,0
8,10,2
2,2,0
1,74,73
1,1,0
2,2,0
2,2,0
60,60,0
2,2,0
3,10,7
4,5,1
2,2,0
0,0,0
8,8,0
1,3,2
2,2,0
2,2,0
2,2,0
2,4,2
2,2,0
2,2,0
7,7,0
7,7,0
2,2,0
2,2,0
3,5,2
2,2,0
0,0,0
1,1,0
2,2,0
2,2,0
2,5,3
3,7,4
9,9,0
2,2,0
3,3,0
3,3,0
2,4,2
2,4,2
14,14,0
2,5,3
0,0,0
1,2,1
2,2,0
135,231,96
3,3,0
2,2,0
3,6,3
2,5,3
3,5,2
2,2,0
2,28,26
3,3,0
3,5,2
2,2,0
22,38,16
2,4,2
3,10,7
8,8,0
2,4,2
2,2,0
2,2,0
2,2,0
12,12,0
2,5,3
2,2,0
2,2,0
4,7,3
3,3,0
2,77,75
2,2,0
2,2,0
3,6,3
2,2,0
1,1,0
3,3,0
2,4,2
2,2,0
3,7,4
2,2,0
3,3,0
6,6,0
42,109,67
7,7,0
0,0,0
3,6,3
2,3,1
3,7,4
2,2,0
2,2,0
2,7,5
2,2,0
9,9,0
1,2,1
2,2,0
3,3,0
10,10,0
2,2,0
2,2,0
1,1,0
3,3,0
2,2,0
2,2,0
0,0,0
2,3,1
3,3,0
3,5,2
2,2,0
8,8,0
3,5,2
3,5,2
2,2,0
2,2,0
1,2,1
3,3,0
2,14,12
14,14,0
2,4,2
3,3,0
2,2,0
0,0,0
2,2,0
1,6,5
8,8,0
2,2,0
2,4,2
2,2,0
2,2,0
3,3,0
2,10,8
4,4,0
2,99,97
3,5,2
3,3,0
3,12,9
23,23,0
1,1,0
2,2,0
2,2,0
2,2,0
2,2,0
100,100,0
4,4,0
2,2,0
8,8,0
5,5,0
1,20,19
9,11,2
2,2,0
6,8,2
1,6,5
2,2,0
2,6,4
2,2,0
0,0,0
3,3,0
60,121,61
8,8,0
2,2,0
2,4,2
12,12,0
2,2,0
3,3,0
2,2,0
2,2,0
1,2,1
2,4,2
11,11,0
3,3,0
8,8,0
1,2,1
2,2,0
2,6,4
2,2,0
2,2,0
2,2,0
3,3,0
2,2,0
2,2,0
3,3,0
1,3,2
2,8,6
2,2,0
3,3,0
3,5,2
3,3,0
3,7,4
2,2,0
2,18,16
71,71,0
0,0,0
3,3,0
2,2,0
2,6,4
2,37,35
0,0,0
9,9,0
1,2,1
3,3,0
2,4,2
3,4,1
1,2,1
8,11,3
3,3,0
0,0,0
0,0,0
6,6,0
1,25,24
2,2,0
3,4,1
2,2,0
2,2,0
2,2,0
3,7,4
2,5,3
2,2,0
2,2,0
2,2,0
2,2,0
2,2,0
47,49,2
2,2,0
2,13,11
62,73,11
3,5,2
3,3,0
3,5,2
34,35,1
2,4,2
2,4,2
2,2,0
2,2,0
7,8,1
3,3,0
3,3,0
0,0,0
2,2,0
2,2,0
24,24,0
2,2,0
2,4,2
2,2,0
1,68,67
2,2,0
2,2,0
2,2,0
0,0,0
2,2,0
2,2,0
9,9,0
3,3,0
2,2,0
3,5,2
2,2,0
2,4,2
1,1,0
8,10,2
2,2,0
4,4,0
1,1,0
2,2,0
2,2,0
2,2,0
3,4,1
2,2,0
50,50,0
10,10,0
2,2,0
1,3,2
2,2,0
2,82,80
1,14,13
2,2,0
2,2,0
2,2,0
22,22,0
2,4,2
2,2,0
3,7,4
2,2,0
2,4,2
2,4,2
100,100,0
1,2,1
72,72,0
22,22,0
3,3,0
3,3,0
2,16,14
12,12,0
51,51,0
2,2,0
33,33,0
1,9,8
2,8,6
3,3,0
2,2,0
2,2,0
3,3,0
4,4,0
60,121,61
2,2,0
1,1,0
2,2,0
2,2,0
3,3,0
3,5,2
2,3,1
3,3,0
2,4,2
2,3,1
2,2,0
2,2,0
1,1,0
8,8,0
2,2,0
128,128,0
2,2,0
6,6,0
100,100,0
3,11,8
1,2,1
1,2,1
2,5,3
2,2,0
2,2,0
2,2,0
2,2,0
26,26,0
2,2,0
2,3,1
2,2,0
2,2,0
56,56,0
3,3,0
9,9,0
3,13,10
2,2,0
2,2,0
2,2,0
2,2,0
2,4,2
4,4,0
1,5,4
2,2,0
3,3,0
3,3,0
2,2,0
2,4,2
8,8,0
2,2,0
1,21,20
2,2,0
51,91,40
3,8,5
3,7,4
2,2,0
3,5,2
3,3,0
3,4,1
3,5,2
2,2,0
3,7,4
2,2,0
2,2,0
2,4,2
2,2,0
2,2,0
2,2,0
2,2,0
2,2,0
2,5,3
1,5,4
1,2,1
2,8,6
3,3,0
2,2,0
2,2,0
2,2,0
2,7,5
3,10,7
9,19,10
1,5,4
2,2,0
1,2,1
100,100,0
6,6,0
1,101,100
0,0,0
2,2,0
3,3,0
3,3,0
2,2,0
1,79,78
2,2,0
2,4,2
2,82,80
1,1,0
1,2,1
2,82,80
2,2,0
4,6,2
8,8,0
3,3,0
3,5,2
2,2,0
2,2,0
0,0,0
1,7,6
2,3,1
2,2,0
2,2,0
3,7,4
2,3,1
2,2,0
3,3,0
8,8,0
1,1,0
2,6,4
3,5,2
30,30,0
2,8,6
1,26,25
4,4,0
2,2,0
2,2,0
3,3,0
2,20,18
2,2,0
2,2,0
2,2,0
2,2,0
5,5,0
2,2,0
3,5,2
1,1,0
2,19,17
1,2,1
9,9,0
2,2,0
2,2,0
2,2,0
2,2,0
2,3,1
0,0,0
2,2,0
1,1,0
2,2,0
2,2,0
20,20,0
2,2,0
2,2,0
3,3,0
2,2,0
3,11,8
3,3,0
2,2,0
2,2,0
2,3,1
9,9,0
8,8,0
1,5,4
2,2,0
3,3,0
3,3,0
2,2,0
2,3,1
2,2,0
11,11,0
19,21,2
8,17,9
7,7,0
3,3,0
1,1,0
2,2,0
2,2,0
0,0,0
1,1,0
3,3,0
0,0,0
3,3,0
2,2,0
3,7,4
2,6,4
1,1,0
2,2,0
1,20,19
2,2,0
3,3,0
3,6,3
2,4,2
5,5,0
20,20,0
2,176,174
0,0,0
2,2,0
3,8,5
8,8,0
1,1,0
2,2,0
3,7,4
2,2,0
3,3,0
1,3,2
2,38,36
2,2,0
2,2,0
0,0,0
3,5,2
3,3,0
2,2,0
2,22,20
2,4,2
2,2,0
1,2,1
2,2,0
2,2,0
2,2,0
9,9,0
19,19,0
2,2,0
2,2,0
9,9,0
2,6,4
2,2,0
1,6,5
4,4,0
8,8,0
21,21,0
2,2,0
2,82,80
9,16,7
8,8,0
1,1,0
3,3,0
2,2,0
2,2,0
2,2,0
2,2,0
2,2,0
96,99,3
4,4,0
2,2,0
1,4,3
2,2,0
2,4,2
11,11,0
11,11,0
3,5,2
1,1,0
2,22,20
1,2,1
3,5,2
2,2,0
3,6,3
2,2,0
2,2,0
2,2,0
3,5,2
3,24,21
3,3,0
1,2,1
9,9,0
3,3,0
2,2,0
2,2,0
2,2,0
5,13,8
2,2,0
2,3,1
3,3,0
2,2,0
5,5,0
3,5,2
2,2,0
3,3,0
2,2,0
0,0,0
1,1,0
6,6,0
3,4,1
20,22,2
1,32,31
3,5,2
3,7,4
2,2,0
8,8,0
38,38,0
10,10,0
2,2,0
0,0,0
20,22,2
3,3,0
3,8,5
2,4,2
9,10,1
2,6,4
3,8,5
3,7,4
3,3,0
10,11,1
2,2,0
3,5,2
2,2,0
2,2,0
1,1,0
2,2,0
34,46,12
3,5,2
62,63,1
8,10,2
1,1,0
2,4,2
1,1,0
1,1,0
2,2,0
7,7,0
2,2,0
1,1,0
14,20,6
10,20,10
2,2,0
2,2,0
2,2,0
2,2,0
3,7,4
3,7,4
9,9,0
8,10,2
3,3,0
2,2,0
2,2,0
2,2,0
2,2,0
1,1,0
3,3,0
2,4,2
2,11,9
3,4,1
111,111,0
7,7,0
2,6,4
2,84,82
2,2,0
2,2,0
2,2,0
2,4,2
1,2,1
9,9,0
2,2,0
2,2,0
2,2,0
2,2,0
3,3,0
2,2,0
62,64,2
2,3,1
1,45,44
40,43,3
2,4,2
2,2,0
2,2,0
3,5,2
2,3,1
3,3,0
7,11,4
3,3,0
1,3,2
0,0,0
3,13,10
2,14,12
2,2,0
2,2,0
2,4,2
2,2,0
3,3,0
2,2,0
1,6,5
2,2,0
2,2,0
1,1,0
3,3,0
1,24,23
3,5,2
2,2,0
2,2,0
2,82,80
2,2,0
2,2,0
2,2,0
9,9,0
2,6,4
2,2,0
3,3,0
5,5,0
13,17,4
2,2,0
6,6,0
2,2,0
3,3,0
2,2,0
2,2,0
3,3,0
2,8,6
2,2,0
9,9,0
2,2,0
3,5,2
3,3,0
2,13,11
9,9,0
0,0,0
3,3,0
2,2,0
3,3,0
1,1,0
3,3,0
10,10,0
41,42,1
2,2,0
2,2,0
3,3,0
2,2,0
20,36,16
0,0,0
32,42,10
6,6,0
3,3,0
26,28,2
4,7,3
1,2,1
2,2,0
3,15,12
7,7,0
2,7,5
2,2,0
2,4,2
2,2,0
3,3,0
2,2,0
3,5,2
6,6,0
3,5,2
2,2,0
3,3,0
2,2,0
1,2,1
2,15,13
2,4,2
1,1,0
2,2,0
3,3,0
3,5,2
2,2,0
3,5,2
22,22,0
2,2,0
2,2,0
3,9,6
9,9,0
1,1,0
8,16,8
2,7,5
3,3,0
2,4,2
3,3,0
3,15,12
2,2,0
3,3,0
2,2,0
2,4,2
2,2,0
3,3,0
2,4,2
3,5,2
3,4,1
2,4,2
2,2,0
2,2,0
1,58,57
3,7,4
2,2,0
2,4,2
0,0,0
2,2,0
60,121,61
3,14,11
136,136,0
2,4,2
2,2,0
2,2,0
2,2,0
11,11,0
2,2,0
1,2,1
3,8,5
3,7,4
1,23,22
3,3,0
2,2,0
1,1,0
3,9,6
1,1,0
8,8,0
3,3,0
1,3,2
3,3,0
3,3,0
2,2,0
5,5,0
2,3,1
2,2,0
3,3,0
9,20,11
2,4,2
1,1,0
3,3,0
2,6,4
9,9,0
2,10,8
3,8,5
3,5,2
2,2,0
3,3,0
3,5,2
8,8,0
3,5,2
2,2,0
2,8,6
2,2,0
3,3,0
2,2,0
24,24,0
9,9,0
3,10,7
1,1,0
1,3,2
3,7,4
2,3,1
4,5,1
0,0,0
2,3,1
3,3,0
3,7,4
1,3,2
2,2,0
2,2,0
3,3,0
3,3,0
0,0,0
0,0,0
3,3,0
1,2,1
1,2,1
2,2,0
2,2,0
1,1,0
2,2,0
3,3,0
3,3,0
2,2,0
3,3,0
2,2,0
1,1,0
3,3,0
2,2,0
3,5,2
9,18,9
135,135,0
2,6,4
51,51,0
17,17,0
2,2,0
3,3,0
2,4,2
2,27,25
2,2,0
2,2,0
8,8,0
3,9,6
2,6,4
2,3,1
1,1,0
2,2,0
8,8,0
32,32,0
2,2,0
20,20,0
5,5,0
2,2,0
2,2,0
1,6,5
1,3,2
3,7,4
2,2,0
1,1,0
2,2,0
3,3,0
2,2,0
3,3,0
2,2,0
2,8,6
1,2,1
1,20,19
3,3,0
3,3,0
3,3,0
2,2,0
2,2,0
95,99,4
4,7,3
0,0,0
2,2,0
2,2,0
2,2,0
2,2,0
0,0,0
2,2,0
2,2,0
2,2,0
1,2,1
2,4,2
1,20,19
2,2,0
3,3,0
2,4,2
2,3,1
1,2,1
5,5,0
2,2,0
1,2,1
2,4,2
3,7,4
2,8,6
2,2,0
0,0,0
3,3,0
2,2,0
2,2,0
3,3,0
2,2,0
16,19,3
2,2,0
0,0,0
3,3,0
3,3,0
4,4,0
2,2,0
3,3,0
2,4,2
2,2,0
2,3,1
8,8,0
3,3,0
3,5,2
3,3,0
6,8,2
1,2,1
0,0,0
6,6,0
2,2,0
3,4,1
2,2,0
18,18,0
3,3,0
13,13,0
3,5,2
2,2,0
1,1,0
2,2,0
4,4,0
3,3,0
3,5,2
1,2,1
2,2,0
3,3,0
3,3,0
1,1,0
10,10,0
2,2,0
2,92,90
3,7,4
2,5,3
2,2,0
2,4,2
3,3,0
1,1,0
2,2,0
3,3,0
3,5,2
1,23,22
2,2,0
3,3,0
2,2,0
4,4,0
6,6,0
1,2,1
1,1,0
1,2,1
2,2,0
2,4,2
1,1,0
2,5,3
1,1,0
2,2,0
2,2,0
2,4,2
2,2,0
0,0,0
2,2,0
3,10,7
2,2,0
3,6,3
2,2,0
2,2,0
2,2,0
2,2,0
2,2,0
3,8,5
1,23,22
1,2,1
1,2,1
3,7,4
5,5,0
2,3,1
2,2,0
2,4,2
3,7,4
2,31,29
1,4,3
2,2,0
1,23,22
2,2,0
3,5,2
2,6,4
1,1,0
2,2,0
1,2,1
3,9,6
3,3,0
9,9,0
2,2,0
3,3,0
3,3,0
2,2,0
0,0,0
2,2,0
2,2,0
2,10,8
3,3,0
2,2,0
2,14,12
2,2,0
3,9,6
2,2,0
44,47,3
2,5,3
3,3,0
2,2,0
1,22,21
2,12,10
3,34,31
15,15,0
11,13,2
3,5,2
3,6,3
2,3,1
2,2,0
3,3,0
3,3,0
1,2,1
2,2,0
2,3,1
9,9,0
1,1,0
8,8,0
2,2,0
2,2,0
2,3,1
2,2,0
3,3,0
2,7,5
2,2,0
1,1,0
1,1,0
4,4,0
52,167,115
3,3,0
2,6,4
2,2,0
3,3,0
8,8,0
8,8,0
2,2,0
54,54,0
21,21,0
8,8,0
2,2,0
8,8,0
1,21,20
2,2,0
2,10,8
4,4,0
5,5,0
2,79,77
3,3,0
6,6,0
1,25,24
3,3,0
2,2,0
2,2,0
2,2,0
2,2,0
2,2,0
2,2,0
1,2,1
2,2,0
2,3,1
51,51,0
3,3,0
2,2,0
2,5,3
2,2,0
2,3,1
2,2,0
9,9,0
2,2,0
2,2,0
2,6,4
2,14,12
10,11,1
11,32,21
2,2,0
2,2,0
2,2,0
2,2,0
2,2,0
1,2,1
3,3,0
2,2,0
2,11,9
2,2,0
2,4,2
2,2,0
26,50,24
10,14,4
4,4,0
3,5,2
36,36,0
3,13,10
9,9,0
2,2,0
3,3,0
2,2,0
2,2,0
3,5,2
3,3,0
2,2,0
2,2,0
2,2,0
3,7,4
2,2,0
3,3,0
3,3,0
23,33,10
4,4,0
2,2,0
2,2,0
3,7,4
8,8,0
1,2,1
2,2,0
2,2,0
2,2,0
9,9,0
3,3,0
3,3,0
12,21,9
2,82,80
10,10,0
1,1,0
2,2,0
2,2,0
2,2,0
8,8,0
1,2,1
3,3,0
2,8,6
12,14,2
8,10,2
2,2,0
2,2,0
2,2,0
3,7,4
2,2,0
2,2,0
2,2,0
3,3,0
6,6,0
2,9,7
2,2,0
3,3,0
14,14,0
9,9,0
8,8,0
2,2,0
3,3,0
1,1,0
3,5,2
2,2,0
2,2,0
2,4,2
3,10,7
2,4,2
1,1,0
2,2,0
8,8,0
2,2,0
11,11,0
2,2,0
5,5,0
0,0,0
0,0,0
3,3,0
17,19,2
1,1,0
1,4,3
1,2,1
2,4,2
3,3,0
2,2,0
6,6,0
2,2,0
3,3,0
2,5,3
2,2,0
1,4,3
2,2,0
2,2,0
1,1,0
3,3,0
1,2,1
2,2,0
78,78,0
2,2,0
2,4,2
2,2,0
2,46,44
9,9,0
1,1,0
3,3,0
3,5,2
3,3,0
2,2,0
100,100,0
3,3,0
2,2,0
3,3,0
3,5,2
1,1,0
2,2,0
2,2,0
2,2,0
2,2,0
2,2,0
1,2,1
2,2,0
2,5,3
2,2,0
8,8,0
2,2,0
10,12,2
4,73,69
22,22,0
3,3,0
3,3,0
1,1,0
2,2,0
0,0,0
2,2,0
2,15,13
2,2,0
2,2,0
2,2,0
3,3,0
2,2,0
20,43,23
2,27,25
2,4,2
2,2,0
1,1,0
2,18,16
2,2,0
2,2,0
2,2,0
2,4,2
3,5,2
2,4,2
2,6,4
2,80,78
2,9,7
2,2,0
2,2,0
9,9,0
8,8,0
3,3,0
7,7,0
3,3,0
1,6,5
2,2,0
3,3,0
3,3,0
6,6,0
3,3,0
2,2,0
2,2,0
3,3,0
1,1,0
3,3,0
12,12,0
9,9,0
106,106,0
3,7,4
3,3,0
5,5,0
10,10,0
22,22,0
3,5,2
2,2,0
1,1,0
9,9,0
2,4,2
1,1,0
2,10,8
14,14,0
9,13,4
2,2,0
2,2,0
3,3,0
16,20,4
1,2,1
2,3,1
8,8,0
2,2,0
63,63,0
17,17,0
2,4,2
2,2,0
2,2,0
1,2,1
2,2,0
10,12,2
2,3,1
1,2,1
2,4,2
2,2,0
2,2,0
2,2,0
2,2,0
1,1,0
1,60,59
2,60,58
2,13,11
8,19,11
2,3,1
3,5,2
2,14,12
8,8,0
9,11,2
1,8,7
2,2,0
22,22,0
1,1,0
2,3,1
2,2,0
2,2,0
3,5,2
2,4,2
1,1,0
2,2,0
3,3,0
3,3,0
2,7,5
2,7,5
3,3,0
3,11,8
2,2,0
2,2,0
4,4,0
2,2,0
3,3,0
2,2,0
6,8,2
2,2,0
18,18,0
3,4,1
0,0,0
2,2,0
2,2,0
3,5,2
2,2,0
2,2,0
0,0,0
3,3,0
2,2,0
2,4,2
177,177,0
3,3,0
8,8,0
2,2,0
7,9,2
2,2,0
2,11,9
3,9,6
2,3,1
3,3,0
2,2,0
2,4,2
2,4,2
3,5,2
2,2,0
11,11,0
2,2,0
2,2,0
2,6,4
2,2,0
2,4,2
9,9,0
2,2,0
3,6,3
2,2,0
3,3,0
2,2,0
3,5,2
3,3,0
2,2,0
3,3,0
3,3,0
2,2,0
2,2,0
9,9,0
9,9,0
3,12,9
9,9,0
3,6,3
3,10,7
6,6,0
78,109,31
2,2,0
9,9,0
1,2,1
3,11,8
2,2,0
3,12,9
2,2,0
4,4,0
30,60,30
3,6,3
8,8,0
3,5,2
2,2,0
1,6,5
2,2,0
2,2,0
2,2,0
2,9,7
2,2,0
8,8,0
8,8,0
2,2,0
60,61,1
2,2,0
2,2,0
0,0,0
0,0,0
1,5,4
1,1,0
3,3,0
3,16,13
2,97,95
11,13,2
2,2,0
3,6,3
1,13,12
5,5,0
2,2,0
2,11,9
10,14,4
3,3,0
2,5,3
1,2,1
62,118,56
3,3,0
2,3,1
1,53,52
2,2,0
11,26,15
2,2,0
2,3,1
1,25,24
3,3,0
2,2,0
2,2,0
2,2,0
1,3,2
0,0,0
2,2,0
2,2,0
1,1,0
2,2,0
3,3,0
4,4,0
0,0,0
0,0,0
2,2,0
1,1,0
2,2,0
2,2,0
3,3,0
27,27,0
2,2,0
11,11,0
3,5,2
9,9,0
6,7,1
3,7,4
1,1,0
3,6,3
11,11,0
2,2,0
9,9,0
2,12,10
15,17,2
3,5,2
2,2,0
3,3,0
2,2,0
3,5,2
2,2,0
1,1,0
2,2,0
549,549,0
3,4,1
2,2,0
0,0,0
2,2,0
8,8,0
3,7,4
3,5,2
2,2,0
2,2,0
12,12,0
2,3,1
2,2,0
2,2,0
4,9,5
2,2,0
2,2,0
2,5,3
2,2,0
2,4,2
2,2,0
2,2,0
2,2,0
61,61,0
2,2,0
2,2,0
3,5,2
2,49,47
2,2,0
2,5,3
2,2,0
3,3,0
8,8,0
2,6,4
2,2,0
2,2,0
2,2,0
32,32,0
4,4,0
3,3,0
3,14,11
1,3,2
101,101,0
3,3,0
2,3,1
1,2,1
2,2,0
2,2,0
3,3,0
3,7,4
3,7,4
2,4,2
1,9,8
9,9,0
1,1,0
3,3,0
1,2,1
1,4,3
11,11,0
2,2,0
2,13,11
2,2,0
9,9,0
0,0,0
3,5,2
2,2,0
4,4,0
2,2,0
2,2,0
6,8,2
2,2,0
3,4,1
5,19,14
17,17,0
2,2,0
3,5,2
37,40,3
5,5,0
3,3,0
2,2,0
12,12,0
2,2,0
3,3,0
1,78,77
2,2,0
3,9,6
11,12,1
3,7,4
2,2,0
2,2,0
3,7,4
8,8,0
11,11,0
3,7,4
3,3,0
1,1,0
3,3,0
3,5,2
2,2,0
2,2,0
2,2,0
2,2,0
9,9,0
2,2,0
2,2,0
1,1,0
6,6,0
11,11,0
3,3,0
3,7,4
2,2,0
2,2,0
2,2,0
10,11,1
1,3,2
2,3,1
1,1,0
2,5,3
2,2,0
2,2,0
0,0,0
2,2,0
2,11,9
3,3,0
3,3,0
3,5,2
3,5,2
2,2,0
2,2,0
2,2,0
2,2,0
9,27,18
2,2,0
73,73,0
2,2,0
2,2,0
2,8,6
0,0,0
2,82,80
2,2,0
3,3,0
2,2,0
2,2,0
3,5,2
1,54,53
2,2,0
1,1,0
3,4,1
1,2,1
3,11,8
4,4,0
2,2,0
2,2,0
4,4,0
1,1,0
2,2,0
1,2,1
7,9,2
4,5,1
3,3,0
1,1,0
1,5,4
1,23,22
0,0,0
27,27,0
3,3,0
2,2,0
2,2,0
2,4,2
9,9,0
2,4,2
2,4,2
3,3,0
2,4,2
2,2,0
3,3,0
21,26,5
1,3,2
3,3,0
1,2,1
2,2,0
2,4,2
9,9,0
2,2,0
2,2,0
2,2,0
3,3,0
2,82,80
8,8,0
0,0,0
4,6,2
2,3,1
2,2,0
2,2,0
2,2,0
5,16,11
6,6,0
2,4,2
1,1,0
4,4,0
2,2,0
1,2,1
19,19,0
1,2,1
9,9,0
2,2,0
2,2,0
2,2,0
3,5,2
2,2,0
2,2,0
14,15,1
3,12,9
6,6,0
2,2,0
2,2,0
2,2,0
2,3,1
3,7,4
2,2,0
2,5,3
6,12,6
8,8,0
2,4,2
1,21,20
2,4,2
1,1,0
3,3,0
2,2,0
3,5,2
1,1,0
2,2,0
2,2,0
2,2,0
2,4,2
21,22,1
3,3,0
1,1,0
10,10,0
3,8,5
10,10,0
2,2,0
3,7,4
3,3,0
3,9,6
2,2,0
12,12,0
2,2,0
2,2,0
10,10,0
3,5,2
6,6,0
6,6,0
2,2,0
2,2,0
2,2,0
2,2,0
3,3,0
3,10,7
8,8,0
2,17,15
2,2,0
1,1,0
3,7,4
2,5,3
2,2,0
2,2,0
3,3,0
1,23,22
2,4,2
0,0,0
1,10,9
2,2,0
2,2,0
2,4,2
11,11,0
2,4,2
2,2,0
3,3,0
3,3,0
2,2,0
3,5,2
2,2,0
2,2,0
2,6,4
3,3,0
3,7,4
8,8,0
2,2,0
2,2,0
2,4,2
1,1,0
3,3,0
2,2,0
2,2,0
3,5,2
4,4,0
2,2,0
1,4,3
2,46,44
3,5,2
3,10,7
9,9,0
3,5,2
1,2,1
2,2,0
1,2,1
4,4,0
3,9,6
2,2,0
1,1,0
2,2,0
3,7,4
3,5,2
3,5,2
2,2,0
2,13,11
2,47,45
4,4,0
3,3,0
2,9,7
2,16,14
2,2,0
3,7,4
2,6,4
3,3,0
2,2,0
3,5,2
2,4,2
3,3,0
3,7,4
3,3,0
71,71,0
2,4,2
1,2,1
9,9,0
2,42,40
3,3,0
4,5,1
3,10,7
3,8,5
0,0,0
2,76,74
1,1,0
2,4,2
2,2,0
2,2,0
2,2,0
2,2,0
2,2,0
2,2,0
2,8,6
13,13,0
1,1,0
3,3,0
2,2,0
3,3,0
3,3,0
11,11,0
9,9,0
6,6,0
0,0,0
2,2,0
7,7,0
7,7,0
1,2,1
2,2,0
5,47,42
3,3,0
2,2,0
2,4,2
9,9,0
33,33,0
8,8,0
3,3,0
1,21,20
1,45,44
3,3,0
3,8,5
2,2,0
3,3,0
2,4,2
2,2,0
2,2,0
9,9,0
2,2,0
3,3,0
1,1,0
2,17,15
0,0,0
6,6,0
2,2,0
3,5,2
2,2,0
2,4,2
33,34,1
2,13,11
6,6,0
3,3,0
2,2,0
6,6,0
2,4,2
2,4,2
98,98,0
2,11,9
2,5,3
3,3,0
1,1,0
2,25,23
2,2,0
2,2,0
2,40,38
3,3,0
2,2,0
2,2,0
3,3,0
4,4,0
1,7,6
2,7,5
2,2,0
6,6,0
3,3,0
2,2,0
3,7,4
8,8,0
3,3,0
3,3,0
2,2,0
8,8,0
2,2,0
8,8,0
2,2,0
2,2,0
2,2,0
3,3,0
2,2,0
3,3,0
2,2,0
2,2,0
2,2,0
2,2,0
3,3,0
9,9,0
2,2,0
2,2,0
2,2,0
3,4,1
2,2,0
8,8,0
2,5,3
3,3,0
2,6,4
2,2,0
3,3,0
2,4,2
2,2,0
2,2,0
3,7,4
3,4,1
3,8,5
1,1,0
1,1,0
3,3,0
2,2,0
3,3,0
3,3,0
0,0,0
3,3,0
1,1,0
2,9,7
20,20,0
3,3,0
2,2,0
2,2,0
2,4,2
2,4,2
100,100,0
1,27,26
2,8,6
2,2,0
2,4,2
11,11,0
2,6,4
2,2,0
3,5,2
2,3,1
3,3,0
8,8,0
2,8,6
3,3,0
2,2,0
3,3,0
3,3,0
2,2,0
3,5,2
3,3,0
2,4,2
2,4,2
3,3,0
22,22,0
3,5,2
2,2,0
14,14,0
2,2,0
2,2,0
10,10,0
2,2,0
1,1,0
2,2,0
4,4,0
1,3,2
1,7,6
2,82,80
2,2,0
4,16,12
120,242,122
8,8,0
3,3,0
2,2,0
11,11,0
1,2,1
3,3,0
2,6,4
2,2,0
9,24,15
2,2,0
2,4,2
6,6,0
1,1,0
3,3,0
2,9,7
3,12,9
6,6,0
3,5,2
2,2,0
2,5,3
3,6,3
3,3,0
1,2,1
22,22,0
2,2,0
32,32,0
3,9,6
9,9,0
3,5,2
3,11,8
2,3,1
5,11,6
14,14,0
2,2,0
18,18,0
1,2,1
3,3,0
2,2,0
2,10,8
3,3,0
2,2,0
2,3,1
1,2,1
3,5,2
2,2,0
2,2,0
11,11,0
3,3,0
2,2,0
2,2,0
14,15,1
2,2,0
14,14,0
3,8,5
1,2,1
2,2,0
2,2,0
8,8,0
1,26,25
2,2,0
2,2,0
8,8,0
17,17,0
2,2,0
3,8,5
2,2,0
1,1,0
2,2,0
2,2,0
2,4,2
3,5,2
3,7,4
2,2,0
2,4,2
2,10,8
2,3,1
3,5,2
2,6,4
1,3,2
2,2,0
1,6,5
3,3,0
2,2,0
1,4,3
6,6,0
1,11,10
2,5,3
3,3,0
2,2,0
2,2,0
3,11,8
4,4,0
2,2,0
0,0,0
3,5,2
2,2,0
11,11,0
3,3,0
9,28,19
3,7,4
2,2,0
2,2,0
84,189,105
3,10,7
2,2,0
2,2,0
2,2,0
2,2,0
4,72,68
2,2,0
2,2,0
22,22,0
5,5,0
2,2,0
2,13,11
3,5,2
3,3,0
2,2,0
2,4,2
3,5,2
3,3,0
2,2,0
2,2,0
2,2,0
0,0,0
2,2,0
0,0,0
35,43,8
1,3,2
2,2,0
1,3,2
11,11,0
3,11,8
2,2,0
2,2,0
9,9,0
9,11,2
1,2,1
2,2,0
2,2,0
2,2,0
2,2,0
0,0,0
2,2,0
3,4,1
1,2,1
3,3,0
2,4,2
3,5,2
2,2,0
3,3,0
2,2,0
1,1,0
3,3,0
2,4,2
3,5,2
2,2,0
9,9,0
3,11,8
2,45,43
17,20,3
2,2,0
2,2,0
2,2,0
98,98,0
3,3,0
3,3,0
19,19,0
2,8,6
2,2,0
3,9,6
2,2,0
3,5,2
2,2,0
1,2,1
0,0,0
3,4,1
3,3,0
2,4,2
6,10,4
2,2,0
10,10,0
3,3,0
1,1,0
3,5,2
2,2,0
10,37,27
1,4,3
1,5,4
2,2,0
2,2,0
51,74,23
2,3,1
2,2,0
0,0,0
9,9,0
1,3,2
2,4,2
4,51,47
3,3,0
2,2,0
1,1,0
9,9,0
0,0,0
2,2,0
3,3,0
14,14,0
1,29,28
2,2,0
10,10,0
8,8,0
7,7,0
13,13,0
2,4,2
2,2,0
3,3,0
3,3,0
1,2,1
2,2,0
2,2,0
2,2,0
2,2,0
2,2,0
2,11,9
2,2,0
2,4,2
0,0,0
2,2,0
2,2,0
3,6,3
2,3,1
3,3,0
8,8,0
3,3,0
3,7,4
2,4,2
4,4,0
2,2,0
9,37,28
2,2,0
3,4,1
33,35,2
2,2,0
3,5,2
2,2,0
2,2,0
20,57,37
15,15,0
2,2,0
1,3,2
3,3,0
8,8,0
2,82,80
1,1,0
8,10,2
2,2,0
3,3,0
0,0,0
2,14,12
2,2,0
2,2,0
3,5,2
3,11,8
2,4,2
2,13,11
154,154,0
2,2,0
0,0,0
2,4,2
2,2,0
9,9,0
3,5,2
0,0,0
8,8,0
2,4,2
8,8,0
3,3,0
2,2,0
18,66,48
2,2,0
2,2,0
8,8,0
2,5,3
6,6,0
2,2,0
2,2,0
3,3,0
8,8,0
3,3,0
1,2,1
2,3,1
4,4,0
2,2,0
2,4,2
1,2,1
2,2,0
2,10,8
2,2,0
2,2,0
9,9,0
1,1,0
2,2,0
3,5,2
3,5,2
2,2,0
0,0,0
3,3,0
30,30,0
1,5,4
8,8,0
1,2,1
2,2,0
12,12,0
2,2,0
2,2,0
2,2,0
3,3,0
3,9,6
3,3,0
2,2,0
9,9,0
2,2,0
1,1,0
2,2,0
5,5,0
2,3,1
3,3,0
39,39,0
2,3,1
25,41,16
3,18,15
2,2,0
2,2,0
2,2,0
4,4,0
3,9,6
1,1,0
2,2,0
2,4,2
2,3,1
3,3,0
1,2,1
8,10,2
2,2,0
2,4,2
2,3,1
3,3,0
3,3,0
2,2,0
2,2,0
50,55,5
3,4,1
3,7,4
2,2,0
1,28,27
3,3,0
0,0,0
11,11,0
17,24,7
1,1,0
3,3,0
0,0,0
0,0,0
3,11,8
2,5,3
2,2,0
2,3,1
2,6,4
8,8,0
1,4,3
1,2,1
2,2,0
3,5,2
2,2,0
3,3,0
2,2,0
2,3,1
2,2,0
8,10,2
2,2,0
2,2,0
3,5,2
3,3,0
3,5,2
2,2,0
2,2,0
1,24,23
8,10,2
2,23,21
2,2,0
2,2,0
3,3,0
2,2,0
2,3,1
2,4,2
3,3,0
1,2,1
1,3,2
2,2,0
3,5,2
1,1,0
2,3,1
2,7,5
2,2,0
2,2,0
2,2,0
2,2,0
31,38,7
3,3,0
4,4,0
2,2,0
1,1,0
2,2,0
2,2,0
2,4,2
3,3,0
2,2,0
2,4,2
16,54,38
3,3,0
8,8,0
2,2,0
3,3,0
2,2,0
2,4,2
2,3,1
8,13,5
2,2,0
2,2,0
10,10,0
2,4,2
3,5,2
2,4,2
5,6,1
2,2,0
3,7,4
32,34,2
1,60,59
1,1,0
2,5,3
3,5,2
2,2,0
8,8,0
3,3,0
2,2,0
3,7,4
10,11,1
2,3,1
3,6,3
3,7,4
3,3,0
2,4,2
6,11,5
0,0,0
2,2,0
3,3,0
3,5,2
2,2,0
3,6,3
6,6,0
5,5,0
2,2,0
9,9,0
3,3,0
2,2,0
2,2,0
1,1,0
3,3,0
3,5,2
3,3,0
1,2,1
3,7,4
2,3,1
2,6,4
2,3,1
3,8,5
2,2,0
3,5,2
2,3,1
3,3,0
0,0,0
3,7,4
2,2,0
0,0,0
2,2,0
1,1,0
2,2,0
0,0,0
2,3,1
3,8,5
3,3,0
3,3,0
2,6,4
9,9,0
3,16,13
3,3,0
3,6,3
3,7,4
1,1,0
2,5,3
3,5,2
3,79,76
1,2,1
3,7,4
2,2,0
8,8,0
3,3,0
3,3,0
2,2,0
2,4,2
2,2,0
1,23,22
3,3,0
8,8,0
2,3,1
2,2,0
2,2,0
3,3,0
2,9,7
3,12,9
2,2,0
3,7,4
3,3,0
3,9,6
2,2,0
2,3,1
3,3,0
2,2,0
3,4,1
8,8,0
3,3,0
1,22,21
8,8,0
2,15,13
21,21,0
2,2,0
3,3,0
1,3,2
2,4,2
2,2,0
3,3,0
3,3,0
2,2,0
2,2,0
2,2,0
21,21,0
3,14,11
2,2,0
2,2,0
1,1,0
3,3,0
3,3,0
2,2,0
3,3,0
2,2,0
6,13,7
2,2,0
12,14,2
2,2,0
4,4,0
2,12,10
100,100,0
2,3,1
2,2,0
4,4,0
2,2,0
3,3,0
1,2,1
2,2,0
8,8,0
3,3,0
3,6,3
3,5,2
3,4,1
0,0,0
3,3,0
12,13,1
2,2,0
2,4,2
3,3,0
6,6,0
19,19,0
101,101,0
2,7,5
1,1,0
2,3,1
2,6,4
10,10,0
2,2,0
2,4,2
3,3,0
3,4,1
3,3,0
2,4,2
2,2,0
2,2,0
2,2,0
2,2,0
3,4,1
2,2,0
2,2,0
14,15,1
2,8,6
6,6,0
1,1,0
2,2,0
2,2,0
3,3,0
10,18,8
51,51,0
3,7,4
2,2,0
3,3,0
3,3,0
1,1,0
2,4,2
1,6,5
102,102,0
8,8,0
2,3,1
3,3,0
2,2,0
4,4,0
2,2,0
2,13,11
3,7,4
2,10,8
2,2,0
3,4,1
1,6,5
2,2,0
1,21,20
2,12,10
11,11,0
2,2,0
2,2,0
2,2,0
1,2,1
1,1,0
17,17,0
2,2,0
2,2,0
6,13,7
2,2,0
3,11,8
3,3,0
3,3,0
9,9,0
2,2,0
2,2,0
8,8,0
1,8,7
0,0,0
18,19,1
2,2,0
2,2,0
2,2,0
6,12,6
4,4,0
2,3,1
9,9,0
3,8,5
2,2,0
2,5,3
2,2,0
3,3,0
3,3,0
2,4,2
9,9,0
1,1,0
3,8,5
1,2,1
2,3,1
1,3,2
2,2,0
2,2,0
3,3,0
3,6,3
2,2,0
3,3,0
2,2,0
6,6,0
3,3,0
2,27,25
3,3,0
3,3,0
46,46,0
4,4,0
3,7,4
2,8,6
2,2,0
2,2,0
2,4,2
13,16,3
2,2,0
1,7,6
3,3,0
3,5,2
3,3,0
3,3,0
18,18,0
2,2,0
2,4,2
2,2,0
11,11,0
2,2,0
2,2,0
12,56,44
3,5,2
3,10,7
2,2,0
2,2,0
2,3,1
9,9,0
4,4,0
3,9,6
1,1,0
3,7,4
3,3,0
5,5,0
51,51,0
6,59,53
2,7,5
2,15,13
0,0,0
2,6,4
2,2,0
3,3,0
95,188,93
3,49,46
2,10,8
2,2,0
1,2,1
2,4,2
2,2,0
2,2,0
1,1,0
6,6,0
3,3,0
2,3,1
2,2,0
2,2,0
2,6,4
1,2,1
3,4,1
3,3,0
2,37,35
22,23,1
36,36,0
2,2,0
2,2,0
2,2,0
7,7,0
9,9,0
3,3,0
9,9,0
1,4,3
2,4,2
3,3,0
3,3,0
2,2,0
3,6,3
3,3,0
1,29,28
2,2,0
3,3,0
2,2,0
2,2,0
2,4,2
2,2,0
3,3,0
2,2,0
2,4,2
2,10,8
1,23,22
3,3,0
3,3,0
3,3,0
1,1,0
14,14,0
2,2,0
2,2,0
2,2,0
2,2,0
3,7,4
2,7,5
2,2,0
0,0,0
2,4,2
3,5,2
3,3,0
2,16,14
3,3,0
3,3,0
1,3,2
58,58,0
8,8,0
3,4,1
2,2,0
2,10,8
2,2,0
2,6,4
2,2,0
2,2,0
3,3,0
2,4,2
8,95,87
1,6,5
1,2,1
1,79,78
2,2,0
1,23,22
2,80,78
1,3,2
2,2,0
2,2,0
2,2,0
2,2,0
2,2,0
2,2,0
1,2,1
8,16,8
0,0,0
2,2,0
3,3,0
2,4,2
3,3,0
2,2,0
11,11,0
2,2,0
3,3,0
2,4,2
1,75,74
2,2,0
2,2,0
1,1,0
3,3,0
2,2,0
2,2,0
8,8,0
21,21,0
2,2,0
1,1,0
2,3,1
2,2,0
2,2,0
3,3,0
3,3,0
2,2,0
3,3,0
3,5,2
0,0,0
2,5,3
0,0,0
115,116,1
1,1,0
1,32,31
47,47,0
2,2,0
1,6,5
2,4,2
7,9,2
2,2,0
0,0,0
1,13,12
8,8,0
2,2,0
2,4,2
46,164,118
3,3,0
2,2,0
8,19,11
3,20,17
0,0,0
8,8,0
2,2,0
11,11,0
2,2,0
4,11,7
3,3,0
3,3,0
2,2,0
8,8,0
3,9,6
2,2,0
2,2,0
3,5,2
8,8,0
2,2,0
2,2,0
0,0,0
3,3,0
3,3,0
11,11,0
3,3,0
3,3,0
2,2,0
3,3,0
10,10,0
2,6,4
22,22,0
3,10,7
1,3,2
3,11,8
3,3,0
3,14,11
2,10,8
3,7,4
2,2,0
2,7,5
2,4,2
2,2,0
2,2,0
3,8,5
0,0,0
1,1,0
3,7,4
3,10,7
1,27,26
4,4,0
2,6,4
2,2,0
3,3,0
22,28,6
2,10,8
2,2,0
1,26,25
2,2,0
2,3,1
2,2,0
2,8,6
3,3,0
2,2,0
10,10,0
2,2,0
3,7,4
2,2,0
16,16,0
1,1,0
3,3,0
2,2,0
2,2,0
3,3,0
7,7,0
6,6,0
2,6,4
3,3,0
2,2,0
2,8,6
3,7,4
8,16,8
1,1,0
2,2,0
2,4,2
0,0,0
3,3,0
2,2,0
1,24,23
2,2,0
2,2,0
1,2,1
2,2,0
2,9,7
3,5,2
2,2,0
3,8,5
2,2,0
28,28,0
2,5,3
2,14,12
0,0,0
4,4,0
2,2,0
0,0,0
2,2,0
2,2,0
3,9,6
2,2,0
0,0,0
3,3,0
2,2,0
8,8,0
0,0,0
2,2,0
11,11,0
2,4,2
3,5,2
1,2,1
3,4,1
1,1,0
9,9,0
9,9,0
2,2,0
1,1,0
3,5,2
1,1,0
2,2,0
10,13,3
1,2,1
5,5,0
2,2,0
3,9,6
3,3,0
76,76,0
3,3,0
10,10,0
2,2,0
1,1,0
3,6,3
3,3,0
1,4,3
2,4,2
2,2,0
8,8,0
1,63,62
1,1,0
2,2,0
2,2,0
2,2,0
2,2,0
2,2,0
2,6,4
2,2,0
3,3,0
2,4,2
10,10,0
0,0,0
2,2,0
1,23,22
3,3,0
28,28,0
2,2,0
3,3,0
2,2,0
3,3,0
2,4,2
2,2,0
2,3,1
2,6,4
2,2,0
3,3,0
2,2,0
2,4,2
5,5,0
3,5,2
3,3,0
2,2,0
1,11,10
1,1,0
2,2,0
2,2,0
2,4,2
50,58,8
1,11,10
2,2,0
2,2,0
4,18,14
22,24,2
2,2,0
3,3,0
1,6,5
2,2,0
2,2,0
2,2,0
1,1,0
9,9,0
3,3,0
3,3,0
36,36,0
5,5,0
2,2,0
2,18,16
1,1,0
4,4,0
2,2,0
11,13,2
2,2,0
2,3,1
3,3,0
2,2,0
2,2,0
3,3,0
10,30,20
3,17,14
0,0,0
3,3,0
2,4,2
2,2,0
2,2,0
1,2,1
2,2,0
4,7,3
3,3,0
3,5,2
1,1,0
2,8,6
2,4,2
2,2,0
2,2,0
2,2,0
2,2,0
2,2,0
2,6,4
3,3,0
6,7,1
8,8,0
3,5,2
2,2,0
2,2,0
1,1,0
1,4,3
3,3,0
6,6,0
3,3,0
3,3,0
1,1,0
2,4,2
2,2,0
3,7,4
2,2,0
1,1,0
2,4,2
2,4,2
2,2,0
2,2,0
3,5,2
2,2,0
0,0,0
3,3,0
3,3,0
2,2,0
2,2,0
1,2,1
1,1,0
2,4,2
2,8,6
2,2,0
2,4,2
2,2,0
2,2,0
2,2,0
3,7,4
4,4,0
1,5,4
0,0,0
24,24,0
3,5,2
3,3,0
2,2,0
9,9,0
100,104,4
3,3,0
2,2,0
3,5,2
3,5,2
2,2,0
2,2,0
2,2,0
2,2,0
1,1,0
2,2,0
2,2,0
2,2,0
2,2,0
2,2,0
0,0,0
2,2,0
2,2,0
3,9,6
2,2,0
4,4,0
3,3,0
2,2,0
2,8,6
2,2,0
2,2,0
1,2,1
2,2,0
55,55,0
2,8,6
2,4,2
2,2,0
2,2,0
2,2,0
11,11,0
1,1,0
3,13,10
1,1,0
8,8,0
1,2,1
2,3,1
0,0,0
2,3,1
22,23,1
2,2,0
2,4,2
2,2,0
2,4,2
2,2,0
2,2,0
3,8,5
8,8,0
2,13,11
36,36,0
8,8,0
3,12,9
2,2,0
3,3,0
2,2,0
2,2,0
2,2,0
2,2,0
14,14,0
2,2,0
3,5,2
22,29,7
2,2,0
2,2,0
2,2,0
4,4,0
3,3,0
3,3,0
2,3,1
3,3,0
1,1,0
3,7,4
3,3,0
6,6,0
8,8,0
8,8,0
2,4,2
2,2,0
3,6,3
3,3,0
100,100,0
49,49,0
3,3,0
3,3,0
6,6,0
2,6,4
2,4,2
2,2,0
0,0,0
3,3,0
2,4,2
8,8,0
1,20,19
2,3,1
0,0,0
1,2,1
69,69,0
3,7,4
2,10,8
1,3,2
3,3,0
2,51,49
3,3,0
2,2,0
2,2,0
2,2,0
100,100,0
8,8,0
1,3,2
2,2,0
1,9,8
2,4,2
56,151,95
5,5,0
2,2,0
3,9,6
80,89,9
1,5,4
34,43,9
3,3,0
3,3,0
2,4,2
2,2,0
3,3,0
3,3,0
6,6,0
2,2,0
3,3,0
2,2,0
3,3,0
1,1,0
3,3,0
2,2,0
1,23,22
3,5,2
3,4,1
2,2,0
2,2,0
3,11,8
10,10,0
3,5,2
0,0,0
2,2,0
2,2,0
2,2,0
1,2,1
3,5,2
2,2,0
2,4,2
0,0,0
0,0,0
3,3,0
2,80,78
2,2,0
1,24,23
2,6,4
2,4,2
2,2,0
2,6,4
2,2,0
3,3,0
3,12,9
2,4,2
2,2,0
2,2,0
2,8,6
3,3,0
3,3,0
0,0,0
11,11,0
2,3,1
2,2,0
2,2,0
1,2,1
3,5,2
0,0,0
2,2,0
2,2,0
3,5,2
3,3,0
2,8,6
2,2,0
2,2,0
3,8,5
2,2,0
2,2,0
3,3,0
2,2,0
3,3,0
3,3,0
2,4,2
2,2,0
88,282,194
2,2,0
3,3,0
12,12,0
3,6,3
2,5,3
3,8,5
5,5,0
3,7,4
10,10,0
2,2,0
2,2,0
2,2,0
4,4,0
2,2,0
1,22,21
2,2,0
2,2,0
2,2,0
2,2,0
2,2,0
3,3,0
2,2,0
100,100,0
3,5,2
2,2,0
66,66,0
2,30,28
2,2,0
3,3,0
1,2,1
0,0,0
2,2,0
2,4,2
3,7,4
2,2,0
2,4,2
2,2,0
3,5,2
2,2,0
3,4,1
2,2,0
2,2,0
2,2,0
2,4,2
2,2,0
3,3,0
2,2,0
2,2,0
3,7,4
3,3,0
100,100,0
3,3,0
3,3,0
2,4,2
2,7,5
3,3,0
248,282,34
2,2,0
0,0,0
3,15,12
2,2,0
1,2,1
3,5,2
1,1,0
2,2,0
3,3,0
2,2,0
2,2,0
2,3,1
8,8,0
2,3,1
3,5,2
2,28,26
3,3,0
2,2,0
2,2,0
1,44,43
1,1,0
3,5,2
3,3,0
5,5,0
2,2,0
2,80,78
3,3,0
2,2,0
2,2,0
1,2,1
2,2,0
36,36,0
3,7,4
2,2,0
3,20,17
2,8,6
1,1,0
2,2,0
3,5,2
3,7,4
0,0,0
110,110,0
2,2,0
15,15,0
17,17,0
2,2,0
2,62,60
2,2,0
3,3,0
2,2,0
2,2,0
3,3,0
8,8,0
8,8,0
2,2,0
2,3,1
2,2,0
2,2,0
2,2,0
2,51,49
3,3,0
12,15,3
3,5,2
3,4,1
10,10,0
1,1,0
3,4,1
2,82,80
5,5,0
3,3,0
3,3,0
2,2,0
1,1,0
4,47,43
2,2,0
3,12,9
2,2,0
2,2,0
1,7,6
4,4,0
0,0,0
2,4,2
2,2,0
3,7,4
3,3,0
2,3,1
17,20,3
9,9,0
2,2,0
2,2,0
3,3,0
3,9,6
2,2,0
2,2,0
2,2,0
2,10,8
1,1,0
3,9,6
8,8,0
2,2,0
2,2,0
1,2,1
0,0,0
2,82,80
2,2,0
2,4,2
2,2,0
56,177,121
2,4,2
2,2,0
2,2,0
3,3,0
2,2,0
10,10,0
22,22,0
3,42,39
12,12,0
2,2,0
2,4,2
3,5,2
0,0,0
2,3,1
1,2,1
2,2,0
3,3,0
2,2,0
2,2,0
1,2,1
9,9,0
1,1,0
2,2,0
2,2,0
2,2,0
2,2,0
46,47,1
2,4,2
3,5,2
3,6,3
1,1,0
3,3,0
11,11,0
3,5,2
2,2,0
3,3,0
8,17,9
2,30,28
1,1,0
3,5,2
2,2,0
9,9,0
18,18,0
9,9,0
2,2,0
2,2,0
3,5,2
3,7,4
3,7,4
0,0,0
3,80,77
2,4,2
2,2,0
2,2,0
2,3,1
3,8,5
9,9,0
2,2,0
2,2,0
2,2,0
3,7,4
4,10,6
48,50,2
1,4,3
2,2,0
2,2,0
1,1,0
12,12,0
3,5,2
2,2,0
2,4,2
3,6,3
2,2,0
3,8,5
3,3,0
2,80,78
2,2,0
2,5,3
2,2,0
2,2,0
6,6,0
2,2,0
3,3,0
2,3,1
2,3,1
3,3,0
3,3,0
2,2,0
7,7,0
4,5,1
22,22,0
2,2,0
2,2,0
3,5,2
2,2,0
1,2,1
1,23,22
0,0,0
2,2,0
1,2,1
2,2,0
3,3,0
2,2,0
8,8,0
2,2,0
2,2,0
3,8,5
1,2,1
9,9,0
3,10,7
4,5,1
2,2,0
2,2,0
2,2,0
8,32,24
2,4,2
3,9,6
0,0,0
2,2,0
0,0,0
2,14,12
2,2,0
8,8,0
2,2,0
3,5,2
3,3,0
2,2,0
2,2,0
3,3,0
3,3,0
0,0,0
2,2,0
3,3,0
3,3,0
3,3,0
2,4,2
3,3,0
2,4,2
2,4,2
2,2,0
2,2,0
2,2,0
9,9,0
2,2,0
3,3,0
2,2,0
1,8,7
1,3,2
2,2,0
1,2,1
2,5,3
2,2,0
2,2,0
15,16,1
2,2,0
2,2,0
3,5,2
2,4,2
3,3,0
2,8,6
2,5,3
2,4,2
2,2,0
2,2,0
3,5,2
2,5,3
1,2,1
0,0,0
2,4,2
8,8,0
3,3,0
2,12,10
6,6,0
0,0,0
48,48,0
2,2,0
8,8,0
2,2,0
3,8,5
1,29,28
2,3,1
4,50,46
1,5,4
3,26,23
8,8,0
3,4,1
2,3,1
1,1,0
1,2,1
2,2,0
4,4,0
2,2,0
3,3,0
2,2,0
2,2,0
3,3,0
4,4,0
2,4,2
3,3,0
3,3,0
2,2,0
2,2,0
2,2,0
2,88,86
1,21,20
2,2,0
2,2,0
2,2,0
3,3,0
2,5,3
2,2,0
2,2,0
10,10,0
2,2,0
2,2,0
22,25,3
2,2,0
0,0,0
1,1,0
2,2,0
2,2,0
1,3,2
2,2,0
0,0,0
2,2,0
26,51,25
3,3,0
2,4,2
1,1,0
2,84,82
2,2,0
3,5,2
3,3,0
3,3,0
37,112,75
3,3,0
2,2,0
1,1,0
1,4,3
3,11,8
2,2,0
2,2,0
2,2,0
2,2,0
2,3,1
2,2,0
2,2,0
3,3,0
3,3,0
2,2,0
2,4,2
2,2,0
1,3,2
2,2,0
3,3,0
3,3,0
3,7,4
3,7,4
9,9,0
0,0,0
2,4,2
3,3,0
0,0,0
2,2,0
2,2,0
2,2,0
2,2,0
2,4,2
2,2,0
3,3,0
4,4,0
3,3,0
2,2,0
2,17,15
2,2,0
2,2,0
11,11,0
3,5,2
2,3,1
3,8,5
2,2,0
2,2,0
2,2,0
3,3,0
2,2,0
1,2,1
3,4,1
15,15,0
2,2,0
2,2,0
3,78,75
2,2,0
3,3,0
2,4,2
2,2,0
61,61,0
3,3,0
2,37,35
18,18,0
3,3,0
2,2,0
2,2,0
3,3,0
3,3,0
1,2,1
2,2,0
2,2,0
2,2,0
2,2,0
2,2,0
2,2,0
2,2,0
2,4,2
3,16,13
2,2,0
2,2,0
3,3,0
2,2,0
3,3,0
1,2,1
93,93,0
3,4,1
1,2,1
2,2,0
2,6,4
2,4,2
2,2,0
1,1,0
8,18,10
2,2,0
2,4,2
1,6,5
5,5,0
2,14,12
0,0,0
3,13,10
2,2,0
3,18,15
0,0,0
2,2,0
2,4,2
2,2,0
3,5,2
2,2,0
3,11,8
2,2,0
3,10,7
2,2,0
0,0,0
8,8,0
2,2,0
5,5,0
3,3,0
2,2,0
12,12,0
2,2,0
2,2,0
4,4,0
2,2,0
2,2,0
2,2,0
15,15,0
2,2,0
2,2,0
2,2,0
2,8,6
22,22,0
6,6,0
2,2,0
2,6,4
2,2,0
2,2,0
2,4,2
2,2,0
1,6,5
2,2,0
2,2,0
2,2,0
16,16,0
1,1,0
1,4,3
4,7,3
1,5,4
2,2,0
3,3,0
2,2,0
4,7,3
2,2,0
2,2,0
2,2,0
2,4,2
3,3,0
2,2,0
2,2,0
3,3,0
8,8,0
3,3,0
2,12,10
2,2,0
3,3,0
2,2,0
0,0,0
2,2,0
2,2,0
9,20,11
60,60,0
1,1,0
3,8,5
2,2,0
2,2,0
2,2,0
2,15,13
2,2,0
2,13,11
3,3,0
8,8,0
12,12,0
3,3,0
2,4,2
2,14,12
8,8,0
12,16,4
2,28,26
3,3,0
3,9,6
1,2,1
11,11,0
2,2,0
2,2,0
2,2,0
2,4,2
2,3,1
1,4,3
1,7,6
81,81,0
40,40,0
3,7,4
2,2,0
2,2,0
137,149,12
9,13,4
3,5,2
2,2,0
2,2,0
2,2,0
4,4,0
2,2,0
87,94,7
1,2,1
2,2,0
2,2,0
2,2,0
3,3,0
3,3,0
3,7,4
2,3,1
2,2,0
3,3,0
22,22,0
1,14,13
2,2,0
3,3,0
3,5,2
21,21,0
3,10,7
2,2,0
2,2,0
8,8,0
4,4,0
11,11,0
6,6,0
0,0,0
3,8,5
1,15,14
2,4,2
3,4,1
1,1,0
2,2,0
2,2,0
2,8,6
7,7,0
2,2,0
1,1,0
2,2,0
2,4,2
2,2,0
2,2,0
2,3,1
1,2,1
47,47,0
9,9,0
3,7,4
2,2,0
10,18,8
8,8,0
5,7,2
2,2,0
2,2,0
106,109,3
17,17,0
2,4,2
12,12,0
2,2,0
2,2,0
10,10,0
3,3,0
2,2,0
3,3,0
2,2,0
2,2,0
2,2,0
3,3,0
129,236,107
3,3,0
2,2,0
2,2,0
2,2,0
4,8,4
8,8,0
3,3,0
2,2,0
2,3,1
1,4,3
2,2,0
3,5,2
3,3,0
3,5,2
2,2,0
3,9,6
3,10,7
3,10,7
2,2,0
1,2,1
2,4,2
7,7,0
4,21,17
9,9,0
2,4,2
3,11,8
4,4,0
2,4,2
2,2,0
3,5,2
2,2,0
3,3,0
2,2,0
2,2,0
9,9,0
2,2,0
9,9,0
2,2,0
2,4,2
3,9,6
0,0,0
2,2,0
2,2,0
3,4,1
3,19,16
2,2,0
2,2,0
2,2,0
2,2,0
8,8,0
8,8,0
2,2,0
2,2,0
2,9,7
23,23,0
2,2,0
2,2,0
2,4,2
2,2,0
1,1,0
2,3,1
2,2,0
2,10,8
2,2,0
2,5,3
3,3,0
1,2,1
2,4,2
100,100,0
6,10,4
2,4,2
2,2,0
2,2,0
2,2,0
100,100,0
3,7,4
2,2,0
41,118,77
2,22,20
3,7,4
3,3,0
1,1,0
2,2,0
3,7,4
1,2,1
2,10,8
3,7,4
2,2,0
2,2,0
3,18,15
9,9,0
3,6,3
2,2,0
2,2,0
3,3,0
2,2,0
3,3,0
2,2,0
2,2,0
25,25,0
2,2,0
2,9,7
2,2,0
3,3,0
3,3,0
2,2,0
2,2,0
3,5,2
2,3,1
2,2,0
3,3,0
2,3,1
2,2,0
1,1,0
2,2,0
2,2,0
2,2,0
0,0,0
2,2,0
8,16,8
3,3,0
3,5,2
1,5,4
2,2,0
1,1,0
2,2,0
2,2,0
98,98,0
8,16,8
1,3,2
2,2,0
2,2,0
72,72,0
2,2,0
2,2,0
2,2,0
2,2,0
3,3,0
3,7,4
2,2,0
2,2,0
2,2,0
2,2,0
2,2,0
2,2,0
2,2,0
3,6,3
3,3,0
2,2,0
2,2,0
7,13,6
2,2,0
2,2,0
2,2,0
89,90,1
2,2,0
148,148,0
2,3,1
2,2,0
1,1,0
6,6,0
1,2,1
3,5,2
3,3,0
2,2,0
4,4,0
2,4,2
2,2,0
2,2,0
2,82,80
2,3,1
2,11,9
2,8,6
2,45,43
2,2,0
1,3,2
3,3,0
2,2,0
2,2,0
2,2,0
2,2,0
0,0,0
2,2,0
14,14,0
4,5,1
2,2,0
12,13,1
2,2,0
2,2,0
2,4,2
11,11,0
3,3,0
8,8,0
3,3,0
8,8,0
3,5,2
3,5,2
20,20,0
2,2,0
2,4,2
9,30,21
2,6,4
3,11,8
2,2,0
8,8,0
3,5,2
1,2,1
2,2,0
3,3,0
2,2,0
2,4,2
3,7,4
2,2,0
252,252,0
4,4,0
8,8,0
3,5,2
2,2,0
8,8,0
2,2,0
2,2,0
2,3,1
2,2,0
3,4,1
2,4,2
1,5,4
3,9,6
3,6,3
3,3,0
2,2,0
3,3,0
1,1,0
3,3,0
2,2,0
44,44,0
3,3,0
3,7,4
2,2,0
51,51,0
5,5,0
2,6,4
3,3,0
2,2,0
1,1,0
3,9,6
8,51,43
3,3,0
2,2,0
2,8,6
9,9,0
1,5,4
3,5,2
3,10,7
2,82,80
4,4,0
2,2,0
2,2,0
0,0,0
3,5,2
2,4,2
0,0,0
2,2,0
2,2,0
3,3,0
2,2,0
3,3,0
2,7,5
2,2,0
2,2,0
2,2,0
3,3,0
1,20,19
3,3,0
1,3,2
16,16,0
2,2,0
2,2,0
2,2,0
1,24,23
2,2,0
2,2,0
2,2,0
3,9,6
2,14,12
2,4,2
8,8,0
2,8,6
2,4,2
2,2,0
2,2,0
3,41,38
8,8,0
2,3,1
2,2,0
2,3,1
3,9,6
2,4,2
2,20,18
2,2,0
1,1,0
1,2,1
1,22,21
0,0,0
3,3,0
1,1,0
2,4,2
3,3,0
2,4,2
1,12,11
2,2,0
2,2,0
1,22,21
2,80,78
3,7,4
1,1,0
3,9,6
3,5,2
3,3,0
8,8,0
2,6,4
2,2,0
2,20,18
3,3,0
0,0,0
3,6,3
2,2,0
1,3,2
2,4,2
1,3,2
3,5,2
2,4,2
7,7,0
3,3,0
3,11,8
1,53,52
2,2,0
2,2,0
2,6,4
2,2,0
3,5,2
3,5,2
1,2,1
5,5,0
12,12,0
2,2,0
2,2,0
1,3,2
2,4,2
1,26,25
2,3,1
2,10,8
2,4,2
2,2,0
3,3,0
2,6,4
1,1,0
2,5,3
3,7,4
2,3,1
2,2,0
2,2,0
3,3,0
3,4,1
3,3,0
20,20,0
3,5,2
2,2,0
1,1,0
3,9,6
1,60,59
2,2,0
2,2,0
2,2,0
2,2,0
2,2,0
3,5,2
3,3,0
2,3,1
2,2,0
2,2,0
1,1,0
3,5,2
8,8,0
10,10,0
3,8,5
2,2,0
2,2,0
4,4,0
2,2,0
3,7,4
2,2,0
2,2,0
1,2,1
2,10,8
3,5,2
2,2,0
2,2,0
2,2,0
2,2,0
2,4,2
3,3,0
4,4,0
2,2,0
2,2,0
2,2,0
2,2,0
3,3,0
2,76,74
2,2,0
2,2,0
2,2,0
2,2,0
22,22,0
51,53,2
3,4,1
1,1,0
2,28,26
2,2,0
2,6,4
3,3,0
6,6,0
8,8,0
3,3,0
2,2,0
2,2,0
2,4,2
2,2,0
2,4,2
1,1,0
2,2,0
3,6,3
2,2,0
8,8,0
1,4,3
2,2,0
3,5,2
2,3,1
3,5,2
2,2,0
2,2,0
3,3,0
2,2,0
2,2,0
2,2,0
2,2,0
2,2,0
2,2,0
2,2,0
22,22,0
1,1,0
2,3,1
11,11,0
3,5,2
30,30,0
8,8,0
2,2,0
9,9,0
3,3,0
16,16,0
1,1,0
3,4,1
5,9,4
5,5,0
1,3,2
3,3,0
2,2,0
2,4,2
2,2,0
2,2,0
3,8,5
13,13,0
3,8,5
1,2,1
2,2,0
2,6,4
2,2,0
20,20,0
2,4,2
2,2,0
2,2,0
9,9,0
1,1,0
1,2,1
2,4,2
1,5,4
2,10,8
0,0,0
2,3,1
22,22,0
3,13,10
3,3,0
2,2,0
1,20,19
2,2,0
3,3,0
20,20,0
3,3,0
3,5,2
3,3,0
3,3,0
1,1,0
2,2,0
2,2,0
2,2,0
2,2,0
2,2,0
2,2,0
0,0,0
3,9,6
2,2,0
2,2,0
2,2,0
9,9,0
8,8,0
2,3,1
3,3,0
2,2,0
3,9,6
2,2,0
2,15,13
10,10,0
3,13,10
3,5,2
3,3,0
2,4,2
2,2,0
3,5,2
8,8,0
3,3,0
3,5,2
10,10,0
2,3,1
2,18,16
3,7,4
2,2,0
3,5,2
2,9,7
2,2,0
31,31,0
2,2,0
3,3,0
2,4,2
24,26,2
3,3,0
2,9,7
6,8,2
2,2,0
2,2,0
2,2,0
2,2,0
2,2,0
2,6,4
9,9,0
2,2,0
1,2,1
2,2,0
3,17,14
2,2,0
3,7,4
2,2,0
2,2,0
2,2,0
2,17,15
4,4,0
2,2,0
6,15,9
2,2,0
9,9,0
3,3,0
1,2,1
2,2,0
5,7,2
1,2,1
2,2,0
2,4,2
2,2,0
2,2,0
2,2,0
9,9,0
2,2,0
3,7,4
2,2,0
9,9,0
2,2,0
2,2,0
2,2,0
3,7,4
2,2,0
3,3,0
0,0,0
1,1,0
2,2,0
1,22,21
100,100,0
2,2,0
1,1,0
1,1,0
2,2,0
24,24,0
2,2,0
2,2,0
1,2,1
2,2,0
2,2,0
2,2,0
2,2,0
0,0,0
2,2,0
3,6,3
41,41,0
2,2,0
3,9,6
1,1,0
3,3,0
2,2,0
1,1,0
2,2,0
1,2,1
3,3,0
2,2,0
4,4,0
2,8,6
3,3,0
3,5,2
3,3,0
2,2,0
2,2,0
3,3,0
2,2,0
1,24,23
1,1,0
2,84,82
3,7,4
2,4,2
3,4,1
3,3,0
2,12,10
3,3,0
3,7,4
2,2,0
2,4,2
2,2,0
2,2,0
2,2,0
6,11,5
2,2,0
1,5,4
8,13,5
1,21,20
1,1,0
9,9,0
0,0,0
2,4,2
3,5,2
2,2,0
2,2,0
3,3,0
2,4,2
2,2,0
2,2,0
1,1,0
2,2,0
2,2,0
4,84,80
2,2,0
1,1,0
51,51,0
13,13,0
3,3,0
2,2,0
1,1,0
1,1,0
2,3,1
2,5,3
3,3,0
3,3,0
8,8,0
2,2,0
3,4,1
9,9,0
3,3,0
2,6,4
2,2,0
2,2,0
2,4,2
1,2,1
1,1,0
1,1,0
2,2,0
2,2,0
1,1,0
2,2,0
3,3,0
2,4,2
2,2,0
2,2,0
2,4,2
2,3,1
22,55,33
100,100,0
2,2,0
2,2,0
3,5,2
1,1,0
2,2,0
4,4,0
2,2,0
2,6,4
1,1,0
2,2,0
2,5,3
8,10,2
2,2,0
2,2,0
2,6,4
2,16,14
3,11,8
4,4,0
2,2,0
1,1,0
1,1,0
1,1,0
1,1,0
2,2,0
2,2,0
3,5,2
2,2,0
2,2,0
3,3,0
8,8,0
0,0,0
2,2,0
3,6,3
2,4,2
1,60,59
2,2,0
2,2,0
5,9,4
2,28,26
98,98,0
2,4,2
6,6,0
5,8,3
2,25,23
2,2,0
3,8,5
3,6,3
2,2,0
2,2,0
4,4,0
1,2,1
9,11,2
3,5,2
2,6,4
2,2,0
2,2,0
1,4,3
18,18,0
3,3,0
3,3,0
4,20,16
2,2,0
1,6,5
1,2,1
1,3,2
2,2,0
6,7,1
2,2,0
1,28,27
3,5,2
3,3,0
51,74,23
22,22,0
1,1,0
3,3,0
2,2,0
2,2,0
2,2,0
2,2,0
1,7,6
3,3,0
3,3,0
2,2,0
2,4,2
2,2,0
1,1,0
2,5,3
3,7,4
2,2,0
1,3,2
5,9,4
2,2,0
2,2,0
2,4,2
2,2,0
2,2,0
2,4,2
2,2,0
0,0,0
8,8,0
3,3,0
1,1,0
6,6,0
3,3,0
3,14,11
2,2,0
3,5,2
2,16,14
11,11,0
8,10,2
2,2,0
2,2,0
3,3,0
2,2,0
2,2,0
1,5,4
2,4,2
2,2,0
2,2,0
2,2,0
2,2,0
2,2,0
0,0,0
2,2,0
1,2,1
24,36,12
2,2,0
2,4,2
2,2,0
2,2,0
2,2,0
2,2,0
2,2,0
2,2,0
2,5,3
131,131,0
2,2,0
2,5,3
9,9,0
2,2,0
3,5,2
2,5,3
2,2,0
3,3,0
2,2,0
2,2,0
2,2,0
8,8,0
1,4,3
2,2,0
8,8,0
3,5,2
2,2,0
11,11,0
2,2,0
2,2,0
4,4,0
3,3,0
2,37,35
5,5,0
3,11,8
1,1,0
8,21,13
3,3,0
1,1,0
4,4,0
1,2,1
6,6,0
2,2,0
3,10,7
6,36,30
4,4,0
1,3,2
2,2,0
3,9,6
2,2,0
1,1,0
3,7,4
81,81,0
3,3,0
2,2,0
2,4,2
2,24,22
80,81,1
3,3,0
3,8,5
1,2,1
2,2,0
3,3,0
10,10,0
2,4,2
3,3,0
2,2,0
2,2,0
2,2,0
0,0,0
2,2,0
2,3,1
2,9,7
1,2,1
27,27,0
2,2,0
10,10,0
15,15,0
29,159,130
2,2,0
2,2,0
3,5,2
3,3,0
2,5,3
3,3,0
3,3,0
3,3,0
8,8,0
3,3,0
1,1,0
3,3,0
3,3,0
8,8,0
1,1,0
2,2,0
2,2,0
3,3,0
2,4,2
2,2,0
2,2,0
2,2,0
2,4,2
1,2,1
9,9,0
2,2,0
0,0,0
2,16,14
2,2,0
2,2,0
2,2,0
2,2,0
2,2,0
2,5,3
3,7,4
5,5,0
2,4,2
1,2,1
1,30,29
2,2,0
3,7,4
1,2,1
2,2,0
1,2,1
2,2,0
1,1,0
100,100,0
2,2,0
3,3,0
3,7,4
2,2,0
3,3,0
3,3,0
8,8,0
2,2,0
3,11,8
2,5,3
2,3,1
2,2,0
1,13,12
2,2,0
2,4,2
9,9,0
2,9,7
2,2,0
2,2,0
0,0,0
3,3,0
2,2,0
2,2,0
0,0,0
2,4,2
4,4,0
3,3,0
2,2,0
3,3,0
2,2,0
2,4,2
2,2,0
3,3,0
3,3,0
1,1,0
3,3,0
2,6,4
2,2,0
9,9,0
1,3,2
1,1,0
1,2,1
2,2,0
3,5,2
3,3,0
8,8,0
1,1,0
2,2,0
0,0,0
1,1,0
2,2,0
3,11,8
3,3,0
2,2,0
0,0,0
2,2,0
2,2,0
2,4,2
6,6,0
22,22,0
3,3,0
0,0,0
2,2,0
2,8,6
2,2,0
2,2,0
3,3,0
2,4,2
1,1,0
2,2,0
9,9,0
10,10,0
2,2,0
3,3,0
3,11,8
1,3,2
2,8,6
2,48,46
1,2,1
2,82,80
2,2,0
3,5,2
2,2,0
3,3,0
2,2,0
3,3,0
3,3,0
0,0,0
2,12,10
2,6,4
1,1,0
0,0,0
2,4,2
2,2,0
1,3,2
2,2,0
3,4,1
0,0,0
2,2,0
1,23,22
2,2,0
4,4,0
8,8,0
3,3,0
2,2,0
1,2,1
2,2,0
2,2,0
2,2,0
2,10,8
2,2,0
8,8,0
3,3,0
87,98,11
2,2,0
2,2,0
2,2,0
2,2,0
3,3,0
3,3,0
2,80,78
0,0,0
2,2,0
2,2,0
1,2,1
4,4,0
20,20,0
2,2,0
2,2,0
2,71,69
3,5,2
3,3,0
3,3,0
8,8,0
3,3,0
2,2,0
3,3,0
2,4,2
2,35,33
8,8,0
2,5,3
0,0,0
8,8,0
2,2,0
2,2,0
1,20,19
2,3,1
2,2,0
2,2,0
3,5,2
3,8,5
2,2,0
1,2,1
1,3,2
1,1,0
9,9,0
2,2,0
2,2,0
2,2,0
2,2,0
2,2,0
2,2,0
9,9,0
3,7,4
4,6,2
2,2,0
1,1,0
2,2,0
2,2,0
2,2,0
1,2,1
4,4,0
17,17,0
2,2,0
2,2,0
2,2,0
3,4,1
13,13,0
2,6,4
33,33,0
1,5,4
2,2,0
2,2,0
4,4,0
2,2,0
8,8,0
0,0,0
0,0,0
8,8,0
2,2,0
2,2,0
6,6,0
2,2,0
11,11,0
2,2,0
2,2,0
2,2,0
0,0,0
2,2,0
2,2,0
2,2,0
2,2,0
2,6,4
14,14,0
8,8,0
3,8,5
2,2,0
2,2,0
2,2,0
2,2,0
2,2,0
3,8,5
9,26,17
3,5,2
2,2,0
4,6,2
2,15,13
8,8,0
2,2,0
3,3,0
1,1,0
2,2,0
3,8,5
3,6,3
2,2,0
2,52,50
2,4,2
3,3,0
2,5,3
1,1,0
114,114,0
0,0,0
3,3,0
3,3,0
2,2,0
9,18,9
2,3,1
3,3,0
3,3,0
4,4,0
3,5,2
3,36,33
2,3,1
3,3,0
3,3,0
2,4,2
3,14,11
2,3,1
2,2,0
9,9,0
7,7,0
3,3,0
2,15,13
100,100,0
3,3,0
4,4,0
2,2,0
2,2,0
3,4,1
3,3,0
0,0,0
2,6,4
3,8,5
2,2,0
4,73,69
4,4,0
9,9,0
3,7,4
0,0,0
2,2,0
1,29,28
2,2,0
51,74,23
2,10,8
1,3,2
3,3,0
2,4,2
3,3,0
3,3,0
2,2,0
2,4,2
2,4,2
1,1,0
2,5,3
3,3,0
1,1,0
3,3,0
51,51,0
1,2,1
2,2,0
2,3,1
1,2,1
2,3,1
2,2,0
3,3,0
8,8,0
3,3,0
10,10,0
14,16,2
1,1,0
2,20,18
0,0,0
2,4,2
98,102,4
2,4,2
2,4,2
1,24,23
2,2,0
2,2,0
2,2,0
2,2,0
2,2,0
8,8,0
2,12,10
2,2,0
5,5,0
2,3,1
2,2,0
2,9,7
44,47,3
60,121,61
4,4,0
2,45,43
2,2,0
3,9,6
2,2,0
2,2,0
2,4,2
2,75,73
2,2,0
3,3,0
3,10,7
2,2,0
2,2,0
2,28,26
1,1,0
2,2,0
3,5,2
2,3,1
3,7,4
2,2,0
2,2,0
2,2,0
2,2,0
10,10,0
1,1,0
2,2,0
2,2,0
2,2,0
11,11,0
2,2,0
2,2,0
2,2,0
3,5,2
9,9,0
15,15,0
1,1,0
5,5,0
2,2,0
2,4,2
2,2,0
6,6,0
2,2,0
1,2,1
2,2,0
51,74,23
1,3,2
1,21,20
6,6,0
2,2,0
2,2,0
2,2,0
2,2,0
138,138,0
3,3,0
2,2,0
1,2,1
1,2,1
9,9,0
44,45,1
8,8,0
2,2,0
2,9,7
5,5,0
3,3,0
23,25,2
1,1,0
3,3,0
1,5,4
2,2,0
2,2,0
51,51,0
3,4,1
6,59,53
6,6,0
2,6,4
2,2,0
8,8,0
4,5,1
2,84,82
2,2,0
2,2,0
1,1,0
3,5,2
1,3,2
2,19,17
2,2,0
1,1,0
9,9,0
2,2,0
2,2,0
2,2,0
2,3,1
1,3,2
2,2,0
3,3,0
4,8,4
22,22,0
2,2,0
2,2,0
4,4,0
2,5,3
3,3,0
3,3,0
9,9,0
2,4,2
2,2,0
4,10,6
3,3,0
2,2,0
2,2,0
2,4,2
2,4,2
3,3,0
2,2,0
8,8,0
2,4,2
3,11,8
3,3,0
9,9,0
4,5,1
2,69,67
37,37,0
3,3,0
11,11,0
3,3,0
4,4,0
2,2,0
1,2,1
2,4,2
2,4,2
3,5,2
4,4,0
2,2,0
2,2,0
4,4,0
2,2,0
3,9,6
2,2,0
3,3,0
3,3,0
14,14,0
2,2,0
3,8,5
2,2,0
3,6,3
2,2,0
2,2,0
2,2,0
3,3,0
2,2,0
3,3,0
2,2,0
2,2,0
3,3,0
2,2,0
2,2,0
2,4,2
1,1,0
9,9,0
2,2,0
2,3,1
1,2,1
2,4,2
2,4,2
8,8,0
4,8,4
2,2,0
11,24,13
3,3,0
2,2,0
3,3,0
3,3,0
2,2,0
3,3,0
3,4,1
3,9,6
2,6,4
3,3,0
2,2,0
1,23,22
9,18,9
2,2,0
1,1,0
1,1,0
2,14,12
3,3,0
1,4,3
8,8,0
2,2,0
1,25,24
2,2,0
3,3,0
2,2,0
2,4,2
2,2,0
2,2,0
3,3,0
2,8,6
2,2,0
8,8,0
2,6,4
1,4,3
6,6,0
2,5,3
2,4,2
33,33,0
8,8,0
9,10,1
2,2,0
2,2,0
2,2,0
2,82,80
2,3,1
2,3,1
2,2,0
37,37,0
3,3,0
2,4,2
2,2,0
0,0,0
3,3,0
2,2,0
2,2,0
2,2,0
2,8,6
2,2,0
2,46,44
2,2,0
2,2,0
3,8,5
9,9,0
0,0,0
2,4,2
2,2,0
1,1,0
2,2,0
71,71,0
8,8,0
2,2,0
3,4,1
2,2,0
3,3,0
3,3,0
2,2,0
9,9,0
2,10,8
3,5,2
1,2,1
2,2,0
3,5,2
155,185,30
9,18,9
2,2,0
3,9,6
3,3,0
2,2,0
4,18,14
3,14,11
2,2,0
5,5,0
9,9,0
3,3,0
4,7,3
2,2,0
1,4,3
2,2,0
2,2,0
22,22,0
2,2,0
14,14,0
2,2,0
3,3,0
2,2,0
1,20,19
17,68,51
2,2,0
2,6,4
2,2,0
2,2,0
1,2,1
2,4,2
2,3,1
4,4,0
1,4,3
3,8,5
2,4,2
0,0,0
3,8,5
7,7,0
2,2,0
2,2,0
3,4,1
3,8,5
14,14,0
2,2,0
27,33,6
2,2,0
2,2,0
12,12,0
3,3,0
3,7,4
1,1,0
2,2,0
1,2,1
2,2,0
1,1,0
2,2,0
2,2,0
2,2,0
2,2,0
8,8,0
1,1,0
2,3,1
8,8,0
2,2,0
2,2,0
4,5,1
5,15,10
1,2,1
2,4,2
2,2,0
2,4,2
1,5,4
2,2,0
2,2,0
1,57,56
2,2,0
2,6,4
3,5,2
3,3,0
1,2,1
11,11,0
3,3,0
2,2,0
2,2,0
2,4,2
72,72,0
1,31,30
3,9,6
2,2,0
22,22,0
3,3,0
3,8,5
2,4,2
1,1,0
11,35,24
0,0,0
2,2,0
3,3,0
2,3,1
3,3,0
0,0,0
3,3,0
14,14,0
1,3,2
3,3,0
2,8,6
3,3,0
2,2,0
1,1,0
2,2,0
2,2,0
3,3,0
3,7,4
8,101,93
3,3,0
1,1,0
2,2,0
2,2,0
2,2,0
2,2,0
2,2,0
1,1,0
2,4,2
1,1,0
3,3,0
2,2,0
9,9,0
8,28,20
1,22,21
3,3,0
2,2,0
2,2,0
3,3,0
3,5,2
2,2,0
3,3,0
14,26,12
2,4,2
3,3,0
3,12,9
1,9,8
2,2,0
2,2,0
8,8,0
3,3,0
2,2,0
2,8,6
1,2,1
2,2,0
2,7,5
2,4,2
2,2,0
2,8,6
36,36,0
10,10,0
2,3,1
4,7,3
4,4,0
2,2,0
2,2,0
3,5,2
3,4,1
2,2,0
2,2,0
2,2,0
2,2,0
3,3,0
16,16,0
3,3,0
3,20,17
3,3,0
1,16,15
0,0,0
2,2,0
2,4,2
2,2,0
2,2,0
2,2,0
2,4,2
4,4,0
2,2,0
2,2,0
9,9,0
0,0,0
3,5,2
1,20,19
11,11,0
1,3,2
2,2,0
3,3,0
3,8,5
2,28,26
2,2,0
2,2,0
0,0,0
3,3,0
2,2,0
2,2,0
1,7,6
2,2,0
28,28,0
3,9,6
1,1,0
2,2,0
8,8,0
2,2,0
2,2,0
6,6,0
2,2,0
2,4,2
2,4,2
2,2,0
3,3,0
4,4,0
3,3,0
2,2,0
3,5,2
3,3,0
3,7,4
2,4,2
3,3,0
2,5,3
9,10,1
2,3,1
2,11,9
2,4,2
2,2,0
10,10,0
18,18,0
3,9,6
2,2,0
1,1,0
9,9,0
3,5,2
2,4,2
8,8,0
2,2,0
3,5,2
2,4,2
3,3,0
2,2,0
3,3,0
2,3,1
3,3,0
3,11,8
11,11,0
9,9,0
1,1,0
2,2,0
2,9,7
2,2,0
5,5,0
2,2,0
2,2,0
2,2,0
2,2,0
11,11,0
2,6,4
1,2,1
3,8,5
3,5,2
1,1,0
2,2,0
2,47,45
9,9,0
39,42,3
2,6,4
2,2,0
11,11,0
3,6,3
2,3,1
2,2,0
2,2,0
2,4,2
9,9,0
2,2,0
3,3,0
3,3,0
150,150,0
2,4,2
2,2,0
3,5,2
3,3,0
2,2,0
4,4,0
0,0,0
2,2,0
1,1,0
2,3,1
2,2,0
2,2,0
3,3,0
2,2,0
2,2,0
3,4,1
3,5,2
3,3,0
2,4,2
1,2,1
3,3,0
3,23,20
2,2,0
0,0,0
2,2,0
2,4,2
2,2,0
2,2,0
3,17,14
9,9,0
2,4,2
2,2,0
2,3,1
2,45,43
3,3,0
3,5,2
2,2,0
3,5,2
1,1,0
3,5,2
3,4,1
3,3,0
3,3,0
0,0,0
3,3,0
3,3,0
9,9,0
6,6,0
3,3,0
77,79,2
1,1,0
2,2,0
1,1,0
100,100,0
3,5,2
27,27,0
11,11,0
8,8,0
1,1,0
9,9,0
2,2,0
2,2,0
190,286,96
2,9,7
2,2,0
2,3,1
2,2,0
2,4,2
3,3,0
2,2,0
0,0,0
2,4,2
3,3,0
3,3,0
9,9,0
0,0,0
2,2,0
2,2,0
2,2,0
3,4,1
0,0,0
2,2,0
8,8,0
3,3,0
2,2,0
2,2,0
8,8,0
1,24,23
1,15,14
2,2,0
2,2,0
3,3,0
2,2,0
2,2,0
3,3,0
2,14,12
2,2,0
3,5,2
2,2,0
2,4,2
2,10,8
2,2,0
3,3,0
6,6,0
3,4,1
2,2,0
2,2,0
2,7,5
1,1,0
2,2,0
3,9,6
2,2,0
3,3,0
6,6,0
2,2,0
2,2,0
6,6,0
3,3,0
3,7,4
2,2,0
1,2,1
8,10,2
1,1,0
2,5,3
2,2,0
3,7,4
1,8,7
2,2,0
2,2,0
1,3,2
2,2,0
9,9,0
1,14,13
2,2,0
8,8,0
100,300,200
2,6,4
3,3,0
2,6,4
1,2,1
2,2,0
2,4,2
3,3,0
1,1,0
3,5,2
2,2,0
4,4,0
1,22,21
4,4,0
3,5,2
2,2,0
3,3,0
2,2,0
3,3,0
2,2,0
28,28,0
2,2,0
2,2,0
2,2,0
1,1,0
2,4,2
9,9,0
2,2,0
3,3,0
2,2,0
1,1,0
2,2,0
175,175,0
3,3,0
2,2,0
2,2,0
19,19,0
2,2,0
5,14,9
1,1,0
98,98,0
2,5,3
2,2,0
3,3,0
2,4,2
2,4,2
25,25,0
3,3,0
2,2,0
2,4,2
2,2,0
2,2,0
8,51,43
2,2,0
2,2,0
2,4,2
0,0,0
2,2,0
2,2,0
2,2,0
2,2,0
2,2,0
2,2,0
3,6,3
2,2,0
2,2,0
3,3,0
2,2,0
2,2,0
6,6,0
3,8,5
3,5,2
2,2,0
3,3,0
51,51,0
5,5,0
2,4,2
3,5,2
2,2,0
2,2,0
3,3,0
79,79,0
0,0,0
7,7,0
3,5,2
2,2,0
2,2,0
2,2,0
1,22,21
4,6,2
2,6,4
2,2,0
2,2,0
1,2,1
8,8,0
2,2,0
2,6,4
2,2,0
20,20,0
3,3,0
2,103,101
11,11,0
1,2,1
0,0,0
2,2,0
3,3,0
2,10,8
12,12,0
2,2,0
9,9,0
2,2,0
2,2,0
1,1,0
5,5,0
2,2,0
2,2,0
11,11,0
2,2,0
2,2,0
3,3,0
2,3,1
2,4,2
1,2,1
2,2,0
2,2,0
2,82,80
1,4,3
4,4,0
79,92,13
2,3,1
2,80,78
2,12,10
2,16,14
8,8,0
2,2,0
8,8,0
1,2,1
3,3,0
2,2,0
2,108,106
2,6,4
28,28,0
3,3,0
2,3,1
92,92,0
3,5,2
2,2,0
2,2,0
1,2,1
2,2,0
1,8,7
2,2,0
2,2,0
2,4,2
8,8,0
5,5,0
3,6,3
3,3,0
2,2,0
2,2,0
3,3,0
3,7,4
2,3,1
2,2,0
2,2,0
3,3,0
2,2,0
2,2,0
2,2,0
2,4,2
2,2,0
3,7,4
2,2,0
9,9,0
3,3,0
2,2,0
1,3,2
2,4,2
22,22,0
2,2,0
2,13,11
2,2,0
3,3,0
2,2,0
20,20,0
2,2,0
0,0,0
3,3,0
1,1,0
3,3,0
2,2,0
2,8,6
2,13,11
1,1,0
10,10,0
2,9,7
3,3,0
100,100,0
1,2,1
2,2,0
2,4,2
2,2,0
0,0,0
1,1,0
3,5,2
2,2,0
1,3,2
3,7,4
3,3,0
3,3,0
9,9,0
3,3,0
0,0,0
0,0,0
2,2,0
1,1,0
2,2,0
2,84,82
2,3,1
1,1,0
2,2,0
17,28,11
12,12,0
2,2,0
3,3,0
1,1,0
3,6,3
6,6,0
3,3,0
1,1,0
1,1,0
51,51,0
9,11,2
10,10,0
3,3,0
2,2,0
2,2,0
2,3,1
2,2,0
0,0,0
3,3,0
2,2,0
3,4,1
9,9,0
2,2,0
1,20,19
4,4,0
9,9,0
2,2,0
9,9,0
3,3,0
3,9,6
2,2,0
4,4,0
3,3,0
2,13,11
2,2,0
2,2,0
1,1,0
2,6,4
2,4,2
3,3,0
1,2,1
3,3,0
1,1,0
2,2,0
2,2,0
2,2,0
2,5,3
1,1,0
9,9,0
1,1,0
1,4,3
2,2,0
0,0,0
2,2,0
1,2,1
2,4,2
1,1,0
2,2,0
2,5,3
3,3,0
2,7,5
2,19,17
2,2,0
1,1,0
2,2,0
3,5,2
3,5,2
2,2,0
8,8,0
8,8,0
3,3,0
3,7,4
2,5,3
1,1,0
2,2,0
1,6,5
2,4,2
2,2,0
2,2,0
0,0,0
2,2,0
8,8,0
2,4,2
3,3,0
3,13,10
16,17,1
2,5,3
2,2,0
2,2,0
3,3,0
2,2,0
10,10,0
1,1,0
2,2,0
2,23,21
3,4,1
2,2,0
2,80,78
2,2,0
3,13,10
2,2,0
1,2,1
2,2,0
2,4,2
38,38,0
1,2,1
3,9,6
2,6,4
2,2,0
2,2,0
2,2,0
3,5,2
8,8,0
2,4,2
3,4,1
2,2,0
2,2,0
6,8,2
2,2,0
2,2,0
2,2,0
3,5,2
2,2,0
2,2,0
3,7,4
18,18,0
2,2,0
1,2,1
2,2,0
3,3,0
11,11,0
4,4,0
15,15,0
3,3,0
0,0,0
2,2,0
1,3,2
1,22,21
8,8,0
2,2,0
2,2,0
2,5,3
2,2,0
3,7,4
10,10,0
17,17,0
1,2,1
2,2,0
3,5,2
2,4,2
65,65,0
0,0,0
3,7,4
3,5,2
2,2,0
2,2,0
2,3,1
2,2,0
3,3,0
2,2,0
2,2,0
2,2,0
3,7,4
2,26,24
2,6,4
1,24,23
100,100,0
62,62,0
2,2,0
2,4,2
8,9,1
2,4,2
3,7,4
3,3,0
2,10,8
3,3,0
2,4,2
3,12,9
2,2,0
2,2,0
3,3,0
9,11,2
8,8,0
2,4,2
1,1,0
6,11,5
1,2,1
2,2,0
3,13,10
2,2,0
1,1,0
2,2,0
2,2,0
2,2,0
3,3,0
98,98,0
2,2,0
4,4,0
2,2,0
2,2,0
56,56,0
2,2,0
1,1,0
3,9,6
3,5,2
3,9,6
3,19,16
2,2,0
2,2,0
5,5,0
2,2,0
2,2,0
2,2,0
2,3,1
1,2,1
3,3,0
2,2,0
1,25,24
3,4,1
3,10,7
2,4,2
3,5,2
3,3,0
154,154,0
3,5,2
1,6,5
8,8,0
32,34,2
2,2,0
2,2,0
2,2,0
2,2,0
1,1,0
2,2,0
3,6,3
3,7,4
1,2,1
3,11,8
2,15,13
2,80,78
1,3,2
2,2,0
2,2,0
1,8,7
3,3,0
2,2,0
3,8,5
2,2,0
4,6,2
2,2,0
2,2,0
3,3,0
98,98,0
2,2,0
9,9,0
9,9,0
1,2,1
2,10,8
3,6,3
0,0,0
2,2,0
2,80,78
3,3,0
1,1,0
2,3,1
2,2,0
2,2,0
4,5,1
1,1,0
1,1,0
2,2,0
2,4,2
2,2,0
1,1,0
2,3,1
2,2,0
1,56,55
2,2,0
9,9,0
2,2,0
2,2,0
2,2,0
2,2,0
2,2,0
3,3,0
2,2,0
2,2,0
2,2,0
5,7,2
1,1,0
2,2,0
2,3,1
2,2,0
2,4,2
3,3,0
1,47,46
2,11,9
3,5,2
3,3,0
3,5,2
8,8,0
1,1,0
3,5,2
3,3,0
2,2,0
0,0,0
3,7,4
2,2,0
2,2,0
2,2,0
2,12,10
11,11,0
1,3,2
2,2,0
2,2,0
2,2,0
1,2,1
1,2,1
3,3,0
3,5,2
2,32,30
2,2,0
7,26,19
1,1,0
2,4,2
3,5,2
3,3,0
2,4,2
3,3,0
7,7,0
11,16,5
1,1,0
2,2,0
3,3,0
2,2,0
2,2,0
1,4,3
8,8,0
2,2,0
2,2,0
3,3,0
2,2,0
3,3,0
6,33,27
3,5,2
21,21,0
2,2,0
2,4,2
3,7,4
8,10,2
1,1,0
2,2,0
1,1,0
5,5,0
2,2,0
1,9,8
2,2,0
2,2,0
0,0,0
2,18,16
2,2,0
1,1,0
2,2,0
2,2,0
2,4,2
3,5,2
2,2,0
1,1,0
2,2,0
2,2,0
11,11,0
2,2,0
25,25,0
2,3,1
1,4,3
2,5,3
3,4,1
2,2,0
2,2,0
3,3,0
2,82,80
2,2,0
2,2,0
2,2,0
2,2,0
3,3,0
8,10,2
2,5,3
0,0,0
3,7,4
1,2,1
17,35,18
2,3,1
1,20,19
3,3,0
3,5,2
2,2,0
2,2,0
2,2,0
3,5,2
3,3,0
1,2,1
1,1,0
3,3,0
2,2,0
0,0,0
2,2,0
2,2,0
2,2,0
1,1,0
2,2,0
2,2,0
2,4,2
2,2,0
0,0,0
9,9,0
9,9,0
9,9,0
2,2,0
4,4,0
2,2,0
2,2,0
3,3,0
1,2,1
3,6,3
3,6,3
2,2,0
3,6,3
3,3,0
2,2,0
2,2,0
4,6,2
2,2,0
2,4,2
3,5,2
8,8,0
2,12,10
3,3,0
3,3,0
3,3,0
3,5,2
2,2,0
4,4,0
3,14,11
2,2,0
3,21,18
2,6,4
315,513,198
3,5,2
2,8,6
2,2,0
2,2,0
1,5,4
1,1,0
2,2,0
88,117,29
9,9,0
3,3,0
2,2,0
2,2,0
6,6,0
3,5,2
0,0,0
0,0,0
1,1,0
3,3,0
3,5,2
2,2,0
3,3,0
3,5,2
1,6,5
2,4,2
2,3,1
0,0,0
2,2,0
2,2,0
20,20,0
3,5,2
2,4,2
2,2,0
4,4,0
2,2,0
2,2,0
3,9,6
1,1,0
3,5,2
2,2,0
9,9,0
2,2,0
2,2,0
10,24,14
8,8,0
1,1,0
3,3,0
3,4,1
3,5,2
3,5,2
0,0,0
2,2,0
26,28,2
100,100,0
1,1,0
2,2,0
1,21,20
2,4,2
4,4,0
1,2,1
2,6,4
8,8,0
2,2,0
2,4,2
3,5,2
3,4,1
2,2,0
6,6,0
1,1,0
2,2,0
3,5,2
3,3,0
2,2,0
2,2,0
13,13,0
2,6,4
2,2,0
3,3,0
2,2,0
3,10,7
9,9,0
2,5,3
3,5,2
2,2,0
8,8,0
2,2,0
2,2,0
3,21,18
2,4,2
3,4,1
3,3,0
2,10,8
3,3,0
41,64,23
2,2,0
1,2,1
2,2,0
15,15,0
9,9,0
2,5,3
2,2,0
9,9,0
0,0,0
2,8,6
81,138,57
2,2,0
1,4,3
2,2,0
10,10,0
1,24,23
4,4,0
2,48,46
0,0,0
11,24,13
1,7,6
9,9,0
1,8,7
3,5,2
2,2,0
2,2,0
2,9,7
2,2,0
3,3,0
3,3,0
2,2,0
2,2,0
2,2,0
1,1,0
2,2,0
3,26,23
9,39,30
3,6,3
2,15,13
2,2,0
2,4,2
2,2,0
8,8,0
3,3,0
2,2,0
3,3,0
3,3,0
1,1,0
3,15,12
3,3,0
2,2,0
2,3,1
5,5,0
1,24,23
1,1,0
2,48,46
2,4,2
8,8,0
6,6,0
2,2,0
2,4,2
9,9,0
2,6,4
1,2,1
2,2,0
2,2,0
2,2,0
2,2,0
3,3,0
1,21,20
2,2,0
0,0,0
3,3,0
2,2,0
3,3,0
3,6,3
3,5,2
9,14,5
2,2,0
0,0,0
0,0,0
3,3,0
2,4,2
3,3,0
9,9,0
2,2,0
1,3,2
1,1,0
28,28,0
2,2,0
2,2,0
2,2,0
1,2,1
1,77,76
0,0,0
2,2,0
2,2,0
3,3,0
6,6,0
2,2,0
1,25,24
2,2,0
2,2,0
8,8,0
2,2,0
2,2,0
1,2,1
1,1,0
2,2,0
0,0,0
2,2,0
2,2,0
2,2,0
7,7,0
2,4,2
3,12,9
2,2,0
2,13,11
1,3,2
3,3,0
2,2,0
6,6,0
2,18,16
1,1,0
3,3,0
2,5,3
2,2,0
5,5,0
8,8,0
0,0,0
2,2,0
2,2,0
3,3,0
1,2,1
2,2,0
2,2,0
4,4,0
3,3,0
1,2,1
2,3,1
2,2,0
2,2,0
2,4,2
2,10,8
3,4,1
2,2,0
1,2,1
2,4,2
3,7,4
1,77,76
1,3,2
2,2,0
3,5,2
1,7,6
3,3,0
2,2,0
33,33,0
2,4,2
2,2,0
2,2,0
4,4,0
3,3,0
8,8,0
2,2,0
2,2,0
2,4,2
2,2,0
0,0,0
3,3,0
3,6,3
0,0,0
2,2,0
2,2,0
3,5,2
2,2,0
4,4,0
2,2,0
3,46,43
3,3,0
2,2,0
2,14,12
2,2,0
80,80,0
2,2,0
1,1,0
2,7,5
2,7,5
2,4,2
3,3,0
2,10,8
50,52,2
2,2,0
2,2,0
2,2,0
2,2,0
2,2,0
0,0,0
14,14,0
19,20,1
3,4,1
2,2,0
2,2,0
1,20,19
2,2,0
2,2,0
3,5,2
2,2,0
2,8,6
2,2,0
2,2,0
11,11,0
2,2,0
2,2,0
9,9,0
3,3,0
2,2,0
3,7,4
1,1,0
5,8,3
9,9,0
11,11,0
2,2,0
3,8,5
1,1,0
0,0,0
3,6,3
2,4,2
4,4,0
3,9,6
2,22,20
3,3,0
2,2,0
3,3,0
0,0,0
1,4,3
2,12,10
8,8,0
24,24,0
3,7,4
9,9,0
3,3,0
2,10,8
3,3,0
2,2,0
3,3,0
2,4,2
2,2,0
2,82,80
8,16,8
3,3,0
1,3,2
2,2,0
2,2,0
10,10,0
11,11,0
1,2,1
2,2,0
9,9,0
3,6,3
2,3,1
0,0,0
23,35,12
2,4,2
3,5,2
2,2,0
3,7,4
2,2,0
1,2,1
2,2,0
2,3,1
2,12,10
2,2,0
3,5,2
1,5,4
1,2,1
2,4,2
2,2,0
2,2,0
1,36,35
2,2,0
0,0,0
3,3,0
1,1,0
1,29,28
2,4,2
3,3,0
2,2,0
25,28,3
2,2,0
2,2,0
2,2,0
2,2,0
3,5,2
1,1,0
2,11,9
2,2,0
3,3,0
3,5,2
2,5,3
2,2,0
3,5,2
2,2,0
3,5,2
2,2,0
3,3,0
4,4,0
0,0,0
2,2,0
2,2,0
5,5,0
2,2,0
10,10,0
8,8,0
3,5,2
9,9,0
2,2,0
20,20,0
3,3,0
1,2,1
2,2,0
3,4,1
2,3,1
3,3,0
3,3,0
10,10,0
3,3,0
2,2,0
2,2,0
6,34,28
3,5,2
2,2,0
3,5,2
8,8,0
3,3,0
2,3,1
36,36,0
2,2,0
2,2,0
1,3,2
3,3,0
9,9,0
2,2,0
2,12,10
3,5,2
4,4,0
3,3,0
7,7,0
10,10,0
4,4,0
2,2,0
1,21,20
3,5,2
2,2,0
3,3,0
2,11,9
2,3,1
2,2,0
2,2,0
0,0,0
18,18,0
2,2,0
2,2,0
3,8,5
3,3,0
1,3,2
46,46,0
2,2,0
6,6,0
9,11,2
2,2,0
3,3,0
2,2,0
1,2,1
1,5,4
3,3,0
1,2,1
1,66,65
8,8,0
1,2,1
1,1,0
2,2,0
2,2,0
2,2,0
2,2,0
3,3,0
2,4,2
2,2,0
1,4,3
2,2,0
2,2,0
3,3,0
2,2,0
3,7,4
10,10,0
1,5,4
3,4,1
2,4,2
2,2,0
3,3,0
2,2,0
1,1,0
3,7,4
3,3,0
7,9,2
2,2,0
2,2,0
2,2,0
2,5,3
3,5,2
2,2,0
2,2,0
1,4,3
1,20,19
3,3,0
2,2,0
2,2,0
5,5,0
2,2,0
3,3,0
10,10,0
2,2,0
1,3,2
60,60,0
1,22,21
2,2,0
2,2,0
2,4,2
51,51,0
19,19,0
8,8,0
3,3,0
8,8,0
5,5,0
10,17,7
2,6,4
3,11,8
1,22,21
1,2,1
3,3,0
2,2,0
3,3,0
2,13,11
3,3,0
21,21,0
2,2,0
2,2,0
3,3,0
2,2,0
3,3,0
3,3,0
2,2,0
9,9,0
2,2,0
2,4,2
8,8,0
2,2,0
1,1,0
2,2,0
6,6,0
1,2,1
3,18,15
2,2,0
1,1,0
3,3,0
0,0,0
22,22,0
2,2,0
3,3,0
3,3,0
3,3,0
3,3,0
2,4,2
9,9,0
3,3,0
2,2,0
2,2,0
3,7,4
4,5,1
2,2,0
9,9,0
1,34,33
6,6,0
3,5,2
1,1,0
2,2,0
8,8,0
2,2,0
2,2,0
1,1,0
4,4,0
2,2,0
55,55,0
1,4,3
2,2,0
2,2,0
1,2,1
2,2,0
3,3,0
3,3,0
3,3,0
3,3,0
3,3,0
3,3,0
1,2,1
2,3,1
9,9,0
2,2,0
5,6,1
62,62,0
4,4,0
3,3,0
2,2,0
8,8,0
1,1,0
2,2,0
2,2,0
2,2,0
46,108,62
3,4,1
1,2,1
2,2,0
1,4,3
3,5,2
3,3,0
3,6,3
6,11,5
3,10,7
40,43,3
2,10,8
2,2,0
2,2,0
2,2,0
3,4,1
5,5,0
2,2,0
2,2,0
2,2,0
10,12,2
2,13,11
1,1,0
3,7,4
3,3,0
9,9,0
9,9,0
1,4,3
0,0,0
2,28,26
100,100,0
3,3,0
0,0,0
1,2,1
8,8,0
3,3,0
2,6,4
2,2,0
3,8,5
3,4,1
2,2,0
2,11,9
51,51,0
2,2,0
2,2,0
2,2,0
2,2,0
8,8,0
2,2,0
3,3,0
3,3,0
3,5,2
2,2,0
77,77,0
96,96,0
2,47,45
3,5,2
3,7,4
2,2,0
2,2,0
1,1,0
5,5,0
2,2,0
2,2,0
2,2,0
0,0,0
43,43,0
2,4,2
2,2,0
1,1,0
4,4,0
2,2,0
3,3,0
6,7,1
2,3,1
7,7,0
2,2,0
9,9,0
1,2,1
2,6,4
6,6,0
2,2,0
3,3,0
2,15,13
0,0,0
2,2,0
0,0,0
2,2,0
2,18,16
2,4,2
3,5,2
5,5,0
2,2,0
3,3,0
3,5,2
24,29,5
2,4,2
2,2,0
2,2,0
2,2,0
4,4,0
10,10,0
22,22,0
2,2,0
4,4,0
1,2,1
3,3,0
1,2,1
2,2,0
1,3,2
0,0,0
2,2,0
2,2,0
3,3,0
8,8,0
4,4,0
0,0,0
3,5,2
2,4,2
2,2,0
2,2,0
1,1,0
2,2,0
9,9,0
3,10,7
1,1,0
2,6,4
8,8,0
2,4,2
2,2,0
2,4,2
2,4,2
8,8,0
4,8,4
2,2,0
2,2,0
2,7,5
91,93,2
1,2,1
3,3,0
3,3,0
2,2,0
2,2,0
2,5,3
2,2,0
3,3,0
3,9,6
1,1,0
3,5,2
5,9,4
62,123,61
2,6,4
3,3,0
2,2,0
4,4,0
2,11,9
2,2,0
2,3,1
0,0,0
2,6,4
4,4,0
7,9,2
2,4,2
1,2,1
3,3,0
2,2,0
3,7,4
2,2,0
0,0,0
2,2,0
2,2,0
3,5,2
2,2,0
98,98,0
3,3,0
5,5,0
2,2,0
1,2,1
8,8,0
2,5,3
1,3,2
2,4,2
2,2,0
3,3,0
5,27,22
2,2,0
2,2,0
2,2,0
3,3,0
2,2,0
1,7,6
2,2,0
2,2,0
1,5,4
3,6,3
3,3,0
2,2,0
2,2,0
3,4,1
2,2,0
3,3,0
2,2,0
1,26,25
2,2,0
2,2,0
3,7,4
2,2,0
2,4,2
3,3,0
2,2,0
2,2,0
2,2,0
3,8,5
2,2,0
100,107,7
3,10,7
2,2,0
2,80,78
1,1,0
8,8,0
3,3,0
2,2,0
2,2,0
3,7,4
2,2,0
1,1,0
2,3,1
1,2,1
3,3,0
3,3,0
1,1,0
2,2,0
51,76,25
2,2,0
149,150,1
2,2,0
6,6,0
3,3,0
2,2,0
2,2,0
1,2,1
3,3,0
3,5,2
2,2,0
11,11,0
2,2,0
2,2,0
3,5,2
25,25,0
2,2,0
2,2,0
2,2,0
6,6,0
3,3,0
2,2,0
6,6,0
2,2,0
1,2,1
4,4,0
2,2,0
3,3,0
2,2,0
2,2,0
3,3,0
2,2,0
2,2,0
2,2,0
8,13,5
0,0,0
2,2,0
1,25,24
2,2,0
3,5,2
2,2,0
2,2,0
2,2,0
1,3,2
0,0,0
8,12,4
2,2,0
2,2,0
0,0,0
2,11,9
1,2,1
11,11,0
3,8,5
2,2,0
2,2,0
2,2,0
3,10,7
2,4,2
3,3,0
2,2,0
4,9,5
2,2,0
2,9,7
3,3,0
1,8,7
8,8,0
8,8,0
2,2,0
3,5,2
8,8,0
3,3,0
0,0,0
2,2,0
3,11,8
3,6,3
3,3,0
2,2,0
2,2,0
1,22,21
11,13,2
2,2,0
2,2,0
3,3,0
1,1,0
2,2,0
2,37,35
49,49,0
2,4,2
2,2,0
3,3,0
52,52,0
1,1,0
1,24,23
2,26,24
3,3,0
3,3,0
0,0,0
2,4,2
3,3,0
2,2,0
2,28,26
2,2,0
2,2,0
1,2,1
3,7,4
2,2,0
3,5,2
3,4,1
10,20,10
2,2,0
2,2,0
1,1,0
3,3,0
3,3,0
2,2,0
2,12,10
2,2,0
2,3,1
1,1,0
3,3,0
2,2,0
2,2,0
2,4,2
12,12,0
2,2,0
2,4,2
2,2,0
48,48,0
2,2,0
2,80,78
2,4,2
8,8,0
2,6,4
2,16,14
3,3,0
2,2,0
2,4,2
8,8,0
2,2,0
29,65,36
2,2,0
3,3,0
2,9,7
2,4,2
3,4,1
12,12,0
1,2,1
9,11,2
3,7,4
1,1,0
3,3,0
3,11,8
2,2,0
2,2,0
1,3,2
1,2,1
2,15,13
9,9,0
9,11,2
2,5,3
2,2,0
2,93,91
2,3,1
2,2,0
11,22,11
2,2,0
3,3,0
1,2,1
2,2,0
2,4,2
0,0,0
2,5,3
2,5,3
2,2,0
2,2,0
2,2,0
2,2,0
3,3,0
1,76,75
3,5,2
3,3,0
2,2,0
3,4,1
1,2,1
8,8,0
2,2,0
2,2,0
4,4,0
9,9,0
2,2,0
1,20,19
1,1,0
1,2,1
3,5,2
2,2,0
8,8,0
2,31,29
3,8,5
2,2,0
2,2,0
2,2,0
8,8,0
6,6,0
2,2,0
2,4,2
2,2,0
3,3,0
9,9,0
2,2,0
2,2,0
3,5,2
2,2,0
2,2,0
2,3,1
1,3,2
0,0,0
2,2,0
3,5,2
2,4,2
8,8,0
2,2,0
3,3,0
3,3,0
1,3,2
2,8,6
3,3,0
2,2,0
17,21,4
2,2,0
3,3,0
3,5,2
72,130,58
9,9,0
2,2,0
8,8,0
1,1,0
2,5,3
3,3,0
1,5,4
3,3,0
2,2,0
2,2,0
6,7,1
1,1,0
1,2,1
2,2,0
2,2,0
9,9,0
0,0,0
2,2,0
2,2,0
9,35,26
2,2,0
1,2,1
2,2,0
3,5,2
1,1,0
100,100,0
2,2,0
2,2,0
2,2,0
2,2,0
1,20,19
4,4,0
70,72,2
3,5,2
2,2,0
1,5,4
0,0,0
2,2,0
2,2,0
2,76,74
2,2,0
1,5,4
3,71,68
2,2,0
2,6,4
3,3,0
3,5,2
2,7,5
3,3,0
3,20,17
9,31,22
6,11,5
2,2,0
2,2,0
2,13,11
8,47,39
10,20,10
1,1,0
325,325,0
2,2,0
9,9,0
3,3,0
2,2,0
1,1,0
2,2,0
1,4,3
3,3,0
2,2,0
2,3,1
9,9,0
2,2,0
2,5,3
2,47,45
3,3,0
2,2,0
2,2,0
2,2,0
1,2,1
22,22,0
3,3,0
1,26,25
5,5,0
0,0,0
2,2,0
2,2,0
3,5,2
3,5,2
8,8,0
4,4,0
2,2,0
3,3,0
2,2,0
3,5,2
3,3,0
3,6,3
3,3,0
2,2,0
2,4,2
1,2,1
2,2,0
1,3,2
2,2,0
2,4,2
2,2,0
1,2,1
3,7,4
2,2,0
3,3,0
3,3,0
3,5,2
2,2,0
3,5,2
1,28,27
1,1,0
3,5,2
2,2,0
2,4,2
4,4,0
2,2,0
125,125,0
2,2,0
2,2,0
3,3,0
2,2,0
8,8,0
3,3,0
3,5,2
2,2,0
2,4,2
3,3,0
3,3,0
2,2,0
3,3,0
2,6,4
8,8,0
2,2,0
3,3,0
11,11,0
8,8,0
2,5,3
2,2,0
2,6,4
2,2,0
2,2,0
3,7,4
2,4,2
2,4,2
2,4,2
2,2,0
3,7,4
3,8,5
2,2,0
3,7,4
2,2,0
2,2,0
2,2,0
11,11,0
6,7,1
2,2,0
2,2,0
3,3,0
2,2,0
1,1,0
2,4,2
2,9,7
1,4,3
2,3,1
2,2,0
2,2,0
2,2,0
9,9,0
8,8,0
2,2,0
8,8,0
2,2,0
2,2,0
2,2,0
3,5,2
8,13,5
2,2,0
2,3,1
2,2,0
9,9,0
2,2,0
2,12,10
1,3,2
2,47,45
1,2,1
2,2,0
9,11,2
4,10,6
2,2,0
1,1,0
2,2,0
2,2,0
3,13,10
2,5,3
3,5,2
1,2,1
1,11,10
25,25,0
10,10,0
2,2,0
2,10,8
3,14,11
2,2,0
3,3,0
8,8,0
2,2,0
10,10,0
2,2,0
3,6,3
2,2,0
6,6,0
2,2,0
83,85,2
3,5,2
2,2,0
3,3,0
3,3,0
2,4,2
10,10,0
3,3,0
3,6,3
2,2,0
3,5,2
2,13,11
2,2,0
9,9,0
2,2,0
9,9,0
8,8,0
2,7,5
3,3,0
32,32,0
2,2,0
2,2,0
2,82,80
4,4,0
2,2,0
2,2,0
38,40,2
8,8,0
11,11,0
2,2,0
1,28,27
2,2,0
2,2,0
4,72,68
2,3,1
9,9,0
1,23,22
31,31,0
8,8,0
2,2,0
2,2,0
1,2,1
3,6,3
3,7,4
3,4,1
2,2,0
3,6,3
2,2,0
9,11,2
3,7,4
2,2,0
1,1,0
2,2,0
2,2,0
3,3,0
1,2,1
2,2,0
42,42,0
6,6,0
2,4,2
2,4,2
3,3,0
2,2,0
3,7,4
1,21,20
1,8,7
2,2,0
2,2,0
6,6,0
6,21,15
10,10,0
5,5,0
20,22,2
4,4,0
2,2,0
1,1,0
2,2,0
0,0,0
3,13,10
2,2,0
2,2,0
9,9,0
2,4,2
3,3,0
2,2,0
2,2,0
3,3,0
3,5,2
2,2,0
2,9,7
3,3,0
23,23,0
8,8,0
1,6,5
2,5,3
2,12,10
2,2,0
3,7,4
2,2,0
2,6,4
3,3,0
2,2,0
9,9,0
3,3,0
11,11,0
2,2,0
3,7,4
3,22,19
2,4,2
2,2,0
1,1,0
2,2,0
1,1,0
2,4,2
3,3,0
2,2,0
3,6,3
3,9,6
2,2,0
8,8,0
3,3,0
3,3,0
90,90,0
2,2,0
1,22,21
2,2,0
1,29,28
2,2,0
5,5,0
2,2,0
2,2,0
2,3,1
8,10,2
2,2,0
1,1,0
2,2,0
2,2,0
2,3,1
8,10,2
2,2,0
3,3,0
16,18,2
2,4,2
0,0,0
3,3,0
2,2,0
2,2,0
2,4,2
7,7,0
2,2,0
2,2,0
3,3,0
2,2,0
3,3,0
2,2,0
2,27,25
3,3,0
3,3,0
2,10,8
2,2,0
2,3,1
9,9,0
3,3,0
3,6,3
11,27,16
9,9,0
2,2,0
2,2,0
3,9,6
2,2,0
2,2,0
2,2,0
2,80,78
60,121,61
2,2,0
2,2,0
2,4,2
2,2,0
1,19,18
1,20,19
11,11,0
11,11,0
1,3,2
2,2,0
2,4,2
6,6,0
8,8,0
3,5,2
2,2,0
3,9,6
13,15,2
3,5,2
3,3,0
1,4,3
2,2,0
1,1,0
2,2,0
3,5,2
2,2,0
3,13,10
3,7,4
3,3,0
3,9,6
1,1,0
3,8,5
2,2,0
3,3,0
2,11,9
2,3,1
2,2,0
2,80,78
2,2,0
3,5,2
9,9,0
4,4,0
14,14,0
2,2,0
3,5,2
2,12,10
9,9,0
1,27,26
1,1,0
2,6,4
23,23,0
3,3,0
3,4,1
0,0,0
2,2,0
2,2,0
3,5,2
2,3,1
2,10,8
2,23,21
2,2,0
1,3,2
30,30,0
3,5,2
3,9,6
1,1,0
2,4,2
2,2,0
2,3,1
10,10,0
1,8,7
2,2,0
3,3,0
1,1,0
2,2,0
2,4,2
9,9,0
1,26,25
2,2,0
1,1,0
3,3,0
3,9,6
2,4,2
3,11,8
5,5,0
2,2,0
2,2,0
3,5,2
1,1,0
2,2,0
0,0,0
3,8,5
3,3,0
3,3,0
2,2,0
1,1,0
3,3,0
31,33,2
2,4,2
2,2,0
2,4,2
3,5,2
2,2,0
2,2,0
1,1,0
52,167,115
2,2,0
3,3,0
8,8,0
2,2,0
2,2,0
3,3,0
3,3,0
9,9,0
4,4,0
2,4,2
3,3,0
2,2,0
3,3,0
2,2,0
9,9,0
0,0,0
2,2,0
5,8,3
2,2,0
2,2,0
9,9,0
3,8,5
2,6,4
8,10,2
3,5,2
2,2,0
6,6,0
2,2,0
3,3,0
100,100,0
2,20,18
2,2,0
2,2,0
3,7,4
2,2,0
3,4,1
1,1,0
3,3,0
1,2,1
3,3,0
2,2,0
3,3,0
2,2,0
1,2,1
3,12,9
2,2,0
2,2,0
2,82,80
79,81,2
2,27,25
3,3,0
1,1,0
2,2,0
2,2,0
2,2,0
2,2,0
2,2,0
2,2,0
2,2,0
2,2,0
2,2,0
10,10,0
2,2,0
2,2,0
1,3,2
0,0,0
2,5,3
3,3,0
2,2,0
8,8,0
2,2,0
1,1,0
2,4,2
2,82,80
2,2,0
3,5,2
3,3,0
2,2,0
3,5,2
2,2,0
22,22,0
20,26,6
3,8,5
3,3,0
2,5,3
6,6,0
9,9,0
2,2,0
1,2,1
2,2,0
7,7,0
3,3,0
1,25,24
2,2,0
2,82,80
4,5,1
3,3,0
3,16,13
3,5,2
1,2,1
1,1,0
2,82,80
1,1,0
8,8,0
2,4,2
2,2,0
15,15,0
2,2,0
8,8,0
2,14,12
1,2,1
3,17,14
8,16,8
12,12,0
2,2,0
2,2,0
8,8,0
3,3,0
2,2,0
2,4,2
2,3,1
2,2,0
2,2,0
24,24,0
2,2,0
2,2,0
2,2,0
1,1,0
1,2,1
2,2,0
3,3,0
2,2,0
0,0,0
2,2,0
6,6,0
3,5,2
17,17,0
1,22,21
10,10,0
2,2,0
2,2,0
1,1,0
2,2,0
2,2,0
2,9,7
2,2,0
8,8,0
2,21,19
2,2,0
2,2,0
5,5,0
2,2,0
1,6,5
10,10,0
2,2,0
51,53,2
0,0,0
1,1,0
2,2,0
51,51,0
1,9,8
2,4,2
2,2,0
2,2,0
10,10,0
3,3,0
3,6,3
2,2,0
90,90,0
2,2,0
3,3,0
2,2,0
3,3,0
8,8,0
3,3,0
2,2,0
1,2,1
10,10,0
4,11,7
1,4,3
8,8,0
2,2,0
2,2,0
3,3,0
3,3,0
2,2,0
2,2,0
3,3,0
3,3,0
3,10,7
2,2,0
2,2,0
100,100,0
2,8,6
2,4,2
3,11,8
3,3,0
2,2,0
9,9,0
2,2,0
3,5,2
2,2,0
2,2,0
2,2,0
46,46,0
26,26,0
4,4,0
2,2,0
2,2,0
2,2,0
3,3,0
3,3,0
2,2,0
3,7,4
3,5,2
3,5,2
6,57,51
248,248,0
4,4,0
43,45,2
7,9,2
2,2,0
2,19,17
1,7,6
2,2,0
2,2,0
2,2,0
2,2,0
3,5,2
3,3,0
8,8,0
2,82,80
2,2,0
3,3,0
9,9,0
2,2,0
3,3,0
2,2,0
1,4,3
20,20,0
14,14,0
2,2,0
2,2,0
3,3,0
3,5,2
5,5,0
3,3,0
2,2,0
2,3,1
10,10,0
3,9,6
8,8,0
2,2,0
2,2,0
30,31,1
2,2,0
120,242,122
1,2,1
9,13,4
10,10,0
1,2,1
2,4,2
1,1,0
3,3,0
2,2,0
3,3,0
3,6,3
2,2,0
2,2,0
2,4,2
2,4,2
2,2,0
1,1,0
2,2,0
2,2,0
6,6,0
1,2,1
2,2,0
3,5,2
2,2,0
2,2,0
8,8,0
2,2,0
0,0,0
2,2,0
1,1,0
2,2,0
1,1,0
7,7,0
3,3,0
2,4,2
9,9,0
2,82,80
2,2,0
2,4,2
2,2,0
1,1,0
2,2,0
2,4,2
2,2,0
3,3,0
2,2,0
2,8,6
2,2,0
1,1,0
0,0,0
2,2,0
6,6,0
2,9,7
3,5,2
2,80,78
2,2,0
2,2,0
2,2,0
2,2,0
2,2,0
19,19,0
3,5,2
2,2,0
56,56,0
8,8,0
2,2,0
3,9,6
3,4,1
2,2,0
4,12,8
3,3,0
2,2,0
2,2,0
3,5,2
4,5,1
5,5,0
2,2,0
1,4,3
2,2,0
2,2,0
3,3,0
3,3,0
6,6,0
0,0,0
9,9,0
1,44,43
5,5,0
2,2,0
6,8,2
2,3,1
1,2,1
0,0,0
3,3,0
3,3,0
3,3,0
8,8,0
2,2,0
1,1,0
2,2,0
2,2,0
2,2,0
2,2,0
1,28,27
0,0,0
1,2,1
2,4,2
2,4,2
1,2,1
2,2,0
2,2,0
1,1,0
3,3,0
21,21,0
2,4,2
2,2,0
100,104,4
2,4,2
1,1,0
2,2,0
5,7,2
8,8,0
2,2,0
3,3,0
8,8,0
76,78,2
2,2,0
2,4,2
98,98,0
2,2,0
3,7,4
2,2,0
2,2,0
2,2,0
8,8,0
2,13,11
2,4,2
2,2,0
3,3,0
2,2,0
3,3,0
2,2,0
1,1,0
87,89,2
3,5,2
2,2,0
2,5,3
2,100,98
3,3,0
2,12,10
1,1,0
3,3,0
2,2,0
9,9,0
3,24,21
2,2,0
3,5,2
2,2,0
8,8,0
3,3,0
2,2,0
2,2,0
3,3,0
3,3,0
3,5,2
3,3,0
4,4,0
2,2,0
2,4,2
2,4,2
2,2,0
2,2,0
3,3,0
2,2,0
9,9,0
1,1,0
7,7,0
3,3,0
2,2,0
4,5,1
2,3,1
2,2,0
3,3,0
26,26,0
2,4,2
3,5,2
2,7,5
2,4,2
3,3,0
2,2,0
2,2,0
3,5,2
2,2,0
3,18,15
1,3,2
1,1,0
2,4,2
2,4,2
2,3,1
2,2,0
8,8,0
3,20,17
2,2,0
2,2,0
1,2,1
12,14,2
2,2,0
2,2,0
2,2,0
2,2,0
3,3,0
1,23,22
2,45,43
2,2,0
20,20,0
13,13,0
3,7,4
2,2,0
5,5,0
2,2,0
2,2,0
2,82,80
1,53,52
5,9,4
2,2,0
2,3,1
2,29,27
1,57,56
3,3,0
2,2,0
3,5,2
2,2,0
3,5,2
3,7,4
8,10,2
2,2,0
2,6,4
2,2,0
2,2,0
0,0,0
3,7,4
2,2,0
2,2,0
3,3,0
3,5,2
2,66,64
100,104,4
2,4,2
2,4,2
3,3,0
2,2,0
3,3,0
2,16,14
2,2,0
2,2,0
14,14,0
2,2,0
1,1,0
3,5,2
3,3,0
2,2,0
3,3,0
24,24,0
3,5,2
3,5,2
2,2,0
2,2,0
3,9,6
1,5,4
2,2,0
11,13,2
2,2,0
2,2,0
77,77,0
9,9,0
6,6,0
9,9,0
2,4,2
4,4,0
3,3,0
9,9,0
9,9,0
1,1,0
14,14,0
2,2,0
7,12,5
1,1,0
3,8,5
3,8,5
3,3,0
3,7,4
1,1,0
14,14,0
2,4,2
2,2,0
6,6,0
2,2,0
2,2,0
3,5,2
2,2,0
4,4,0
5,5,0
3,4,1
3,3,0
1,1,0
2,2,0
2,2,0
1,3,2
2,2,0
2,5,3
3,20,17
3,9,6
1,23,22
9,9,0
5,5,0
2,2,0
129,236,107
1,2,1
0,0,0
2,9,7
2,2,0
2,2,0
0,0,0
3,3,0
1,31,30
2,2,0
2,2,0
2,3,1
3,3,0
2,2,0
3,3,0
2,15,13
2,6,4
3,7,4
3,3,0
9,9,0
3,3,0
2,2,0
2,4,2
1,8,7
2,2,0
9,9,0
2,4,2
2,2,0
3,5,2
2,2,0
2,2,0
2,3,1
1,1,0
2,2,0
48,48,0
1,2,1
2,2,0
9,9,0
2,2,0
22,22,0
2,2,0
1,20,19
2,3,1
2,2,0
4,4,0
2,4,2
2,2,0
3,5,2
2,2,0
2,4,2
16,16,0
3,3,0
2,2,0
1,1,0
1,1,0
1,1,0
2,9,7
3,5,2
8,8,0
2,4,2
2,2,0
2,2,0
3,3,0
2,2,0
3,3,0
2,2,0
2,2,0
2,2,0
2,2,0
3,11,8
3,5,2
8,16,8
2,2,0
0,0,0
3,7,4
2,3,1
3,3,0
2,6,4
2,2,0
0,0,0
2,2,0
2,2,0
1,2,1
2,16,14
3,7,4
2,2,0
3,5,2
2,2,0
8,8,0
2,4,2
2,2,0
2,2,0
3,3,0
2,2,0
2,10,8
1,3,2
2,7,5
3,10,7
3,3,0
1,2,1
2,2,0
3,14,11
3,5,2
3,3,0
2,8,6
2,2,0
3,3,0
3,3,0
2,2,0
3,6,3
5,5,0
3,3,0
2,82,80
3,5,2
1,1,0
2,3,1
2,2,0
2,2,0
2,2,0
10,10,0
2,2,0
8,8,0
3,5,2
3,3,0
3,3,0
3,3,0
6,6,0
2,2,0
3,3,0
2,2,0
2,2,0
51,51,0
1,13,12
3,3,0
2,5,3
2,2,0
2,2,0
3,7,4
6,34,28
3,8,5
2,4,2
2,2,0
2,2,0
1,4,3
2,2,0
2,3,1
52,53,1
2,2,0
2,2,0
2,2,0
3,5,2
2,80,78
12,12,0
2,101,99
1,2,1
3,8,5
8,8,0
2,2,0
2,4,2
2,2,0
3,3,0
2,4,2
1,2,1
2,2,0
1,3,2
3,3,0
11,11,0
2,2,0
2,2,0
3,5,2
2,2,0
2,2,0
3,5,2
2,2,0
1,1,0
10,10,0
6,9,3
9,9,0
2,2,0
2,2,0
1,4,3
2,5,3
2,2,0
0,0,0
18,18,0
2,2,0
3,3,0
2,3,1
1,5,4
2,2,0
2,6,4
3,13,10
3,3,0
2,2,0
3,3,0
2,2,0
2,4,2
2,2,0
8,8,0
2,47,45
2,46,44
9,9,0
9,9,0
9,9,0
9,11,2
2,29,27
2,2,0
2,5,3
3,3,0
1,2,1
2,7,5
2,4,2
2,2,0
1,24,23
3,3,0
2,2,0
1,13,12
0,0,0
2,2,0
2,3,1
1,76,75
2,2,0
8,8,0
2,2,0
2,2,0
2,84,82
2,2,0
9,10,1
2,2,0
2,2,0
1,4,3
2,2,0
2,2,0
2,2,0
3,3,0
3,3,0
2,4,2
50,52,2
2,2,0
2,6,4
6,6,0
2,2,0
2,4,2
3,3,0
2,2,0
2,2,0
3,5,2
2,82,80
2,2,0
10,10,0
2,4,2
2,82,80
1,3,2
2,4,2
1,23,22
2,2,0
3,7,4
0,0,0
2,2,0
3,3,0
3,5,2
2,2,0
0,0,0
3,3,0
3,3,0
3,5,2
2,4,2
12,12,0
2,2,0
2,2,0
1,12,11
2,2,0
2,2,0
1,2,1
2,3,1
9,11,2
2,2,0
2,2,0
2,12,10
3,6,3
2,2,0
2,2,0
3,3,0
2,6,4
3,3,0
2,2,0
0,0,0
1,1,0
2,4,2
2,2,0
2,2,0
2,2,0
2,2,0
2,3,1
3,3,0
0,0,0
5,7,2
2,4,2
206,228,22
2,3,1
2,2,0
9,59,50
1,1,0
1,2,1
3,7,4
62,62,0
2,2,0
3,17,14
2,4,2
1,1,0
2,2,0
2,2,0
1,1,0
1,1,0
2,2,0
3,6,3
2,2,0
3,3,0
2,2,0
2,8,6
1,3,2
2,3,1
1,1,0
2,3,1
2,4,2
2,2,0
1,1,0
1,3,2
3,3,0
2,2,0
2,2,0
2,6,4
1,1,0
2,2,0
2,2,0
11,11,0
2,5,3
3,4,1
2,2,0
3,5,2
2,2,0
5,10,5
2,2,0
3,25,22
2,2,0
2,2,0
3,5,2
2,4,2
4,5,1
3,3,0
9,9,0
36,36,0
1,1,0
2,2,0
107,107,0
2,2,0
2,2,0
3,5,2
3,5,2
3,5,2
2,2,0
6,8,2
3,3,0
2,2,0
10,10,0
2,2,0
2,5,3
2,4,2
2,2,0
2,4,2
2,2,0
2,2,0
3,5,2
2,3,1
3,3,0
2,2,0
1,2,1
2,2,0
2,2,0
20,20,0
2,2,0
2,2,0
2,2,0
1,1,0
2,4,2
3,10,7
2,2,0
9,26,17
2,4,2
3,3,0
8,8,0
1,2,1
2,2,0
26,26,0
1,25,24
3,3,0
2,2,0
3,7,4
2,2,0
18,18,0
4,4,0
2,2,0
4,4,0
2,2,0
2,103,101
2,2,0
3,20,17
0,0,0
2,2,0
2,2,0
2,2,0
1,22,21
2,2,0
3,3,0
2,2,0
4,4,0
1,1,0
4,4,0
1,9,8
2,2,0
2,4,2
3,11,8
2,2,0
1,2,1
2,4,2
2,2,0
128,183,55
48,175,127
2,2,0
1,1,0
2,2,0
2,2,0
2,2,0
2,2,0
2,5,3
2,2,0
2,4,2
3,3,0
3,5,2
2,2,0
2,2,0
12,12,0
2,2,0
1,2,1
3,15,12
11,11,0
8,8,0
3,4,1
4,4,0
1,1,0
16,16,0
2,2,0
2,2,0
2,2,0
3,3,0
3,3,0
2,2,0
2,2,0
2,2,0
3,3,0
0,0,0
4,4,0
2,2,0
2,9,7
2,2,0
2,2,0
2,2,0
3,3,0
3,3,0
2,2,0
2,3,1
2,6,4
2,2,0
14,14,0
1,2,1
2,2,0
3,9,6
2,4,2
2,2,0
2,2,0
2,4,2
2,3,1
2,6,4
2,2,0
1,2,1
2,2,0
42,59,17
100,100,0
9,9,0
3,3,0
2,4,2
2,18,16
8,8,0
9,9,0
2,2,0
2,3,1
1,2,1
3,3,0
3,3,0
2,4,2
2,2,0
2,2,0
15,16,1
2,2,0
1,1,0
9,9,0
3,5,2
2,2,0
3,3,0
2,2,0
2,2,0
3,3,0
2,2,0
1,2,1
6,14,8
2,2,0
8,8,0
2,2,0
3,6,3
0,0,0
1,18,17
3,9,6
0,0,0
2,2,0
3,3,0
2,2,0
3,3,0
2,2,0
2,3,1
3,3,0
1,1,0
1,6,5
3,12,9
2,6,4
6,22,16
2,2,0
2,4,2
1,1,0
13,13,0
2,9,7
0,0,0
3,3,0
2,2,0
1,2,1
2,2,0
2,2,0
3,20,17
2,2,0
2,2,0
2,2,0
2,2,0
2,2,0
2,2,0
3,3,0
2,3,1
2,4,2
2,2,0
9,9,0
1,2,1
2,3,1
2,2,0
2,2,0
2,4,2
2,2,0
3,78,75
2,2,0
2,2,0
2,4,2
0,0,0
3,5,2
2,2,0
18,21,3
2,2,0
2,2,0
2,2,0
2,2,0
100,100,0
2,2,0
2,3,1
2,2,0
3,5,2
2,2,0
2,49,47
1,2,1
11,11,0
2,2,0
50,67,17
2,2,0
3,5,2
2,2,0
1,2,1
3,3,0
2,4,2
2,2,0
0,0,0
9,9,0
53,53,0
3,3,0
3,6,3
3,5,2
2,2,0
0,0,0
2,2,0
2,9,7
2,2,0
2,2,0
2,2,0
20,22,2
1,1,0
4,4,0
2,2,0
1,1,0
8,8,0
1,1,0
4,4,0
2,2,0
1,1,0
2,2,0
1,1,0
2,2,0
0,0,0
2,2,0
2,45,43
12,12,0
9,9,0
2,2,0
2,2,0
2,2,0
2,2,0
2,2,0
3,5,2
2,3,1
11,11,0
3,3,0
2,2,0
9,9,0
2,9,7
2,15,13
55,55,0
4,72,68
8,9,1
2,5,3
2,2,0
2,2,0
1,3,2
2,8,6
2,2,0
2,2,0
2,2,0
3,3,0
0,0,0
3,5,2
3,5,2
2,3,1
2,2,0
1,1,0
2,2,0
2,2,0
2,2,0
3,14,11
1,2,1
2,4,2
2,2,0
3,3,0
1,6,5
3,8,5
2,2,0
2,4,2
47,113,66
8,8,0
3,7,4
1,53,52
8,8,0
2,2,0
2,2,0
0,0,0
2,2,0
5,5,0
2,2,0
3,3,0
2,2,0
3,5,2
2,2,0
2,2,0
2,2,0
2,2,0
1,3,2
7,7,0
3,7,4
2,2,0
2,2,0
1,7,6
3,3,0
2,2,0
3,47,44
2,2,0
2,2,0
1,3,2
9,9,0
2,6,4
3,3,0
2,4,2
17,17,0
3,5,2
2,2,0
1,1,0
2,2,0
2,2,0
11,11,0
3,3,0
3,3,0
8,8,0
2,3,1
52,108,56
0,0,0
2,2,0
8,8,0
0,0,0
2,2,0
9,9,0
3,3,0
3,5,2
1,2,1
2,2,0
2,2,0
1,9,8
3,4,1
3,4,1
2,2,0
3,8,5
2,7,5
62,62,0
2,2,0
3,13,10
2,2,0
1,2,1
0,0,0
2,2,0
2,2,0
8,8,0
51,51,0
0,0,0
1,3,2
79,140,61
2,2,0
3,5,2
2,12,10
2,2,0
2,6,4
3,3,0
51,51,0
3,6,3
2,2,0
2,2,0
2,12,10
2,2,0
2,2,0
2,2,0
0,0,0
3,8,5
2,11,9
3,3,0
2,2,0
2,2,0
3,3,0
2,2,0
3,5,2
2,35,33
2,2,0
2,2,0
3,6,3
3,3,0
10,10,0
2,6,4
2,2,0
2,21,19
3,5,2
2,2,0
3,5,2
3,3,0
3,3,0
3,10,7
2,47,45
3,3,0
1,1,0
2,2,0
6,6,0
2,4,2
2,4,2
15,15,0
2,2,0
3,3,0
0,0,0
2,2,0
2,45,43
8,8,0
2,2,0
0,0,0
4,4,0
1,2,1
2,2,0
1,76,75
3,3,0
2,5,3
2,2,0
1,7,6
1,2,1
19,19,0
2,2,0
3,3,0
8,8,0
56,56,0
8,8,0
2,4,2
21,39,18
3,5,2
2,2,0
2,2,0
2,2,0
24,24,0
3,7,4
12,12,0
10,10,0
9,9,0
2,2,0
2,3,1
6,6,0
2,2,0
2,12,10
2,2,0
2,2,0
2,13,11
7,9,2
3,36,33
4,4,0
147,147,0
2,2,0
2,2,0
2,2,0
3,5,2
0,0,0
1,4,3
23,44,21
11,11,0
2,20,18
17,17,0
8,8,0
3,3,0
1,1,0
175,175,0
2,6,4
2,2,0
2,2,0
2,2,0
3,7,4
1,5,4
2,5,3
0,0,0
2,2,0
2,2,0
2,2,0
1,1,0
2,86,84
3,3,0
100,100,0
3,3,0
2,2,0
2,4,2
2,6,4
1,1,0
3,3,0
15,15,0
9,9,0
3,5,2
1,1,0
1,1,0
8,8,0
2,2,0
2,2,0
2,3,1
2,6,4
2,2,0
2,2,0
107,107,0
3,3,0
2,2,0
3,5,2
1,1,0
7,9,2
51,77,26
10,10,0
1,1,0
2,8,6
2,2,0
2,2,0
1,4,3
3,3,0
1,2,1
3,4,1
2,2,0
8,8,0
2,2,0
2,3,1
3,5,2
3,3,0
3,5,2
1,2,1
1,1,0
2,2,0
2,4,2
3,3,0
2,2,0
2,2,0
2,2,0
2,3,1
2,2,0
3,11,8
3,3,0
2,2,0
2,2,0
2,2,0
8,8,0
2,2,0
2,3,1
1,2,1
41,139,98
3,3,0
3,9,6
2,2,0
2,4,2
0,0,0
2,2,0
2,2,0
2,5,3
2,2,0
1,2,1
2,4,2
2,2,0
4,4,0
11,11,0
3,3,0
5,5,0
2,4,2
2,6,4
2,2,0
2,4,2
1,2,1
1,1,0
3,3,0
2,2,0
2,2,0
2,4,2
3,9,6
3,8,5
9,18,9
2,2,0
3,3,0
3,3,0
2,2,0
1,2,1
2,2,0
1,1,0
2,2,0
2,2,0
2,2,0
2,4,2
2,2,0
22,22,0
2,2,0
1,1,0
3,5,2
1,24,23
3,5,2
2,19,17
3,3,0
8,8,0
2,2,0
8,8,0
2,2,0
99,245,146
2,2,0
3,5,2
12,12,0
3,11,8
2,2,0
61,64,3
9,9,0
2,2,0
3,3,0
2,82,80
1,24,23
2,2,0
2,2,0
2,2,0
2,4,2
2,2,0
3,3,0
2,2,0
1,1,0
10,10,0
2,2,0
2,2,0
2,2,0
2,4,2
1,2,1
2,2,0
2,2,0
2,2,0
4,4,0
3,3,0
2,2,0
4,4,0
3,3,0
2,2,0
2,4,2
2,2,0
3,3,0
8,8,0
2,2,0
24,24,0
2,2,0
3,3,0
2,2,0
2,2,0
3,5,2
2,2,0
2,26,24
2,2,0
2,2,0
2,4,2
3,3,0
8,8,0
2,2,0
2,2,0
3,3,0
1,2,1
3,3,0
2,2,0
0,0,0
2,2,0
2,2,0
4,4,0
2,2,0
2,2,0
2,2,0
1,2,1
9,9,0
3,3,0
2,2,0
1,2,1
3,10,7
2,2,0
2,2,0
2,2,0
2,2,0
2,2,0
2,19,17
2,2,0
3,3,0
2,2,0
3,4,1
3,3,0
2,2,0
2,4,2
2,2,0
3,5,2
2,2,0
1,2,1
2,3,1
5,7,2
3,4,1
2,21,19
2,2,0
3,3,0
3,5,2
3,3,0
1,2,1
2,6,4
51,65,14
2,2,0
2,2,0
8,8,0
3,3,0
2,2,0
2,4,2
2,3,1
1,1,0
2,2,0
2,2,0
3,3,0
2,2,0
4,4,0
15,15,0
3,5,2
2,2,0
2,2,0
2,2,0
2,82,80
2,2,0
2,2,0
2,2,0
2,17,15
2,2,0
10,10,0
2,12,10
8,8,0
0,0,0
2,2,0
2,2,0
27,27,0
2,2,0
2,2,0
2,2,0
2,45,43
3,5,2
10,10,0
3,8,5
3,6,3
2,15,13
3,9,6
1,2,1
4,4,0
2,2,0
1,1,0
2,6,4
100,106,6
3,3,0
2,2,0
2,2,0
2,2,0
2,8,6
1,1,0
1,10,9
6,44,38
3,6,3
3,3,0
1,24,23
2,2,0
2,3,1
2,2,0
0,0,0
3,9,6
14,16,2
2,6,4
2,2,0
2,2,0
3,3,0
2,2,0
2,2,0
9,9,0
65,65,0
22,22,0
2,2,0
2,4,2
2,2,0
10,10,0
3,3,0
3,8,5
1,12,11
3,3,0
11,11,0
3,12,9
60,60,0
0,0,0
3,3,0
2,4,2
1,1,0
3,10,7
4,9,5
15,15,0
8,8,0
2,4,2
3,3,0
2,2,0
1,2,1
6,6,0
3,8,5
3,5,2
2,2,0
3,3,0
10,10,0
2,2,0
3,3,0
4,103,99
10,10,0
2,2,0
2,2,0
6,13,7
1,1,0
100,100,0
3,7,4
3,3,0
8,8,0
3,5,2
2,4,2
2,2,0
3,3,0
3,7,4
3,9,6
3,5,2
2,2,0
2,2,0
2,2,0
1,1,0
3,3,0
2,2,0
20,30,10
3,3,0
1,1,0
0,0,0
3,3,0
2,5,3
2,2,0
3,3,0
2,9,7
3,7,4
47,47,0
1,3,2
2,28,26
2,2,0
2,2,0
2,4,2
2,3,1
2,2,0
3,5,2
3,3,0
2,2,0
20,22,2
0,0,0
2,2,0
2,2,0
2,4,2
10,12,2
3,7,4
1,1,0
2,2,0
3,5,2
3,7,4
2,2,0
2,2,0
9,9,0
3,3,0
9,9,0
2,2,0
0,0,0
0,0,0
150,161,11
3,3,0
6,9,3
3,3,0
2,2,0
2,3,1
3,3,0
2,6,4
2,2,0
8,8,0
47,49,2
1,1,0
2,2,0
2,2,0
3,4,1
0,0,0
2,2,0
4,4,0
2,6,4
145,145,0
3,3,0
3,3,0
2,2,0
2,2,0
3,3,0
23,23,0
2,2,0
3,5,2
2,4,2
1,2,1
2,2,0
2,2,0
10,10,0
2,2,0
3,5,2
2,2,0
1,47,46
2,2,0
1,3,2
3,3,0
2,52,50
2,4,2
2,2,0
2,2,0
7,7,0
3,3,0
3,9,6
3,3,0
3,7,4
2,82,80
2,2,0
2,10,8
28,28,0
2,2,0
2,4,2
2,2,0
1,3,2
1,2,1
2,2,0
6,6,0
2,2,0
2,2,0
3,5,2
3,3,0
2,2,0
2,2,0
2,5,3
6,6,0
3,3,0
1,34,33
125,125,0
2,2,0
2,2,0
3,7,4
7,7,0
3,5,2
10,10,0
4,4,0
4,4,0
2,9,7
2,4,2
3,18,15
3,3,0
9,19,10
8,8,0
2,2,0
8,8,0
2,2,0
2,2,0
8,9,1
3,3,0
8,8,0
1,3,2
3,3,0
2,2,0
2,2,0
2,4,2
2,2,0
8,8,0
3,3,0
1,7,6
0,0,0
2,2,0
4,73,69
3,7,4
2,2,0
2,2,0
2,2,0
5,5,0
2,80,78
3,5,2
3,5,2
0,0,0
3,3,0
2,2,0
2,2,0
0,0,0
2,2,0
3,3,0
2,2,0
2,2,0
2,2,0
4,4,0
1,4,3
2,12,10
2,2,0
2,2,0
2,2,0
2,2,0
0,0,0
2,2,0
12,12,0
23,25,2
1,5,4
3,5,2
2,2,0
2,3,1
3,7,4
2,3,1
2,4,2
1,65,64
1,2,1
3,3,0
3,11,8
2,2,0
3,3,0
3,3,0
40,40,0
2,3,1
2,12,10
2,2,0
3,3,0
3,3,0
3,5,2
2,2,0
2,2,0
2,4,2
2,2,0
442,442,0
3,3,0
2,2,0
2,4,2
2,2,0
2,3,1
2,2,0
3,21,18
2,2,0
52,52,0
2,2,0
100,100,0
8,8,0
0,0,0
3,3,0
3,3,0
3,5,2
1,1,0
2,2,0
2,5,3
3,3,0
2,4,2
3,9,6
2,4,2
2,7,5
2,5,3
2,8,6
2,4,2
2,2,0
8,8,0
3,3,0
3,5,2
2,2,0
2,2,0
3,7,4
8,8,0
1,3,2
2,2,0
1,1,0
3,3,0
2,4,2
2,4,2
2,2,0
2,2,0
2,4,2
2,2,0
2,2,0
3,7,4
20,20,0
1,2,1
100,100,0
3,5,2
3,3,0
1,1,0
2,15,13
2,2,0
2,4,2
96,158,62
2,2,0
3,4,1
1,25,24
3,5,2
3,6,3
2,6,4
2,2,0
1,1,0
7,7,0
2,2,0
43,51,8
3,3,0
2,2,0
2,8,6
9,11,2
3,13,10
3,3,0
3,5,2
3,9,6
3,3,0
8,19,11
2,2,0
2,2,0
2,2,0
2,8,6
9,9,0
1,2,1
2,2,0
2,2,0
3,4,1
3,5,2
1,1,0
2,2,0
3,3,0
2,2,0
2,2,0
11,12,1
20,20,0
2,2,0
127,127,0
2,2,0
3,5,2
21,21,0
2,2,0
17,20,3
2,2,0
3,3,0
3,5,2
2,2,0
2,2,0
1,11,10
2,4,2
1,2,1
2,2,0
2,2,0
2,2,0
2,2,0
2,2,0
2,4,2
2,2,0
12,13,1
3,5,2
12,12,0
2,2,0
2,2,0
0,0,0
9,9,0
2,2,0
2,14,12
2,7,5
2,2,0
100,100,0
2,2,0
2,2,0
2,9,7
9,9,0
2,2,0
2,82,80
2,2,0
1,1,0
2,2,0
2,2,0
2,2,0
1,7,6
3,5,2
2,2,0
3,3,0
2,2,0
4,4,0
2,2,0
3,49,46
2,2,0
2,3,1
3,3,0
4,12,8
2,2,0
1,2,1
3,5,2
2,2,0
3,5,2
2,2,0
40,54,14
2,3,1
2,2,0
2,2,0
90,90,0
9,9,0
2,2,0
3,3,0
2,4,2
2,2,0
2,2,0
3,3,0
2,2,0
0,0,0
150,150,0
2,3,1
31,31,0
2,2,0
3,5,2
10,10,0
2,2,0
1,1,0
3,3,0
2,2,0
2,2,0
1,1,0
2,2,0
2,2,0
2,2,0
3,3,0
3,5,2
3,5,2
2,2,0
2,5,3
2,2,0
88,97,9
2,2,0
2,2,0
5,5,0
3,3,0
4,4,0
2,2,0
3,5,2
11,11,0
0,0,0
8,8,0
3,6,3
2,2,0
1,2,1
2,2,0
8,8,0
0,0,0
2,2,0
2,2,0
8,8,0
2,16,14
2,36,34
2,2,0
3,9,6
1,1,0
3,11,8
3,7,4
2,2,0
2,2,0
3,5,2
3,3,0
2,2,0
3,4,1
14,14,0
1,13,12
15,15,0
2,6,4
0,0,0
3,3,0
3,5,2
2,6,4
2,2,0
2,2,0
2,2,0
2,2,0
3,3,0
2,2,0
2,5,3
2,2,0
1,1,0
3,8,5
2,2,0
2,2,0
60,121,61
3,3,0
2,2,0
2,2,0
3,6,3
3,4,1
3,5,2
3,3,0
0,0,0
59,59,0
3,3,0
2,4,2
3,7,4
1,1,0
2,2,0
20,20,0
2,2,0
3,5,2
3,23,20
115,115,0
2,12,10
2,2,0
2,5,3
2,7,5
2,2,0
1,2,1
7,7,0
3,7,4
28,28,0
2,6,4
2,2,0
3,5,2
2,2,0
6,6,0
2,2,0
3,20,17
2,2,0
6,6,0
20,20,0
1,1,0
3,5,2
2,2,0
2,2,0
2,2,0
25,25,0
2,2,0
8,8,0
3,5,2
2,2,0
0,0,0
3,3,0
3,3,0
1,2,1
3,8,5
1,30,29
2,2,0
4,16,12
2,2,0
2,2,0
2,2,0
3,3,0
2,4,2
2,2,0
3,3,0
98,98,0
11,11,0
2,4,2
2,2,0
2,2,0
2,2,0
3,3,0
2,2,0
3,5,2
5,5,0
2,4,2
3,3,0
0,0,0
2,2,0
3,7,4
3,3,0
2,4,2
2,2,0
1,1,0
1,2,1
2,2,0
3,9,6
1,2,1
2,2,0
2,2,0
2,2,0
1,3,2
3,5,2
2,2,0
12,12,0
2,2,0
3,3,0
5,5,0
23,23,0
22,70,48
2,2,0
2,2,0
2,2,0
3,3,0
2,3,1
4,7,3
3,3,0
3,7,4
1,2,1
2,2,0
2,7,5
2,2,0
1,25,24
2,2,0
9,13,4
3,3,0
2,2,0
3,5,2
2,170,168
9,9,0
3,6,3
236,236,0
93,94,1
3,5,2
2,2,0
3,5,2
2,2,0
3,5,2
6,10,4
3,3,0
2,8,6
2,2,0
2,2,0
3,3,0
4,6,2
3,3,0
3,3,0
1,1,0
2,2,0
1,1,0
27,27,0
124,124,0
2,2,0
3,5,2
3,3,0
0,0,0
11,42,31
2,2,0
8,8,0
3,5,2
0,0,0
2,2,0
2,2,0
26,26,0
2,2,0
3,5,2
2,2,0
2,6,4
8,8,0
11,11,0
24,24,0
3,3,0
5,5,0
2,2,0
1,2,1
2,2,0
2,2,0
2,2,0
2,2,0
10,10,0
2,2,0
2,2,0
3,11,8
0,0,0
2,2,0
32,36,4
2,3,1
6,6,0
0,0,0
2,2,0
0,0,0
2,2,0
8,8,0
2,2,0
1,2,1
5,5,0
2,2,0
1,23,22
1,8,7
2,45,43
1,2,1
2,2,0
2,2,0
1,2,1
3,3,0
2,6,4
2,2,0
3,3,0
2,2,0
3,4,1
2,3,1
22,22,0
2,4,2
3,3,0
0,0,0
2,3,1
3,4,1
2,2,0
8,8,0
2,4,2
2,95,93
2,2,0
3,3,0
9,9,0
3,3,0
2,2,0
1,1,0
1,1,0
2,2,0
2,2,0
2,2,0
3,11,8
2,2,0
2,2,0
2,2,0
1,5,4
3,3,0
1,2,1
2,2,0
3,83,80
2,2,0
2,97,95
8,8,0
2,6,4
1,1,0
96,96,0
2,2,0
3,7,4
3,3,0
2,2,0
2,2,0
3,9,6
2,2,0
2,2,0
1,1,0
1,7,6
2,2,0
3,5,2
2,2,0
2,2,0
3,3,0
2,2,0
2,2,0
1,80,79
3,3,0
9,9,0
2,4,2
3,6,3
2,2,0
2,2,0
1,4,3
2,2,0
1,2,1
2,2,0
2,4,2
2,3,1
2,2,0
2,2,0
3,5,2
2,2,0
3,3,0
0,0,0
6,6,0
3,17,14
0,0,0
2,2,0
2,4,2
58,86,28
3,7,4
2,2,0
2,2,0
2,4,2
2,2,0
11,11,0
22,22,0
2,2,0
2,4,2
3,3,0
3,12,9
1,20,19
8,13,5
1,2,1
2,3,1
3,3,0
0,0,0
3,3,0
2,3,1
51,51,0
3,5,2
2,13,11
1,3,2
2,2,0
2,5,3
2,2,0
15,15,0
1,2,1
1,8,7
3,3,0
3,3,0
2,2,0
3,5,2
3,3,0
2,6,4
2,2,0
2,2,0
2,2,0
2,23,21
2,2,0
2,2,0
1,3,2
2,2,0
3,3,0
0,0,0
1,2,1
0,0,0
2,2,0
3,3,0
2,2,0
2,3,1
3,15,12
2,2,0
9,9,0
2,3,1
3,3,0
1,1,0
3,6,3
3,6,3
14,14,0
2,2,0
8,8,0
1,1,0
2,2,0
0,0,0
8,8,0
2,2,0
3,10,7
3,4,1
2,2,0
3,3,0
3,5,2
3,3,0
3,6,3
3,3,0
1,3,2
2,23,21
3,4,1
3,3,0
2,2,0
8,16,8
2,2,0
63,63,0
2,2,0
1,2,1
3,3,0
2,3,1
1,1,0
2,3,1
2,2,0
2,2,0
2,24,22
2,2,0
2,4,2
3,4,1
3,3,0
8,8,0
8,8,0
2,2,0
3,4,1
2,4,2
2,2,0
3,3,0
2,2,0
3,24,21
2,2,0
24,24,0
2,2,0
2,2,0
3,3,0
3,8,5
2,2,0
2,2,0
2,2,0
3,8,5
2,4,2
1,6,5
8,8,0
1,7,6
36,36,0
2,2,0
2,3,1
100,100,0
2,2,0
3,3,0
2,2,0
3,14,11
2,2,0
2,2,0
3,3,0
2,2,0
3,9,6
3,3,0
19,108,89
2,2,0
6,6,0
2,2,0
2,2,0
2,4,2
2,2,0
9,9,0
2,2,0
2,2,0
2,2,0
1,1,0
2,2,0
1,1,0
2,2,0
2,2,0
3,3,0
3,3,0
79,79,0
2,2,0
2,3,1
3,3,0
1,31,30
2,2,0
4,4,0
1,5,4
1,3,2
2,4,2
3,5,2
2,2,0
2,2,0
3,8,5
3,3,0
3,3,0
17,17,0
2,2,0
2,2,0
3,3,0
1,2,1
2,2,0
4,4,0
2,2,0
2,2,0
11,11,0
2,2,0
2,2,0
2,4,2
2,2,0
3,5,2
3,3,0
2,2,0
2,2,0
0,0,0
2,2,0
2,3,1
2,2,0
0,0,0
0,0,0
6,7,1
3,3,0
2,2,0
2,3,1
2,2,0
2,3,1
3,5,2
6,6,0
2,2,0
1,1,0
12,12,0
1,2,1
4,4,0
3,6,3
3,5,2
2,2,0
20,20,0
2,2,0
2,2,0
3,3,0
3,3,0
2,2,0
2,2,0
60,60,0
2,2,0
3,5,2
2,2,0
1,21,20
2,2,0
1,1,0
3,9,6
2,2,0
2,4,2
10,10,0
7,8,1
8,8,0
2,2,0
9,13,4
1,1,0
8,8,0
2,2,0
2,2,0
2,2,0
9,9,0
2,3,1
2,2,0
2,2,0
2,2,0
3,3,0
2,80,78
9,9,0
2,2,0
1,1,0
2,2,0
2,2,0
2,16,14
1,2,1
2,2,0
2,45,43
2,4,2
3,3,0
3,5,2
2,2,0
12,12,0
2,2,0
2,6,4
2,2,0
0,0,0
3,19,16
2,2,0
2,2,0
2,2,0
2,2,0
10,10,0
1,1,0
2,2,0
3,3,0
2,2,0
9,18,9
2,2,0
3,3,0
8,8,0
2,2,0
3,3,0
2,2,0
2,47,45
3,12,9
3,7,4
2,2,0
9,11,2
9,9,0
2,2,0
2,2,0
11,11,0
3,6,3
1,1,0
3,3,0
2,2,0
2,2,0
0,0,0
2,6,4
3,3,0
2,2,0
1,2,1
2,2,0
3,3,0
2,2,0
3,5,2
2,2,0
8,8,0
11,11,0
2,2,0
2,2,0
2,2,0
3,7,4
12,12,0
6,6,0
2,98,96
2,2,0
55,55,0
2,2,0
2,2,0
2,2,0
10,10,0
2,4,2
3,5,2
2,4,2
2,4,2
1,1,0
1,4,3
3,3,0
0,0,0
0,0,0
2,2,0
2,2,0
1,1,0
2,3,1
2,2,0
1,1,0
8,8,0
2,2,0
10,10,0
1,2,1
2,2,0
2,2,0
2,2,0
1,6,5
8,8,0
2,2,0
51,51,0
8,8,0
8,8,0
2,2,0
5,5,0
11,11,0
4,6,2
22,22,0
0,0,0
2,2,0
2,2,0
2,2,0
2,6,4
2,2,0
2,2,0
2,2,0
9,9,0
2,3,1
14,14,0
2,2,0
0,0,0
3,3,0
3,5,2
2,2,0
2,2,0
0,0,0
2,2,0
1,1,0
2,2,0
7,7,0
2,5,3
1,1,0
1,1,0
2,2,0
3,3,0
3,3,0
2,6,4
51,51,0
2,12,10
3,3,0
51,52,1
2,4,2
2,2,0
2,2,0
0,0,0
1,1,0
2,2,0
3,3,0
3,5,2
3,5,2
10,13,3
2,2,0
2,2,0
1,2,1
10,25,15
1,1,0
2,2,0
2,2,0
2,2,0
2,2,0
2,2,0
1,3,2
2,2,0
9,9,0
2,2,0
2,2,0
1,20,19
9,9,0
2,2,0
11,11,0
2,4,2
2,2,0
3,3,0
30,30,0
3,5,2
2,2,0
2,2,0
2,2,0
2,8,6
1,1,0
2,3,1
2,4,2
3,3,0
2,2,0
1,1,0
3,5,2
4,4,0
3,5,2
2,2,0
2,2,0
1,26,25
2,2,0
3,3,0
2,13,11
15,15,0
2,2,0
2,2,0
1,2,1
2,8,6
2,2,0
9,9,0
2,4,2
9,9,0
2,2,0
1,1,0
2,2,0
2,4,2
8,8,0
2,4,2
1,2,1
3,3,0
2,4,2
2,2,0
2,13,11
2,5,3
7,7,0
2,2,0
2,2,0
2,4,2
86,86,0
0,0,0
2,2,0
2,2,0
2,2,0
2,2,0
2,4,2
3,9,6
3,3,0
1,2,1
2,2,0
113,117,4
2,6,4
2,6,4
9,9,0
1,26,25
2,2,0
3,9,6
2,2,0
2,2,0
3,7,4
2,5,3
3,9,6
3,8,5
3,3,0
2,2,0
2,2,0
3,6,3
1,1,0
3,3,0
20,20,0
9,9,0
3,3,0
0,0,0
5,9,4
2,2,0
3,3,0
2,2,0
4,4,0
2,2,0
2,2,0
2,5,3
2,48,46
3,21,18
3,3,0
2,8,6
1,1,0
11,13,2
3,6,3
16,16,0
3,3,0
51,137,86
6,6,0
2,2,0
3,3,0
3,4,1
2,11,9
126,126,0
0,0,0
3,3,0
2,2,0
2,8,6
2,19,17
45,45,0
2,4,2
2,2,0
71,71,0
2,3,1
3,3,0
106,106,0
3,3,0
2,2,0
2,2,0
16,16,0
3,3,0
0,0,0
9,9,0
11,12,1
2,6,4
1,2,1
2,2,0
2,2,0
8,8,0
2,2,0
2,6,4
2,4,2
3,6,3
2,2,0
1,59,58
2,2,0
2,2,0
2,4,2
2,2,0
3,3,0
2,4,2
2,2,0
3,6,3
3,3,0
2,2,0
3,7,4
2,2,0
0,0,0
68,81,13
2,8,6
2,4,2
3,8,5
3,3,0
3,5,2
3,6,3
2,4,2
0,0,0
98,98,0
2,45,43
3,7,4
3,9,6
3,3,0
2,2,0
3,6,3
2,19,17
3,3,0
2,2,0
2,7,5
2,2,0
2,2,0
2,2,0
2,2,0
8,8,0
2,2,0
2,2,0
3,3,0
2,2,0
2,2,0
2,2,0
2,2,0
2,2,0
8,8,0
2,2,0
2,2,0
3,5,2
1,27,26
2,4,2
2,2,0
0,0,0
0,0,0
1,1,0
3,3,0
2,2,0
2,16,14
2,2,0
18,18,0
15,16,1
2,2,0
3,15,12
3,5,2
3,7,4
2,4,2
3,4,1
2,2,0
2,2,0
2,3,1
2,5,3
2,2,0
2,2,0
2,2,0
2,2,0
106,106,0
1,1,0
1,1,0
2,4,2
8,8,0
3,3,0
2,2,0
9,9,0
2,28,26
5,5,0
0,0,0
3,5,2
9,9,0
1,1,0
2,4,2
0,0,0
3,3,0
2,2,0
2,2,0
3,3,0
1,4,3
12,12,0
4,4,0
3,4,1
3,18,15
2,2,0
2,4,2
3,3,0
3,3,0
1,1,0
0,0,0
2,2,0
3,9,6
2,13,11
2,2,0
1,1,0
16,18,2
2,2,0
2,2,0
2,2,0
2,2,0
2,3,1
3,3,0
58,58,0
3,5,2
1,16,15
7,11,4
3,15,12
3,7,4
3,3,0
1,5,4
13,13,0
2,2,0
2,2,0
8,8,0
2,4,2
2,2,0
2,2,0
20,20,0
3,3,0
3,7,4
2,4,2
2,2,0
2,3,1
3,3,0
1,2,1
1,1,0
1,1,0
2,2,0
2,2,0
2,2,0
3,5,2
11,11,0
3,3,0
4,4,0
2,2,0
3,5,2
8,8,0
2,7,5
3,6,3
2,2,0
2,2,0
3,5,2
4,6,2
2,2,0
1,1,0
4,4,0
3,3,0
1,26,25
1,2,1
2,2,0
2,2,0
3,4,1
2,4,2
2,5,3
8,8,0
3,9,6
9,9,0
3,3,0
2,2,0
2,2,0
1,2,1
2,2,0
1,4,3
2,2,0
42,85,43
1,9,8
1,1,0
2,2,0
4,4,0
2,8,6
3,3,0
2,8,6
8,8,0
3,3,0
3,11,8
2,2,0
3,3,0
1,1,0
9,9,0
1,2,1
2,2,0
9,9,0
3,3,0
2,3,1
4,4,0
2,2,0
3,4,1
2,2,0
1,2,1
2,4,2
0,0,0
1,21,20
2,2,0
3,24,21
3,5,2
1,4,3
2,4,2
2,2,0
3,3,0
2,82,80
1,1,0
1,1,0
2,2,0
2,2,0
9,9,0
8,8,0
2,2,0
2,2,0
3,5,2
2,3,1
3,3,0
2,2,0
2,2,0
2,2,0
2,2,0
8,8,0
2,2,0
0,0,0
3,3,0
1,1,0
3,7,4
2,4,2
3,8,5
3,13,10
3,3,0
2,2,0
2,2,0
1,3,2
3,3,0
2,2,0
2,2,0
75,81,6
3,6,3
2,2,0
2,2,0
3,5,2
2,2,0
2,4,2
2,2,0
3,3,0
2,2,0
2,80,78
2,7,5
3,4,1
1,23,22
3,12,9
2,2,0
2,2,0
2,2,0
2,2,0
2,2,0
2,2,0
6,6,0
2,2,0
3,11,8
24,24,0
2,2,0
2,2,0
2,2,0
1,1,0
2,2,0
18,18,0
2,2,0
1,4,3
3,3,0
2,4,2
2,2,0
1,1,0
2,4,2
2,2,0
3,13,10
6,6,0
1,20,19
2,2,0
3,6,3
2,2,0
4,4,0
2,2,0
2,2,0
9,9,0
115,115,0
2,2,0
3,3,0
2,2,0
1,1,0
1,1,0
5,5,0
1,54,53
139,139,0
1,1,0
3,5,2
2,2,0
2,2,0
2,2,0
2,2,0
2,2,0
1,1,0
2,2,0
2,5,3
2,2,0
27,27,0
3,6,3
1,3,2
2,2,0
3,3,0
2,4,2
1,5,4
2,2,0
1,58,57
3,11,8
3,3,0
0,0,0
2,2,0
1,1,0
2,2,0
2,2,0
10,10,0
2,2,0
1,1,0
0,0,0
2,2,0
2,2,0
2,2,0
3,6,3
2,2,0
2,2,0
2,2,0
2,2,0
3,3,0
3,4,1
1,1,0
3,3,0
3,3,0
3,3,0
4,25,21
3,3,0
2,96,94
9,9,0
2,8,6
2,4,2
2,4,2
2,6,4
2,2,0
2,3,1
2,2,0
20,20,0
2,4,2
0,0,0
2,5,3
2,2,0
2,2,0
1,1,0
2,2,0
3,5,2
3,3,0
0,0,0
2,6,4
2,2,0
2,2,0
3,3,0
244,244,0
0,0,0
2,2,0
3,3,0
2,4,2
2,4,2
3,3,0
3,3,0
2,10,8
2,2,0
2,4,2
2,2,0
2,2,0
2,2,0
2,2,0
2,2,0
3,5,2
2,4,2
2,2,0
1,2,1
2,2,0
8,8,0
2,2,0
1,2,1
3,3,0
16,16,0
2,10,8
2,4,2
1,1,0
3,13,10
2,2,0
20,20,0
3,3,0
2,2,0
1,2,1
2,2,0
1,1,0
2,2,0
2,2,0
2,2,0
9,9,0
3,7,4
2,2,0
4,4,0
2,2,0
7,15,8
2,2,0
2,2,0
3,5,2
1,2,1
2,2,0
3,3,0
2,2,0
22,42,20
139,139,0
1,1,0
3,3,0
2,2,0
2,2,0
2,2,0
2,2,0
9,9,0
2,2,0
2,2,0
10,10,0
3,3,0
2,4,2
2,2,0
3,3,0
1,2,1
2,2,0
50,50,0
3,3,0
4,4,0
6,6,0
3,3,0
2,2,0
1,2,1
2,2,0
3,5,2
2,3,1
3,3,0
18,18,0
2,2,0
3,7,4
3,3,0
2,2,0
2,2,0
1,1,0
4,4,0
22,22,0
1,2,1
2,2,0
3,3,0
2,2,0
3,7,4
2,2,0
2,4,2
2,2,0
2,13,11
1,1,0
2,2,0
2,2,0
3,3,0
2,2,0
1,26,25
2,2,0
2,4,2
100,104,4
1,27,26
2,2,0
147,147,0
2,2,0
2,6,4
2,10,8
2,2,0
2,4,2
0,0,0
2,4,2
3,6,3
79,95,16
3,3,0
2,2,0
3,3,0
3,3,0
0,0,0
2,3,1
2,2,0
7,7,0
2,2,0
1,2,1
3,9,6
3,3,0
2,2,0
8,8,0
3,5,2
2,2,0
1,4,3
2,2,0
0,0,0
2,2,0
3,3,0
2,2,0
2,2,0
2,2,0
2,2,0
12,12,0
1,22,21
2,2,0
3,3,0
3,3,0
3,5,2
2,2,0
3,5,2
3,5,2
1,2,1
2,2,0
3,3,0
2,2,0
2,2,0
2,2,0
2,2,0
2,10,8
3,8,5
2,2,0
2,3,1
2,5,3
0,0,0
200,364,164
3,3,0
9,9,0
9,9,0
3,5,2
2,4,2
3,7,4
2,13,11
2,2,0
3,7,4
29,84,55
2,2,0
2,2,0
2,33,31
18,18,0
3,7,4
3,5,2
3,7,4
1,2,1
3,5,2
1,1,0
2,6,4
3,23,20
3,3,0
1,2,1
3,13,10
5,7,2
3,3,0
2,2,0
3,3,0
1,2,1
3,5,2
3,3,0
3,3,0
4,8,4
3,3,0
1,1,0
1,2,1
2,43,41
3,3,0
1,1,0
2,2,0
2,10,8
3,3,0
2,2,0
1,2,1
2,2,0
1,6,5
1,16,15
1,2,1
2,3,1
2,2,0
3,3,0
2,4,2
3,6,3
2,2,0
3,6,3
2,2,0
2,2,0
2,2,0
0,0,0
1,21,20
2,3,1
1,1,0
8,8,0
1,10,9
2,5,3
1,1,0
2,2,0
2,4,2
8,8,0
2,2,0
2,2,0
4,4,0
2,4,2
2,2,0
3,5,2
2,2,0
2,2,0
2,2,0
3,6,3
2,2,0
3,3,0
8,8,0
2,2,0
2,2,0
2,2,0
1,2,1
0,0,0
8,11,3
8,8,0
2,2,0
31,31,0
2,2,0
2,2,0
9,9,0
3,3,0
2,2,0
2,2,0
2,2,0
2,2,0
2,2,0
1,1,0
2,2,0
1,1,0
3,3,0
1,1,0
2,2,0
3,3,0
4,4,0
7,8,1
2,2,0
2,6,4
2,2,0
2,2,0
0,0,0
2,2,0
2,2,0
2,10,8
2,2,0
2,14,12
3,3,0
2,2,0
8,8,0
2,2,0
3,3,0
2,2,0
3,3,0
2,2,0
1,1,0
1,8,7
2,2,0
3,15,12
51,51,0
2,2,0
3,3,0
3,3,0
2,15,13
2,2,0
105,282,177
3,8,5
2,2,0
2,2,0
8,8,0
2,4,2
3,9,6
3,3,0
2,4,2
2,3,1
2,2,0
2,30,28
3,6,3
1,1,0
3,6,3
2,2,0
9,9,0
1,3,2
2,2,0
2,2,0
3,16,13
4,4,0
1,5,4
2,2,0
1,5,4
2,2,0
2,2,0
2,2,0
2,2,0
3,5,2
2,2,0
1,1,0
2,2,0
8,12,4
3,7,4
3,3,0
1,4,3
3,3,0
2,2,0
100,100,0
3,5,2
3,3,0
3,3,0
2,2,0
37,37,0
3,13,10
3,3,0
1,1,0
2,20,18
2,2,0
2,2,0
3,3,0
2,4,2
3,3,0
1,21,20
3,3,0
9,9,0
4,4,0
2,2,0
0,0,0
2,2,0
1,1,0
2,2,0
3,28,25
2,2,0
1,2,1
9,9,0
2,2,0
2,9,7
11,11,0
12,12,0
3,8,5
1,1,0
2,2,0
9,9,0
1,4,3
3,3,0
2,8,6
2,2,0
2,4,2
1,3,2
1,2,1
2,2,0
3,3,0
3,11,8
2,2,0
2,2,0
72,79,7
8,8,0
1,6,5
8,16,8
90,90,0
2,2,0
3,3,0
2,2,0
2,2,0
1,1,0
2,3,1
4,4,0
2,2,0
3,9,6
7,7,0
3,3,0
3,3,0
2,2,0
2,2,0
2,2,0
2,2,0
1,1,0
2,4,2
9,9,0
2,6,4
26,26,0
3,5,2
3,5,2
2,2,0
3,5,2
2,2,0
6,6,0
3,3,0
3,6,3
2,2,0
2,5,3
2,2,0
2,2,0
3,5,2
1,1,0
2,2,0
0,0,0
1,1,0
20,20,0
10,10,0
6,6,0
3,7,4
3,3,0
2,2,0
3,3,0
3,3,0
4,4,0
8,8,0
1,7,6
1,1,0
3,3,0
1,1,0
1,1,0
2,2,0
3,9,6
2,4,2
8,8,0
2,2,0
3,5,2
3,4,1
9,9,0
2,4,2
2,3,1
2,2,0
11,11,0
2,6,4
1,25,24
3,5,2
3,3,0
2,2,0
3,3,0
1,2,1
2,2,0
2,2,0
2,2,0
11,11,0
3,5,2
3,3,0
3,5,2
2,2,0
3,3,0
2,2,0
2,4,2
3,5,2
2,2,0
2,11,9
2,2,0
2,2,0
2,4,2
2,2,0
16,19,3
2,3,1
3,33,30
2,2,0
2,2,0
0,0,0
1,8,7
2,2,0
1,20,19
3,7,4
3,3,0
1,2,1
2,82,80
2,4,2
2,2,0
2,2,0
3,6,3
6,6,0
3,3,0
2,75,73
3,5,2
11,11,0
2,4,2
2,2,0
2,2,0
2,2,0
2,4,2
4,4,0
3,7,4
2,4,2
2,2,0
2,2,0
3,9,6
3,3,0
6,6,0
105,105,0
0,0,0
3,3,0
1,1,0
3,6,3
2,8,6
2,80,78
2,2,0
1,1,0
3,3,0
8,8,0
4,4,0
3,3,0
5,5,0
2,3,1
2,2,0
4,4,0
9,9,0
1,2,1
9,9,0
3,3,0
2,2,0
27,27,0
3,3,0
2,2,0
2,82,80
2,2,0
2,2,0
3,3,0
3,3,0
4,4,0
2,2,0
10,46,36
3,3,0
2,2,0
9,9,0
2,2,0
8,8,0
1,4,3
3,3,0
2,2,0
2,5,3
8,16,8
2,2,0
3,4,1
2,5,3
1,1,0
2,2,0
8,8,0
1,6,5
3,3,0
2,2,0
2,2,0
2,80,78
3,3,0
3,5,2
9,9,0
3,5,2
2,2,0
16,16,0
2,4,2
88,176,88
4,4,0
2,2,0
3,3,0
3,10,7
2,22,20
2,2,0
2,2,0
2,2,0
2,2,0
2,2,0
2,80,78
2,2,0
2,5,3
3,22,19
3,7,4
2,4,2
2,2,0
2,2,0
3,5,2
2,2,0
2,2,0
3,3,0
0,0,0
2,4,2
2,2,0
1,2,1
2,4,2
2,2,0
2,2,0
8,8,0
0,0,0
2,4,2
2,4,2
2,18,16
2,13,11
2,2,0
6,6,0
2,2,0
1,2,1
1,2,1
1,21,20
2,2,0
1,2,1
1,54,53
2,2,0
2,80,78
2,2,0
3,5,2
23,23,0
8,8,0
3,3,0
2,2,0
1,1,0
8,8,0
4,4,0
1,4,3
3,5,2
3,5,2
19,31,12
3,3,0
3,3,0
2,2,0
2,2,0
3,5,2
2,2,0
1,2,1
1,3,2
8,8,0
8,8,0
2,2,0
2,2,0
1,1,0
2,4,2
3,3,0
2,5,3
2,2,0
4,4,0
6,31,25
2,2,0
2,45,43
3,26,23
4,4,0
2,4,2
4,4,0
2,2,0
2,2,0
2,2,0
3,3,0
2,2,0
1,1,0
4,4,0
1,1,0
2,2,0
1,21,20
2,2,0
2,3,1
2,6,4
3,5,2
3,3,0
2,3,1
2,2,0
2,4,2
3,3,0
0,0,0
3,3,0
2,4,2
1,22,21
13,13,0
2,4,2
3,3,0
2,4,2
3,5,2
4,6,2
3,3,0
2,2,0
8,8,0
2,2,0
2,2,0
2,2,0
98,204,106
2,2,0
2,7,5
2,3,1
2,2,0
3,5,2
2,2,0
2,12,10
1,1,0
2,4,2
4,4,0
2,2,0
8,8,0
22,23,1
2,2,0
4,73,69
2,6,4
2,2,0
3,5,2
7,9,2
2,2,0
4,4,0
2,2,0
2,2,0
3,9,6
2,80,78
31,31,0
2,2,0
78,78,0
2,2,0
2,4,2
8,8,0
2,2,0
14,14,0
4,4,0
3,6,3
7,7,0
2,2,0
3,3,0
3,3,0
3,6,3
3,6,3
2,2,0
13,13,0
3,3,0
2,2,0
1,4,3
4,4,0
2,2,0
2,2,0
3,3,0
1,2,1
2,3,1
3,3,0
2,2,0
2,2,0
0,0,0
3,3,0
1,1,0
3,17,14
1,2,1
25,25,0
2,4,2
2,2,0
3,3,0
2,2,0
3,3,0
2,2,0
2,2,0
2,2,0
9,9,0
1,55,54
3,3,0
2,2,0
5,5,0
47,49,2
47,59,12
2,2,0
9,9,0
1,2,1
2,2,0
1,1,0
2,2,0
2,10,8
2,2,0
2,2,0
3,3,0
2,2,0
2,2,0
3,5,2
2,2,0
2,2,0
97,108,11
3,3,0
2,2,0
8,8,0
2,2,0
2,2,0
2,2,0
3,7,4
13,13,0
2,2,0
2,2,0
3,9,6
1,1,0
1,20,19
3,3,0
8,8,0
2,2,0
5,10,5
3,3,0
1,2,1
3,3,0
2,2,0
3,9,6
2,2,0
2,5,3
9,11,2
2,2,0
2,2,0
2,2,0
3,3,0
2,2,0
4,12,8
2,3,1
3,3,0
2,2,0
36,36,0
2,2,0
3,3,0
2,4,2
100,100,0
2,3,1
2,2,0
2,2,0
2,4,2
2,2,0
2,6,4
2,6,4
9,9,0
2,9,7
2,2,0
2,7,5
2,2,0
3,11,8
3,3,0
0,0,0
5,5,0
0,0,0
2,2,0
2,2,0
2,4,2
3,3,0
3,3,0
8,8,0
3,3,0
3,7,4
2,12,10
2,2,0
3,3,0
1,2,1
3,5,2
1,3,2
51,51,0
3,3,0
3,3,0
2,2,0
3,3,0
2,2,0
3,5,2
1,1,0
2,2,0
0,0,0
30,30,0
2,2,0
2,4,2
2,3,1
3,3,0
8,8,0
2,4,2
3,3,0
2,2,0
9,9,0
20,52,32
4,12,8
1,2,1
2,2,0
3,5,2
3,3,0
1,2,1
8,8,0
100,100,0
1,27,26
3,4,1
3,3,0
2,2,0
2,4,2
2,2,0
2,2,0
98,102,4
2,2,0
3,5,2
2,2,0
2,3,1
3,20,17
37,37,0
2,2,0
2,4,2
3,5,2
6,6,0
2,2,0
2,4,2
2,2,0
1,2,1
2,2,0
3,3,0
6,6,0
2,2,0
2,2,0
10,10,0
2,2,0
3,3,0
2,4,2
3,3,0
3,3,0
2,2,0
2,2,0
21,21,0
10,10,0
2,2,0
2,2,0
1,1,0
1,1,0
1,6,5
2,2,0
2,2,0
3,7,4
2,2,0
2,16,14
1,22,21
2,2,0
1,3,2
10,10,0
10,10,0
3,3,0
1,2,1
3,3,0
2,2,0
100,100,0
0,0,0
0,0,0
3,11,8
2,2,0
14,14,0
3,5,2
7,12,5
1,1,0
1,1,0
2,4,2
3,27,24
9,9,0
1,4,3
2,3,1
14,14,0
3,3,0
3,5,2
2,2,0
1,1,0
2,11,9
3,3,0
9,9,0
3,3,0
2,2,0
4,4,0
2,2,0
1,2,1
2,2,0
2,2,0
2,2,0
3,3,0
2,2,0
2,82,80
2,4,2
9,11,2
3,5,2
2,2,0
3,5,2
2,2,0
2,7,5
3,3,0
1,1,0
3,8,5
3,3,0
9,9,0
2,2,0
0,0,0
3,18,15
9,9,0
3,3,0
2,2,0
2,2,0
2,9,7
2,4,2
1,1,0
2,2,0
6,6,0
2,2,0
1,1,0
3,3,0
3,3,0
2,2,0
2,2,0
3,3,0
3,3,0
3,16,13
98,98,0
2,2,0
114,114,0
2,8,6
8,8,0
3,4,1
2,2,0
3,5,2
2,2,0
2,2,0
3,3,0
2,2,0
2,80,78
2,3,1
3,3,0
2,2,0
2,8,6
3,11,8
3,3,0
3,3,0
2,2,0
100,200,100
3,4,1
1,3,2
3,3,0
3,3,0
2,2,0
3,3,0
78,78,0
9,9,0
4,4,0
1,7,6
14,14,0
3,3,0
9,9,0
1,1,0
10,10,0
1,1,0
2,2,0
2,48,46
4,4,0
2,6,4
2,2,0
3,3,0
3,3,0
5,5,0
2,2,0
3,3,0
2,2,0
3,3,0
28,45,17
2,2,0
2,2,0
2,2,0
2,2,0
2,2,0
4,73,69
2,2,0
2,2,0
1,1,0
2,9,7
2,2,0
2,12,10
1,1,0
2,2,0
8,8,0
2,2,0
3,3,0
1,2,1
2,44,42
3,5,2
2,2,0
2,2,0
2,2,0
2,2,0
3,10,7
2,2,0
5,5,0
3,3,0
4,73,69
2,2,0
2,2,0
0,0,0
2,2,0
0,0,0
11,11,0
2,2,0
3,3,0
3,3,0
2,3,1
2,2,0
9,9,0
2,2,0
4,4,0
1,1,0
100,100,0
2,2,0
2,2,0
9,18,9
3,3,0
42,42,0
3,3,0
2,8,6
3,3,0
2,2,0
2,2,0
3,3,0
2,2,0
2,2,0
2,2,0
100,100,0
3,5,2
2,2,0
1,2,1
2,2,0
2,2,0
2,2,0
2,3,1
1,2,1
2,2,0
3,3,0
2,2,0
2,80,78
3,3,0
2,2,0
98,98,0
2,2,0
10,55,45
2,4,2
0,0,0
25,25,0
2,2,0
2,2,0
1,1,0
2,2,0
3,3,0
4,4,0
3,27,24
1,5,4
2,2,0
8,8,0
1,1,0
2,2,0
3,3,0
3,12,9
2,2,0
1,2,1
2,2,0
1,2,1
2,2,0
0,0,0
2,2,0
3,3,0
2,2,0
10,10,0
2,2,0
3,3,0
2,2,0
4,4,0
2,2,0
2,2,0
2,2,0
2,2,0
3,5,2
3,3,0
2,4,2
0,0,0
6,6,0
3,6,3
8,8,0
1,1,0
2,2,0
2,2,0
3,3,0
3,5,2
11,11,0
2,2,0
3,3,0
2,4,2
2,2,0
2,2,0
2,82,80
2,2,0
3,3,0
94,174,80
4,8,4
2,2,0
2,2,0
3,3,0
81,81,0
10,10,0
2,2,0
3,3,0
3,5,2
1,5,4
2,2,0
5,6,1
1,2,1
2,2,0
2,2,0
2,2,0
2,2,0
3,5,2
2,2,0
2,6,4
8,8,0
2,2,0
0,0,0
3,5,2
2,2,0
2,2,0
2,21,19
3,3,0
1,23,22
2,2,0
10,10,0
15,15,0
3,3,0
2,64,62
2,2,0
1,22,21
1,1,0
2,10,8
20,20,0
2,4,2
2,2,0
3,3,0
1,1,0
3,3,0
2,4,2
1,1,0
0,0,0
2,2,0
2,2,0
3,7,4
2,2,0
0,0,0
3,5,2
2,2,0
3,3,0
3,3,0
3,5,2
1,1,0
2,2,0
2,2,0
2,2,0
3,5,2
3,3,0
36,37,1
128,128,0
2,2,0
1,20,19
2,2,0
3,3,0
50,50,0
3,9,6
3,3,0
3,8,5
2,2,0
2,2,0
1,1,0
8,8,0
25,25,0
2,2,0
0,0,0
2,84,82
2,2,0
3,4,1
2,3,1
3,5,2
2,2,0
2,2,0
3,9,6
2,2,0
2,2,0
2,2,0
2,2,0
2,2,0
2,2,0
1,1,0
1,56,55
14,16,2
8,10,2
2,2,0
3,3,0
3,3,0
2,80,78
2,2,0
0,0,0
3,5,2
2,2,0
2,2,0
0,0,0
2,2,0
2,2,0
2,17,15
3,3,0
9,9,0
15,17,2
8,8,0
2,2,0
1,3,2
3,3,0
2,3,1
10,10,0
100,100,0
2,2,0
2,2,0
2,4,2
2,2,0
2,6,4
2,4,2
3,7,4
1,1,0
2,2,0
0,0,0
1,4,3
2,2,0
2,2,0
8,8,0
1,3,2
3,5,2
3,3,0
3,3,0
3,3,0
53,53,0
2,2,0
2,2,0
3,9,6
1,20,19
3,12,9
3,4,1
9,9,0
3,5,2
3,7,4
1,1,0
3,3,0
3,3,0
0,0,0
3,24,21
2,2,0
2,2,0
2,2,0
2,4,2
2,4,2
2,2,0
0,0,0
3,3,0
1,1,0
3,3,0
2,2,0
2,2,0
23,27,4
2,3,1
2,3,1
3,5,2
3,10,7
1,1,0
2,39,37
2,2,0
6,6,0
2,2,0
2,6,4
3,3,0
2,2,0
2,2,0
3,3,0
47,48,1
2,2,0
9,52,43
2,4,2
1,1,0
2,3,1
3,5,2
0,0,0
2,2,0
2,2,0
3,3,0
3,11,8
2,2,0
11,13,2
3,3,0
2,2,0
3,3,0
2,2,0
2,2,0
2,2,0
2,6,4
2,2,0
2,2,0
2,4,2
2,2,0
100,100,0
2,3,1
3,3,0
2,23,21
2,2,0
3,3,0
10,25,15
3,14,11
2,2,0
2,2,0
2,4,2
61,61,0
2,2,0
1,5,4
3,4,1
3,5,2
2,2,0
6,6,0
2,2,0
3,3,0
3,3,0
3,3,0
2,2,0
2,2,0
3,3,0
2,2,0
2,2,0
3,6,3
3,3,0
8,8,0
3,3,0
3,7,4
1,2,1
3,3,0
0,0,0
2,2,0
0,0,0
0,0,0
1,1,0
1,4,3
2,2,0
2,2,0
9,9,0
15,15,0
3,17,14
0,0,0
2,3,1
4,4,0
3,3,0
3,5,2
2,4,2
36,40,4
2,2,0
2,2,0
3,5,2
2,3,1
3,3,0
2,2,0
2,3,1
1,4,3
6,6,0
2,14,12
3,10,7
2,2,0
10,14,4
1,2,1
9,9,0
2,2,0
1,24,23
3,3,0
2,2,0
9,9,0
2,2,0
3,9,6
1,37,36
3,3,0
0,0,0
2,2,0
3,9,6
2,2,0
3,5,2
27,27,0
2,2,0
51,51,0
2,2,0
2,2,0
2,4,2
2,2,0
3,23,20
3,3,0
3,4,1
2,4,2
2,6,4
2,2,0
3,4,1
1,1,0
2,4,2
2,2,0
4,4,0
2,2,0
6,6,0
1,4,3
2,2,0
3,3,0
2,2,0
2,2,0
3,3,0
2,2,0
3,14,11
1,4,3
2,4,2
3,3,0
2,2,0
3,3,0
9,9,0
1,57,56
2,2,0
3,14,11
2,2,0
2,2,0
3,14,11
2,2,0
2,2,0
2,2,0
9,9,0
4,6,2
2,2,0
3,3,0
2,2,0
3,15,12
2,4,2
0,0,0
1,1,0
2,2,0
2,2,0
3,5,2
2,2,0
9,9,0
2,2,0
1,1,0
2,2,0
2,2,0
1,1,0
2,13,11
1,3,2
2,4,2
2,2,0
2,4,2
2,16,14
9,9,0
3,3,0
2,2,0
9,9,0
2,2,0
2,2,0
3,5,2
7,7,0
1,1,0
1,2,1
3,3,0
8,8,0
2,2,0
2,2,0
3,7,4
2,2,0
2,14,12
2,4,2
2,8,6
2,2,0
1,8,7
2,4,2
2,2,0
1,1,0
2,2,0
3,4,1
2,2,0
1,1,0
2,2,0
2,2,0
0,0,0
0,0,0
1,15,14
1,2,1
8,9,1
11,11,0
2,2,0
3,8,5
2,2,0
10,10,0
100,200,100
3,3,0
0,0,0
3,3,0
2,2,0
1,1,0
2,2,0
2,2,0
2,2,0
2,2,0
2,2,0
2,2,0
2,2,0
24,26,2
1,28,27
3,4,1
2,2,0
2,4,2
1,1,0
0,0,0
3,4,1
2,2,0
3,3,0
2,2,0
2,2,0
2,3,1
2,2,0
3,3,0
2,2,0
2,2,0
2,2,0
2,2,0
2,2,0
2,2,0
2,2,0
2,2,0
2,6,4
23,23,0
2,2,0
2,2,0
2,2,0
3,3,0
3,3,0
9,9,0
3,5,2
6,6,0
47,49,2
2,26,24
2,3,1
1,4,3
2,2,0
8,8,0
2,2,0
3,3,0
9,9,0
34,34,0
11,11,0
1,1,0
2,2,0
2,2,0
11,11,0
2,10,8
2,2,0
2,2,0
3,3,0
2,2,0
2,8,6
24,24,0
2,2,0
3,5,2
8,10,2
2,2,0
5,5,0
5,14,9
20,20,0
2,2,0
9,9,0
0,0,0
3,3,0
3,3,0
10,10,0
4,7,3
3,8,5
10,12,2
9,9,0
2,5,3
1,1,0
3,3,0
3,13,10
6,6,0
3,3,0
8,9,1
2,4,2
2,2,0
2,2,0
3,3,0
